0.5 0.0
1.5 3.0547409579667644e-06
2.5 0.0
3.5 0.0
4.5 1.5273704789833822e-06
5.5 0.0
6.5 0.0
7.5 0.0
8.5 0.0
9.5 1.5273704789833822e-06
10.5 4.582111436950147e-06
11.5 1.5273704789833822e-06
12.5 3.0547409579667644e-06
13.5 1.5273704789833822e-06
14.5 6.109481915933529e-06
15.5 3.0547409579667644e-06
16.5 7.636852394916911e-06
17.5 1.5273704789833822e-06
18.5 9.164222873900293e-06
19.5 4.582111436950147e-06
20.5 9.164222873900293e-06
21.5 1.0691593352883675e-05
22.5 6.109481915933529e-06
23.5 7.636852394916911e-06
24.5 1.2218963831867058e-05
25.5 1.985581622678397e-05
26.5 2.9020039100684262e-05
27.5 3.512952101661779e-05
28.5 1.985581622678397e-05
29.5 3.512952101661779e-05
30.5 5.1930596285434995e-05
31.5 5.8040078201368524e-05
32.5 9.01148582600195e-05
33.5 9.927908113391981e-05
34.5 0.00013288123167155415
35.5 0.00015120967741935463
36.5 0.00021841397849462347
37.5 0.00021688660801564007
38.5 0.00027950879765395887
39.5 0.00030241935483870985
40.5 0.0003910068426197458
41.5 0.0004093352883675466
42.5 0.0005254154447702835
43.5 0.0006781524926686216
44.5 0.0007285557184750729
45.5 0.0008110337243401759
46.5 0.0010157013685239487
47.5 0.0011149804496578682
48.5 0.0013349217986314758
49.5 0.0014861314760508306
50.5 0.0016556695992179858
51.5 0.0017152370478983386
52.5 0.002063477517106549
53.5 0.002333822091886606
54.5 0.0025476539589442803
55.5 0.0027324657869012706
56.5 0.0030211388074291292
57.5 0.003083760997067447
58.5 0.0034197825024437924
59.5 0.0035694648093841613
60.5 0.0037710777126099683
61.5 0.0038963220918866058
62.5 0.003926869501466274
63.5 0.004206378299120233
64.5 0.0044110459433040075
65.5 0.00434078690127077
66.5 0.004316348973607037
67.5 0.004479777614858259
68.5 0.0044660312805474105
69.5 0.004307184750733137
70.5 0.0041819403714564996
71.5 0.0041254276637341155
72.5 0.003974217986314759
73.5 0.003772605083088953
74.5 0.00371151026392962
75.5 0.003517534213098728
76.5 0.0034426930596285405
77.5 0.0032334433040078193
78.5 0.002955461876832843
79.5 0.002854655425219941
80.5 0.002675953079178886
81.5 0.002530852883675463
82.5 0.0022650904203323557
83.5 0.0019779447702834795
84.5 0.0018160434995112406
85.5 0.0016434506353861184
86.5 0.0015838831867057658
87.5 0.0013196480938416418
88.5 0.0013501955034213098
89.5 0.0010340298142717495
90.5 0.0009805718475073306
91.5 0.0009118401759530784
92.5 0.0008125610948191589
93.5 0.0007591031280547408
94.5 0.0006812072336265878
95.5 0.0006827346041055717
96.5 0.0005620723362658845
97.5 0.000475012218963832
98.5 0.0004490469208211147
99.5 0.00041391739980449667
100.5 0.00038336999022482916
101.5 0.0003253299120234603
102.5 0.0003131109481915934
103.5 0.0002871456500488759
104.5 0.000319220430107527
105.5 0.00024285190615835764
106.5 0.00022146871945259028
107.5 0.00022757820136852375
108.5 0.00020008553274682286
109.5 0.0002031402737047896
110.5 0.00020466764418377299
111.5 0.00018481182795698913
112.5 0.00013593597262952098
113.5 0.00012066226783968709
114.5 0.00016190127077223836
115.5 0.00012982649071358735
116.5 0.00015731915933528824
117.5 0.00014204545454545448
118.5 0.0001298264907135874
119.5 0.00014662756598240456
120.5 0.00013746334310850425
121.5 0.00013135386119257078
122.5 0.00015731915933528827
123.5 0.00012982649071358737
124.5 0.00016037390029325485
125.5 0.00017717497556207225
126.5 0.00017717497556207223
127.5 0.00017564760508308888
128.5 0.00017870234604105558
129.5 0.0001787023460410556
130.5 0.00024437927663734115
131.5 0.00023063294232649045
132.5 0.00024743401759530774
133.5 0.00027034457478005867
134.5 0.0003039467253176929
135.5 0.0003619868035190614
136.5 0.00036198680351906174
137.5 0.0004230816226783969
138.5 0.000487231182795699
139.5 0.0005849828934506355
140.5 0.0006048387096774197
141.5 0.0007193914956011725
142.5 0.00084463587487781
143.5 0.0009775171065493646
144.5 0.001035557184750733
145.5 0.0012386974584555224
146.5 0.0013624144672531764
147.5 0.0015899926686217007
148.5 0.0017595307917888554
149.5 0.00201918377321603
150.5 0.002329239980449657
151.5 0.002712609970674484
152.5 0.002941715542521994
153.5 0.003490041544477027
154.5 0.0037099828934506348
155.5 0.004331622678396871
156.5 0.004824963343108504
157.5 0.005248044965786899
158.5 0.005956744868035188
159.5 0.00654936461388074
160.5 0.0074382942326490726
161.5 0.008240163734115341
162.5 0.009037451124144665
163.5 0.00972629521016617
164.5 0.010540383675464313
165.5 0.011436950146627564
166.5 0.012324352394916907
167.5 0.013239247311827957
168.5 0.013947947214076242
169.5 0.015095002443792763
170.5 0.015705950635386115
171.5 0.016445197947214076
172.5 0.017305107526881715
173.5 0.017790811339198437
174.5 0.01910740469208211
175.5 0.019200574291300086
176.5 0.019612964320625613
177.5 0.020049792277614855
178.5 0.0200818670576735
179.5 0.020336937927663723
180.5 0.02035068426197457
181.5 0.019924547898338214
182.5 0.019834433040078193
183.5 0.019525904203323556
184.5 0.019273888074291295
185.5 0.01867057673509285
186.5 0.018135997067448683
187.5 0.017286779081133914
188.5 0.016686522482893443
189.5 0.015742607526881714
190.5 0.014988086510263931
191.5 0.0140059872922776
192.5 0.013307978983382197
193.5 0.012147177419354832
194.5 0.01156066715542522
195.5 0.01040902981427175
196.5 0.009898888074291295
197.5 0.009127565982404686
198.5 0.008116446725317692
199.5 0.007349706744868033
200.5 0.006604349951124145
201.5 0.005900232160312803
202.5 0.005417583088954054
203.5 0.004780669599217983
204.5 0.004041422287390027
205.5 0.003966581133919841
206.5 0.0033892350928641244
207.5 0.003163184261974583
208.5 0.0027095552297165173
209.5 0.0023002199413489728
210.5 0.00209097018572825
211.5 0.0018145161290322584
212.5 0.0016571969696969687
213.5 0.0013685239491691096
214.5 0.00125549853372434
215.5 0.0010706867057673508
216.5 0.0009194770283479959
217.5 0.0008003421309872918
218.5 0.0006781524926686216
219.5 0.0006506598240469208
220.5 0.0005681818181818182
221.5 0.00047959433040078227
222.5 0.00043682795698924727
223.5 0.0004032258064516131
224.5 0.0003131109481915933
225.5 0.00032532991202346046
226.5 0.00031769305962854334
227.5 0.00028714565004887567
228.5 0.00024743401759530774
229.5 0.00025048875855327465
230.5 0.00020772238514173982
231.5 0.00016648338220918844
232.5 0.00020008553274682286
233.5 0.0001496823069403713
234.5 0.00018022971652003892
235.5 0.00013593597262952096
236.5 0.0001680107526881719
237.5 0.00012677174975562065
238.5 0.00012524437927663725
239.5 0.00013288123167155404
240.5 0.00013440860215053755
241.5 0.0001634286412512217
242.5 0.00011302541544477016
243.5 0.0001328812316715542
244.5 0.00015120967741935468
245.5 0.0001557917888563049
246.5 0.0001557917888563049
247.5 0.00013899071358748757
248.5 0.0001771749755620722
249.5 0.00016953812316715522
250.5 0.0001725928641251221
251.5 0.00020314027370478966
252.5 0.0002031402737047896
253.5 0.00029478250244379273
254.5 0.0002733993157380253
255.5 0.0002902003910068427
256.5 0.00033754887585532757
257.5 0.0003085288367546432
258.5 0.00035434995112414494
259.5 0.0003879521016617792
260.5 0.0004353005865102641
261.5 0.0004750122189638317
262.5 0.0005162512218963831
263.5 0.0005956744868035189
264.5 0.0006323313782991197
265.5 0.000675097751710655
266.5 0.0007896505376344087
267.5 0.0008263074291300095
268.5 0.0009515518084066466
269.5 0.0010523582600195501
270.5 0.001089015151515151
271.5 0.0012722996089931575
272.5 0.0013731060606060603
273.5 0.0015395894428152479
274.5 0.0016816348973607035
275.5 0.0018175708699902252
276.5 0.0020054374389051797
277.5 0.0021581744868035186
278.5 0.0023414589442815243
279.5 0.0026011119257086986
280.5 0.002825635386119257
281.5 0.00325635386119257
282.5 0.0032120601173020514
283.5 0.0034411656891495577
284.5 0.0035679374389051793
285.5 0.0036809628543499487
286.5 0.003925342130987291
287.5 0.004055168621700879
288.5 0.004188049853372432
289.5 0.003997128543499511
290.5 0.004333150048875854
291.5 0.00435758797653959
292.5 0.004359115347018572
293.5 0.004375916422287388
294.5 0.004308712121212118
295.5 0.004304130009775168
296.5 0.004097934995112412
297.5 0.004113208699902249
298.5 0.0038917399804496576
299.5 0.003700818670576734
300.5 0.0036641617790811325
301.5 0.00336021505376344
302.5 0.00323802541544477
303.5 0.0030135019550342115
304.5 0.002784396383186704
305.5 0.0025507086999022473
306.5 0.002339931573802541
307.5 0.002103189149560116
308.5 0.001953506842619745
309.5 0.0017182917888563043
310.5 0.001536534701857282
311.5 0.001282991202346041
312.5 0.0011210899315738025
313.5 0.0010844330400782008
314.5 0.0009164222873900289
315.5 0.0007606304985337237
316.5 0.000612475562072336
317.5 0.0005025048875855327
318.5 0.0004566837732160314
319.5 0.00041697214076246325
320.5 0.0003161656891495601
321.5 0.00024743401759530763
322.5 0.00020619501466275642
323.5 0.0001527370478983381
324.5 0.00015579178885630484
325.5 0.00011760752688172031
326.5 7.178641251221894e-05
327.5 9.164222873900282e-05
328.5 6.262218963831866e-05
329.5 5.9567448680351906e-05
330.5 4.27663734115347e-05
331.5 4.5821114369501466e-05
332.5 3.360215053763441e-05
333.5 2.4437927663734115e-05
334.5 1.374633431085044e-05
335.5 1.374633431085044e-05
336.5 2.138318670576735e-05
337.5 9.164222873900293e-06
338.5 1.0691593352883675e-05
339.5 6.109481915933529e-06
340.5 7.636852394916911e-06
341.5 1.5273704789833822e-06
342.5 4.582111436950147e-06
343.5 3.0547409579667644e-06
344.5 3.0547409579667644e-06
345.5 1.5273704789833822e-06
346.5 0.0
347.5 3.0547409579667644e-06
348.5 3.0547409579667644e-06
349.5 6.109481915933529e-06
350.5 0.0
351.5 0.0
352.5 0.0
353.5 6.109481915933529e-06
354.5 1.5273704789833822e-06
355.5 1.5273704789833822e-06
356.5 0.0
357.5 0.0
358.5 0.0
359.5 0.0
