0.5 0.0
1.5 0.0
2.5 0.0
3.5 1.5273704789833822e-06
4.5 1.5273704789833822e-06
5.5 1.5273704789833822e-06
6.5 0.0
7.5 1.5273704789833822e-06
8.5 0.0
9.5 1.5273704789833822e-06
10.5 3.0547409579667644e-06
11.5 3.0547409579667644e-06
12.5 1.5273704789833822e-06
13.5 1.5273704789833822e-06
14.5 1.5273704789833822e-06
15.5 3.0547409579667644e-06
16.5 4.582111436950147e-06
17.5 1.5273704789833822e-06
18.5 1.5273704789833822e-05
19.5 6.109481915933529e-06
20.5 4.582111436950147e-06
21.5 1.0691593352883675e-05
22.5 1.5273704789833822e-05
23.5 1.6801075268817204e-05
24.5 1.8328445747800586e-05
25.5 1.8328445747800586e-05
26.5 4.123900293255132e-05
27.5 3.971163245356794e-05
28.5 3.665689149560117e-05
29.5 4.734848484848485e-05
30.5 5.9567448680351906e-05
31.5 7.942326490713587e-05
32.5 9.927908113391978e-05
33.5 0.00012524437927663722
34.5 0.00013135386119257078
35.5 0.00015884652981427153
36.5 0.00020772238514173984
37.5 0.00026881720430107516
38.5 0.0003115835777126099
39.5 0.00034824046920821117
40.5 0.00040628054740957965
41.5 0.0004582111436950147
42.5 0.0006338587487781035
43.5 0.0006766251221896382
44.5 0.0008782380254154444
45.5 0.0009744623655913975
46.5 0.0010676319648093835
47.5 0.0012371700879765394
48.5 0.0014555840664711628
49.5 0.0015686094819159333
50.5 0.0019000488758553263
51.5 0.0019473973607038123
52.5 0.0022773093841642225
53.5 0.00241171798631476
54.5 0.00284090909090909
55.5 0.002891312316715541
56.5 0.0032410801564027357
57.5 0.00341520039100684
58.5 0.0036519428152492666
59.5 0.0038184261974584543
60.5 0.003977272727272728
61.5 0.004171248778103615
62.5 0.004265945747800585
63.5 0.004406463831867056
64.5 0.004514907135874874
65.5 0.0044339565004887565
66.5 0.00482801808406647
67.5 0.004624877810361679
68.5 0.004511852394916908
69.5 0.004685972629521014
70.5 0.004443120723362658
71.5 0.004600439882697944
72.5 0.004291911045943304
73.5 0.004122372922776148
74.5 0.003986436950146627
75.5 0.0038810483870967724
76.5 0.003590847996089932
77.5 0.0032441348973607036
78.5 0.003175403225806451
79.5 0.003013501955034211
80.5 0.002720246823069403
81.5 0.002546126588465297
82.5 0.002379643206256107
83.5 0.002181085043988269
84.5 0.0020008553274682294
85.5 0.0018695014662756583
86.5 0.0016739980449657858
87.5 0.0015716642228739
88.5 0.0013654692082111439
89.5 0.001289100684261974
90.5 0.001163856304985337
91.5 0.0010050097751710648
92.5 0.0008858748778103615
93.5 0.0008186705767350926
94.5 0.000756048387096774
95.5 0.0006980083088954056
96.5 0.00062774926686217
97.5 0.0005483260019550341
98.5 0.0005849828934506355
99.5 0.0004689027370478982
100.5 0.0004566837732160314
101.5 0.00037267839687194545
102.5 0.00035587732160312813
103.5 0.00034518572825024426
104.5 0.00034213098729227767
105.5 0.00025354349951124124
106.5 0.00026270772238514144
107.5 0.0002672898338220917
108.5 0.00023063294232649058
109.5 0.0002199413489736069
110.5 0.00016953812316715527
111.5 0.0002000855327468228
112.5 0.00018175708699902225
113.5 0.000128299120234604
114.5 0.000172592864125122
115.5 0.00014051808406647105
116.5 0.00016342864125122185
117.5 0.00013746334310850428
118.5 0.00015273704789833809
119.5 0.00013899071358748768
120.5 0.00015731915933528827
121.5 0.0001634286412512218
122.5 0.00016953812316715524
123.5 0.00018633919843597245
124.5 0.00015426441837732143
125.5 0.00016801075268817187
126.5 0.00019550342130987276
127.5 0.00016953812316715527
128.5 0.00018939393939393929
129.5 0.0002138318670576733
130.5 0.00021383186705767324
131.5 0.00025965298142717496
132.5 0.00025659824046920805
133.5 0.00030852883675464314
134.5 0.00027339931573802526
135.5 0.0003742057673509287
136.5 0.00035282258064516127
137.5 0.00043988269794721386
138.5 0.0005299975562072338
139.5 0.0005727639296187681
140.5 0.000643022971652004
141.5 0.0007361925708699905
142.5 0.000797287390029325
143.5 0.0009332233626588463
144.5 0.001081378299120235
145.5 0.0012264784946236559
146.5 0.0013089565004887577
147.5 0.0016205400782013685
148.5 0.0017366202346041056
149.5 0.0019901637341153454
150.5 0.002242179863147604
151.5 0.0025461265884652974
152.5 0.0029386608015640235
153.5 0.0032563538611925695
154.5 0.003659579667644181
155.5 0.004082661290322578
156.5 0.004670698924731183
157.5 0.005249572336265883
158.5 0.005744440371456499
159.5 0.006372189638318668
160.5 0.006923570381231668
161.5 0.007916361192570864
162.5 0.008304313294232644
163.5 0.009376527370478976
164.5 0.010109665200391004
165.5 0.011265884652981424
166.5 0.012076918377321588
167.5 0.01257484115347018
168.5 0.013801319648093844
169.5 0.014325207722385129
170.5 0.015547104105571844
171.5 0.01603739002932551
172.5 0.017072947214076244
173.5 0.01747617302052786
174.5 0.017943548387096765
175.5 0.018621700879765384
176.5 0.019275415444770277
177.5 0.019295271260997067
178.5 0.019961204789833806
179.5 0.019897055229716524
180.5 0.019492302052785914
181.5 0.019545760019550325
182.5 0.019518267350928632
183.5 0.019215847996089924
184.5 0.018417033235581613
185.5 0.017839687194525895
186.5 0.017396749755620725
187.5 0.016892717497556203
188.5 0.016032807917888556
189.5 0.015496700879765393
190.5 0.014470307917888555
191.5 0.013474462365591394
192.5 0.012722996089931568
193.5 0.011860031769305963
194.5 0.011071908602150534
195.5 0.010395283479960896
196.5 0.009352089442815247
197.5 0.008521199902248287
198.5 0.007810972629521015
199.5 0.007145039100684262
200.5 0.0065157624633431065
201.5 0.005730694037145648
202.5 0.0051273826979472085
203.5 0.004745540078201368
204.5 0.0041727761485826
205.5 0.0035984848484848474
206.5 0.003317448680351905
207.5 0.002900476539589443
208.5 0.0025537634408602135
209.5 0.0022238514173998046
210.5 0.0020130742913000974
211.5 0.0017534213098729225
212.5 0.001525843108504398
213.5 0.0012952101661779078
214.5 0.0012066226783968713
215.5 0.0010279203323558157
216.5 0.0009057306940371451
217.5 0.0007942326490713588
218.5 0.0007453567937438902
219.5 0.0006552419354838707
220.5 0.0005742913000977519
221.5 0.0005025048875855328
222.5 0.0004414100684261975
223.5 0.00039406158357771243
224.5 0.00037420576735092874
225.5 0.00030089198435972623
226.5 0.00034365835777126075
227.5 0.000256598240469208
228.5 0.0002535434995112413
229.5 0.00023368768328445736
230.5 0.00018481182795698905
231.5 0.000192448680351906
232.5 0.00017870234604105558
233.5 0.00019855816226783946
234.5 0.00019092130987292263
235.5 0.0001557917888563049
236.5 0.00017259286412512197
237.5 0.00014204545454545446
238.5 0.0001466275659824046
239.5 0.00013746334310850428
240.5 0.00015884652981427156
241.5 0.00018328445747800568
242.5 0.000140518084066471
243.5 0.00015273704789833809
244.5 0.00014204545454545443
245.5 0.00018481182795698913
246.5 0.00016801075268817187
247.5 0.00017870234604105566
248.5 0.00020314027370478966
249.5 0.0002199413489736069
250.5 0.0002077223851417398
251.5 0.0002443792766373409
252.5 0.00025201612903225784
253.5 0.00021383186705767327
254.5 0.00022605083088954038
255.5 0.0003085288367546433
256.5 0.00031463831867057686
257.5 0.0003910068426197459
258.5 0.0003894794721407622
259.5 0.00045973851417399804
260.5 0.00048264907135874875
261.5 0.0004902859237536656
262.5 0.0006628787878787879
263.5 0.0006308040078201369
264.5 0.0007086999022482893
265.5 0.0007545210166177909
266.5 0.0007697947214076248
267.5 0.001020283479960899
268.5 0.0010661045943304
269.5 0.0011241446725317687
270.5 0.0012356427174975554
271.5 0.0013837976539589434
272.5 0.0015090420332355822
273.5 0.0016907991202346033
274.5 0.0018053519061583575
275.5 0.002020711143695013
276.5 0.0021444281524926685
277.5 0.0022803641251221895
278.5 0.0025247434017595305
279.5 0.002842436461388073
280.5 0.0029890640273704775
281.5 0.0032334433040078193
282.5 0.0034488025415444763
283.5 0.003545026881720428
284.5 0.0037390029325513182
285.5 0.004010874877810359
286.5 0.0042460899315738
287.5 0.004319403714565004
288.5 0.004377443792766371
289.5 0.004522543988269792
290.5 0.004634042033235581
291.5 0.004566837732160312
292.5 0.004669171554252197
293.5 0.0046737536656891445
294.5 0.00469360948191593
295.5 0.004499633431085044
296.5 0.004314821603128049
297.5 0.004488941837732159
298.5 0.004217069892473117
299.5 0.004010874877810361
300.5 0.0037680229716520026
301.5 0.0036076490713587484
302.5 0.0034488025415444776
303.5 0.003140273704789835
304.5 0.003018084066471161
305.5 0.00275537634408602
306.5 0.002506414956011729
307.5 0.002358260019550341
308.5 0.0019367057673509282
309.5 0.0018450635386119255
310.5 0.0015915200391006835
311.5 0.0014189271749755622
312.5 0.0011776026392961872
313.5 0.0010981793743890511
314.5 0.0009515518084066468
315.5 0.0008339442815249266
316.5 0.0006705156402737047
317.5 0.0006308040078201369
318.5 0.0004872311827956991
319.5 0.0003986436950146628
320.5 0.0003818426197458456
321.5 0.0002795087976539589
322.5 0.00024437927663734083
323.5 0.00020314027370478975
324.5 0.00013135386119257072
325.5 0.00012829912023460397
326.5 0.00011149804496578679
327.5 9.316959921798628e-05
328.5 7.178641251221896e-05
329.5 5.651270772238514e-05
330.5 4.887585532746823e-05
331.5 4.734848484848485e-05
332.5 3.665689149560117e-05
333.5 2.2910557184750733e-05
334.5 1.6801075268817204e-05
335.5 1.8328445747800586e-05
336.5 1.5273704789833822e-05
337.5 1.0691593352883675e-05
338.5 9.164222873900293e-06
339.5 4.582111436950147e-06
340.5 4.582111436950147e-06
341.5 7.636852394916911e-06
342.5 1.5273704789833822e-06
343.5 1.5273704789833822e-06
344.5 0.0
345.5 4.582111436950147e-06
346.5 6.109481915933529e-06
347.5 0.0
348.5 0.0
349.5 3.0547409579667644e-06
350.5 0.0
351.5 0.0
352.5 0.0
353.5 1.5273704789833822e-06
354.5 0.0
355.5 0.0
356.5 1.5273704789833822e-06
357.5 1.5273704789833822e-06
358.5 0.0
359.5 3.0547409579667644e-06
