0.5 4.5821114369501466e-05
1.5 4.5821114369501466e-05
2.5 5.1930596285434995e-05
3.5 3.8184261974584555e-05
4.5 3.360215053763441e-05
5.5 3.360215053763441e-05
6.5 5.040322580645161e-05
7.5 4.734848484848485e-05
8.5 3.512952101661779e-05
9.5 4.123900293255132e-05
10.5 4.5821114369501466e-05
11.5 4.123900293255132e-05
12.5 4.4293743890518084e-05
13.5 4.5821114369501466e-05
14.5 5.498533724340176e-05
15.5 4.5821114369501466e-05
16.5 3.0547409579667644e-05
17.5 4.27663734115347e-05
18.5 6.414956011730205e-05
19.5 4.4293743890518084e-05
20.5 5.498533724340176e-05
21.5 3.971163245356794e-05
22.5 4.123900293255132e-05
23.5 4.4293743890518084e-05
24.5 6.414956011730205e-05
25.5 4.887585532746823e-05
26.5 5.1930596285434995e-05
27.5 3.971163245356794e-05
28.5 5.9567448680351906e-05
29.5 5.8040078201368524e-05
30.5 5.345796676441838e-05
31.5 4.887585532746823e-05
32.5 4.27663734115347e-05
33.5 4.4293743890518084e-05
34.5 5.9567448680351906e-05
35.5 7.178641251221897e-05
36.5 7.942326490713587e-05
37.5 6.262218963831866e-05
38.5 4.5821114369501466e-05
39.5 6.873167155425219e-05
40.5 6.873167155425219e-05
41.5 7.78958944281525e-05
42.5 6.567693059628544e-05
43.5 5.040322580645161e-05
44.5 6.414956011730205e-05
45.5 7.178641251221897e-05
46.5 7.025904203323558e-05
47.5 5.8040078201368524e-05
48.5 3.971163245356794e-05
49.5 5.8040078201368524e-05
50.5 6.262218963831866e-05
51.5 3.8184261974584555e-05
52.5 3.0547409579667644e-05
53.5 3.665689149560117e-05
54.5 3.8184261974584555e-05
55.5 3.665689149560117e-05
56.5 3.665689149560117e-05
57.5 2.2910557184750733e-05
58.5 1.374633431085044e-05
59.5 4.5821114369501466e-05
60.5 2.5965298142717498e-05
61.5 2.138318670576735e-05
62.5 1.985581622678397e-05
63.5 2.9020039100684262e-05
64.5 1.985581622678397e-05
65.5 2.4437927663734115e-05
66.5 1.985581622678397e-05
67.5 1.0691593352883675e-05
68.5 7.636852394916911e-06
69.5 9.164222873900293e-06
70.5 1.374633431085044e-05
71.5 1.5273704789833822e-05
72.5 3.0547409579667644e-06
73.5 1.374633431085044e-05
74.5 1.2218963831867058e-05
75.5 3.0547409579667644e-06
76.5 9.164222873900293e-06
77.5 1.2218963831867058e-05
78.5 9.164222873900293e-06
79.5 4.582111436950147e-06
80.5 9.164222873900293e-06
81.5 9.164222873900293e-06
82.5 9.164222873900293e-06
83.5 6.109481915933529e-06
84.5 1.5273704789833822e-06
85.5 1.5273704789833822e-06
86.5 6.109481915933529e-06
87.5 3.0547409579667644e-06
88.5 4.582111436950147e-06
89.5 6.109481915933529e-06
90.5 6.109481915933529e-06
91.5 6.109481915933529e-06
92.5 9.164222873900293e-06
93.5 7.636852394916911e-06
94.5 3.0547409579667644e-06
95.5 1.374633431085044e-05
96.5 6.109481915933529e-06
97.5 1.374633431085044e-05
98.5 1.5273704789833822e-05
99.5 1.8328445747800586e-05
100.5 2.5965298142717498e-05
101.5 2.138318670576735e-05
102.5 2.749266862170088e-05
103.5 4.5821114369501466e-05
104.5 7.484115347018571e-05
105.5 9.927908113391981e-05
106.5 0.00010691593352883677
107.5 0.00013899071358748776
108.5 0.00016648338220918857
109.5 0.0001817570869990224
110.5 0.0002382697947214075
111.5 0.000343658357771261
112.5 0.0003818426197458458
113.5 0.000539161779081134
114.5 0.0007132820136852397
115.5 0.0007056451612903225
116.5 0.0009210043988269793
117.5 0.0010905425219941347
118.5 0.0012112047898338218
119.5 0.0014601661779081129
120.5 0.0017014907135874887
121.5 0.0020023826979472135
122.5 0.0021306818181818176
123.5 0.002417827468230694
124.5 0.0026163856304985333
125.5 0.0029279692082111422
126.5 0.003108198924731181
127.5 0.0034411656891495603
128.5 0.0037099828934506356
129.5 0.0038627199413489724
130.5 0.0041819403714564996
131.5 0.004172776148582598
132.5 0.004479777614858258
133.5 0.004768450635386118
134.5 0.005093780547409578
135.5 0.005179313294232648
136.5 0.005703201368523949
137.5 0.0057856793743890494
138.5 0.0062270894428152505
139.5 0.006439393939393939
140.5 0.0065707478005865095
141.5 0.007230571847507331
142.5 0.0073909457478005865
143.5 0.007806390518084066
144.5 0.00820045210166178
145.5 0.008906097262952103
146.5 0.009529264418377321
147.5 0.009659090909090909
148.5 0.010479288856304983
149.5 0.010939027370478978
150.5 0.011750061094819159
151.5 0.012160923753665695
152.5 0.013297287390029318
153.5 0.014158724340175951
154.5 0.014850623167155417
155.5 0.015377565982404681
156.5 0.016214565004887577
157.5 0.01705614613880742
158.5 0.017723607038123163
159.5 0.018357465786901266
160.5 0.018859970674486796
161.5 0.019338037634408604
162.5 0.019806940371456493
163.5 0.020086449169110454
164.5 0.020422470674486798
165.5 0.02079667644183773
166.5 0.020679068914956016
167.5 0.020489674975562075
168.5 0.020700452101661767
169.5 0.02068670576735093
170.5 0.020260569403714547
171.5 0.020176564027370468
172.5 0.019701551808406652
173.5 0.01953354105571847
174.5 0.019486192570869993
175.5 0.01876374633431085
176.5 0.01842619745845552
177.5 0.018050464320625608
178.5 0.017518939393939382
179.5 0.017079056695992183
180.5 0.016769000488758547
181.5 0.016336754643206258
182.5 0.01596254887585533
183.5 0.015542521994134893
184.5 0.014991141251221893
185.5 0.014447397360703806
186.5 0.013856304985337242
187.5 0.013196480938416421
188.5 0.012678702346041057
189.5 0.012041788856304986
190.5 0.01117729716520039
191.5 0.010796981915933526
192.5 0.01015395894428152
193.5 0.009394855816226785
194.5 0.008492179863147601
195.5 0.008232526881720433
196.5 0.007539100684261974
197.5 0.006850256598240472
198.5 0.006213343108504397
199.5 0.005704728739002931
200.5 0.004944098240469207
201.5 0.004588220918866081
202.5 0.0040826612903225815
203.5 0.0036091764418377304
204.5 0.003215114858260018
205.5 0.002911168132942326
206.5 0.0024514296187683276
207.5 0.002144428152492669
208.5 0.0019061583577712603
209.5 0.0017427297165200383
210.5 0.001441837732160312
211.5 0.0013272849462365587
212.5 0.0010935972629521015
213.5 0.0009958455522971652
214.5 0.0008369990224828934
215.5 0.0007575757575757576
216.5 0.0006460777126099709
217.5 0.0005467986314760508
218.5 0.00047348484848484844
219.5 0.0003940615835777126
220.5 0.00034824046920821106
221.5 0.0003146383186705767
222.5 0.00025201612903225795
223.5 0.0002275782013685239
224.5 0.00019550342130987276
225.5 0.00020619501466275652
226.5 0.00015120967741935474
227.5 0.0001496823069403714
228.5 0.00012829912023460402
229.5 0.0001084433040078201
230.5 9.469696969696968e-05
231.5 9.927908113391981e-05
232.5 7.178641251221892e-05
233.5 7.63685239491691e-05
234.5 6.873167155425217e-05
235.5 7.331378299120235e-05
236.5 4.734848484848485e-05
237.5 5.8040078201368524e-05
238.5 4.734848484848485e-05
239.5 5.1930596285434995e-05
240.5 4.4293743890518084e-05
241.5 4.4293743890518084e-05
242.5 4.734848484848485e-05
243.5 2.9020039100684262e-05
244.5 3.2074780058651026e-05
245.5 4.734848484848485e-05
246.5 3.512952101661779e-05
247.5 3.971163245356794e-05
248.5 2.749266862170088e-05
249.5 2.9020039100684262e-05
250.5 2.9020039100684262e-05
251.5 3.512952101661779e-05
252.5 2.9020039100684262e-05
253.5 2.4437927663734115e-05
254.5 2.9020039100684262e-05
255.5 1.8328445747800586e-05
256.5 2.138318670576735e-05
257.5 2.138318670576735e-05
258.5 2.749266862170088e-05
259.5 3.665689149560117e-05
260.5 1.985581622678397e-05
261.5 3.360215053763441e-05
262.5 2.5965298142717498e-05
263.5 2.2910557184750733e-05
264.5 3.665689149560117e-05
265.5 1.8328445747800586e-05
266.5 2.2910557184750733e-05
267.5 2.749266862170088e-05
268.5 1.985581622678397e-05
269.5 2.4437927663734115e-05
270.5 2.4437927663734115e-05
271.5 1.985581622678397e-05
272.5 1.374633431085044e-05
273.5 1.5273704789833822e-05
274.5 1.374633431085044e-05
275.5 1.5273704789833822e-05
276.5 1.374633431085044e-05
277.5 1.374633431085044e-05
278.5 1.985581622678397e-05
279.5 1.6801075268817204e-05
280.5 2.4437927663734115e-05
281.5 1.985581622678397e-05
282.5 3.360215053763441e-05
283.5 2.9020039100684262e-05
284.5 2.5965298142717498e-05
285.5 3.512952101661779e-05
286.5 3.971163245356794e-05
287.5 4.887585532746823e-05
288.5 6.262218963831866e-05
289.5 4.123900293255132e-05
290.5 6.414956011730204e-05
291.5 5.651270772238514e-05
292.5 7.178641251221897e-05
293.5 9.011485826001956e-05
294.5 7.331378299120235e-05
295.5 7.63685239491691e-05
296.5 0.00010997067448680352
297.5 0.00013440860215053766
298.5 0.00014510019550342132
299.5 0.0001282991202346041
300.5 0.00012677174975562073
301.5 0.00013288123167155426
302.5 0.00014510019550342132
303.5 0.00016495601173020528
304.5 0.00015884652981427175
305.5 0.00012218963831867058
306.5 0.00012677174975562073
307.5 0.00013440860215053763
308.5 0.00013746334310850439
309.5 0.00011608015640273707
310.5 9.469696969696971e-05
311.5 0.00013135386119257088
312.5 0.00010844330400782016
313.5 9.927908113391984e-05
314.5 9.011485826001953e-05
315.5 7.484115347018572e-05
316.5 9.011485826001954e-05
317.5 9.316959921798631e-05
318.5 8.4005376344086e-05
319.5 6.567693059628544e-05
320.5 6.414956011730204e-05
321.5 5.498533724340176e-05
322.5 6.414956011730204e-05
323.5 5.498533724340176e-05
324.5 5.651270772238514e-05
325.5 4.27663734115347e-05
326.5 4.123900293255132e-05
327.5 4.734848484848485e-05
328.5 3.360215053763441e-05
329.5 3.665689149560117e-05
330.5 5.1930596285434995e-05
331.5 3.360215053763441e-05
332.5 3.2074780058651026e-05
333.5 4.4293743890518084e-05
334.5 4.5821114369501466e-05
335.5 4.123900293255132e-05
336.5 4.123900293255132e-05
337.5 5.345796676441838e-05
338.5 4.734848484848485e-05
339.5 4.734848484848485e-05
340.5 4.4293743890518084e-05
341.5 3.8184261974584555e-05
342.5 4.4293743890518084e-05
343.5 2.138318670576735e-05
344.5 3.512952101661779e-05
345.5 3.8184261974584555e-05
346.5 3.665689149560117e-05
347.5 3.2074780058651026e-05
348.5 3.971163245356794e-05
349.5 4.734848484848485e-05
350.5 5.1930596285434995e-05
351.5 5.1930596285434995e-05
352.5 3.971163245356794e-05
353.5 3.8184261974584555e-05
354.5 4.27663734115347e-05
355.5 3.0547409579667644e-05
356.5 4.5821114369501466e-05
357.5 3.971163245356794e-05
358.5 2.9020039100684262e-05
359.5 3.2074780058651026e-05
