0.5 3.0547409579667644e-05
1.5 4.4293743890518084e-05
2.5 5.1930596285434995e-05
3.5 7.025904203323558e-05
4.5 5.9567448680351906e-05
5.5 8.858748778103615e-05
6.5 8.553274682306935e-05
7.5 9.011485826001952e-05
8.5 9.622434017595306e-05
9.5 0.0001237170087976539
10.5 0.00011760752688172042
11.5 0.00015579178885630494
12.5 0.00016037390029325504
13.5 0.00015273704789833814
14.5 0.00018022971652003906
15.5 0.0001955034213098729
16.5 0.0002474340175953079
17.5 0.0002703445747800588
18.5 0.00030700146627565984
19.5 0.0003283846529814272
20.5 0.00042308162267839703
21.5 0.00045515640273704794
22.5 0.0005147238514173998
23.5 0.0007071725317693057
24.5 0.0007361925708699904
25.5 0.0009179496578690127
26.5 0.001130254154447703
27.5 0.0012585532746823072
28.5 0.0015609726295210166
29.5 0.0017900782013685235
30.5 0.0020466764418377316
31.5 0.002321603128054741
32.5 0.002697336265884652
33.5 0.003158602150537632
34.5 0.0034014540566959916
35.5 0.003855083088954056
36.5 0.0039451979472140755
37.5 0.004440065982404692
38.5 0.004498106060606059
39.5 0.004967008797653959
40.5 0.005021994134897361
41.5 0.005072397360703812
42.5 0.005066287878787879
43.5 0.0051686217008797665
44.5 0.005073924731182796
45.5 0.004973118279569894
46.5 0.005003665689149559
47.5 0.00490438660801564
48.5 0.004608076735092865
49.5 0.0046065493646138805
50.5 0.004568365102639297
51.5 0.00444312072336266
52.5 0.004510325024437928
53.5 0.004175830889540566
54.5 0.00408724340175953
55.5 0.004042949657869012
56.5 0.003835227272727272
57.5 0.0037084555229716532
58.5 0.0038382820136852406
59.5 0.004041422287390028
60.5 0.004015456989247311
61.5 0.00405975073313783
62.5 0.004276637341153472
63.5 0.004238453079178886
64.5 0.004478250244379277
65.5 0.00476845063538612
66.5 0.005229716520039101
67.5 0.005726111925708701
68.5 0.005877321603128056
69.5 0.006468413978494626
70.5 0.006816654447702837
71.5 0.0075314638318670565
72.5 0.008084371945259043
73.5 0.008867913000977517
74.5 0.009342925219941355
75.5 0.01034182551319648
76.5 0.010922226295210165
77.5 0.011542338709677424
78.5 0.011988330889540565
79.5 0.012854349951124147
80.5 0.013326307429130007
81.5 0.013501955034213099
82.5 0.013737170087976543
83.5 0.013584433040078206
84.5 0.013346163245356793
85.5 0.012968902737047894
86.5 0.012020405669599225
87.5 0.011469024926686219
88.5 0.01055413000977517
89.5 0.00934292521994135
90.5 0.008319586999022483
91.5 0.007227517106549365
92.5 0.006039222873900295
93.5 0.005565738025415443
94.5 0.004504215542521995
95.5 0.0037603861192570865
96.5 0.003167766373411534
97.5 0.002649987781036166
98.5 0.002382697947214076
99.5 0.0020390395894428143
100.5 0.0017809139784946233
101.5 0.0014021260997067447
102.5 0.0013043743890518078
103.5 0.0011348362658846532
104.5 0.0009775171065493644
105.5 0.0008278347996089934
106.5 0.0008446358748778104
107.5 0.0007392473118279572
108.5 0.0006644061583577715
109.5 0.0006720430107526883
110.5 0.0006063660801564028
111.5 0.0006246945259042035
112.5 0.0006246945259042034
113.5 0.0005574902248289347
114.5 0.0005544354838709676
115.5 0.0005208333333333333
116.5 0.0005727639296187683
117.5 0.000539161779081134
118.5 0.0005101417399804497
119.5 0.0005208333333333334
120.5 0.0005238880742913001
121.5 0.000479594330400782
122.5 0.0004948680351906157
123.5 0.0004918132942326491
124.5 0.00047348484848484844
125.5 0.00048570381231671556
126.5 0.0005162512218963832
127.5 0.0005834555229716523
128.5 0.0006506598240469209
129.5 0.0005849828934506356
130.5 0.0006262218963831869
131.5 0.0006521871945259042
132.5 0.0007377199413489739
133.5 0.0008064516129032258
134.5 0.0008385263929618772
135.5 0.0009652981427174977
136.5 0.0009637707722385147
137.5 0.0010813782991202347
138.5 0.001198985826001955
139.5 0.0014158724340175956
140.5 0.0015411168132942327
141.5 0.0017564760508308895
142.5 0.0018893572825024432
143.5 0.0022207966764418376
144.5 0.0026316593352883676
145.5 0.0028363269794721402
146.5 0.003172348484848484
147.5 0.0037344208211143692
148.5 0.004273582600195502
149.5 0.004858565493646138
150.5 0.0054939516129032286
151.5 0.005898704789833821
152.5 0.006970918866080157
153.5 0.0077529325513196485
154.5 0.0087136485826002
155.5 0.009671309872922779
156.5 0.01069770283479961
157.5 0.011953201368523951
158.5 0.01324077468230695
159.5 0.01374327956989248
160.5 0.014746761974584558
161.5 0.016075574291300104
162.5 0.016657502443792774
163.5 0.01761058162267839
164.5 0.018079484359726297
165.5 0.018537695503421308
166.5 0.018661412512218964
167.5 0.01829331622678397
168.5 0.0181253054740958
169.5 0.017772482893450632
170.5 0.016807184750733145
171.5 0.016234420821114377
172.5 0.014687194525904208
173.5 0.013764662756598248
174.5 0.012428213587487786
175.5 0.011571358748778108
176.5 0.010289894916911048
177.5 0.00899468475073314
178.5 0.007989674975562076
179.5 0.0070091031280547405
180.5 0.006509652981427177
181.5 0.005606977028347992
182.5 0.005127382697947214
183.5 0.004643206256109481
184.5 0.004302602639296188
185.5 0.003955889540566958
186.5 0.0037222018572825003
187.5 0.003552663734115347
188.5 0.003297592864125121
189.5 0.0032074780058651033
190.5 0.0031234726295210164
191.5 0.003056268328445748
192.5 0.0028913123167155414
193.5 0.002726356304985336
194.5 0.002558345552297164
195.5 0.0023796432062561093
196.5 0.002269672531769306
197.5 0.00210929863147605
198.5 0.001811461388074291
199.5 0.0018022971652003905
200.5 0.001751893939393939
201.5 0.001447947214076246
202.5 0.0014678030303030298
203.5 0.001261608015640273
204.5 0.0011623289345063538
205.5 0.0010141739980449656
206.5 0.0008476906158357775
207.5 0.0008522727272727273
208.5 0.0007377199413489735
209.5 0.000704117790811339
210.5 0.0005926197458455525
211.5 0.0005070869990224829
212.5 0.0005406891495601175
213.5 0.000462793255131965
214.5 0.00040169843597262955
215.5 0.0003650415444770284
216.5 0.0002749266862170088
217.5 0.0003100562072336266
218.5 0.0002947825024437928
219.5 0.00029630987292277613
220.5 0.00025812561094819156
221.5 0.00023216031280547404
222.5 0.00026118035190615836
223.5 0.0002291055718475073
224.5 0.00021994134897360696
225.5 0.00023521505376344082
226.5 0.00025812561094819167
227.5 0.00023826979472140762
228.5 0.00026423509286412517
229.5 0.0002779814271749757
230.5 0.0002749266862170088
231.5 0.0002749266862170088
232.5 0.0002672898338220919
233.5 0.0003024193548387097
234.5 0.0003054740957966764
235.5 0.0003207478005865103
236.5 0.00030852883675464325
237.5 0.00032685728250244386
238.5 0.00032227517106549365
239.5 0.00032074780058651025
240.5 0.00029478250244379273
241.5 0.0002947825024437929
242.5 0.0003299120234604106
243.5 0.00032380254154447706
244.5 0.0002703445747800587
245.5 0.00027492668621700877
246.5 0.00021688660801564026
247.5 0.00023674242424242422
248.5 0.00020466764418377315
249.5 0.00022146871945259039
250.5 0.00021230449657869013
251.5 0.0001817570869990225
252.5 0.00018939393939393937
253.5 0.00017106549364613878
254.5 0.0001924486803519061
255.5 0.0001955034213098729
256.5 0.0001634286412512219
257.5 0.00016495601173020525
258.5 0.0001603739002932551
259.5 0.00014968230694037142
260.5 0.0001588465298142717
261.5 0.0001802297165200391
262.5 0.00012371700879765398
263.5 0.0001588465298142717
264.5 0.00011608015640273705
265.5 0.00011913489736070377
266.5 0.00013746334310850436
267.5 9.011485826001956e-05
268.5 0.0001191348973607038
269.5 6.262218963831866e-05
270.5 7.178641251221897e-05
271.5 5.345796676441838e-05
272.5 4.5821114369501466e-05
273.5 3.0547409579667644e-05
274.5 3.360215053763441e-05
275.5 2.9020039100684262e-05
276.5 2.9020039100684262e-05
277.5 1.6801075268817204e-05
278.5 1.374633431085044e-05
279.5 1.6801075268817204e-05
280.5 1.374633431085044e-05
281.5 4.582111436950147e-06
282.5 0.0
283.5 1.5273704789833822e-06
284.5 1.0691593352883675e-05
285.5 4.582111436950147e-06
286.5 1.5273704789833822e-06
287.5 3.0547409579667644e-06
288.5 0.0
289.5 1.5273704789833822e-06
290.5 3.0547409579667644e-06
291.5 0.0
292.5 0.0
293.5 0.0
294.5 1.5273704789833822e-06
295.5 0.0
296.5 0.0
297.5 0.0
298.5 0.0
299.5 1.5273704789833822e-06
300.5 0.0
301.5 0.0
302.5 0.0
303.5 0.0
304.5 0.0
305.5 1.5273704789833822e-06
306.5 0.0
307.5 0.0
308.5 0.0
309.5 0.0
310.5 0.0
311.5 3.0547409579667644e-06
312.5 3.0547409579667644e-06
313.5 1.5273704789833822e-06
314.5 4.582111436950147e-06
315.5 4.582111436950147e-06
316.5 3.0547409579667644e-06
317.5 4.582111436950147e-06
318.5 4.582111436950147e-06
319.5 1.0691593352883675e-05
320.5 7.636852394916911e-06
321.5 1.374633431085044e-05
322.5 7.636852394916911e-06
323.5 2.4437927663734115e-05
324.5 1.8328445747800586e-05
325.5 2.5965298142717498e-05
326.5 1.8328445747800586e-05
327.5 2.749266862170088e-05
328.5 2.9020039100684262e-05
329.5 2.138318670576735e-05
330.5 2.5965298142717498e-05
331.5 2.749266862170088e-05
332.5 3.8184261974584555e-05
333.5 1.985581622678397e-05
334.5 3.665689149560117e-05
335.5 3.971163245356794e-05
336.5 3.665689149560117e-05
337.5 3.360215053763441e-05
338.5 2.9020039100684262e-05
339.5 3.2074780058651026e-05
340.5 2.5965298142717498e-05
341.5 4.123900293255132e-05
342.5 4.123900293255132e-05
343.5 2.749266862170088e-05
344.5 3.360215053763441e-05
345.5 2.9020039100684262e-05
346.5 3.512952101661779e-05
347.5 2.138318670576735e-05
348.5 2.5965298142717498e-05
349.5 3.0547409579667644e-05
350.5 2.2910557184750733e-05
351.5 2.2910557184750733e-05
352.5 1.6801075268817204e-05
353.5 2.2910557184750733e-05
354.5 2.4437927663734115e-05
355.5 2.749266862170088e-05
356.5 3.665689149560117e-05
357.5 3.360215053763441e-05
358.5 2.9020039100684262e-05
359.5 3.971163245356794e-05
