0.5 1.5273704789833822e-06
1.5 0.0
2.5 0.0
3.5 1.5273704789833822e-06
4.5 1.5273704789833822e-06
5.5 3.0547409579667644e-06
6.5 0.0
7.5 1.5273704789833822e-06
8.5 3.0547409579667644e-06
9.5 3.0547409579667644e-06
10.5 1.5273704789833822e-06
11.5 1.5273704789833822e-06
12.5 4.582111436950147e-06
13.5 0.0
14.5 7.636852394916911e-06
15.5 0.0
16.5 4.582111436950147e-06
17.5 3.0547409579667644e-06
18.5 3.0547409579667644e-06
19.5 9.164222873900293e-06
20.5 4.582111436950147e-06
21.5 7.636852394916911e-06
22.5 1.5273704789833822e-05
23.5 1.985581622678397e-05
24.5 1.374633431085044e-05
25.5 2.2910557184750733e-05
26.5 2.4437927663734115e-05
27.5 2.9020039100684262e-05
28.5 4.887585532746823e-05
29.5 4.4293743890518084e-05
30.5 6.262218963831866e-05
31.5 7.942326490713585e-05
32.5 9.011485826001945e-05
33.5 0.00011302541544477013
34.5 0.00014815493646138793
35.5 0.00017259286412512205
36.5 0.00017870234604105563
37.5 0.00023063294232649053
38.5 0.000323802541544477
39.5 0.0003070014662756599
40.5 0.0004368279569892473
41.5 0.00047043010752688175
42.5 0.0006491324535679371
43.5 0.0006476050830889542
44.5 0.0008033968719452588
45.5 0.0009332233626588463
46.5 0.001069159335288367
47.5 0.0012081500488758557
48.5 0.001385325024437927
49.5 0.0015472262952101658
50.5 0.0018053519061583562
51.5 0.0020298753665689132
52.5 0.0021352639296187666
53.5 0.0023399315738025415
54.5 0.0026774804496578677
55.5 0.0028546554252199393
56.5 0.0031127810361681312
57.5 0.0034167277614858263
58.5 0.0035251710654936462
59.5 0.003890212609970673
60.5 0.003920760019550342
61.5 0.004079606549364612
62.5 0.0042812194525904184
63.5 0.004343841642228738
64.5 0.004365224828934504
65.5 0.00447519550342131
66.5 0.004673753665689145
67.5 0.004630987292277613
68.5 0.004537817693059628
69.5 0.004466031280547407
70.5 0.004412573313782989
71.5 0.004323985826001953
72.5 0.004102517106549361
73.5 0.004061278103616813
74.5 0.003972690615835775
75.5 0.0037970430107526856
76.5 0.0034732404692082094
77.5 0.0034549120234604077
78.5 0.0031433284457478
79.5 0.0028790933528836746
80.5 0.002671370967741935
81.5 0.002483504398826979
82.5 0.0023918621700879765
83.5 0.0021459555229716514
84.5 0.0018649193548387082
85.5 0.0018679740957966758
86.5 0.0015120967741935475
87.5 0.0014143450635386119
88.5 0.001376160801564027
89.5 0.001142473118279569
90.5 0.0010279203323558155
91.5 0.0010447214076246332
92.5 0.0007789589442815243
93.5 0.0007988147605083084
94.5 0.0007453567937438904
95.5 0.0007025904203323557
96.5 0.0005406891495601172
97.5 0.0005467986314760505
98.5 0.0004933406647116324
99.5 0.0004291911045943304
100.5 0.00039711632453567935
101.5 0.0003772605083088953
102.5 0.00033296676441837725
103.5 0.0003375488758553274
104.5 0.00025965298142717474
105.5 0.0002672898338220918
106.5 0.00023826979472140746
107.5 0.00021230449657868997
108.5 0.00023826979472140743
109.5 0.00023063294232649053
110.5 0.0001832844574780057
111.5 0.00016342864125122177
112.5 0.00019092130987292255
113.5 0.00015273704789833814
114.5 0.0001267717497556207
115.5 0.00016037390029325502
116.5 0.0001527370478983381
117.5 0.00012677174975562065
118.5 0.000128299120234604
119.5 0.00014204545454545448
120.5 0.00012829912023460402
121.5 0.00014204545454545443
122.5 0.00015426441837732154
123.5 0.00014510019550342118
124.5 0.0001557917888563049
125.5 0.00014662756598240456
126.5 0.00017717497556207225
127.5 0.00018786656891495588
128.5 0.0001878665689149559
129.5 0.00018481182795698908
130.5 0.00018939393939393912
131.5 0.00024743401759530774
132.5 0.0002565982404692081
133.5 0.00027645405669599206
134.5 0.00032380254154447706
135.5 0.0003467130987292278
136.5 0.0003818426197458457
137.5 0.0004398826979472143
138.5 0.0005376344086021504
139.5 0.0005391617790811342
140.5 0.0006827346041055718
141.5 0.0007209188660801565
142.5 0.000847690615835777
143.5 0.0009469696969696969
144.5 0.0009973729227761483
145.5 0.0011653836754643204
146.5 0.0014189271749755613
147.5 0.0014830767350928632
148.5 0.0017977150537634406
149.5 0.002020711143695014
150.5 0.002353677908113392
151.5 0.002486559139784945
152.5 0.0027110826001955027
153.5 0.003343413978494622
154.5 0.003873411534701857
155.5 0.004203323558162267
156.5 0.004785251710654932
157.5 0.0052312438905180786
158.5 0.0058131720430107505
159.5 0.0065829667644183775
160.5 0.007132820136852395
161.5 0.007872067448680352
162.5 0.00891984359726295
163.5 0.00956286656891495
164.5 0.010047043010752685
165.5 0.011322397360703809
166.5 0.01211815738025415
167.5 0.01285587732160312
168.5 0.013590542521994133
169.5 0.014448924731182798
170.5 0.015345491202346037
171.5 0.01604502688172042
172.5 0.016996578690127065
173.5 0.017552541544477027
174.5 0.018172653958944268
175.5 0.018623228250244376
176.5 0.019539650537634408
177.5 0.019502993646138805
178.5 0.019930657380254155
179.5 0.01984359726295209
180.5 0.01986039833822091
181.5 0.020003971163245343
182.5 0.01933956500488758
183.5 0.019250977517106537
184.5 0.018691959921798618
185.5 0.018220002443792748
186.5 0.017563233137829908
187.5 0.017225684261974576
188.5 0.016229838709677414
189.5 0.01562805474095796
190.5 0.014517656402737042
191.5 0.013689821603128047
192.5 0.012813110948191589
193.5 0.012125794232649065
194.5 0.011178824535679364
195.5 0.01049761730205278
196.5 0.00980877321603128
197.5 0.008681573802541542
198.5 0.00789956011730205
199.5 0.007293194037145649
200.5 0.006382881231671554
201.5 0.00588037634408602
202.5 0.00517625855327468
203.5 0.004687499999999999
204.5 0.004250672043010753
205.5 0.0038566104594330397
206.5 0.0032945381231671528
207.5 0.002931023949169109
208.5 0.002718719452590422
209.5 0.0022284335288367528
210.5 0.001964198435972628
211.5 0.0018695014662756593
212.5 0.0015426441837732147
213.5 0.0013471407624633426
214.5 0.0011974584555229715
215.5 0.0010034824046920821
216.5 0.0009301686217008796
217.5 0.0008828201368523948
218.5 0.0007407746823069404
219.5 0.0006369134897360703
220.5 0.000591092375366569
221.5 0.0005269428152492669
222.5 0.0004215542521994135
223.5 0.0003848973607038124
224.5 0.00035129521016617803
225.5 0.0003161656891495603
226.5 0.00031158357771261005
227.5 0.0002840909090909091
228.5 0.00023368768328445723
229.5 0.000204667644183773
230.5 0.00018022971652003892
231.5 0.00016801075268817198
232.5 0.0001771749755620722
233.5 0.00015884652981427156
234.5 0.00014051808406647095
235.5 0.00016037390029325488
236.5 0.0001328812316715541
237.5 0.00013288123167155415
238.5 0.00014968230694037136
239.5 0.0001557917888563048
240.5 0.00016190127077223845
241.5 0.00015120967741935476
242.5 0.0001496823069403714
243.5 0.00014510019550342124
244.5 0.00012677174975562062
245.5 0.00016801075268817195
246.5 0.0001557917888563049
247.5 0.00016648338220918846
248.5 0.00017412023460410545
249.5 0.00018175708699902238
250.5 0.00021230449657869003
251.5 0.0002428519061583576
252.5 0.00021688660801564004
253.5 0.00021077712609970657
254.5 0.00026881720430107516
255.5 0.000284090909090909
256.5 0.0002840909090909091
257.5 0.00034518572825024426
258.5 0.0003574046920821113
259.5 0.00037573313782991193
260.5 0.0004368279569892474
261.5 0.0004948680351906159
262.5 0.0005345796676441837
263.5 0.0005758186705767348
264.5 0.0006873167155425216
265.5 0.0007484115347018573
266.5 0.0008461632453567936
267.5 0.0008950391006842617
268.5 0.0009836265884652982
269.5 0.0011165078201368524
270.5 0.0011348362658846524
271.5 0.0013425586510263919
272.5 0.001457111436950146
273.5 0.0016098484848484842
274.5 0.001701490713587487
275.5 0.002008492179863147
276.5 0.0020802785923753663
277.5 0.0023399315738025406
278.5 0.002645405669599216
279.5 0.00275537634408602
280.5 0.002866874389051809
281.5 0.0031356915933528815
282.5 0.0033602150537634374
283.5 0.003739002932551318
284.5 0.0037191471163245324
285.5 0.0038657746823069373
286.5 0.004087243401759529
287.5 0.004181940371456499
288.5 0.004369806940371456
289.5 0.004441593352883674
290.5 0.004305657380254154
291.5 0.004546981915933526
292.5 0.004661534701857278
293.5 0.0046416788856304975
294.5 0.0045576735092864125
295.5 0.004453812316715541
296.5 0.004430901759530791
297.5 0.004328567937438904
298.5 0.0042247067448680335
299.5 0.004070442326490713
300.5 0.0037512218963831868
301.5 0.003604594330400782
302.5 0.0033846529814271714
303.5 0.003092925219941348
304.5 0.002929496578690126
305.5 0.002711082600195502
306.5 0.002544599217986315
307.5 0.002284946236559139
308.5 0.0019932184750733124
309.5 0.0017350928641251219
310.5 0.0015945747800586516
311.5 0.0014219819159335277
312.5 0.0012173142717497559
313.5 0.0010034824046920817
314.5 0.0008935117302052784
315.5 0.0008339442815249263
316.5 0.000742302052785924
317.5 0.0005605449657869012
318.5 0.0005116691104594331
319.5 0.0004016984359726297
320.5 0.00034060361681329405
321.5 0.00027034457478005856
322.5 0.00025354349951124124
323.5 0.00019244868035190606
324.5 0.00014815493646138793
325.5 0.00016342864125122174
326.5 0.00011608015640273694
327.5 0.00011608015640273697
328.5 7.48411534701857e-05
329.5 7.331378299120232e-05
330.5 5.1930596285434995e-05
331.5 3.360215053763441e-05
332.5 3.512952101661779e-05
333.5 2.9020039100684262e-05
334.5 2.4437927663734115e-05
335.5 1.374633431085044e-05
336.5 1.6801075268817204e-05
337.5 1.6801075268817204e-05
338.5 6.109481915933529e-06
339.5 1.0691593352883675e-05
340.5 7.636852394916911e-06
341.5 1.0691593352883675e-05
342.5 6.109481915933529e-06
343.5 9.164222873900293e-06
344.5 0.0
345.5 3.0547409579667644e-06
346.5 3.0547409579667644e-06
347.5 0.0
348.5 3.0547409579667644e-06
349.5 0.0
350.5 1.5273704789833822e-06
351.5 3.0547409579667644e-06
352.5 1.5273704789833822e-06
353.5 3.0547409579667644e-06
354.5 3.0547409579667644e-06
355.5 1.5273704789833822e-06
356.5 0.0
357.5 0.0
358.5 1.5273704789833822e-06
359.5 0.0
