0.5 0.0
1.5 1.5273704789833822e-06
2.5 0.0
3.5 0.0
4.5 1.5273704789833822e-06
5.5 0.0
6.5 0.0
7.5 0.0
8.5 0.0
9.5 0.0
10.5 0.0
11.5 0.0
12.5 0.0
13.5 0.0
14.5 1.5273704789833822e-06
15.5 0.0
16.5 1.5273704789833822e-06
17.5 0.0
18.5 0.0
19.5 0.0
20.5 0.0
21.5 0.0
22.5 0.0
23.5 0.0
24.5 1.5273704789833822e-06
25.5 1.5273704789833822e-06
26.5 3.0547409579667644e-06
27.5 0.0
28.5 1.5273704789833822e-06
29.5 3.0547409579667644e-06
30.5 1.5273704789833822e-06
31.5 0.0
32.5 1.5273704789833822e-06
33.5 4.582111436950147e-06
34.5 0.0
35.5 1.5273704789833822e-06
36.5 1.5273704789833822e-06
37.5 1.5273704789833822e-06
38.5 7.636852394916911e-06
39.5 3.0547409579667644e-06
40.5 1.5273704789833822e-06
41.5 3.0547409579667644e-06
42.5 1.5273704789833822e-06
43.5 4.582111436950147e-06
44.5 7.636852394916911e-06
45.5 3.0547409579667644e-06
46.5 1.0691593352883675e-05
47.5 7.636852394916911e-06
48.5 7.636852394916911e-06
49.5 1.374633431085044e-05
50.5 1.8328445747800586e-05
51.5 1.374633431085044e-05
52.5 1.985581622678397e-05
53.5 1.374633431085044e-05
54.5 2.749266862170088e-05
55.5 1.374633431085044e-05
56.5 1.6801075268817204e-05
57.5 4.27663734115347e-05
58.5 4.27663734115347e-05
59.5 5.9567448680351906e-05
60.5 7.484115347018567e-05
61.5 7.636852394916907e-05
62.5 8.400537634408599e-05
63.5 0.00010691593352883666
64.5 0.0001451001955034212
65.5 0.00017564760508308874
66.5 0.0002061950146627564
67.5 0.00022757820136852362
68.5 0.00026728983382209187
69.5 0.00035129521016617814
70.5 0.0003864247311827956
71.5 0.00048570381231671577
72.5 0.0005055596285434994
73.5 0.0006308040078201369
74.5 0.0007514662756598243
75.5 0.0008278347996089929
76.5 0.0009943181818181815
77.5 0.001124144672531769
78.5 0.0012478616813294226
79.5 0.0013135386119257082
80.5 0.001516678885630498
81.5 0.0017335654936461386
82.5 0.0018221529814271744
83.5 0.002170393450635385
84.5 0.002342986314760507
85.5 0.0024926686217008787
86.5 0.002692754154447702
87.5 0.0030089198435972616
88.5 0.003173875855327466
89.5 0.0034747678396871927
90.5 0.003754276637341152
91.5 0.004091825513196481
92.5 0.0040536412512218924
93.5 0.0044125733137829895
94.5 0.00464015151515151
95.5 0.005125855327468229
96.5 0.005350378787878787
97.5 0.005500061094819157
98.5 0.005773460410557183
99.5 0.006069770283479959
100.5 0.006437866568914955
101.5 0.006819709188660796
102.5 0.006886913489736067
103.5 0.007212243401759525
104.5 0.007363453079178881
105.5 0.007555901759530788
106.5 0.007734604105571841
107.5 0.008090481427174969
108.5 0.008174486803519057
109.5 0.008353189149560111
110.5 0.008472324046920816
111.5 0.008447886119257087
112.5 0.008405119745845546
113.5 0.008463159824046917
114.5 0.008629643206256107
115.5 0.008417338709677414
116.5 0.00860520527859237
117.5 0.008452468230694038
118.5 0.008409701857282502
119.5 0.008504398826979473
120.5 0.008641862170087968
121.5 0.008397482893450629
122.5 0.008205034213098728
123.5 0.008266129032258058
124.5 0.008209616324535679
125.5 0.008221835288367547
126.5 0.008012585532746816
127.5 0.007922470674486802
128.5 0.008096590909090902
129.5 0.007920943304007819
130.5 0.00812102883675464
131.5 0.007931634897360703
132.5 0.0076154692082111425
133.5 0.007733076735092863
134.5 0.0075559017595307875
135.5 0.007592558651026389
136.5 0.007080889540566961
137.5 0.007102272727272726
138.5 0.006642534213098727
139.5 0.006645588954056698
140.5 0.006234726295210163
141.5 0.006227089442815246
142.5 0.00574138563049853
143.5 0.00537787145650049
144.5 0.005310667155425221
145.5 0.005156402737047894
146.5 0.004682917888563047
147.5 0.004482832355816225
148.5 0.004250672043010752
149.5 0.004003238025415444
150.5 0.0038138440860215057
151.5 0.00353280791788856
152.5 0.0031830400782013693
153.5 0.002989064027370477
154.5 0.0028577101661779072
155.5 0.0026240224828934498
156.5 0.0025445992179863137
157.5 0.002291055718475072
158.5 0.00214595552297165
159.5 0.002022238514173997
160.5 0.0019092130987292267
161.5 0.0018481182795698917
162.5 0.00170301808406647
163.5 0.0016556695992179854
164.5 0.0015487536656891487
165.5 0.001533479960899315
166.5 0.001437255620723362
167.5 0.0014051808406647108
168.5 0.0013349217986314754
169.5 0.001289100684261974
170.5 0.0013028470185728251
171.5 0.0012448069403714563
172.5 0.001154692082111437
173.5 0.001118035190615835
174.5 0.0010508308895405669
175.5 0.0010951246334310848
176.5 0.0010890151515151512
177.5 0.0010905425219941347
178.5 0.0010905425219941344
179.5 0.001072214076246334
180.5 0.001186766862170088
181.5 0.0010935972629521015
182.5 0.0011165078201368515
183.5 0.0011699657869012703
184.5 0.0011577468230694035
185.5 0.0011302541544477023
186.5 0.0011714931573802542
187.5 0.0011867668621700883
188.5 0.0012554985337243398
189.5 0.0012448069403714554
190.5 0.001308956500488759
191.5 0.0013104838709677416
192.5 0.0013410312805474088
193.5 0.0014082355816226785
194.5 0.0015777737047898328
195.5 0.0015227883675464314
196.5 0.0016220674486803516
197.5 0.0018420087976539587
198.5 0.001900048875855327
199.5 0.00190615835777126
200.5 0.0020665322580645158
201.5 0.0022543988269794714
202.5 0.0022880009775171056
203.5 0.002408663245356793
204.5 0.0027278836754643194
205.5 0.0028531280547409565
206.5 0.0030409946236559125
207.5 0.0031738758553274678
208.5 0.003470185728250243
209.5 0.0037283113391984347
210.5 0.003916177908113391
211.5 0.004220124633431084
212.5 0.004323985826001952
213.5 0.00467986314760508
214.5 0.0048081622678396874
215.5 0.005021994134897359
216.5 0.0052801197458455474
217.5 0.005619195992179862
218.5 0.005912451124144669
219.5 0.0059979838709677425
220.5 0.006337060117302049
221.5 0.006666972140762464
222.5 0.006954117790811338
223.5 0.007006048387096769
224.5 0.007297776148582598
225.5 0.007487170087976537
226.5 0.007494806940371454
227.5 0.00748411534701857
228.5 0.007870540078201364
229.5 0.00784457478005865
230.5 0.007778897849462365
231.5 0.007899560117302046
232.5 0.007930107526881712
233.5 0.007943853861192566
234.5 0.008000366568914946
235.5 0.007965237047898333
236.5 0.008021749755620726
237.5 0.00817906891495601
238.5 0.008084371945259043
239.5 0.00816532258064516
240.5 0.008154630987292273
241.5 0.008205034213098724
242.5 0.008275293255131959
243.5 0.008321114369501465
244.5 0.007922470674486804
245.5 0.008359298631476051
246.5 0.00832875122189638
247.5 0.008431085043988266
248.5 0.008414283968719448
249.5 0.008151576246334306
250.5 0.008001893939393935
251.5 0.007823191593352883
252.5 0.007836937927663731
253.5 0.0075940860215053755
254.5 0.007503971163245355
255.5 0.0072122434017595285
256.5 0.006967864125122189
257.5 0.006695992179863145
258.5 0.006532563538611924
259.5 0.006091153470185727
260.5 0.005860520527859236
261.5 0.005680290811339195
262.5 0.005365652492668621
263.5 0.005151820625610942
264.5 0.00486009286412512
265.5 0.0046309872922776114
266.5 0.004392717497556206
267.5 0.004114736070381232
268.5 0.0037267839687194493
269.5 0.003587793255131964
270.5 0.003529753176930595
271.5 0.0031372189638318652
272.5 0.0029356060606060596
273.5 0.0027859237536656876
274.5 0.00244379276637341
275.5 0.0023063294232649077
276.5 0.0020863880742912995
277.5 0.0019687805474095797
278.5 0.0016938538611925695
279.5 0.0015044599217986308
280.5 0.0013624144672531766
281.5 0.0012203690127077218
282.5 0.0010767961876832846
283.5 0.0009515518084066467
284.5 0.0008782380254154442
285.5 0.0007636852394916909
286.5 0.0006476050830889539
287.5 0.0005284701857282502
288.5 0.00044599217986314774
289.5 0.00038031524926686214
290.5 0.0003253299120234603
291.5 0.0002459066471163246
292.5 0.00024285190615835767
293.5 0.00019244868035190598
294.5 0.00019092130987292263
295.5 0.00013899071358748768
296.5 0.00012218963831867055
297.5 0.00010538856304985331
298.5 8.553274682306935e-05
299.5 8.247800586510257e-05
300.5 5.040322580645161e-05
301.5 4.123900293255132e-05
302.5 4.734848484848485e-05
303.5 3.512952101661779e-05
304.5 2.5965298142717498e-05
305.5 3.360215053763441e-05
306.5 2.2910557184750733e-05
307.5 2.5965298142717498e-05
308.5 1.5273704789833822e-05
309.5 1.0691593352883675e-05
310.5 1.5273704789833822e-05
311.5 9.164222873900293e-06
312.5 1.5273704789833822e-05
313.5 9.164222873900293e-06
314.5 4.582111436950147e-06
315.5 4.582111436950147e-06
316.5 6.109481915933529e-06
317.5 3.0547409579667644e-06
318.5 3.0547409579667644e-06
319.5 1.5273704789833822e-06
320.5 4.582111436950147e-06
321.5 0.0
322.5 3.0547409579667644e-06
323.5 6.109481915933529e-06
324.5 1.5273704789833822e-06
325.5 3.0547409579667644e-06
326.5 1.5273704789833822e-06
327.5 1.5273704789833822e-06
328.5 1.5273704789833822e-06
329.5 3.0547409579667644e-06
330.5 1.5273704789833822e-06
331.5 0.0
332.5 0.0
333.5 1.5273704789833822e-06
334.5 0.0
335.5 0.0
336.5 1.5273704789833822e-06
337.5 1.5273704789833822e-06
338.5 0.0
339.5 0.0
340.5 0.0
341.5 0.0
342.5 1.5273704789833822e-06
343.5 0.0
344.5 1.5273704789833822e-06
345.5 0.0
346.5 0.0
347.5 1.5273704789833822e-06
348.5 0.0
349.5 1.5273704789833822e-06
350.5 0.0
351.5 0.0
352.5 0.0
353.5 0.0
354.5 0.0
355.5 0.0
356.5 0.0
357.5 0.0
358.5 0.0
359.5 0.0
