0.5 0.0
1.5 0.0
2.5 0.0
3.5 0.0
4.5 0.0
5.5 0.0
6.5 0.0
7.5 0.0
8.5 0.0
9.5 0.0
10.5 0.0
11.5 0.0
12.5 0.0
13.5 0.0
14.5 0.0
15.5 0.0
16.5 0.0
17.5 0.0
18.5 0.0
19.5 0.0
20.5 0.0
21.5 0.0
22.5 0.0
23.5 0.0
24.5 0.0
25.5 0.0
26.5 0.0
27.5 0.0
28.5 0.0
29.5 0.0
30.5 0.0
31.5 0.0
32.5 0.0
33.5 0.0
34.5 0.0
35.5 0.0
36.5 0.0
37.5 0.0
38.5 0.0
39.5 0.0
40.5 0.0
41.5 0.0
42.5 0.0
43.5 0.0
44.5 0.0
45.5 0.0
46.5 0.0
47.5 0.0
48.5 0.0
49.5 0.0
50.5 0.0
51.5 0.0
52.5 0.0
53.5 0.0
54.5 0.0
55.5 0.0
56.5 0.0
57.5 0.0
58.5 0.0
59.5 0.0
60.5 0.0
61.5 0.0
62.5 0.0
63.5 0.0
64.5 0.0
65.5 0.0
66.5 0.0
67.5 0.0
68.5 0.0
69.5 0.0
70.5 0.0
71.5 0.0
72.5 0.0
73.5 0.0
74.5 0.0
75.5 0.0
76.5 0.0
77.5 0.0
78.5 0.0
79.5 0.0
80.5 0.0
81.5 0.0
82.5 0.0
83.5 0.0
84.5 0.0
85.5 0.0
86.5 0.0
87.5 0.0
88.5 0.0
89.5 0.0
90.5 0.0
91.5 0.0
92.5 0.0
93.5 0.0
94.5 0.0
95.5 0.0
96.5 0.0
97.5 0.0
98.5 0.0
99.5 1.5273704789833822e-06
100.5 0.0
101.5 0.0
102.5 1.5273704789833822e-06
103.5 0.0
104.5 1.5273704789833822e-06
105.5 0.0
106.5 0.0
107.5 1.5273704789833822e-06
108.5 3.0547409579667644e-06
109.5 3.0547409579667644e-06
110.5 4.582111436950147e-06
111.5 7.636852394916911e-06
112.5 1.2218963831867058e-05
113.5 1.2218963831867058e-05
114.5 6.109481915933529e-06
115.5 1.0691593352883675e-05
116.5 4.582111436950147e-06
117.5 3.360215053763441e-05
118.5 3.360215053763441e-05
119.5 2.138318670576735e-05
120.5 3.8184261974584555e-05
121.5 3.512952101661779e-05
122.5 4.4293743890518084e-05
123.5 6.109481915933529e-05
124.5 5.9567448680351906e-05
125.5 6.414956011730204e-05
126.5 9.622434017595303e-05
127.5 7.178641251221894e-05
128.5 9.622434017595305e-05
129.5 9.469696969696966e-05
130.5 0.00014357282502443778
131.5 0.00018481182795698913
132.5 0.0001985581622678396
133.5 0.0002932551319648092
134.5 0.00034060361681329443
135.5 0.00043988269794721424
136.5 0.0005009775171065494
137.5 0.0006689882697947211
138.5 0.0008996212121212123
139.5 0.0012753543499511239
140.5 0.0014830767350928638
141.5 0.002034457478005864
142.5 0.0026194403714564995
143.5 0.0033250855327468225
144.5 0.004343841642228739
145.5 0.005516862170087976
146.5 0.0070320136852394894
147.5 0.008637280058651026
148.5 0.010488453079178879
149.5 0.012576368523949166
150.5 0.015325635386119255
151.5 0.01799547898338221
152.5 0.020294171554252192
153.5 0.023432917888563033
154.5 0.026475439882697953
155.5 0.028714565004887567
156.5 0.030938416422287382
157.5 0.03273460410557184
158.5 0.03397330156402734
159.5 0.035163123167155405
160.5 0.0350271871945259
161.5 0.0347873900293255
162.5 0.0338129276637341
163.5 0.03264143450635384
164.5 0.030921615347018573
165.5 0.029113208699902245
166.5 0.02670149071358747
167.5 0.0245112414467253
168.5 0.02191929374389051
169.5 0.019993279569892473
170.5 0.017537267839687187
171.5 0.015786901270772234
172.5 0.013955584066471167
173.5 0.012466397849462359
174.5 0.011230755131964804
175.5 0.009808773216031276
176.5 0.009005376344086017
177.5 0.00825696480938416
178.5 0.0076994745845552276
179.5 0.007265701368523946
180.5 0.0074291300097751685
181.5 0.007551319648093842
182.5 0.007872067448680353
183.5 0.008172959433040078
184.5 0.008875549853372433
185.5 0.009405547409579662
186.5 0.010193670576735094
187.5 0.010728250244379268
188.5 0.011459860703812315
189.5 0.011902798142717495
190.5 0.012354899804496578
191.5 0.012602333822091891
192.5 0.012923081622678396
193.5 0.0129047531769306
194.5 0.012887952101661774
195.5 0.012536656891495593
196.5 0.01187836021505376
197.5 0.011440004887585528
198.5 0.010632025904203321
199.5 0.010054679863147606
200.5 0.008762524437927664
201.5 0.007948435972629524
202.5 0.006792216520039101
203.5 0.006109481915933528
204.5 0.005072397360703812
205.5 0.004311766862170089
206.5 0.0034976783968719435
207.5 0.0027905058651026392
208.5 0.0023002199413489728
209.5 0.00180229716520039
210.5 0.0013517228739002934
211.5 0.000980571847507331
212.5 0.0007178641251221893
213.5 0.0005926197458455524
214.5 0.000442937438905181
215.5 0.00034213098729227767
216.5 0.00021230449657869
217.5 0.00015884652981427167
218.5 0.00012066226783968712
219.5 8.400537634408603e-05
220.5 5.498533724340176e-05
221.5 5.8040078201368524e-05
222.5 4.123900293255132e-05
223.5 3.2074780058651026e-05
224.5 2.5965298142717498e-05
225.5 1.374633431085044e-05
226.5 2.138318670576735e-05
227.5 2.9020039100684262e-05
228.5 1.985581622678397e-05
229.5 1.5273704789833822e-05
230.5 2.138318670576735e-05
231.5 1.8328445747800586e-05
232.5 1.2218963831867058e-05
233.5 7.636852394916911e-06
234.5 1.2218963831867058e-05
235.5 1.0691593352883675e-05
236.5 9.164222873900293e-06
237.5 6.109481915933529e-06
238.5 7.636852394916911e-06
239.5 1.6801075268817204e-05
240.5 6.109481915933529e-06
241.5 1.2218963831867058e-05
242.5 6.109481915933529e-06
243.5 4.582111436950147e-06
244.5 6.109481915933529e-06
245.5 4.582111436950147e-06
246.5 3.0547409579667644e-06
247.5 3.0547409579667644e-06
248.5 4.582111436950147e-06
249.5 0.0
250.5 4.582111436950147e-06
251.5 0.0
252.5 0.0
253.5 1.5273704789833822e-06
254.5 0.0
255.5 0.0
256.5 0.0
257.5 0.0
258.5 0.0
259.5 0.0
260.5 0.0
261.5 0.0
262.5 0.0
263.5 0.0
264.5 0.0
265.5 0.0
266.5 0.0
267.5 0.0
268.5 0.0
269.5 0.0
270.5 0.0
271.5 0.0
272.5 0.0
273.5 0.0
274.5 0.0
275.5 0.0
276.5 0.0
277.5 0.0
278.5 0.0
279.5 0.0
280.5 0.0
281.5 0.0
282.5 0.0
283.5 0.0
284.5 0.0
285.5 0.0
286.5 0.0
287.5 0.0
288.5 0.0
289.5 0.0
290.5 0.0
291.5 0.0
292.5 0.0
293.5 0.0
294.5 0.0
295.5 0.0
296.5 0.0
297.5 0.0
298.5 0.0
299.5 0.0
300.5 0.0
301.5 0.0
302.5 0.0
303.5 0.0
304.5 0.0
305.5 0.0
306.5 0.0
307.5 0.0
308.5 0.0
309.5 0.0
310.5 0.0
311.5 0.0
312.5 0.0
313.5 0.0
314.5 0.0
315.5 0.0
316.5 0.0
317.5 0.0
318.5 0.0
319.5 0.0
320.5 0.0
321.5 0.0
322.5 0.0
323.5 0.0
324.5 0.0
325.5 0.0
326.5 0.0
327.5 0.0
328.5 0.0
329.5 0.0
330.5 0.0
331.5 0.0
332.5 0.0
333.5 0.0
334.5 0.0
335.5 0.0
336.5 0.0
337.5 0.0
338.5 0.0
339.5 0.0
340.5 0.0
341.5 0.0
342.5 0.0
343.5 0.0
344.5 0.0
345.5 0.0
346.5 0.0
347.5 0.0
348.5 0.0
349.5 0.0
350.5 0.0
351.5 0.0
352.5 0.0
353.5 0.0
354.5 0.0
355.5 0.0
356.5 0.0
357.5 0.0
358.5 0.0
359.5 0.0
