0.5 0.0
1.5 1.5273704789833822e-06
2.5 0.0
3.5 0.0
4.5 0.0
5.5 0.0
6.5 0.0
7.5 0.0
8.5 0.0
9.5 0.0
10.5 0.0
11.5 0.0
12.5 1.5273704789833822e-06
13.5 1.5273704789833822e-06
14.5 0.0
15.5 0.0
16.5 1.5273704789833822e-06
17.5 0.0
18.5 0.0
19.5 0.0
20.5 4.582111436950147e-06
21.5 1.5273704789833822e-06
22.5 3.0547409579667644e-06
23.5 6.109481915933529e-06
24.5 6.109481915933529e-06
25.5 1.374633431085044e-05
26.5 6.109481915933529e-06
27.5 1.5273704789833822e-05
28.5 1.374633431085044e-05
29.5 1.5273704789833822e-05
30.5 3.512952101661779e-05
31.5 3.665689149560117e-05
32.5 4.27663734115347e-05
33.5 4.123900293255132e-05
34.5 7.02590420332356e-05
35.5 0.00010691593352883666
36.5 0.00011455278592375365
37.5 0.00013899071358748765
38.5 0.0002153592375366566
39.5 0.00023063294232649058
40.5 0.00037573313782991225
41.5 0.00044446480938416423
42.5 0.000508614369501466
43.5 0.0006246945259042032
44.5 0.0008385263929618766
45.5 0.0010157013685239494
46.5 0.0010966520039100676
47.5 0.0015090420332355809
48.5 0.0018786656891495595
49.5 0.0021520650048875854
50.5 0.002503360215053764
51.5 0.003008919843597262
52.5 0.0034900415444770257
53.5 0.004065860215053763
54.5 0.004777614858260018
55.5 0.005148765884652981
56.5 0.005852883675464318
57.5 0.006492851906158356
58.5 0.007218352883675458
59.5 0.007867485337243399
60.5 0.008409701857282495
61.5 0.008919843597262953
62.5 0.009454423264907133
63.5 0.009779753176930589
64.5 0.009937072336265878
65.5 0.009970674486803516
66.5 0.010120356793743889
67.5 0.009969147116324536
68.5 0.010024132453567937
69.5 0.00978433528836755
70.5 0.009688110948191584
71.5 0.009203934506353852
72.5 0.00857771260997067
73.5 0.008302785923753666
74.5 0.007678091397849463
75.5 0.007232099217986311
76.5 0.006746395405669595
77.5 0.0060926808406647085
78.5 0.00528928396871945
79.5 0.004826490713587489
80.5 0.004221652003910065
81.5 0.0037130376344086005
82.5 0.0034045087976539573
83.5 0.002905058651026394
84.5 0.002573619257086997
85.5 0.0022024682306940363
86.5 0.0019137952101661781
87.5 0.0015869379276637332
88.5 0.0012509164222873899
89.5 0.0012280058651026385
90.5 0.0009882086999022485
91.5 0.0008874022482893445
92.5 0.0007178641251221894
93.5 0.000588037634408602
94.5 0.0005483260019550341
95.5 0.0004246089931573804
96.5 0.0004322458455522971
97.5 0.00034518572825024437
98.5 0.0002535434995112413
99.5 0.00023216031280547388
100.5 0.00020772238514173968
101.5 0.00022452346041055697
102.5 0.00015120967741935468
103.5 0.000128299120234604
104.5 0.0001359359726295209
105.5 0.00010538856304985332
106.5 0.00011455278592375356
107.5 8.706011730205275e-05
108.5 8.247800586510261e-05
109.5 6.262218963831866e-05
110.5 6.72043010752688e-05
111.5 4.5821114369501466e-05
112.5 5.498533724340176e-05
113.5 4.5821114369501466e-05
114.5 4.887585532746823e-05
115.5 3.971163245356794e-05
116.5 4.734848484848485e-05
117.5 3.8184261974584555e-05
118.5 4.887585532746823e-05
119.5 3.665689149560117e-05
120.5 5.040322580645161e-05
121.5 3.0547409579667644e-05
122.5 4.27663734115347e-05
123.5 5.651270772238514e-05
124.5 3.8184261974584555e-05
125.5 2.2910557184750733e-05
126.5 4.27663734115347e-05
127.5 4.27663734115347e-05
128.5 4.5821114369501466e-05
129.5 7.48411534701857e-05
130.5 5.8040078201368524e-05
131.5 5.8040078201368524e-05
132.5 7.789589442815245e-05
133.5 6.414956011730204e-05
134.5 7.484115347018567e-05
135.5 0.00010538856304985328
136.5 0.00010538856304985328
137.5 0.00011760752688172037
138.5 0.00015426441837732138
139.5 0.00013135386119257078
140.5 0.00019550342130987276
141.5 0.00025201612903225795
142.5 0.0002535434995112414
143.5 0.00033754887585532746
144.5 0.0003451857282502443
145.5 0.00041239002932551305
146.5 0.000543743890518084
147.5 0.0005972018572825024
148.5 0.0007102272727272724
149.5 0.0008538000977517103
150.5 0.0010248655913978495
151.5 0.0012218963831867055
152.5 0.0013486681329423266
153.5 0.0016220674486803507
154.5 0.0018053519061583566
155.5 0.0022375977517106547
156.5 0.0024758675464320616
157.5 0.002955461876832842
158.5 0.003343413978494622
159.5 0.003726783968719451
160.5 0.00435911534701857
161.5 0.004689027370478982
162.5 0.005254154447702829
163.5 0.005956744868035186
164.5 0.006691410068426193
165.5 0.00753146383186706
166.5 0.007977456011730201
167.5 0.008783907624633427
168.5 0.00982251955034213
169.5 0.010546493157380247
170.5 0.011018450635386116
171.5 0.011621761974584553
172.5 0.012335043988269786
173.5 0.013062072336265882
174.5 0.01359817937438905
175.5 0.014233565493646136
176.5 0.014673448191593353
177.5 0.014705522971651995
178.5 0.015153042521994132
179.5 0.015435606060606056
180.5 0.015403531280547406
181.5 0.015296615347018564
182.5 0.014610826001955027
183.5 0.014708577712609961
184.5 0.01409304740957966
185.5 0.013776881720430104
186.5 0.013285068426197451
187.5 0.012226600684261967
188.5 0.011635508308895398
189.5 0.010879459921798625
190.5 0.010132575757575757
191.5 0.009601050830889534
192.5 0.008886241446725316
193.5 0.008095063538611922
194.5 0.007317631964809381
195.5 0.006602822580645157
196.5 0.0060743523949169055
197.5 0.005232771260997067
198.5 0.004838709677419354
199.5 0.004291911045943302
200.5 0.003812316715542519
201.5 0.003231915933528836
202.5 0.002898949169110458
203.5 0.0025507086999022473
204.5 0.0021337365591397855
205.5 0.0018649193548387084
206.5 0.001539589442815248
207.5 0.0014693304007820129
208.5 0.0012096774193548385
209.5 0.0009546065493646132
210.5 0.0008232526881720428
211.5 0.0008095063538611923
212.5 0.0005987292277614858
213.5 0.0005452712609970675
214.5 0.00040780791788856306
215.5 0.0003742057673509286
216.5 0.00031922043010752706
217.5 0.00026576246334310846
218.5 0.0002428519061583575
219.5 0.0001741202346041055
220.5 0.00016037390029325504
221.5 0.0001512096774193547
222.5 0.00011913489736070369
223.5 0.00011913489736070377
224.5 0.00010080645161290314
225.5 7.942326490713582e-05
226.5 7.178641251221894e-05
227.5 6.567693059628544e-05
228.5 5.040322580645161e-05
229.5 5.345796676441838e-05
230.5 5.651270772238514e-05
231.5 5.345796676441838e-05
232.5 4.4293743890518084e-05
233.5 5.040322580645161e-05
234.5 4.27663734115347e-05
235.5 4.5821114369501466e-05
236.5 4.123900293255132e-05
237.5 2.9020039100684262e-05
238.5 4.4293743890518084e-05
239.5 4.887585532746823e-05
240.5 4.5821114369501466e-05
241.5 3.360215053763441e-05
242.5 4.887585532746823e-05
243.5 4.5821114369501466e-05
244.5 3.665689149560117e-05
245.5 4.734848484848485e-05
246.5 5.345796676441838e-05
247.5 4.887585532746823e-05
248.5 5.040322580645161e-05
249.5 4.4293743890518084e-05
250.5 5.9567448680351906e-05
251.5 6.720430107526879e-05
252.5 8.24780058651026e-05
253.5 9.01148582600195e-05
254.5 9.469696969696963e-05
255.5 0.00010997067448680338
256.5 0.00017717497556207223
257.5 0.0001527370478983381
258.5 0.00017717497556207215
259.5 0.00019855816226783957
260.5 0.000244379276637341
261.5 0.00026423509286412506
262.5 0.0003207478005865102
263.5 0.00040322580645161285
264.5 0.0004353005865102641
265.5 0.0005773460410557187
266.5 0.0006262218963831869
267.5 0.0007652126099706742
268.5 0.0008095063538611922
269.5 0.0009943181818181817
270.5 0.0011363636363636363
271.5 0.0013990713587487772
272.5 0.0016831622678396864
273.5 0.001926014173998045
274.5 0.0021810850439882693
275.5 0.0025155791788856307
276.5 0.0029417155425219945
277.5 0.0033281402737047883
278.5 0.003943670576735091
279.5 0.004325513196480934
280.5 0.004887585532746822
281.5 0.005313721896383186
282.5 0.006039222873900292
283.5 0.0066959921798631465
284.5 0.007125183284457478
285.5 0.0077865347018572775
286.5 0.008281402737047893
287.5 0.008805290811339198
288.5 0.009184078690127077
289.5 0.009732404692082109
290.5 0.00979655425219941
291.5 0.010259347507331377
292.5 0.01031586021505376
293.5 0.0099813660801564
294.5 0.010031769305962852
295.5 0.009998167155425213
296.5 0.009805718475073312
297.5 0.009671309872922773
298.5 0.008874022482893451
299.5 0.008479960899315735
300.5 0.007861375855327464
301.5 0.007314577223851413
302.5 0.006592130987292274
303.5 0.005987292277614856
304.5 0.005225134408602148
305.5 0.0046706989247311806
306.5 0.003977272727272725
307.5 0.0034488025415444767
308.5 0.003068487292277612
309.5 0.0025720918866080147
310.5 0.0021642839687194514
311.5 0.0019641984359726286
312.5 0.001518206256109482
313.5 0.0012264784946236552
314.5 0.000985153958944281
315.5 0.0008263074291300096
316.5 0.0006705156402737047
317.5 0.0005635997067448681
318.5 0.00043224584555229717
319.5 0.00032380254154447706
320.5 0.00020619501466275636
321.5 0.00017106549364613864
322.5 0.000172592864125122
323.5 0.00011913489736070374
324.5 9.775171065493641e-05
325.5 7.33137829912023e-05
326.5 6.109481915933529e-05
327.5 4.123900293255132e-05
328.5 4.123900293255132e-05
329.5 1.985581622678397e-05
330.5 2.9020039100684262e-05
331.5 1.6801075268817204e-05
332.5 9.164222873900293e-06
333.5 1.5273704789833822e-05
334.5 9.164222873900293e-06
335.5 6.109481915933529e-06
336.5 6.109481915933529e-06
337.5 4.582111436950147e-06
338.5 3.0547409579667644e-06
339.5 0.0
340.5 1.5273704789833822e-06
341.5 0.0
342.5 0.0
343.5 1.5273704789833822e-06
344.5 0.0
345.5 3.0547409579667644e-06
346.5 0.0
347.5 0.0
348.5 1.5273704789833822e-06
349.5 0.0
350.5 0.0
351.5 0.0
352.5 0.0
353.5 0.0
354.5 0.0
355.5 1.5273704789833822e-06
356.5 1.5273704789833822e-06
357.5 0.0
358.5 0.0
359.5 0.0
