0.5 0.0
1.5 0.0
2.5 0.0
3.5 0.0
4.5 0.0
5.5 0.0
6.5 0.0
7.5 0.0
8.5 0.0
9.5 0.0
10.5 0.0
11.5 0.0
12.5 0.0
13.5 0.0
14.5 0.0
15.5 0.0
16.5 0.0
17.5 0.0
18.5 0.0
19.5 0.0
20.5 0.0
21.5 0.0
22.5 0.0
23.5 0.0
24.5 0.0
25.5 0.0
26.5 0.0
27.5 0.0
28.5 0.0
29.5 0.0
30.5 0.0
31.5 0.0
32.5 0.0
33.5 0.0
34.5 0.0
35.5 0.0
36.5 0.0
37.5 0.0
38.5 0.0
39.5 0.0
40.5 0.0
41.5 0.0
42.5 0.0
43.5 0.0
44.5 0.0
45.5 0.0
46.5 0.0
47.5 0.0
48.5 0.0
49.5 0.0
50.5 0.0
51.5 0.0
52.5 0.0
53.5 0.0
54.5 0.0
55.5 0.0
56.5 0.0
57.5 0.0
58.5 0.0
59.5 0.0
60.5 0.0
61.5 0.0
62.5 0.0
63.5 0.0
64.5 0.0
65.5 0.0
66.5 0.0
67.5 0.0
68.5 0.0
69.5 0.0
70.5 0.0
71.5 0.0
72.5 0.0
73.5 0.0
74.5 0.0
75.5 0.0
76.5 0.0
77.5 0.0
78.5 0.0
79.5 0.0
80.5 0.0
81.5 0.0
82.5 0.0
83.5 0.0
84.5 0.0
85.5 0.0
86.5 0.0
87.5 0.0
88.5 0.0
89.5 0.0
90.5 0.0
91.5 0.0
92.5 0.0
93.5 0.0
94.5 0.0
95.5 0.0
96.5 0.0
97.5 0.0
98.5 0.0
99.5 0.0
100.5 0.0
101.5 0.0
102.5 0.0
103.5 0.0
104.5 0.0
105.5 0.0
106.5 0.0
107.5 0.0
108.5 0.0
109.5 0.0
110.5 0.0
111.5 0.0
112.5 0.0
113.5 0.0
114.5 0.0
115.5 0.0
116.5 0.0
117.5 0.0
118.5 0.0
119.5 0.0
120.5 0.0
121.5 0.0
122.5 0.0
123.5 0.0
124.5 0.0
125.5 0.0
126.5 0.0
127.5 0.0
128.5 0.0
129.5 0.0
130.5 0.0
131.5 0.0
132.5 0.0
133.5 0.0
134.5 0.0
135.5 0.0
136.5 0.0
137.5 0.0
138.5 0.0
139.5 0.0
140.5 0.0
141.5 0.0
142.5 0.0
143.5 0.0
144.5 0.0
145.5 0.0
146.5 0.0
147.5 0.0
148.5 0.0
149.5 0.0
150.5 0.0
151.5 0.0
152.5 0.0
153.5 0.0
154.5 0.0
155.5 0.0
156.5 0.0
157.5 0.0
158.5 0.0
159.5 0.0
160.5 0.0
161.5 0.0
162.5 0.0
163.5 0.0
164.5 0.0
165.5 1.5273704789833822e-06
166.5 0.0
167.5 4.582111436950147e-06
168.5 3.0547409579667644e-06
169.5 4.582111436950147e-06
170.5 0.0
171.5 1.0691593352883675e-05
172.5 7.636852394916911e-06
173.5 7.636852394916911e-06
174.5 3.0547409579667644e-06
175.5 1.2218963831867058e-05
176.5 4.582111436950147e-06
177.5 1.985581622678397e-05
178.5 1.6801075268817204e-05
179.5 1.374633431085044e-05
180.5 2.2910557184750733e-05
181.5 1.6801075268817204e-05
182.5 1.985581622678397e-05
183.5 2.749266862170088e-05
184.5 1.6801075268817204e-05
185.5 3.360215053763441e-05
186.5 3.2074780058651026e-05
187.5 2.5965298142717498e-05
188.5 4.123900293255132e-05
189.5 3.0547409579667644e-05
190.5 2.4437927663734115e-05
191.5 2.4437927663734115e-05
192.5 2.749266862170088e-05
193.5 2.749266862170088e-05
194.5 2.4437927663734115e-05
195.5 3.665689149560117e-05
196.5 2.5965298142717498e-05
197.5 2.4437927663734115e-05
198.5 3.360215053763441e-05
199.5 1.374633431085044e-05
200.5 1.985581622678397e-05
201.5 2.749266862170088e-05
202.5 2.9020039100684262e-05
203.5 2.749266862170088e-05
204.5 3.2074780058651026e-05
205.5 2.749266862170088e-05
206.5 2.9020039100684262e-05
207.5 2.5965298142717498e-05
208.5 2.9020039100684262e-05
209.5 2.4437927663734115e-05
210.5 3.665689149560117e-05
211.5 3.512952101661779e-05
212.5 3.665689149560117e-05
213.5 3.971163245356794e-05
214.5 4.734848484848485e-05
215.5 4.5821114369501466e-05
216.5 6.414956011730204e-05
217.5 9.011485826001952e-05
218.5 8.553274682306932e-05
219.5 8.706011730205272e-05
220.5 0.00010691593352883669
221.5 0.00010997067448680346
222.5 0.000160373900293255
223.5 0.000168010752688172
224.5 0.00020466764418377312
225.5 0.00024896138807429125
226.5 0.00029172776148582593
227.5 0.00036504154447702844
228.5 0.00037726050830889544
229.5 0.00045668377321603156
230.5 0.0005605449657869017
231.5 0.000662878787878788
232.5 0.0007575757575757579
233.5 0.0009484970674486806
234.5 0.0010676319648093842
235.5 0.0012585532746823076
236.5 0.0015701368523949155
237.5 0.0017916055718475076
238.5 0.002150537634408602
239.5 0.002472812805474095
240.5 0.0029065860215053765
241.5 0.003450329912023459
242.5 0.004113208699902248
243.5 0.004788306451612901
244.5 0.005808589931573801
245.5 0.006673081622678394
246.5 0.008020222385141738
247.5 0.009500244379276634
248.5 0.010662573313782986
249.5 0.01230755131964809
250.5 0.013957111436950144
251.5 0.015556268328445744
252.5 0.01718139051808407
253.5 0.01898521505376344
254.5 0.020650048875855326
255.5 0.02174364613880742
256.5 0.023532196969696963
257.5 0.02463648582600194
258.5 0.02565524193548386
259.5 0.026673998044965775
260.5 0.02737200635386117
261.5 0.028051686217008796
262.5 0.02849004154447702
263.5 0.029012402248289326
264.5 0.028781769305962844
265.5 0.029455339687194514
266.5 0.029285801564027353
267.5 0.028751221896383176
268.5 0.028351050830889533
269.5 0.027750794232649083
270.5 0.027061950146627566
271.5 0.026977944770283473
272.5 0.025957661290322568
273.5 0.025093169599217972
274.5 0.02404844819159334
275.5 0.0234008431085044
276.5 0.022307245845552305
277.5 0.02114033479960898
278.5 0.020379704301075278
279.5 0.019021871945259037
280.5 0.017981732649071352
281.5 0.016964503910068422
282.5 0.015678457966764415
283.5 0.014765090420332356
284.5 0.013178152492668611
285.5 0.012261730205278588
286.5 0.011129948680351909
287.5 0.010144794721407622
288.5 0.009292521994134896
289.5 0.008324169110459436
290.5 0.007462732160312805
291.5 0.006541727761485823
292.5 0.005701673998044969
293.5 0.005358015640273705
294.5 0.004632514662756597
295.5 0.004076551808406647
296.5 0.00358626588465298
297.5 0.003065432551319647
298.5 0.0026637341153470176
299.5 0.0023506231671554245
300.5 0.001982526881720429
301.5 0.0016617790811339188
302.5 0.0014387829912023459
303.5 0.001134836265884653
304.5 0.0009026759530791792
305.5 0.0007285557184750733
306.5 0.000578873411534702
307.5 0.000459738514173998
308.5 0.00032074780058651036
309.5 0.0002764540566959923
310.5 0.00018633919843597256
311.5 0.0001389907135874878
312.5 0.00010538856304985338
313.5 6.414956011730205e-05
314.5 5.040322580645161e-05
315.5 3.360215053763441e-05
316.5 2.138318670576735e-05
317.5 1.5273704789833822e-05
318.5 1.374633431085044e-05
319.5 9.164222873900293e-06
320.5 6.109481915933529e-06
321.5 1.5273704789833822e-06
322.5 0.0
323.5 1.5273704789833822e-06
324.5 0.0
325.5 1.5273704789833822e-06
326.5 1.5273704789833822e-06
327.5 0.0
328.5 0.0
329.5 0.0
330.5 0.0
331.5 0.0
332.5 0.0
333.5 0.0
334.5 0.0
335.5 0.0
336.5 0.0
337.5 0.0
338.5 0.0
339.5 0.0
340.5 0.0
341.5 0.0
342.5 0.0
343.5 0.0
344.5 0.0
345.5 0.0
346.5 0.0
347.5 0.0
348.5 0.0
349.5 0.0
350.5 0.0
351.5 0.0
352.5 0.0
353.5 0.0
354.5 0.0
355.5 0.0
356.5 0.0
357.5 0.0
358.5 0.0
359.5 0.0
