0.5 0.0
1.5 0.0
2.5 0.0
3.5 0.0
4.5 0.0
5.5 0.0
6.5 0.0
7.5 0.0
8.5 0.0
9.5 0.0
10.5 0.0
11.5 0.0
12.5 0.0
13.5 0.0
14.5 0.0
15.5 0.0
16.5 0.0
17.5 0.0
18.5 0.0
19.5 0.0
20.5 0.0
21.5 0.0
22.5 0.0
23.5 0.0
24.5 0.0
25.5 0.0
26.5 0.0
27.5 0.0
28.5 0.0
29.5 0.0
30.5 1.5273704789833822e-06
31.5 0.0
32.5 0.0
33.5 0.0
34.5 0.0
35.5 0.0
36.5 0.0
37.5 4.582111436950147e-06
38.5 1.5273704789833822e-06
39.5 4.582111436950147e-06
40.5 1.5273704789833822e-06
41.5 3.0547409579667644e-06
42.5 0.0
43.5 1.5273704789833822e-06
44.5 3.0547409579667644e-06
45.5 0.0
46.5 0.0
47.5 0.0
48.5 0.0
49.5 0.0
50.5 0.0
51.5 0.0
52.5 0.0
53.5 0.0
54.5 0.0
55.5 0.0
56.5 0.0
57.5 0.0
58.5 0.0
59.5 0.0
60.5 0.0
61.5 0.0
62.5 0.0
63.5 0.0
64.5 0.0
65.5 0.0
66.5 0.0
67.5 0.0
68.5 0.0
69.5 1.5273704789833822e-06
70.5 0.0
71.5 3.0547409579667644e-06
72.5 3.0547409579667644e-06
73.5 1.5273704789833822e-06
74.5 7.636852394916911e-06
75.5 9.164222873900293e-06
76.5 1.0691593352883675e-05
77.5 2.9020039100684262e-05
78.5 5.498533724340176e-05
79.5 8.247800586510263e-05
80.5 0.00020008553274682302
81.5 0.0003421309872922777
82.5 0.0006323313782991203
83.5 0.0010905425219941349
84.5 0.0017518939393939396
85.5 0.003100562072336266
86.5 0.0052526270772238525
87.5 0.008130193059628544
88.5 0.012249511241446725
89.5 0.017671676441837737
90.5 0.024028592375366573
91.5 0.03158602150537634
92.5 0.037965847996089944
93.5 0.04376374633431084
94.5 0.048063294232649045
95.5 0.048744501466275646
96.5 0.047582172531769294
97.5 0.043362047898338196
98.5 0.036995967741935476
99.5 0.02997311827956991
100.5 0.023552052785923754
101.5 0.01728677908113392
102.5 0.011873778103616813
103.5 0.007988147605083089
104.5 0.005185422776148583
105.5 0.002999755620723361
106.5 0.0017091275659824043
107.5 0.001075268817204301
108.5 0.0005819281524926685
109.5 0.0002978372434017595
110.5 0.00012982649071358745
111.5 9.622434017595306e-05
112.5 6.720430107526882e-05
113.5 3.360215053763441e-05
114.5 1.0691593352883675e-05
115.5 6.109481915933529e-06
116.5 7.636852394916911e-06
117.5 4.582111436950147e-06
118.5 1.5273704789833822e-06
119.5 0.0
120.5 1.5273704789833822e-06
121.5 0.0
122.5 1.5273704789833822e-06
123.5 0.0
124.5 0.0
125.5 1.5273704789833822e-06
126.5 0.0
127.5 0.0
128.5 0.0
129.5 0.0
130.5 0.0
131.5 0.0
132.5 0.0
133.5 0.0
134.5 0.0
135.5 0.0
136.5 0.0
137.5 0.0
138.5 0.0
139.5 0.0
140.5 0.0
141.5 0.0
142.5 0.0
143.5 0.0
144.5 0.0
145.5 0.0
146.5 0.0
147.5 0.0
148.5 0.0
149.5 0.0
150.5 0.0
151.5 0.0
152.5 0.0
153.5 0.0
154.5 0.0
155.5 0.0
156.5 0.0
157.5 0.0
158.5 0.0
159.5 0.0
160.5 0.0
161.5 0.0
162.5 0.0
163.5 0.0
164.5 0.0
165.5 0.0
166.5 1.5273704789833822e-06
167.5 0.0
168.5 0.0
169.5 0.0
170.5 0.0
171.5 0.0
172.5 0.0
173.5 0.0
174.5 0.0
175.5 0.0
176.5 0.0
177.5 0.0
178.5 0.0
179.5 0.0
180.5 0.0
181.5 0.0
182.5 0.0
183.5 0.0
184.5 0.0
185.5 0.0
186.5 0.0
187.5 0.0
188.5 0.0
189.5 0.0
190.5 0.0
191.5 0.0
192.5 0.0
193.5 0.0
194.5 0.0
195.5 0.0
196.5 0.0
197.5 0.0
198.5 0.0
199.5 0.0
200.5 0.0
201.5 0.0
202.5 0.0
203.5 0.0
204.5 0.0
205.5 0.0
206.5 0.0
207.5 0.0
208.5 0.0
209.5 0.0
210.5 0.0
211.5 0.0
212.5 0.0
213.5 0.0
214.5 0.0
215.5 0.0
216.5 0.0
217.5 0.0
218.5 0.0
219.5 0.0
220.5 0.0
221.5 0.0
222.5 0.0
223.5 0.0
224.5 0.0
225.5 0.0
226.5 0.0
227.5 0.0
228.5 0.0
229.5 0.0
230.5 0.0
231.5 0.0
232.5 0.0
233.5 0.0
234.5 0.0
235.5 0.0
236.5 0.0
237.5 0.0
238.5 1.5273704789833822e-06
239.5 0.0
240.5 1.5273704789833822e-06
241.5 0.0
242.5 0.0
243.5 6.109481915933529e-06
244.5 4.582111436950147e-06
245.5 1.2218963831867058e-05
246.5 1.8328445747800586e-05
247.5 5.1930596285434995e-05
248.5 7.484115347018571e-05
249.5 0.00013899071358748781
250.5 0.0002474340175953079
251.5 0.0004444648093841641
252.5 0.0008507453567937436
253.5 0.001455584066471163
254.5 0.0024728128054740963
255.5 0.003954362170087974
256.5 0.006595185728250245
257.5 0.009807245845552297
258.5 0.014503910068426195
259.5 0.01987719941348974
260.5 0.026133308895405678
261.5 0.03317754154447703
262.5 0.039025843108504404
263.5 0.04281066715542523
264.5 0.0453934506353861
265.5 0.04503299120234603
266.5 0.042126405180840654
267.5 0.03760233382209188
268.5 0.03126221896383188
269.5 0.024958760997067453
270.5 0.018603372434017596
271.5 0.01324688416422288
272.5 0.009023704789833826
273.5 0.005936889051808407
274.5 0.00380315249266862
275.5 0.002266617790811339
276.5 0.0013868523949169115
277.5 0.0008140884652981425
278.5 0.0005238880742913
279.5 0.00027798142717497547
280.5 0.00015579178885630492
281.5 9.927908113391986e-05
282.5 4.4293743890518084e-05
283.5 3.0547409579667644e-05
284.5 2.138318670576735e-05
285.5 1.5273704789833822e-06
286.5 7.636852394916911e-06
287.5 3.0547409579667644e-06
288.5 3.0547409579667644e-06
289.5 6.109481915933529e-06
290.5 0.0
291.5 1.5273704789833822e-06
292.5 0.0
293.5 3.0547409579667644e-06
294.5 0.0
295.5 0.0
296.5 0.0
297.5 0.0
298.5 0.0
299.5 0.0
300.5 0.0
301.5 0.0
302.5 0.0
303.5 0.0
304.5 0.0
305.5 0.0
306.5 0.0
307.5 1.5273704789833822e-06
308.5 0.0
309.5 0.0
310.5 4.582111436950147e-06
311.5 1.5273704789833822e-06
312.5 1.5273704789833822e-06
313.5 3.0547409579667644e-06
314.5 9.164222873900293e-06
315.5 6.109481915933529e-06
316.5 7.636852394916911e-06
317.5 1.5273704789833822e-06
318.5 6.109481915933529e-06
319.5 3.0547409579667644e-06
320.5 4.582111436950147e-06
321.5 1.5273704789833822e-06
322.5 1.2218963831867058e-05
323.5 1.5273704789833822e-06
324.5 1.5273704789833822e-06
325.5 1.5273704789833822e-06
326.5 1.5273704789833822e-06
327.5 0.0
328.5 0.0
329.5 1.5273704789833822e-06
330.5 0.0
331.5 0.0
332.5 0.0
333.5 0.0
334.5 0.0
335.5 0.0
336.5 0.0
337.5 0.0
338.5 0.0
339.5 0.0
340.5 0.0
341.5 0.0
342.5 0.0
343.5 0.0
344.5 0.0
345.5 0.0
346.5 0.0
347.5 0.0
348.5 0.0
349.5 0.0
350.5 0.0
351.5 0.0
352.5 0.0
353.5 0.0
354.5 0.0
355.5 0.0
356.5 0.0
357.5 0.0
358.5 0.0
359.5 0.0
