0.5 0.00017870234604105566
1.5 0.00021841397849462353
2.5 0.00029020039100684247
3.5 0.00038336999022482894
4.5 0.0005452712609970677
5.5 0.0006323313782991203
6.5 0.0007835410557184752
7.5 0.000858382209188661
8.5 0.0008476906158357775
9.5 0.0008736559139784941
10.5 0.0007759042033235575
11.5 0.0007102272727272726
12.5 0.0005895650048875856
13.5 0.000534579667644184
14.5 0.00041544477028348
15.5 0.0002672898338220918
16.5 0.00020619501466275647
17.5 0.0001481549364613879
18.5 0.0001221896383186705
19.5 9.16422287390029e-05
20.5 4.887585532746823e-05
21.5 4.887585532746823e-05
22.5 2.5965298142717498e-05
23.5 2.4437927663734115e-05
24.5 1.985581622678397e-05
25.5 1.374633431085044e-05
26.5 1.2218963831867058e-05
27.5 9.164222873900293e-06
28.5 4.582111436950147e-06
29.5 6.109481915933529e-06
30.5 3.0547409579667644e-06
31.5 6.109481915933529e-06
32.5 4.582111436950147e-06
33.5 7.636852394916911e-06
34.5 4.582111436950147e-06
35.5 6.109481915933529e-06
36.5 4.582111436950147e-06
37.5 9.164222873900293e-06
38.5 4.582111436950147e-06
39.5 1.5273704789833822e-05
40.5 1.2218963831867058e-05
41.5 1.5273704789833822e-05
42.5 4.123900293255132e-05
43.5 4.887585532746823e-05
44.5 6.567693059628541e-05
45.5 0.00012371700879765387
46.5 0.00015884652981427167
47.5 0.0003024193548387095
48.5 0.0004139173998044967
49.5 0.0006292766373411537
50.5 0.0009744623655913981
51.5 0.0014525293255131958
52.5 0.0022299608993157378
53.5 0.0032716275659824033
54.5 0.00488147605083089
55.5 0.00670668377321603
56.5 0.009092436461388067
57.5 0.011664528347996084
58.5 0.014009042033235579
59.5 0.01703018084066471
60.5 0.01854685972629521
61.5 0.019664894916911035
62.5 0.019535068426197455
63.5 0.01828567937438905
64.5 0.015650965298142708
65.5 0.012634408602150538
66.5 0.00989277859237537
67.5 0.007426075268817206
68.5 0.005599340175953079
69.5 0.004773032746823071
70.5 0.005315249266862168
71.5 0.006961754643206256
72.5 0.010028714565004888
73.5 0.014647482893450635
74.5 0.01960685483870967
75.5 0.024885447214076248
76.5 0.029394244868035192
77.5 0.032988147605083076
78.5 0.03503329667644183
79.5 0.03497983870967741
80.5 0.033391373411534704
81.5 0.029962426686217
82.5 0.025986681329423257
83.5 0.021381659335288374
84.5 0.016866752199413488
85.5 0.013178152492668616
86.5 0.009746151026392957
87.5 0.007143511730205277
88.5 0.005038795210166177
89.5 0.0035816837732160307
90.5 0.0024529569892473117
91.5 0.0017076001955034206
92.5 0.0011821847507331382
93.5 0.0007942326490713583
94.5 0.0005422165200391009
95.5 0.00037267839687194523
96.5 0.0002550708699902247
97.5 0.00018939393939393929
98.5 0.0001466275659824045
99.5 0.00010997067448680341
100.5 7.789589442815245e-05
101.5 7.025904203323554e-05
102.5 5.040322580645161e-05
103.5 4.123900293255132e-05
104.5 3.971163245356794e-05
105.5 3.971163245356794e-05
106.5 2.749266862170088e-05
107.5 2.5965298142717498e-05
108.5 1.5273704789833822e-05
109.5 1.5273704789833822e-05
110.5 2.5965298142717498e-05
111.5 2.138318670576735e-05
112.5 3.0547409579667644e-05
113.5 3.2074780058651026e-05
114.5 2.5965298142717498e-05
115.5 3.512952101661779e-05
116.5 3.360215053763441e-05
117.5 4.27663734115347e-05
118.5 4.27663734115347e-05
119.5 7.02590420332356e-05
120.5 7.484115347018572e-05
121.5 0.00010386119257086994
122.5 0.0001176075268817204
123.5 0.00013746334310850436
124.5 0.00013440860215053755
125.5 0.0001893939393939393
126.5 0.00023979716520039078
127.5 0.00025354349951124124
128.5 0.00031769305962854345
129.5 0.00036656891495601195
130.5 0.0004200268817204301
131.5 0.00044141006842619764
132.5 0.0005116691104594331
133.5 0.0005406891495601173
134.5 0.0005590175953079178
135.5 0.0005101417399804496
136.5 0.0005269428152492667
137.5 0.0005086143695014664
138.5 0.0004872311827956988
139.5 0.00046279325513196495
140.5 0.0003818426197458458
141.5 0.0003650415444770285
142.5 0.00026728983382209176
143.5 0.00019855816226783957
144.5 0.0001649560117302052
145.5 0.00017870234604105555
146.5 0.0001512096774193547
147.5 9.46969696969696e-05
148.5 0.00010538856304985334
149.5 8.706011730205275e-05
150.5 7.942326490713585e-05
151.5 7.484115347018568e-05
152.5 5.9567448680351906e-05
153.5 7.33137829912023e-05
154.5 5.651270772238514e-05
155.5 5.8040078201368524e-05
156.5 4.5821114369501466e-05
157.5 7.48411534701857e-05
158.5 6.414956011730205e-05
159.5 5.498533724340176e-05
160.5 7.025904203323554e-05
161.5 6.109481915933529e-05
162.5 6.109481915933529e-05
163.5 5.040322580645161e-05
164.5 4.887585532746823e-05
165.5 4.887585532746823e-05
166.5 4.5821114369501466e-05
167.5 3.665689149560117e-05
168.5 3.971163245356794e-05
169.5 5.040322580645161e-05
170.5 3.665689149560117e-05
171.5 3.360215053763441e-05
172.5 2.5965298142717498e-05
173.5 5.498533724340176e-05
174.5 2.5965298142717498e-05
175.5 2.4437927663734115e-05
176.5 2.9020039100684262e-05
177.5 4.123900293255132e-05
178.5 3.0547409579667644e-05
179.5 3.360215053763441e-05
180.5 2.2910557184750733e-05
181.5 2.4437927663734115e-05
182.5 3.0547409579667644e-05
183.5 3.512952101661779e-05
184.5 2.4437927663734115e-05
185.5 2.4437927663734115e-05
186.5 3.2074780058651026e-05
187.5 3.8184261974584555e-05
188.5 3.512952101661779e-05
189.5 4.5821114369501466e-05
190.5 4.887585532746823e-05
191.5 3.971163245356794e-05
192.5 5.1930596285434995e-05
193.5 3.8184261974584555e-05
194.5 4.734848484848485e-05
195.5 3.665689149560117e-05
196.5 5.040322580645161e-05
197.5 5.1930596285434995e-05
198.5 5.651270772238514e-05
199.5 5.9567448680351906e-05
200.5 5.040322580645161e-05
201.5 4.4293743890518084e-05
202.5 5.345796676441838e-05
203.5 6.262218963831866e-05
204.5 4.734848484848485e-05
205.5 4.4293743890518084e-05
206.5 3.971163245356794e-05
207.5 5.498533724340176e-05
208.5 6.567693059628543e-05
209.5 4.5821114369501466e-05
210.5 6.720430107526882e-05
211.5 6.109481915933529e-05
212.5 9.622434017595302e-05
213.5 8.24780058651026e-05
214.5 0.00012066226783968712
215.5 0.00015273704789833817
216.5 0.00019855816226783954
217.5 0.0002459066471163244
218.5 0.0002611803519061582
219.5 0.0002840909090909091
220.5 0.0003360215053763441
221.5 0.00035587732160312797
222.5 0.00032380254154447695
223.5 0.00040933528836754646
224.5 0.0004368279569892475
225.5 0.00034365835777126096
226.5 0.0003528225806451613
227.5 0.0003207478005865101
228.5 0.0002688172043010751
229.5 0.0002733993157380253
230.5 0.00024896138807429125
231.5 0.00022146871945259036
232.5 0.00017106549364613873
233.5 0.0001588465298142716
234.5 0.00014204545454545448
235.5 0.00010691593352883663
236.5 9.011485826001953e-05
237.5 4.887585532746823e-05
238.5 3.2074780058651026e-05
239.5 4.5821114369501466e-05
240.5 4.5821114369501466e-05
241.5 2.749266862170088e-05
242.5 3.8184261974584555e-05
243.5 2.9020039100684262e-05
244.5 7.636852394916911e-06
245.5 3.2074780058651026e-05
246.5 1.374633431085044e-05
247.5 6.109481915933529e-06
248.5 9.164222873900293e-06
249.5 1.8328445747800586e-05
250.5 6.109481915933529e-06
251.5 1.5273704789833822e-05
252.5 9.164222873900293e-06
253.5 1.374633431085044e-05
254.5 2.138318670576735e-05
255.5 1.985581622678397e-05
256.5 2.4437927663734115e-05
257.5 2.5965298142717498e-05
258.5 2.749266862170088e-05
259.5 3.665689149560117e-05
260.5 6.414956011730205e-05
261.5 6.414956011730205e-05
262.5 8.4005376344086e-05
263.5 0.00012829912023460408
264.5 0.00021383186705767343
265.5 0.00026423509286412517
266.5 0.0004398826979472142
267.5 0.0005437438905180843
268.5 0.0008492179863147606
269.5 0.001229533235581622
270.5 0.001783968719452589
271.5 0.0025583455522971655
272.5 0.003598484848484847
273.5 0.004912023460410557
274.5 0.006598240469208208
275.5 0.008446358748778103
276.5 0.010876405180840655
277.5 0.013049853372434021
278.5 0.015353128054740957
279.5 0.016891190127077217
280.5 0.01783663245356793
281.5 0.018349828934506346
282.5 0.01696755865102639
283.5 0.015583760997067451
284.5 0.01290169843597263
285.5 0.010335716031280551
286.5 0.007789589442815249
287.5 0.005249572336265883
288.5 0.0040414222873900296
289.5 0.003262463343108502
290.5 0.0034656036168132947
291.5 0.004323985826001955
292.5 0.0060315860215053784
293.5 0.00810117302052786
294.5 0.010937499999999998
295.5 0.013431695992179865
296.5 0.015421859726295211
297.5 0.016142778592375364
298.5 0.016733870967741937
299.5 0.01561278103616813
300.5 0.014154142228739001
301.5 0.012186889051808404
302.5 0.009701857282502446
303.5 0.007581867057673511
304.5 0.005616141251221895
305.5 0.003951307429130011
306.5 0.0027691226783968714
307.5 0.0019015762463343105
308.5 0.001134836265884653
309.5 0.0007377199413489735
310.5 0.00047348484848484834
311.5 0.00032991202346041023
312.5 0.00018786656891495583
313.5 0.00011455278592375362
314.5 8.4005376344086e-05
315.5 4.4293743890518084e-05
316.5 3.0547409579667644e-05
317.5 3.0547409579667644e-05
318.5 1.985581622678397e-05
319.5 9.164222873900293e-06
320.5 6.109481915933529e-06
321.5 6.109481915933529e-06
322.5 7.636852394916911e-06
323.5 7.636852394916911e-06
324.5 1.5273704789833822e-06
325.5 3.0547409579667644e-06
326.5 4.582111436950147e-06
327.5 4.582111436950147e-06
328.5 6.109481915933529e-06
329.5 3.0547409579667644e-06
330.5 7.636852394916911e-06
331.5 6.109481915933529e-06
332.5 6.109481915933529e-06
333.5 4.582111436950147e-06
334.5 9.164222873900293e-06
335.5 2.749266862170088e-05
336.5 2.138318670576735e-05
337.5 1.985581622678397e-05
338.5 3.8184261974584555e-05
339.5 2.5965298142717498e-05
340.5 4.5821114369501466e-05
341.5 7.025904203323558e-05
342.5 0.00011302541544477024
343.5 0.00014815493646138793
344.5 0.00019703079178885622
345.5 0.00024437927663734104
346.5 0.00034060361681329443
347.5 0.00035129521016617814
348.5 0.00043988269794721413
349.5 0.0005269428152492672
350.5 0.0005330522971652003
351.5 0.0006185850439882698
352.5 0.0005773460410557186
353.5 0.0005131964809384162
354.5 0.00044599217986314747
355.5 0.00038031524926686235
356.5 0.0002902003910068426
357.5 0.00020924975562072327
358.5 0.00015884652981427167
359.5 0.00015120967741935474
