0.5 7.025904203323557e-05
1.5 7.331378299120235e-05
2.5 7.178641251221892e-05
3.5 8.706011730205272e-05
4.5 6.873167155425217e-05
5.5 8.4005376344086e-05
6.5 8.247800586510261e-05
7.5 8.706011730205277e-05
8.5 8.553274682306938e-05
9.5 0.0001374633431085043
10.5 0.00012982649071358745
11.5 0.00011913489736070379
12.5 0.00016801075268817187
13.5 0.00020466764418377312
14.5 0.00019855816226783946
15.5 0.0002214687194525903
16.5 0.00022757820136852383
17.5 0.00032685728250244364
18.5 0.0003619868035190618
19.5 0.0004734848484848489
20.5 0.0005391617790811342
21.5 0.0006476050830889543
22.5 0.0007193914956011734
23.5 0.0008033968719452591
24.5 0.0009148949169110461
25.5 0.0011821847507331377
26.5 0.001337976539589443
27.5 0.001597629521016617
28.5 0.0017793866080156406
29.5 0.0020191837732160297
30.5 0.002385752688172043
31.5 0.00281341642228739
32.5 0.0031448558162267834
33.5 0.003461021505376342
34.5 0.004100989736070382
35.5 0.0046264051808406655
36.5 0.005246517595307913
37.5 0.005804007820136851
38.5 0.006456195014662753
39.5 0.007309995112414465
40.5 0.008055351906158355
41.5 0.008954973118279568
42.5 0.009891251221896385
43.5 0.010647299608993153
44.5 0.011827956989247304
45.5 0.012603861192570872
46.5 0.013749389051808404
47.5 0.014351173020527859
48.5 0.015722751710654938
49.5 0.016660557184750742
50.5 0.01736009286412512
51.5 0.0179954789833822
52.5 0.018795821114369504
53.5 0.01912878787878788
54.5 0.019596163245356794
55.5 0.019611436950146624
56.5 0.020124633431085042
57.5 0.019640456989247296
58.5 0.02002077223851416
59.5 0.01950757575757576
60.5 0.01856977028347996
61.5 0.01800311583577713
62.5 0.017201246334310853
63.5 0.015887707722385135
64.5 0.015009469696969693
65.5 0.013964748289345063
66.5 0.012496945259042035
67.5 0.011381964809384163
68.5 0.010467069892473117
69.5 0.009362781036168132
70.5 0.008110337243401758
71.5 0.0074169110459433
72.5 0.006095735581622678
73.5 0.005393145161290319
74.5 0.004563782991202346
75.5 0.0037054007820136836
76.5 0.0032090053763440853
77.5 0.0027324657869012697
78.5 0.0022864736070381223
79.5 0.0018710288367546426
80.5 0.001551808406647116
81.5 0.001228005865102639
82.5 0.000963770772238514
83.5 0.0008140884652981428
84.5 0.0006552419354838713
85.5 0.0005895650048875852
86.5 0.000375733137829912
87.5 0.0003283846529814272
88.5 0.00023826979472140743
89.5 0.00018481182795698913
90.5 0.00015426441837732151
91.5 0.00012982649071358745
92.5 0.00010691593352883671
93.5 6.873167155425217e-05
94.5 6.262218963831866e-05
95.5 3.360215053763441e-05
96.5 2.4437927663734115e-05
97.5 2.9020039100684262e-05
98.5 1.6801075268817204e-05
99.5 1.5273704789833822e-05
100.5 1.6801075268817204e-05
101.5 4.582111436950147e-06
102.5 1.5273704789833822e-06
103.5 1.5273704789833822e-06
104.5 1.0691593352883675e-05
105.5 4.582111436950147e-06
106.5 4.582111436950147e-06
107.5 1.5273704789833822e-06
108.5 1.5273704789833822e-06
109.5 1.5273704789833822e-06
110.5 1.5273704789833822e-06
111.5 0.0
112.5 0.0
113.5 0.0
114.5 1.5273704789833822e-06
115.5 0.0
116.5 0.0
117.5 1.5273704789833822e-06
118.5 0.0
119.5 0.0
120.5 1.5273704789833822e-06
121.5 0.0
122.5 0.0
123.5 0.0
124.5 0.0
125.5 0.0
126.5 0.0
127.5 1.5273704789833822e-06
128.5 0.0
129.5 0.0
130.5 0.0
131.5 1.5273704789833822e-06
132.5 0.0
133.5 0.0
134.5 0.0
135.5 1.5273704789833822e-06
136.5 1.5273704789833822e-06
137.5 1.5273704789833822e-06
138.5 0.0
139.5 1.5273704789833822e-06
140.5 0.0
141.5 1.5273704789833822e-06
142.5 0.0
143.5 0.0
144.5 3.0547409579667644e-06
145.5 1.5273704789833822e-06
146.5 0.0
147.5 0.0
148.5 0.0
149.5 0.0
150.5 4.582111436950147e-06
151.5 1.5273704789833822e-06
152.5 0.0
153.5 1.5273704789833822e-06
154.5 3.0547409579667644e-06
155.5 1.5273704789833822e-06
156.5 4.582111436950147e-06
157.5 1.5273704789833822e-06
158.5 1.5273704789833822e-06
159.5 1.5273704789833822e-06
160.5 1.5273704789833822e-06
161.5 3.0547409579667644e-06
162.5 3.0547409579667644e-06
163.5 3.0547409579667644e-06
164.5 0.0
165.5 6.109481915933529e-06
166.5 4.582111436950147e-06
167.5 1.5273704789833822e-06
168.5 3.0547409579667644e-06
169.5 0.0
170.5 6.109481915933529e-06
171.5 4.582111436950147e-06
172.5 7.636852394916911e-06
173.5 4.582111436950147e-06
174.5 1.5273704789833822e-06
175.5 1.0691593352883675e-05
176.5 9.164222873900293e-06
177.5 4.582111436950147e-06
178.5 4.582111436950147e-06
179.5 4.582111436950147e-06
180.5 1.5273704789833822e-06
181.5 4.582111436950147e-06
182.5 0.0
183.5 3.0547409579667644e-06
184.5 6.109481915933529e-06
185.5 7.636852394916911e-06
186.5 7.636852394916911e-06
187.5 1.5273704789833822e-06
188.5 3.0547409579667644e-06
189.5 0.0
190.5 1.5273704789833822e-06
191.5 1.5273704789833822e-06
192.5 6.109481915933529e-06
193.5 0.0
194.5 3.0547409579667644e-06
195.5 0.0
196.5 1.5273704789833822e-06
197.5 1.5273704789833822e-06
198.5 3.0547409579667644e-06
199.5 0.0
200.5 1.5273704789833822e-06
201.5 0.0
202.5 0.0
203.5 0.0
204.5 0.0
205.5 0.0
206.5 0.0
207.5 0.0
208.5 1.5273704789833822e-06
209.5 0.0
210.5 0.0
211.5 1.5273704789833822e-06
212.5 0.0
213.5 0.0
214.5 0.0
215.5 0.0
216.5 0.0
217.5 0.0
218.5 0.0
219.5 1.5273704789833822e-06
220.5 1.5273704789833822e-06
221.5 0.0
222.5 0.0
223.5 0.0
224.5 0.0
225.5 0.0
226.5 0.0
227.5 0.0
228.5 0.0
229.5 0.0
230.5 0.0
231.5 0.0
232.5 0.0
233.5 0.0
234.5 0.0
235.5 0.0
236.5 1.5273704789833822e-06
237.5 0.0
238.5 0.0
239.5 0.0
240.5 0.0
241.5 0.0
242.5 0.0
243.5 0.0
244.5 0.0
245.5 0.0
246.5 0.0
247.5 0.0
248.5 0.0
249.5 1.5273704789833822e-06
250.5 0.0
251.5 0.0
252.5 0.0
253.5 1.5273704789833822e-06
254.5 0.0
255.5 0.0
256.5 0.0
257.5 1.5273704789833822e-06
258.5 4.582111436950147e-06
259.5 1.5273704789833822e-06
260.5 3.0547409579667644e-06
261.5 0.0
262.5 6.109481915933529e-06
263.5 3.0547409579667644e-06
264.5 7.636852394916911e-06
265.5 1.6801075268817204e-05
266.5 1.5273704789833822e-05
267.5 2.5965298142717498e-05
268.5 3.0547409579667644e-05
269.5 4.27663734115347e-05
270.5 5.651270772238514e-05
271.5 5.8040078201368524e-05
272.5 6.414956011730204e-05
273.5 0.00010691593352883671
274.5 0.0001527370478983382
275.5 0.00016037390029325513
276.5 0.00019855816226783962
277.5 0.00032685728250244375
278.5 0.0003421309872922776
279.5 0.00048112170087976535
280.5 0.0005788734115347021
281.5 0.0006995356793743895
282.5 0.000927113880742913
283.5 0.0011485826001955035
284.5 0.0014647482893450638
285.5 0.0017213465298142716
286.5 0.002139846041055718
287.5 0.0024178274682306934
288.5 0.003147910557184751
289.5 0.0035587732160312804
290.5 0.004317876344086022
291.5 0.004991446725317691
292.5 0.00561308651026393
293.5 0.006436339198435972
294.5 0.007546737536656892
295.5 0.008136302541544476
296.5 0.009203934506353857
297.5 0.01025323802541545
298.5 0.011110092864125126
299.5 0.011721041055718475
300.5 0.012975012218963829
301.5 0.01360887096774193
302.5 0.014111375855327467
303.5 0.014985031769305964
304.5 0.015314943792766373
305.5 0.015565432551319648
306.5 0.015877016129032265
307.5 0.015757881231671555
308.5 0.01560514418377322
309.5 0.015208027859237545
310.5 0.015204973118279572
311.5 0.01439546676441838
312.5 0.013892961876832846
313.5 0.013074291300097754
314.5 0.012490835777126097
315.5 0.011681329423264901
316.5 0.010798509286412511
317.5 0.01002871456500489
318.5 0.0092925219941349
319.5 0.008513563049853373
320.5 0.007496334310850443
321.5 0.007009103128054736
322.5 0.006085043988269793
323.5 0.005529081133919843
324.5 0.004913550830889539
325.5 0.004174303519061582
326.5 0.003758858748778103
327.5 0.0033266129032258054
328.5 0.0027263563049853353
329.5 0.0024743401759530783
330.5 0.0022116324535679374
331.5 0.0018465909090909088
332.5 0.0015334799608993155
333.5 0.001341031280547409
334.5 0.0010859604105571846
335.5 0.0009912634408602151
336.5 0.0008171432062561095
337.5 0.0007392473118279574
338.5 0.0006353861192570871
339.5 0.00048570381231671577
340.5 0.00042460899315738043
341.5 0.0003558773216031283
342.5 0.0003451857282502443
343.5 0.0002688172043010752
344.5 0.0002397971652003909
345.5 0.00021383186705767337
346.5 0.00017412023460410545
347.5 0.00013593597262952093
348.5 0.00013440860215053753
349.5 0.00011455278592375359
350.5 0.00012218963831867052
351.5 0.0001237170087976539
352.5 9.16422287390029e-05
353.5 8.858748778103615e-05
354.5 7.789589442815249e-05
355.5 7.789589442815247e-05
356.5 7.789589442815247e-05
357.5 5.9567448680351906e-05
358.5 6.109481915933529e-05
359.5 5.1930596285434995e-05
