0.5 0.0
1.5 1.5273704789833822e-06
2.5 0.0
3.5 0.0
4.5 3.0547409579667644e-06
5.5 1.5273704789833822e-06
6.5 0.0
7.5 1.5273704789833822e-06
8.5 0.0
9.5 3.0547409579667644e-06
10.5 1.5273704789833822e-06
11.5 4.582111436950147e-06
12.5 3.0547409579667644e-06
13.5 1.5273704789833822e-06
14.5 1.5273704789833822e-06
15.5 6.109481915933529e-06
16.5 6.109481915933529e-06
17.5 9.164222873900293e-06
18.5 6.109481915933529e-06
19.5 9.164222873900293e-06
20.5 1.374633431085044e-05
21.5 4.582111436950147e-06
22.5 1.5273704789833822e-05
23.5 1.5273704789833822e-05
24.5 1.2218963831867058e-05
25.5 3.2074780058651026e-05
26.5 2.749266862170088e-05
27.5 2.9020039100684262e-05
28.5 4.734848484848485e-05
29.5 5.1930596285434995e-05
30.5 4.887585532746823e-05
31.5 9.164222873900285e-05
32.5 8.095063538611925e-05
33.5 0.0001191348973607038
34.5 0.00013288123167155415
35.5 0.00014204545454545446
36.5 0.0002138318670576734
37.5 0.00022452346041055703
38.5 0.0003054740957966764
39.5 0.0004078079178885633
40.5 0.00038947947214076266
41.5 0.0004490469208211145
42.5 0.0005605449657869017
43.5 0.0006888440860215052
44.5 0.0007713220918866078
45.5 0.00094391495601173
46.5 0.0010080645161290322
47.5 0.0011989858260019548
48.5 0.0013761608015640276
49.5 0.0016785801564027365
50.5 0.0018343719452590416
51.5 0.002023765884652981
52.5 0.002249816715542521
53.5 0.0025400171065493643
54.5 0.0026545698924731183
55.5 0.0028332722385141736
56.5 0.003118890518084065
57.5 0.003357160312805473
58.5 0.003629032258064512
59.5 0.003713037634408601
60.5 0.004053641251221894
61.5 0.0043010752688172026
62.5 0.004314821603128055
63.5 0.004374389051808408
64.5 0.004696664222873896
65.5 0.004685972629521015
66.5 0.00465695259042033
67.5 0.004650843108504398
68.5 0.004737903225806452
69.5 0.004522543988269792
70.5 0.00456683773216031
71.5 0.004389662756598239
72.5 0.004351478494623653
73.5 0.004175830889540568
74.5 0.004026148582600195
75.5 0.003955889540566958
76.5 0.0037145650048875842
77.5 0.0033434139784946247
78.5 0.0032196969696969687
79.5 0.0029600439882697936
80.5 0.002824108015640272
81.5 0.0025705645161290328
82.5 0.002530852883675462
83.5 0.002168866080156402
84.5 0.0019718352883675455
85.5 0.0018358993157380251
86.5 0.0016892717497556204
87.5 0.0014983504398826967
88.5 0.0013532502443792762
89.5 0.0013410312805474083
90.5 0.0011531647116324538
91.5 0.0010508308895405666
92.5 0.0009225317693059624
93.5 0.0008507453567937434
94.5 0.0008079789833822091
95.5 0.000688844086021505
96.5 0.0005849828934506354
97.5 0.000575818670576735
98.5 0.000566654447702835
99.5 0.00046126588465298155
100.5 0.00036809628543499524
101.5 0.00039253421309872936
102.5 0.00039711632453567935
103.5 0.0003604594330400783
104.5 0.0003176930596285435
105.5 0.0002917277614858261
106.5 0.000244379276637341
107.5 0.0002657624633431084
108.5 0.00019550342130987276
109.5 0.00021230449657868997
110.5 0.0001848118279569891
111.5 0.00018022971652003892
112.5 0.00017870234604105558
113.5 0.00016801075268817184
114.5 0.00014662756598240458
115.5 0.00015579178885630484
116.5 0.00013288123167155415
117.5 0.00015579178885630484
118.5 0.0001435728250244379
119.5 0.00013746334310850433
120.5 0.00016037390029325507
121.5 0.00014968230694037133
122.5 0.00015273704789833814
123.5 0.00015579178885630486
124.5 0.00018939393939393915
125.5 0.0001512096774193547
126.5 0.00019092130987292258
127.5 0.00019244868035190598
128.5 0.00016953812316715532
129.5 0.00022757820136852362
130.5 0.00021383186705767332
131.5 0.0002581256109481915
132.5 0.000288673020527859
133.5 0.0003528225806451614
134.5 0.00034976783968719446
135.5 0.00034671309872922777
136.5 0.00037115102639296205
137.5 0.00045973851417399836
138.5 0.0004765395894428152
139.5 0.0005666544477028348
140.5 0.0006506598240469203
141.5 0.0006689882697947217
142.5 0.0007789589442815247
143.5 0.0009057306940371456
144.5 0.0010172287390029324
145.5 0.0012020405669599212
146.5 0.0012891006842619742
147.5 0.0014479472140762463
148.5 0.0017473118279569882
149.5 0.001990163734115346
150.5 0.002223851417399803
151.5 0.0025675097751710636
152.5 0.002860764907135873
153.5 0.0031692937438905166
154.5 0.0037237292277614836
155.5 0.004094880254154445
156.5 0.00460196725317693
157.5 0.005127382697947214
158.5 0.005721529814271743
159.5 0.006601295210166176
160.5 0.006993829423264905
161.5 0.007723912512218965
162.5 0.008570075757575754
163.5 0.009333760997067448
164.5 0.009975256598240473
165.5 0.011181879276637333
166.5 0.01184781280547409
167.5 0.012787145650048869
168.5 0.013877688172043002
169.5 0.014519183773216026
170.5 0.015463098729227754
171.5 0.015815921309872923
172.5 0.01711724095796676
173.5 0.017376893939393935
174.5 0.018038245356793745
175.5 0.018581989247311814
176.5 0.018977578201368518
177.5 0.019231121700879754
178.5 0.019524376832844564
179.5 0.019777920332355807
180.5 0.01987719941348973
181.5 0.019809995112414457
182.5 0.019267778592375363
183.5 0.01909976783968718
184.5 0.018907319159335276
185.5 0.018082539100684254
186.5 0.017821358748778094
187.5 0.01659946236559139
188.5 0.01615652492668621
189.5 0.015340909090909084
190.5 0.014510019550342127
191.5 0.013715786901270765
192.5 0.012816165689149556
193.5 0.01195320136852394
194.5 0.010975684261974582
195.5 0.010195197947214074
196.5 0.009469696969696965
197.5 0.008368462854349947
198.5 0.007688782991202343
199.5 0.00702284946236559
200.5 0.0063492790811339175
201.5 0.005626832844574777
202.5 0.005105999511241444
203.5 0.004872311827956988
204.5 0.004159029814271747
205.5 0.0035664100684261965
206.5 0.0032456622678396856
207.5 0.0029249144672531765
208.5 0.0025033602150537635
209.5 0.002254398826979471
210.5 0.0020115469208211146
211.5 0.0017427297165200381
212.5 0.0014937683284457473
213.5 0.0013593597262952096
214.5 0.001176075268817204
215.5 0.0010783235581622674
216.5 0.0008950391006842617
217.5 0.0007514662756598232
218.5 0.0007163367546432062
219.5 0.0005880376344086021
220.5 0.000539161779081134
221.5 0.0005131964809384163
222.5 0.000475012218963832
223.5 0.00039100684261974595
224.5 0.00035893206256109504
225.5 0.000334494134897361
226.5 0.0003176930596285435
227.5 0.00023826979472140743
228.5 0.0002657624633431084
229.5 0.00023216031280547385
230.5 0.0002229960899315737
231.5 0.00021994134897360682
232.5 0.0001573191593352882
233.5 0.0001817570869990223
234.5 0.0001817570869990223
235.5 0.00013288123167155418
236.5 0.00014051808406647108
237.5 0.0001710654936461386
238.5 0.00015426441837732151
239.5 0.0001481549364613879
240.5 0.00013288123167155412
241.5 0.00016037390029325507
242.5 0.00016190127077223828
243.5 0.00015884652981427161
244.5 0.00011455278592375356
245.5 0.0001863391984359725
246.5 0.00019244868035190604
247.5 0.00018786656891495588
248.5 0.00018633919843597245
249.5 0.00020772238514173982
250.5 0.00022146871945259025
251.5 0.0002336876832844572
252.5 0.00024896138807429114
253.5 0.00027034457478005856
254.5 0.0002795087976539589
255.5 0.00036351417399804503
256.5 0.0003360215053763442
257.5 0.0003910068426197461
258.5 0.0004246089931573805
259.5 0.0004612658846529814
260.5 0.0005070869990224829
261.5 0.00048264907135874897
262.5 0.0006155303030303032
263.5 0.0006231671554252197
264.5 0.0007255009775171062
265.5 0.0007560483870967737
266.5 0.0008263074291300094
267.5 0.0009927908113391982
268.5 0.0010752688172043009
269.5 0.0011837121212121208
270.5 0.0012218963831867058
271.5 0.001388379765395894
272.5 0.0014907135874877798
273.5 0.0016892717497556204
274.5 0.001780913978494623
275.5 0.0021092986314760506
276.5 0.002219269305962853
277.5 0.0023872800586510275
278.5 0.0026041666666666657
279.5 0.002753848973607037
280.5 0.0029386608015640253
281.5 0.003340359237536655
282.5 0.0034594941348973594
283.5 0.003703873411534701
284.5 0.0039131231671554224
285.5 0.00405058651026393
286.5 0.0041193181818181815
287.5 0.004441593352883673
288.5 0.004424792277614856
289.5 0.004600439882697943
290.5 0.004621823069403712
291.5 0.0046768084066471155
292.5 0.004748594819159333
293.5 0.004846346529814266
294.5 0.004556146138807428
295.5 0.004467558651026391
296.5 0.004524071358748775
297.5 0.004307184750733136
298.5 0.004062805474095796
299.5 0.0038520283479960894
300.5 0.003819953567937437
301.5 0.0036259775171065475
302.5 0.0034747678396871936
303.5 0.003216642228739003
304.5 0.002970735581622677
305.5 0.002743157380254153
306.5 0.002478922287390029
307.5 0.0021887218963831867
308.5 0.0019809995112414452
309.5 0.0016678885630498528
310.5 0.0015472262952101658
311.5 0.001451001955034212
312.5 0.0011989858260019546
313.5 0.0009820992179863145
314.5 0.0008996212121212118
315.5 0.000772849462365591
316.5 0.0006521871945259042
317.5 0.0005467986314760511
318.5 0.0005116691104594329
319.5 0.00037726050830889555
320.5 0.0003176930596285435
321.5 0.00027645405669599206
322.5 0.000264235092864125
323.5 0.00021230449657869003
324.5 0.00017870234604105563
325.5 0.00012066226783968717
326.5 0.00011608015640273701
327.5 8.85874877810361e-05
328.5 7.942326490713582e-05
329.5 7.178641251221894e-05
330.5 4.4293743890518084e-05
331.5 5.040322580645161e-05
332.5 3.512952101661779e-05
333.5 2.749266862170088e-05
334.5 2.4437927663734115e-05
335.5 2.2910557184750733e-05
336.5 1.374633431085044e-05
337.5 1.374633431085044e-05
338.5 7.636852394916911e-06
339.5 1.0691593352883675e-05
340.5 3.0547409579667644e-06
341.5 1.5273704789833822e-06
342.5 4.582111436950147e-06
343.5 3.0547409579667644e-06
344.5 0.0
345.5 3.0547409579667644e-06
346.5 3.0547409579667644e-06
347.5 1.5273704789833822e-06
348.5 9.164222873900293e-06
349.5 0.0
350.5 1.5273704789833822e-06
351.5 0.0
352.5 0.0
353.5 0.0
354.5 1.5273704789833822e-06
355.5 0.0
356.5 0.0
357.5 1.5273704789833822e-06
358.5 0.0
359.5 0.0
