0.5 0.0
1.5 0.0
2.5 1.5273704789833822e-06
3.5 0.0
4.5 4.582111436950147e-06
5.5 1.5273704789833822e-06
6.5 0.0
7.5 1.5273704789833822e-06
8.5 1.5273704789833822e-06
9.5 1.5273704789833822e-06
10.5 3.0547409579667644e-06
11.5 1.5273704789833822e-06
12.5 0.0
13.5 3.0547409579667644e-06
14.5 3.0547409579667644e-06
15.5 4.582111436950147e-06
16.5 3.0547409579667644e-06
17.5 3.0547409579667644e-06
18.5 1.0691593352883675e-05
19.5 3.0547409579667644e-06
20.5 4.582111436950147e-06
21.5 6.109481915933529e-06
22.5 1.374633431085044e-05
23.5 1.6801075268817204e-05
24.5 1.374633431085044e-05
25.5 2.9020039100684262e-05
26.5 2.2910557184750733e-05
27.5 4.27663734115347e-05
28.5 5.040322580645161e-05
29.5 6.567693059628541e-05
30.5 5.8040078201368524e-05
31.5 8.858748778103611e-05
32.5 8.095063538611921e-05
33.5 0.00011913489736070372
34.5 0.00010691593352883669
35.5 0.00014510019550342124
36.5 0.0001756476050830888
37.5 0.00023368768328445728
38.5 0.00025965298142717485
39.5 0.00034365835777126107
40.5 0.000467375366568915
41.5 0.0004505742913000979
42.5 0.0005910923753665687
43.5 0.000704117790811339
44.5 0.0008797653958944282
45.5 0.0008996212121212122
46.5 0.0010462487781036165
47.5 0.0012005131964809381
48.5 0.0013624144672531766
49.5 0.0015884652981427165
50.5 0.0017366202346041047
51.5 0.0019458699902248295
52.5 0.0020741691104594327
53.5 0.0023674242424242408
54.5 0.0027171920821114346
55.5 0.002865347018572823
56.5 0.0030715420332355814
57.5 0.003355632942326489
58.5 0.0036549975562072323
59.5 0.0037038734115347025
60.5 0.00394367057673509
61.5 0.004073497067448678
62.5 0.004159029814271748
63.5 0.004340786901270768
64.5 0.004420210166177907
65.5 0.004349951124144667
66.5 0.004632514662756594
67.5 0.004609604105571848
68.5 0.0043789711632453545
69.5 0.004391190127077223
70.5 0.0043423142717497545
71.5 0.004233870967741935
72.5 0.0040734970674486766
73.5 0.003876466275659822
74.5 0.003731366080156401
75.5 0.003555718475073313
76.5 0.00345949413489736
77.5 0.0032685728250244385
78.5 0.0030394672531769305
79.5 0.002865347018572824
80.5 0.0025965298142717474
81.5 0.002368951612903223
82.5 0.0022467619745845544
83.5 0.0020726417399804494
84.5 0.0019687805474095793
85.5 0.0018129887585532742
86.5 0.0015670821114369493
87.5 0.0014265640273704785
88.5 0.0012738269794721402
89.5 0.0011898216031280549
90.5 0.0010569403714565005
91.5 0.0009714076246334306
92.5 0.0008965664711632449
93.5 0.0008064516129032249
94.5 0.000752993646138807
95.5 0.0006506598240469208
96.5 0.0005926197458455525
97.5 0.0005727639296187684
98.5 0.00043835532746823056
99.5 0.00044293743890518077
100.5 0.00045210166177908124
101.5 0.00036504154447702844
102.5 0.000351295210166178
103.5 0.0003146383186705767
104.5 0.00029630987292277613
105.5 0.0002902003910068425
106.5 0.00022146871945259022
107.5 0.00026881720430107516
108.5 0.0002504887585532745
109.5 0.00017870234604105552
110.5 0.00022146871945259033
111.5 0.00018786656891495586
112.5 0.00019550342130987276
113.5 0.0001588465298142716
114.5 0.00018022971652003887
115.5 0.00018328445747800573
116.5 0.00014662756598240458
117.5 0.00014510019550342113
118.5 0.0001435728250244378
119.5 0.0001512096774193548
120.5 0.0001298264907135874
121.5 0.00013440860215053753
122.5 0.00014510019550342118
123.5 0.00014051808406647108
124.5 0.0001634286412512217
125.5 0.0001893939393939393
126.5 0.00014815493646138793
127.5 0.0001603739002932551
128.5 0.00021535923753665675
129.5 0.0001909213098729225
130.5 0.00023521505376344063
131.5 0.00024285190615835764
132.5 0.00027645405669599217
133.5 0.00029325513196480917
134.5 0.00031769305962854366
135.5 0.0003910068426197459
136.5 0.0004536290322580645
137.5 0.00045057429130009795
138.5 0.0005467986314760508
139.5 0.0005742913000977515
140.5 0.0006033113391984358
141.5 0.0007361925708699905
142.5 0.0008369990224828929
143.5 0.0009805718475073308
144.5 0.0010767961876832842
145.5 0.001275354349951124
146.5 0.0014219819159335288
147.5 0.0015961021505376347
148.5 0.00180229716520039
149.5 0.0021322091886608018
150.5 0.002252871456500488
151.5 0.002675953079178885
152.5 0.0030486314760508285
153.5 0.0032395527859237537
154.5 0.0036366691104594328
155.5 0.0043270405669599225
156.5 0.004852456011730201
157.5 0.005564210654936459
158.5 0.0061201735092864095
159.5 0.006480632942326493
160.5 0.007138929618768327
161.5 0.008006476050830881
162.5 0.008735031769305963
163.5 0.009428457966764415
164.5 0.01034182551319648
165.5 0.011218536168132938
166.5 0.012150232160312807
167.5 0.013156769305962848
168.5 0.013828812316715539
169.5 0.01465511974584555
170.5 0.01554099462365591
171.5 0.016585716031280548
172.5 0.01690646383186706
173.5 0.01772207966764417
174.5 0.018287206744868036
175.5 0.018523949169110453
176.5 0.01947091886608015
177.5 0.019698497067448667
178.5 0.019695442326490696
179.5 0.01976111925708699
180.5 0.020081867057673498
181.5 0.019545760019550353
182.5 0.019661840175953068
183.5 0.01926777859237536
184.5 0.01883095063538611
185.5 0.018485764907135865
186.5 0.017609054252199406
187.5 0.01703476295210165
188.5 0.016219147116324533
189.5 0.015559323069403714
190.5 0.014789528347996081
191.5 0.01386852394916911
192.5 0.012894061583577707
193.5 0.012047898338220918
194.5 0.01135294477028348
195.5 0.010412084555229713
196.5 0.009683528836754642
197.5 0.008750305474095792
198.5 0.008020222385141735
199.5 0.007082416911045943
200.5 0.006524926686217009
201.5 0.0058864858260019495
202.5 0.005255681818181818
203.5 0.004817326490713589
204.5 0.0042170698924731175
205.5 0.003682490224828933
206.5 0.003444220430107527
207.5 0.002975317693059629
208.5 0.00274621212121212
209.5 0.0023093841642228725
210.5 0.0020084921798631467
211.5 0.0017396749755620713
212.5 0.0015777737047898332
213.5 0.0013776881720430104
214.5 0.0012081500488758544
215.5 0.0010798509286412512
216.5 0.0009530791788856304
217.5 0.0008385263929618766
218.5 0.0007407746823069399
219.5 0.0006353861192570871
220.5 0.0006063660801564025
221.5 0.0004627932551319648
222.5 0.00043530058651026403
223.5 0.0003910068426197459
224.5 0.00037267839687194545
225.5 0.00035740469208211153
226.5 0.000279508797653959
227.5 0.00024285190615835756
228.5 0.0002489613880742911
229.5 0.00023368768328445728
230.5 0.00022757820136852383
231.5 0.0001756476050830888
232.5 0.00019244868035190595
233.5 0.00017106549364613856
234.5 0.00019244868035190598
235.5 0.00017412023460410542
236.5 0.0001817570869990223
237.5 0.00014510019550342126
238.5 0.00015273704789833809
239.5 0.0001588465298142716
240.5 0.00014968230694037133
241.5 0.00012677174975562065
242.5 0.000148154936461388
243.5 0.00014968230694037136
244.5 0.0001680107526881718
245.5 0.00015579178885630486
246.5 0.00014662756598240456
247.5 0.0001787023460410556
248.5 0.00018786656891495583
249.5 0.00019244868035190593
250.5 0.00020466764418377307
251.5 0.0002459066471163245
252.5 0.00021841397849462345
253.5 0.0002489613880742912
254.5 0.0002550708699902246
255.5 0.00034976783968719474
256.5 0.00031922043010752696
257.5 0.0003467130987292277
258.5 0.0003619868035190616
259.5 0.00043988269794721424
260.5 0.0004291911045943305
261.5 0.000568181818181818
262.5 0.0005437438905180841
263.5 0.0005529081133919839
264.5 0.0006613514173998048
265.5 0.0007682673509286411
266.5 0.0007759042033235578
267.5 0.000956133919843597
268.5 0.0009958455522971648
269.5 0.0010141739980449652
270.5 0.001244806940371456
271.5 0.0013471407624633424
272.5 0.0014433651026392958
273.5 0.0015120967741935473
274.5 0.0017182917888563043
275.5 0.001845063538611925
276.5 0.0020115469208211137
277.5 0.0022498167155425215
278.5 0.0025094696969696953
279.5 0.002785923753665689
280.5 0.0028821480938416417
281.5 0.003181512707722384
282.5 0.0031967864125122176
283.5 0.003448802541544477
284.5 0.003496151026392961
285.5 0.003961999022482891
286.5 0.00402920332355816
287.5 0.004006292766373412
288.5 0.004209433040078201
289.5 0.0041727761485826
290.5 0.004479777614858258
291.5 0.004670698924731183
292.5 0.00456225562072336
293.5 0.004560728250244377
294.5 0.004421737536656888
295.5 0.004514907135874877
296.5 0.004256781524926684
297.5 0.004174303519061581
298.5 0.004067387585532746
299.5 0.0038000977517106543
300.5 0.003601539589442812
301.5 0.0037237292277614836
302.5 0.003370906647116324
303.5 0.003117363147605083
304.5 0.0028836754643206237
305.5 0.0027538489736070376
306.5 0.0024758675464320616
307.5 0.0021856671554252205
308.5 0.001988636363636363
309.5 0.0017518939393939394
310.5 0.001591520039100684
311.5 0.001473912512218964
312.5 0.0012478616813294229
313.5 0.0010951246334310848
314.5 0.000887402248289345
315.5 0.0008110337243401755
316.5 0.0006689882697947213
317.5 0.0005865102639296186
318.5 0.00048723118279569896
319.5 0.0004108626588465298
320.5 0.00035434995112414483
321.5 0.0002627077223851416
322.5 0.00021994134897360677
323.5 0.00019550342130987276
324.5 0.00016342864125122177
325.5 0.00012982649071358745
326.5 0.00012371700879765387
327.5 8.706011730205267e-05
328.5 7.636852394916907e-05
329.5 5.498533724340176e-05
330.5 5.345796676441838e-05
331.5 5.1930596285434995e-05
332.5 2.5965298142717498e-05
333.5 3.665689149560117e-05
334.5 3.2074780058651026e-05
335.5 1.0691593352883675e-05
336.5 1.985581622678397e-05
337.5 1.0691593352883675e-05
338.5 6.109481915933529e-06
339.5 9.164222873900293e-06
340.5 4.582111436950147e-06
341.5 3.0547409579667644e-06
342.5 4.582111436950147e-06
343.5 4.582111436950147e-06
344.5 4.582111436950147e-06
345.5 4.582111436950147e-06
346.5 3.0547409579667644e-06
347.5 3.0547409579667644e-06
348.5 4.582111436950147e-06
349.5 1.5273704789833822e-06
350.5 4.582111436950147e-06
351.5 1.5273704789833822e-06
352.5 0.0
353.5 0.0
354.5 0.0
355.5 0.0
356.5 1.5273704789833822e-06
357.5 0.0
358.5 3.0547409579667644e-06
359.5 0.0
