0.5 0.0
1.5 0.0
2.5 1.5273704789833822e-06
3.5 0.0
4.5 1.5273704789833822e-06
5.5 1.5273704789833822e-06
6.5 0.0
7.5 0.0
8.5 3.0547409579667644e-06
9.5 0.0
10.5 0.0
11.5 1.5273704789833822e-06
12.5 1.5273704789833822e-06
13.5 4.582111436950147e-06
14.5 3.0547409579667644e-06
15.5 1.5273704789833822e-06
16.5 1.5273704789833822e-06
17.5 4.582111436950147e-06
18.5 4.582111436950147e-06
19.5 3.0547409579667644e-06
20.5 1.8328445747800586e-05
21.5 7.636852394916911e-06
22.5 1.374633431085044e-05
23.5 1.6801075268817204e-05
24.5 1.5273704789833822e-05
25.5 2.5965298142717498e-05
26.5 3.360215053763441e-05
27.5 2.9020039100684262e-05
28.5 3.512952101661779e-05
29.5 4.123900293255132e-05
30.5 6.262218963831866e-05
31.5 8.858748778103609e-05
32.5 9.316959921798623e-05
33.5 0.0001191348973607038
34.5 0.00010386119257086994
35.5 0.00016953812316715524
36.5 0.00021535923753665675
37.5 0.00023063294232649045
38.5 0.00022910557184750718
39.5 0.00029172776148582593
40.5 0.0003742057673509285
41.5 0.0004612658846529816
42.5 0.0005513807429130008
43.5 0.0006644061583577711
44.5 0.0007178641251221897
45.5 0.0008324169110459433
46.5 0.0009561339198435964
47.5 0.0011317815249266853
48.5 0.0012875733137829909
49.5 0.001420454545454545
50.5 0.0016419232649071353
51.5 0.0018389540566959913
52.5 0.0019611436950146633
53.5 0.0021154081133919833
54.5 0.0023032746823069394
55.5 0.002578201368523949
56.5 0.0028103616813294225
57.5 0.0030394672531769288
58.5 0.003138746334310849
59.5 0.003526698435972629
60.5 0.0035022605083088933
61.5 0.003691654447702833
62.5 0.0038428641251221874
63.5 0.0039115957966764404
64.5 0.00418652248289345
65.5 0.004130009775171064
66.5 0.0042017961876832845
67.5 0.00413764662756598
68.5 0.004229288856304985
69.5 0.00408877077223851
70.5 0.004184995112414466
71.5 0.0040566959921798625
72.5 0.003838282013685238
73.5 0.0037374755620723345
74.5 0.003546554252199412
75.5 0.0032639907135874864
76.5 0.003335777126099706
77.5 0.003112781036168132
78.5 0.002932551319648092
79.5 0.002747739491691104
80.5 0.002414772727272726
81.5 0.0022895283479960897
82.5 0.0021597018572825023
83.5 0.0019794721407624615
84.5 0.0018557551319648088
85.5 0.0017335654936461381
86.5 0.0014525293255131968
87.5 0.0013563049853372435
88.5 0.0012218963831867055
89.5 0.0011195625610948186
90.5 0.001006537145650048
91.5 0.0008980938416422288
92.5 0.0008049242424242422
93.5 0.0007392473118279569
94.5 0.000694953567937439
95.5 0.0005773460410557185
96.5 0.0005162512218963836
97.5 0.0005529081133919846
98.5 0.0004643206256109483
99.5 0.00036962365591397837
100.5 0.00032991202346041056
101.5 0.0003344941348973607
102.5 0.0002856182795698924
103.5 0.0003008919843597263
104.5 0.00028103616813294227
105.5 0.00027034457478005867
106.5 0.00020314027370478964
107.5 0.00023063294232649053
108.5 0.00018175708699902233
109.5 0.00021230449657868997
110.5 0.00016342864125122169
111.5 0.00017870234604105552
112.5 0.00015273704789833809
113.5 0.00014357282502443783
114.5 0.00012982649071358735
115.5 0.0001603739002932549
116.5 0.00012524437927663725
117.5 0.00013746334310850428
118.5 0.00013135386119257083
119.5 0.00011455278592375359
120.5 0.00013593597262952093
121.5 0.00012524437927663716
122.5 0.00012829912023460408
123.5 0.00015579178885630486
124.5 0.00014662756598240445
125.5 0.00013746334310850425
126.5 0.0001619012707722383
127.5 0.000172592864125122
128.5 0.00018481182795698908
129.5 0.0002016129032258062
130.5 0.00021230449657868997
131.5 0.00022146871945259014
132.5 0.0002642350928641251
133.5 0.0002810361681329422
134.5 0.00029783724340175965
135.5 0.0003344941348973606
136.5 0.00038184261974584565
137.5 0.00042460899315738027
138.5 0.0005361070381231675
139.5 0.0005452712609970673
140.5 0.0006353861192570867
141.5 0.0007163367546432056
142.5 0.0008538000977517103
143.5 0.0009515518084066464
144.5 0.0011165078201368522
145.5 0.0011944037145650043
146.5 0.0013929618768328432
147.5 0.0016174853372434015
148.5 0.0018313172043010748
149.5 0.0019687805474095793
150.5 0.002352150537634408
151.5 0.0027324657869012706
152.5 0.0031204178885630486
153.5 0.0033449413489736067
154.5 0.0037817693059628526
155.5 0.00412848240469208
156.5 0.00498075513196481
157.5 0.005277065004887581
158.5 0.005973545943304006
159.5 0.006715847996089932
160.5 0.007299303519061584
161.5 0.008151576246334306
162.5 0.00901148582600195
163.5 0.009857649071358743
164.5 0.010575513196480943
165.5 0.011440004887585535
166.5 0.012640518084066465
167.5 0.01330339687194526
168.5 0.01398613147605083
169.5 0.015305779569892469
170.5 0.01599767839687194
171.5 0.016724706744868027
172.5 0.0177663734115347
173.5 0.018084066471163247
174.5 0.019005070869990214
175.5 0.01923570381231672
176.5 0.02022238514173997
177.5 0.02072794477028347
178.5 0.020598118279569894
179.5 0.020865408113391975
180.5 0.02085471652003909
181.5 0.020498839198435967
182.5 0.020330828445747812
183.5 0.020014662756598238
184.5 0.019619073802541524
185.5 0.0191074046920821
186.5 0.01846132697947213
187.5 0.017781647116324528
188.5 0.01695839442815249
189.5 0.01593963831867057
190.5 0.015308834310850427
191.5 0.0142824413489736
192.5 0.013245356793743886
193.5 0.012640518084066472
194.5 0.01157899560117302
195.5 0.010561766862170087
196.5 0.009827101661779082
197.5 0.008903042521994137
198.5 0.00829667644183773
199.5 0.007383308895405666
200.5 0.006741813294232647
201.5 0.006156830400782015
202.5 0.005304557673509285
203.5 0.004832600195503421
204.5 0.0043560606060606055
205.5 0.003758858748778102
206.5 0.003372434017595308
207.5 0.0029707355816226775
208.5 0.0025736192570869976
209.5 0.0023781158357771247
210.5 0.0020986070381231667
211.5 0.001834371945259041
212.5 0.001567082111436949
213.5 0.001444892473118279
214.5 0.0012997922776148579
215.5 0.0010783235581622679
216.5 0.0009820992179863147
217.5 0.0008003421309872921
218.5 0.0007178641251221898
219.5 0.0006353861192570871
220.5 0.0005361070381231669
221.5 0.000534579667644184
222.5 0.00038642473118279575
223.5 0.0003772605083088954
224.5 0.00035740469208211137
225.5 0.00033907624633431076
226.5 0.0003054740957966764
227.5 0.00028714565004887567
228.5 0.00023063294232649053
229.5 0.000197030791788856
230.5 0.00019703079178885605
231.5 0.0001649560117302051
232.5 0.0001787023460410556
233.5 0.00013288123167155412
234.5 0.00017564760508308874
235.5 0.0001542644183773215
236.5 0.00014662756598240453
237.5 0.00013440860215053755
238.5 0.00014357282502443775
239.5 0.00012982649071358732
240.5 0.00013746334310850428
241.5 0.0001359359726295209
242.5 0.00014051808406647103
243.5 0.00012982649071358743
244.5 0.00016342864125122174
245.5 0.00013288123167155415
246.5 0.00014510019550342115
247.5 0.0001603739002932551
248.5 0.00012524437927663725
249.5 0.0001725928641251221
250.5 0.0001817570869990224
251.5 0.00018633919843597245
252.5 0.0001619012707722383
253.5 0.00021841397849462342
254.5 0.0002459066471163244
255.5 0.0002795087976539589
256.5 0.00026423509286412484
257.5 0.00028714565004887615
258.5 0.0003390762463343111
259.5 0.00035587732160312813
260.5 0.0003635141739980449
261.5 0.00045210166177908097
262.5 0.0005162512218963833
263.5 0.0005513807429130007
264.5 0.0006140029325513196
265.5 0.0007529936461388074
266.5 0.0007423020527859237
267.5 0.0008018695014662748
268.5 0.0008553274682306939
269.5 0.001023338220918866
270.5 0.0011333088954056695
271.5 0.0011699657869012707
272.5 0.001406708211143695
273.5 0.0015212609970674477
274.5 0.0016587243401759526
275.5 0.0018175708699902243
276.5 0.0019718352883675455
277.5 0.0021734481915933524
278.5 0.002288000977517107
279.5 0.002627077223851418
280.5 0.0027049731182795687
281.5 0.0029157502443792754
282.5 0.0031998411534701838
283.5 0.0032532991202346025
284.5 0.003538917399804495
285.5 0.0037603861192570852
286.5 0.003845918866080155
287.5 0.004036840175953077
288.5 0.003945197947214075
289.5 0.004120845552297163
290.5 0.004093352883675462
291.5 0.004296493157380251
292.5 0.004314821603128054
293.5 0.004249144672531769
294.5 0.004252199413489735
295.5 0.004047531769305961
296.5 0.003980327468230693
297.5 0.003910068426197459
298.5 0.003761913489736071
299.5 0.003561827956989246
300.5 0.0034213098729227735
301.5 0.0032242790811339186
302.5 0.003144855816226782
303.5 0.0028943670576735076
304.5 0.0027462121212121215
305.5 0.0023979716520039097
306.5 0.002301747311827956
307.5 0.0019412878787878785
308.5 0.0017427297165200383
309.5 0.0016770527859237526
310.5 0.0014219819159335286
311.5 0.0012371700879765391
312.5 0.0010935972629521015
313.5 0.0009759897360703811
314.5 0.0008064516129032255
315.5 0.0006827346041055715
316.5 0.0006262218963831864
317.5 0.0005238880742913001
318.5 0.00045668377321603156
319.5 0.0003574046920821113
320.5 0.00033143939393939423
321.5 0.0002535434995112413
322.5 0.00019244868035190598
323.5 0.00018939393939393923
324.5 0.0001496823069403714
325.5 0.00011455278592375359
326.5 0.0001053885630498533
327.5 8.247800586510263e-05
328.5 6.262218963831866e-05
329.5 6.109481915933529e-05
330.5 3.971163245356794e-05
331.5 2.9020039100684262e-05
332.5 2.2910557184750733e-05
333.5 2.749266862170088e-05
334.5 1.985581622678397e-05
335.5 1.6801075268817204e-05
336.5 1.8328445747800586e-05
337.5 1.0691593352883675e-05
338.5 7.636852394916911e-06
339.5 1.5273704789833822e-05
340.5 1.0691593352883675e-05
341.5 7.636852394916911e-06
342.5 3.0547409579667644e-06
343.5 4.582111436950147e-06
344.5 6.109481915933529e-06
345.5 1.5273704789833822e-06
346.5 4.582111436950147e-06
347.5 1.5273704789833822e-06
348.5 4.582111436950147e-06
349.5 1.5273704789833822e-06
350.5 3.0547409579667644e-06
351.5 3.0547409579667644e-06
352.5 0.0
353.5 0.0
354.5 1.5273704789833822e-06
355.5 1.5273704789833822e-06
356.5 0.0
357.5 1.5273704789833822e-06
358.5 1.5273704789833822e-06
359.5 1.5273704789833822e-06
