0.5 1.5273704789833822e-06
1.5 0.0
2.5 1.5273704789833822e-06
3.5 3.0547409579667644e-06
4.5 0.0
5.5 1.5273704789833822e-06
6.5 0.0
7.5 0.0
8.5 1.5273704789833822e-06
9.5 0.0
10.5 1.5273704789833822e-06
11.5 1.5273704789833822e-06
12.5 4.582111436950147e-06
13.5 1.5273704789833822e-06
14.5 4.582111436950147e-06
15.5 6.109481915933529e-06
16.5 3.0547409579667644e-06
17.5 3.0547409579667644e-06
18.5 6.109481915933529e-06
19.5 9.164222873900293e-06
20.5 4.582111436950147e-06
21.5 1.2218963831867058e-05
22.5 1.2218963831867058e-05
23.5 2.9020039100684262e-05
24.5 2.2910557184750733e-05
25.5 1.8328445747800586e-05
26.5 2.4437927663734115e-05
27.5 3.971163245356794e-05
28.5 4.123900293255132e-05
29.5 4.4293743890518084e-05
30.5 6.262218963831866e-05
31.5 6.720430107526882e-05
32.5 7.789589442815245e-05
33.5 9.775171065493641e-05
34.5 0.00011302541544477019
35.5 0.00014968230694037133
36.5 0.0001756476050830888
37.5 0.0002581256109481914
38.5 0.0002947825024437927
39.5 0.00031158357771261
40.5 0.00038489736070381245
41.5 0.0005651270772238512
42.5 0.0006246945259042033
43.5 0.0007300830889540561
44.5 0.0007743768328445745
45.5 0.0008644916911045937
46.5 0.0010416666666666656
47.5 0.001202040566959922
48.5 0.001527370478983381
49.5 0.001516678885630498
50.5 0.0017457844574780051
51.5 0.0018985215053763439
52.5 0.0021948313782991194
53.5 0.0025064149560117288
54.5 0.002695808895405669
55.5 0.002961571358748777
56.5 0.003080706256109481
57.5 0.003587793255131963
58.5 0.003610703812316714
59.5 0.0037512218963831846
60.5 0.003981854838709674
61.5 0.004244562561094816
62.5 0.004360642717497554
63.5 0.004368279569892473
64.5 0.004524071358748774
65.5 0.004429374389051808
66.5 0.0046233504398826945
67.5 0.004449230205278594
68.5 0.004401881720430107
69.5 0.004527126099706744
70.5 0.004357587976539587
71.5 0.004424792277614858
72.5 0.004180413000977514
73.5 0.0041132086999022465
74.5 0.0038367546432062543
75.5 0.003676380742912999
76.5 0.003424364613880744
77.5 0.0034320014662756575
78.5 0.00295851661779081
79.5 0.0029676808406647096
80.5 0.002833272238514173
81.5 0.0025675097751710636
82.5 0.0022299608993157365
83.5 0.00220399560117302
84.5 0.0018817204301075263
85.5 0.0018817204301075276
86.5 0.0016755254154447697
87.5 0.0014555840664711623
88.5 0.0013242302052785921
89.5 0.0011944037145650039
90.5 0.001078323558162267
91.5 0.0009026759530791782
92.5 0.0008675464320625608
93.5 0.0007927052785923753
94.5 0.0006674608993157377
95.5 0.0006766251221896382
96.5 0.0005819281524926687
97.5 0.0005009775171065495
98.5 0.0004918132942326489
99.5 0.00044446480938416434
100.5 0.00038184261974584565
101.5 0.00036198680351906174
102.5 0.0003421309872922778
103.5 0.0003253299120234605
104.5 0.0003131109481915934
105.5 0.0002795087976539588
106.5 0.00021535923753665672
107.5 0.00022146871945259025
108.5 0.00020161290322580634
109.5 0.00019703079178885616
110.5 0.00018175708699902233
111.5 0.00020008553274682289
112.5 0.00013440860215053758
113.5 0.00015579178885630486
114.5 0.00013746334310850428
115.5 0.00013593597262952098
116.5 0.00015120967741935476
117.5 0.0001435728250244379
118.5 0.0001237170087976539
119.5 0.00014357282502443778
120.5 0.00012218963831867047
121.5 0.0001588465298142716
122.5 0.00014357282502443786
123.5 0.00015120967741935466
124.5 0.00014051808406647103
125.5 0.0001451001955034212
126.5 0.00013440860215053755
127.5 0.00018939393939393929
128.5 0.00019244868035190598
129.5 0.0001955034213098727
130.5 0.0002336876832844572
131.5 0.00025354349951124135
132.5 0.00025201612903225795
133.5 0.0002947825024437927
134.5 0.0003024193548387095
135.5 0.0003406036168132944
136.5 0.0003864247311827957
137.5 0.0004612658846529812
138.5 0.0005131964809384163
139.5 0.0005529081133919843
140.5 0.0006445503421309872
141.5 0.0006781524926686213
142.5 0.0008644916911045943
143.5 0.0008965664711632447
144.5 0.0010294477028347999
145.5 0.001069159335288367
146.5 0.0013914345063538607
147.5 0.0016144305962854345
148.5 0.001808406647116324
149.5 0.002019183773216031
150.5 0.0022986925708699904
151.5 0.002616385630498533
152.5 0.0029233870967741928
153.5 0.0032807917888563035
154.5 0.0037558040078201353
155.5 0.004296493157380254
156.5 0.004736375855327466
157.5 0.005319831378299123
158.5 0.0058635752688172
159.5 0.006531036168132938
160.5 0.007267228739002929
161.5 0.007920943304007819
162.5 0.008783907624633434
163.5 0.009581195014662754
164.5 0.010372372922776148
165.5 0.011426258553274676
166.5 0.012003604594330393
167.5 0.013054435483870964
168.5 0.014163306451612902
169.5 0.014807856793743891
170.5 0.015469208211143693
171.5 0.016161107038123155
172.5 0.01685300586510263
173.5 0.017341764418377325
174.5 0.017900782013685234
175.5 0.018933284457478005
176.5 0.01941287878787877
177.5 0.019385386119257077
178.5 0.020025354349951112
179.5 0.01990316471163245
180.5 0.01967405913978493
181.5 0.019834433040078203
182.5 0.019426625122189633
183.5 0.01944800830889539
184.5 0.018798875855327458
185.5 0.018070320136852395
186.5 0.01765029325513195
187.5 0.016770527859237532
188.5 0.016177908113391974
189.5 0.015431023949169105
190.5 0.01478341886608015
191.5 0.013899071358748773
192.5 0.013026942815249264
193.5 0.01219910801564027
194.5 0.011201735092864122
195.5 0.010306695992179857
196.5 0.009301686217008795
197.5 0.00871059384164222
198.5 0.007852211632453567
199.5 0.007224462365591396
200.5 0.006448558162267835
201.5 0.005849828934506355
202.5 0.005362597751710653
203.5 0.004919660312805473
204.5 0.004412573313782991
205.5 0.0037237292277614844
206.5 0.003367851906158357
207.5 0.002931023949169109
208.5 0.002610276148582599
209.5 0.0023552052785923757
210.5 0.0020283479960899304
211.5 0.001799242424242423
212.5 0.001589992668621701
213.5 0.0014815493646138796
214.5 0.001188294232649071
215.5 0.0010111192570869984
216.5 0.0009546065493646134
217.5 0.0008675464320625607
218.5 0.000760630498533724
219.5 0.000630804007820137
220.5 0.0005926197458455523
221.5 0.0005376344086021504
222.5 0.0004123900293255132
223.5 0.0004612658846529814
224.5 0.00038642473118279575
225.5 0.00033296676441837715
226.5 0.0002917277614858258
227.5 0.0002367424242424241
228.5 0.000291727761485826
229.5 0.00020619501466275642
230.5 0.0001939760508308894
231.5 0.00019855816226783948
232.5 0.00020466764418377312
233.5 0.00015120967741935474
234.5 0.00016801075268817192
235.5 0.00018328445747800562
236.5 0.00017106549364613864
237.5 0.00012677174975562065
238.5 0.0001359359726295209
239.5 0.00013746334310850433
240.5 0.00013288123167155407
241.5 0.00014662756598240456
242.5 0.00014051808406647114
243.5 0.00016342864125122182
244.5 0.00014357282502443783
245.5 0.0001588465298142716
246.5 0.00016342864125122169
247.5 0.00016648338220918855
248.5 0.00018328445747800565
249.5 0.00017870234604105558
250.5 0.00019244868035190593
251.5 0.0002016129032258063
252.5 0.00023674242424242403
253.5 0.00020772238514173982
254.5 0.0002733993157380253
255.5 0.0002825635386119257
256.5 0.00026270772238514155
257.5 0.00033602150537634384
258.5 0.0003299120234604107
259.5 0.00039253421309872936
260.5 0.0004902859237536656
261.5 0.0004826490713587488
262.5 0.0004918132942326491
263.5 0.0006017839687194526
264.5 0.0006613514173998043
265.5 0.0007209188660801563
266.5 0.0008079789833822088
267.5 0.0009179496578690122
268.5 0.0009286412512218957
269.5 0.0010935972629521015
270.5 0.001148582600195503
271.5 0.0012570259042033228
272.5 0.0015273704789833813
273.5 0.0017366202346041047
274.5 0.0017992424242424233
275.5 0.001971835288367545
276.5 0.0021490102639296176
277.5 0.0023445136852394905
278.5 0.002514051808406647
279.5 0.002694281524926684
280.5 0.0028409090909090884
281.5 0.00306237781036168
282.5 0.0033495234604105566
283.5 0.003558773216031278
284.5 0.003737475562072335
285.5 0.003952834799608991
286.5 0.003965053763440859
287.5 0.004204850928641249
288.5 0.004287328934506352
289.5 0.004310239491691102
290.5 0.004362170087976538
291.5 0.0045011608015640275
292.5 0.004566837732160312
293.5 0.004550036656891494
294.5 0.004516434506353859
295.5 0.004472140762463341
296.5 0.004348423753665688
297.5 0.0042583088954056695
298.5 0.004024621212121211
299.5 0.0038825757575757553
300.5 0.0036687438905180832
301.5 0.003543499511241446
302.5 0.0032609359726295186
303.5 0.003172348484848484
304.5 0.0029783724340175944
305.5 0.002633186705767349
306.5 0.002408663245356793
307.5 0.0022131598240469194
308.5 0.0020375122189638297
309.5 0.001840481427174975
310.5 0.0015762463343108497
311.5 0.0013364491691104593
312.5 0.0011669110459433037
313.5 0.0010355571847507328
314.5 0.0008247800586510262
315.5 0.0008232526881720426
316.5 0.0006369134897360703
317.5 0.0005284701857282502
318.5 0.00047959433040078216
319.5 0.00038947947214076217
320.5 0.0003512952101661779
321.5 0.00028103616813294227
322.5 0.0002397971652003908
323.5 0.0002077223851417398
324.5 0.00014968230694037123
325.5 0.00013440860215053747
326.5 8.858748778103615e-05
327.5 7.789589442815242e-05
328.5 6.262218963831866e-05
329.5 6.414956011730204e-05
330.5 4.5821114369501466e-05
331.5 3.512952101661779e-05
332.5 3.512952101661779e-05
333.5 1.985581622678397e-05
334.5 1.8328445747800586e-05
335.5 1.374633431085044e-05
336.5 2.2910557184750733e-05
337.5 1.8328445747800586e-05
338.5 1.2218963831867058e-05
339.5 1.0691593352883675e-05
340.5 1.5273704789833822e-06
341.5 7.636852394916911e-06
342.5 7.636852394916911e-06
343.5 0.0
344.5 1.0691593352883675e-05
345.5 3.0547409579667644e-06
346.5 4.582111436950147e-06
347.5 0.0
348.5 1.5273704789833822e-06
349.5 1.5273704789833822e-06
350.5 0.0
351.5 0.0
352.5 3.0547409579667644e-06
353.5 3.0547409579667644e-06
354.5 0.0
355.5 0.0
356.5 0.0
357.5 1.5273704789833822e-06
358.5 0.0
359.5 0.0
