0.5 1.5273704789833822e-06
1.5 3.0547409579667644e-06
2.5 0.0
3.5 1.5273704789833822e-06
4.5 6.109481915933529e-06
5.5 4.582111436950147e-06
6.5 1.5273704789833822e-06
7.5 1.5273704789833822e-06
8.5 6.109481915933529e-06
9.5 3.0547409579667644e-06
10.5 0.0
11.5 0.0
12.5 1.5273704789833822e-06
13.5 1.5273704789833822e-06
14.5 3.0547409579667644e-06
15.5 1.5273704789833822e-06
16.5 1.5273704789833822e-06
17.5 1.5273704789833822e-06
18.5 7.636852394916911e-06
19.5 9.164222873900293e-06
20.5 6.109481915933529e-06
21.5 2.138318670576735e-05
22.5 1.8328445747800586e-05
23.5 1.6801075268817204e-05
24.5 1.6801075268817204e-05
25.5 3.0547409579667644e-05
26.5 2.2910557184750733e-05
27.5 3.2074780058651026e-05
28.5 2.9020039100684262e-05
29.5 6.414956011730204e-05
30.5 6.109481915933529e-05
31.5 6.567693059628541e-05
32.5 7.942326490713585e-05
33.5 0.00010233382209188653
34.5 0.00013899071358748765
35.5 0.00017717497556207225
36.5 0.0002474340175953076
37.5 0.00025659824046920805
38.5 0.00031616568914956015
39.5 0.0004047531769305963
40.5 0.00045515640273704794
41.5 0.0005086143695014663
42.5 0.0006155303030303032
43.5 0.0006812072336265889
44.5 0.0008522727272727269
45.5 0.0009515518084066467
46.5 0.0010798509286412505
47.5 0.0012631353861192567
48.5 0.0013929618768328445
49.5 0.001600684261974584
50.5 0.0018786656891495587
51.5 0.0020268206256109475
52.5 0.0022452346041055725
53.5 0.0024422653958944274
54.5 0.0027507942326490706
55.5 0.0028454912023460404
56.5 0.0031631842619745843
57.5 0.003422837243401758
58.5 0.0035709921798631468
59.5 0.0038993768328445737
60.5 0.004087243401759529
61.5 0.0042460899315738005
62.5 0.004385080645161288
63.5 0.0044278470185728225
64.5 0.004467558651026392
65.5 0.004727211632453567
66.5 0.004794415933528837
67.5 0.004739430596285431
68.5 0.004886058162267836
69.5 0.0047959433040078185
70.5 0.004857038123167152
71.5 0.0046783357771260975
72.5 0.004487414467253176
73.5 0.004316348973607036
74.5 0.004099462365591396
75.5 0.003946725317693054
76.5 0.003645833333333333
77.5 0.003548081622678394
78.5 0.0033754887585532734
79.5 0.003134164222873898
80.5 0.003005865102639295
81.5 0.0027263563049853357
82.5 0.0024468475073313773
83.5 0.0022498167155425197
84.5 0.0020436217008797646
85.5 0.0019855816226783964
86.5 0.0017885508308895398
87.5 0.0015686094819159324
88.5 0.0014357282502443789
89.5 0.0013165933528836759
90.5 0.0011837121212121208
91.5 0.0010645772238514174
92.5 0.0009576612903225803
93.5 0.0008522727272727273
94.5 0.0007224462365591395
95.5 0.000696480938416422
96.5 0.0006140029325513197
97.5 0.000559017595307918
98.5 0.0005315249266862175
99.5 0.00048264907135874897
100.5 0.00041697214076246347
101.5 0.00039406158357771254
102.5 0.0003375488758553274
103.5 0.0002840909090909089
104.5 0.000299364613880743
105.5 0.0002657624633431082
106.5 0.00022910557184750718
107.5 0.00022146871945259022
108.5 0.00021230449657869003
109.5 0.00018786656891495575
110.5 0.00017259286412512202
111.5 0.0001802297165200389
112.5 0.00019703079178885624
113.5 0.00017412023460410537
114.5 0.00012371700879765387
115.5 0.0001466275659824047
116.5 0.00013593597262952087
117.5 0.00011302541544477019
118.5 0.00012371700879765382
119.5 0.00012218963831867044
120.5 0.00014662756598240448
121.5 0.00013899071358748763
122.5 0.00014968230694037133
123.5 0.00016037390029325494
124.5 0.0001267717497556206
125.5 0.0001328812316715542
126.5 0.0001542644183773214
127.5 0.00018786656891495588
128.5 0.0002245234604105572
129.5 0.00016495601173020517
130.5 0.00021383186705767332
131.5 0.000256598240469208
132.5 0.0002795087976539588
133.5 0.000268817204301075
134.5 0.0002993646138807431
135.5 0.0003314393939393938
136.5 0.0003696236559139785
137.5 0.0004505742913000979
138.5 0.0004673753665689149
139.5 0.0005361070381231671
140.5 0.0006613514173998041
141.5 0.0007300830889540567
142.5 0.0007377199413489731
143.5 0.0008400537634408601
144.5 0.0009729349951124143
145.5 0.001082905669599218
146.5 0.0013761608015640267
147.5 0.0015227883675464323
148.5 0.0017244012707722373
149.5 0.0018511730205278592
150.5 0.0021291544477028343
151.5 0.0025140518084066474
152.5 0.0027233015640273682
153.5 0.003129582111436949
154.5 0.0034426930596285423
155.5 0.003902431573802541
156.5 0.004496578690127076
157.5 0.004941043499511239
158.5 0.005426747311827955
159.5 0.0061339198435972605
160.5 0.006853311339198436
161.5 0.007482587976539586
162.5 0.008220307917888558
163.5 0.009197825024437922
164.5 0.00961479716520039
165.5 0.010763379765395894
166.5 0.011566776637341144
167.5 0.01235184506353861
168.5 0.013020833333333336
169.5 0.014030425219941344
170.5 0.014928519061583576
171.5 0.0156891495601173
172.5 0.0163688294232649
173.5 0.016853005865102636
174.5 0.017525048875855324
175.5 0.01841703323558162
176.5 0.018575879765395886
177.5 0.018956195014662756
178.5 0.019078384652981405
179.5 0.019767228739002926
180.5 0.019318181818181807
181.5 0.019279997556207237
182.5 0.019542705278592358
183.5 0.018827895894428143
184.5 0.018580461876832825
185.5 0.01811155913978495
186.5 0.01760294477028347
187.5 0.01650171065493646
188.5 0.01598393206256109
189.5 0.015461571358748776
190.5 0.014458088954056699
191.5 0.01361650782013685
192.5 0.012794782502443782
193.5 0.011846285434995104
194.5 0.010894733626588467
195.5 0.01010508308895405
196.5 0.009148949169110455
197.5 0.008583822091886602
198.5 0.007378726783968716
199.5 0.007045760019550339
200.5 0.006358443304007819
201.5 0.005761241446725314
202.5 0.005229716520039102
203.5 0.004627932551319647
204.5 0.003955889540566958
205.5 0.0036473607038123154
206.5 0.003202895894428152
207.5 0.002964626099706744
208.5 0.00243462854349951
209.5 0.0022437072336265866
210.5 0.00187408357771261
211.5 0.0017839687194525892
212.5 0.0014739125122189638
213.5 0.0012570259042033237
214.5 0.0010569403714565002
215.5 0.0010309750733137827
216.5 0.0008431085043988268
217.5 0.0007881231671554251
218.5 0.0007010630498533722
219.5 0.0006017839687194524
220.5 0.0005697091886608017
221.5 0.0004857038123167159
222.5 0.0004322458455522973
223.5 0.00039558895405669616
224.5 0.0002902003910068427
225.5 0.0002611803519061582
226.5 0.0003024193548387096
227.5 0.0002672898338220917
228.5 0.0002031402737047896
229.5 0.00022146871945259028
230.5 0.00022452346041055703
231.5 0.0001710654936461386
232.5 0.00015731915933528824
233.5 0.0001649560117302051
234.5 0.00015579178885630478
235.5 0.00012218963831867047
236.5 0.00016495601173020522
237.5 0.00014357282502443783
238.5 0.00014204545454545443
239.5 0.0001344086021505375
240.5 0.00013135386119257075
241.5 0.00015731915933528818
242.5 0.00011913489736070374
243.5 0.00013899071358748765
244.5 0.00016190127077223836
245.5 0.00014815493646138788
246.5 0.00015579178885630478
247.5 0.00017564760508308883
248.5 0.0001619012707722384
249.5 0.0002138318670576733
250.5 0.00018786656891495577
251.5 0.00019855816226783943
252.5 0.00024896138807429114
253.5 0.0002428519061583576
254.5 0.00024285190615835764
255.5 0.0002550708699902248
256.5 0.0003192204301075268
257.5 0.00029783724340175954
258.5 0.00036045943304007834
259.5 0.000400171065493646
260.5 0.0004826490713587489
261.5 0.0005330522971652007
262.5 0.0005712365591397851
263.5 0.0006246945259042031
264.5 0.0006995356793743887
265.5 0.0007224462365591394
266.5 0.0008935117302052783
267.5 0.0009469696969696968
268.5 0.0011073435972629518
269.5 0.0011928763440860204
270.5 0.0012402248289345055
271.5 0.0015395894428152485
272.5 0.0016724706744868031
273.5 0.001742729716520039
274.5 0.0020390395894428147
275.5 0.0021749755620723357
276.5 0.0024376832844574775
277.5 0.002715664711632454
278.5 0.0028470185728250237
279.5 0.0030547409579667634
280.5 0.0033357771260997073
281.5 0.0034869868035190617
282.5 0.0037558040078201366
283.5 0.003942143206256109
284.5 0.004131537145650048
285.5 0.0043652248289345035
286.5 0.004591275659824045
287.5 0.004736375855327468
288.5 0.0049410434995112405
289.5 0.004983809872922776
290.5 0.005153347996089928
291.5 0.0049517350928641206
292.5 0.005041849951124143
293.5 0.004873839198435971
294.5 0.004907441348973603
295.5 0.00489064027370479
296.5 0.0047485948191593325
297.5 0.004576001955034213
298.5 0.004443120723362656
299.5 0.00421401515151515
300.5 0.004125427663734113
301.5 0.0037619134897360685
302.5 0.0034854594330400754
303.5 0.003430474095796674
304.5 0.003070014662756597
305.5 0.00283632697947214
306.5 0.0026316593352883654
307.5 0.0023903347996089928
308.5 0.0020726417399804494
309.5 0.0018847751710654925
310.5 0.0016999633431085035
311.5 0.0014708577712609964
312.5 0.0012020405669599206
313.5 0.001185239491691104
314.5 0.001024865591397849
315.5 0.0008385263929618768
316.5 0.0007575757575757571
317.5 0.000644550342130987
318.5 0.0005681818181818183
319.5 0.00045821114369501464
320.5 0.0003787878787878788
321.5 0.0003436583577712611
322.5 0.00025354349951124124
323.5 0.00020924975562072306
324.5 0.00018939393939393929
325.5 0.0001588465298142716
326.5 0.00011760752688172037
327.5 0.00010080645161290308
328.5 7.331378299120232e-05
329.5 6.720430107526879e-05
330.5 3.665689149560117e-05
331.5 4.887585532746823e-05
332.5 4.4293743890518084e-05
333.5 3.8184261974584555e-05
334.5 1.985581622678397e-05
335.5 2.138318670576735e-05
336.5 1.6801075268817204e-05
337.5 9.164222873900293e-06
338.5 1.5273704789833822e-05
339.5 7.636852394916911e-06
340.5 6.109481915933529e-06
341.5 9.164222873900293e-06
342.5 9.164222873900293e-06
343.5 3.0547409579667644e-06
344.5 1.5273704789833822e-06
345.5 4.582111436950147e-06
346.5 1.5273704789833822e-06
347.5 3.0547409579667644e-06
348.5 1.5273704789833822e-06
349.5 0.0
350.5 7.636852394916911e-06
351.5 3.0547409579667644e-06
352.5 0.0
353.5 1.5273704789833822e-06
354.5 4.582111436950147e-06
355.5 1.5273704789833822e-06
356.5 3.0547409579667644e-06
357.5 3.0547409579667644e-06
358.5 0.0
359.5 1.5273704789833822e-06
