0.5 1.5273704789833822e-06
1.5 0.0
2.5 4.582111436950147e-06
3.5 3.0547409579667644e-06
4.5 7.636852394916911e-06
5.5 1.5273704789833822e-06
6.5 1.5273704789833822e-06
7.5 4.582111436950147e-06
8.5 4.582111436950147e-06
9.5 6.109481915933529e-06
10.5 7.636852394916911e-06
11.5 3.0547409579667644e-06
12.5 7.636852394916911e-06
13.5 6.109481915933529e-06
14.5 7.636852394916911e-06
15.5 1.6801075268817204e-05
16.5 1.0691593352883675e-05
17.5 1.5273704789833822e-05
18.5 1.6801075268817204e-05
19.5 1.985581622678397e-05
20.5 4.27663734115347e-05
21.5 2.9020039100684262e-05
22.5 3.2074780058651026e-05
23.5 4.734848484848485e-05
24.5 4.887585532746823e-05
25.5 5.1930596285434995e-05
26.5 9.469696969696966e-05
27.5 7.331378299120232e-05
28.5 0.00010997067448680349
29.5 0.00012829912023460397
30.5 0.0001848118279569891
31.5 0.0001832844574780057
32.5 0.00023063294232649048
33.5 0.00031463831867057664
34.5 0.0003344941348973606
35.5 0.00038031524926686235
36.5 0.0004246089931573804
37.5 0.0005330522971652002
38.5 0.0005697091886608017
39.5 0.0007071725317693055
40.5 0.0007957600195503423
41.5 0.0009744623655913981
42.5 0.0011012341153470182
43.5 0.0012386974584555229
44.5 0.0014189271749755618
45.5 0.0015762463343108493
46.5 0.0017610581622678394
47.5 0.0019657258064516123
48.5 0.00209097018572825
49.5 0.0024056085043988253
50.5 0.002391862170087976
51.5 0.0026560972629521016
52.5 0.0028775659824046918
53.5 0.003040994623655913
54.5 0.0032074780058651015
55.5 0.003357160312805473
56.5 0.00359543010752688
57.5 0.0037435850439882694
58.5 0.0038779936461388084
59.5 0.0038779936461388062
60.5 0.004042949657869011
61.5 0.0040979349951124145
62.5 0.004374389051808406
63.5 0.004258308895405668
64.5 0.004485887096774192
65.5 0.004380498533724339
66.5 0.0043346774193548385
67.5 0.004233870967741934
68.5 0.004252199413489736
69.5 0.004180413000977517
70.5 0.00433925953079179
71.5 0.004084188660801563
72.5 0.004047531769305961
73.5 0.0037878787878787884
74.5 0.0039054863147605077
75.5 0.0035954301075268808
76.5 0.003404508797653957
77.5 0.003265518084066472
78.5 0.0032410801564027357
79.5 0.002986009286412511
80.5 0.0027767595307917883
81.5 0.0025705645161290323
82.5 0.0024880865102639297
83.5 0.002382697947214076
84.5 0.002239125122189638
85.5 0.0020680596285434995
86.5 0.0019199046920821104
87.5 0.0017060728250244375
88.5 0.0016067937438905178
89.5 0.0015090420332355813
90.5 0.0013532502443792762
91.5 0.0012463343108504387
92.5 0.001231060606060606
93.5 0.0010890151515151512
94.5 0.0010050097751710654
95.5 0.0009301686217008799
96.5 0.00073619257086999
97.5 0.0007560483870967743
98.5 0.0006857893450635383
99.5 0.0006216397849462367
100.5 0.0006063660801564026
101.5 0.0005406891495601173
102.5 0.00046126588465298166
103.5 0.00040169843597262945
104.5 0.00041391739980449667
105.5 0.0004139173998044964
106.5 0.00032838465298142705
107.5 0.0003222751710654936
108.5 0.00032532991202346013
109.5 0.00025048875855327444
110.5 0.00024132453567937402
111.5 0.00025965298142717485
112.5 0.0002336876832844573
113.5 0.00020466764418377304
114.5 0.00017412023460410545
115.5 0.0001802297165200389
116.5 0.00014662756598240458
117.5 0.0001756476050830887
118.5 0.00014204545454545446
119.5 0.00014815493646138796
120.5 0.00014662756598240458
121.5 0.00016953812316715524
122.5 0.00018175708699902225
123.5 0.0001680107526881719
124.5 0.0001619012707722384
125.5 0.0001802297165200389
126.5 0.00016495601173020522
127.5 0.000192448680351906
128.5 0.00021841397849462355
129.5 0.00020466764418377304
130.5 0.0002153592375366567
131.5 0.00023521505376344077
132.5 0.0002535434995112413
133.5 0.00026270772238514166
134.5 0.0002871456500488759
135.5 0.00032380254154447706
136.5 0.0003299120234604105
137.5 0.0003742057673509287
138.5 0.000403225806451613
139.5 0.0005101417399804497
140.5 0.00047806695992179865
141.5 0.000531524926686217
142.5 0.0006506598240469206
143.5 0.0006552419354838708
144.5 0.000847690615835777
145.5 0.0009225317693059622
146.5 0.0010386119257086996
147.5 0.0012646627565982404
148.5 0.0013440860215053762
149.5 0.0015869379276637339
150.5 0.0017091275659824043
151.5 0.0021199902248289337
152.5 0.0022910557184750717
153.5 0.002598057184750733
154.5 0.003004337732160312
155.5 0.0033021749755620714
156.5 0.003728311339198432
157.5 0.004134591886608014
158.5 0.004701246334310849
159.5 0.005222079667644183
160.5 0.005888013196480937
161.5 0.006541727761485823
162.5 0.007277920332355813
163.5 0.008066043499511242
164.5 0.008880131964809381
165.5 0.009607160312805469
166.5 0.010633553274682298
167.5 0.011313233137829908
168.5 0.012241874389051806
169.5 0.013391984359726288
170.5 0.014219819159335274
171.5 0.014981977028347995
172.5 0.01586326979472141
173.5 0.0167644183773216
174.5 0.01753879521016617
175.5 0.01777859237536656
176.5 0.01845674486803519
177.5 0.01897605083088954
178.5 0.019338037634408594
179.5 0.019724462365591378
180.5 0.019576307429129993
181.5 0.019218902737047884
182.5 0.0191990469208211
183.5 0.019159335288367538
184.5 0.01890426441837732
185.5 0.018554496578690124
186.5 0.017708333333333326
187.5 0.016897299608993156
188.5 0.015921309872922774
189.5 0.015464626099706733
190.5 0.014396994134897353
191.5 0.013278958944281515
192.5 0.012377810361681323
193.5 0.011469024926686212
194.5 0.010841275659824047
195.5 0.009824046920821113
196.5 0.009051197458455519
197.5 0.008310422776148579
198.5 0.007358870967741933
199.5 0.006883858748778102
200.5 0.006045332355816225
201.5 0.00564516129032258
202.5 0.004840237047898337
203.5 0.004449230205278589
204.5 0.0038138440860215027
205.5 0.003425891984359725
206.5 0.0031081989247311826
207.5 0.0027065004887585533
208.5 0.0024712854349951113
209.5 0.0022177419354838697
210.5 0.0019947458455522966
211.5 0.0016190127077223848
212.5 0.0015075146627565976
213.5 0.0013395039100684261
214.5 0.0012524437927663736
215.5 0.0010981793743890518
216.5 0.0009668255131964807
217.5 0.00084463587487781
218.5 0.0007346652003910063
219.5 0.0006491324535679373
220.5 0.0005620723362658847
221.5 0.0005574902248289347
222.5 0.0005193059628543504
223.5 0.0004857038123167157
224.5 0.00046126588465298166
225.5 0.0004169721407624632
226.5 0.00034060361681329427
227.5 0.00034976783968719463
228.5 0.00033143939393939385
229.5 0.00027339931573802537
230.5 0.00030700146627566
231.5 0.0002688172043010752
232.5 0.00027034457478005845
233.5 0.00022452346041055697
234.5 0.00023521505376344058
235.5 0.0002489613880742911
236.5 0.00021841397849462358
237.5 0.00024285190615835764
238.5 0.00023674242424242395
239.5 0.00023979716520039076
240.5 0.00020772238514173984
241.5 0.00022605083088954043
242.5 0.00027339931573802526
243.5 0.00024590664711632434
244.5 0.00025659824046920794
245.5 0.0002627077223851415
246.5 0.0002947825024437928
247.5 0.0003070014662756601
248.5 0.0003085288367546432
249.5 0.00033143939393939385
250.5 0.00034365835777126085
251.5 0.0003848973607038125
252.5 0.00037420576735092885
253.5 0.000391006842619746
254.5 0.0004994501466275659
255.5 0.00040169843597262966
256.5 0.000543743890518084
257.5 0.0005727639296187685
258.5 0.0005849828934506355
259.5 0.0006140029325513197
260.5 0.0007025904203323556
261.5 0.0007102272727272727
262.5 0.0008201979472140761
263.5 0.0008446358748778107
264.5 0.0009072580645161294
265.5 0.0009622434017595305
266.5 0.001084433040078201
267.5 0.0012081500488758557
268.5 0.001287573313782991
269.5 0.0013410312805474094
270.5 0.0015288978494623654
271.5 0.0015640273704789836
272.5 0.001701490713587487
273.5 0.0018450635386119247
274.5 0.0018847751710654925
275.5 0.0021245723362658835
276.5 0.0022803641251221887
277.5 0.0025216886608015643
278.5 0.0025522360703812315
279.5 0.002660679374389052
280.5 0.0030593230694037138
281.5 0.00330217497556207
282.5 0.003318976050830887
283.5 0.0034029814271749736
284.5 0.0035939027370478958
285.5 0.0037726050830889524
286.5 0.003910068426197457
287.5 0.004016984359726293
288.5 0.0040307306940371435
289.5 0.004224706744868034
290.5 0.0041345918866080135
291.5 0.00426900048875855
292.5 0.004514907135874878
293.5 0.004415628054740955
294.5 0.004331622678396872
295.5 0.004365224828934506
296.5 0.0044446480938416435
297.5 0.00434995112414467
298.5 0.004304130009775172
299.5 0.004281219452590419
300.5 0.004218597262952101
301.5 0.0041116813294232646
302.5 0.003948252688172042
303.5 0.003615285923753664
304.5 0.0036565249266862156
305.5 0.003494623655913978
306.5 0.003267045454545452
307.5 0.0030868157380254157
308.5 0.0028699291300097727
309.5 0.002671370967741934
310.5 0.0024987781036168127
311.5 0.0022971652003910066
312.5 0.0020558406647116314
313.5 0.001866446725317693
314.5 0.0016235948191593345
315.5 0.0014616935483870953
316.5 0.0013792155425219937
317.5 0.0012432795698924728
318.5 0.0010538856304985339
319.5 0.0008614369501466273
320.5 0.0008354716520039103
321.5 0.0007316104594330402
322.5 0.0005361070381231672
323.5 0.0005376344086021508
324.5 0.0004414100684261974
325.5 0.0003451857282502445
326.5 0.0002947825024437927
327.5 0.000287145650048876
328.5 0.00024437927663734094
329.5 0.00021383186705767343
330.5 0.00016190127077223834
331.5 0.00011149804496578684
332.5 0.00011455278592375356
333.5 0.00010080645161290321
334.5 7.178641251221894e-05
335.5 6.262218963831866e-05
336.5 6.262218963831866e-05
337.5 3.0547409579667644e-05
338.5 2.9020039100684262e-05
339.5 2.5965298142717498e-05
340.5 2.138318670576735e-05
341.5 1.5273704789833822e-05
342.5 2.138318670576735e-05
343.5 1.5273704789833822e-05
344.5 1.5273704789833822e-05
345.5 3.0547409579667644e-06
346.5 6.109481915933529e-06
347.5 1.0691593352883675e-05
348.5 6.109481915933529e-06
349.5 3.0547409579667644e-06
350.5 4.582111436950147e-06
351.5 4.582111436950147e-06
352.5 7.636852394916911e-06
353.5 4.582111436950147e-06
354.5 3.0547409579667644e-06
355.5 1.5273704789833822e-06
356.5 3.0547409579667644e-06
357.5 1.5273704789833822e-06
358.5 1.5273704789833822e-06
359.5 1.5273704789833822e-06
