0.5 6.109481915933529e-06
1.5 4.582111436950147e-06
2.5 0.0
3.5 0.0
4.5 4.582111436950147e-06
5.5 7.636852394916911e-06
6.5 0.0
7.5 6.109481915933529e-06
8.5 1.0691593352883675e-05
9.5 9.164222873900293e-06
10.5 3.0547409579667644e-06
11.5 6.109481915933529e-06
12.5 4.582111436950147e-06
13.5 7.636852394916911e-06
14.5 1.374633431085044e-05
15.5 1.8328445747800586e-05
16.5 1.374633431085044e-05
17.5 1.5273704789833822e-05
18.5 1.985581622678397e-05
19.5 2.5965298142717498e-05
20.5 2.2910557184750733e-05
21.5 2.4437927663734115e-05
22.5 3.8184261974584555e-05
23.5 4.27663734115347e-05
24.5 4.4293743890518084e-05
25.5 7.025904203323554e-05
26.5 9.011485826001953e-05
27.5 6.873167155425219e-05
28.5 0.00011302541544477016
29.5 0.0001206622678396872
30.5 0.00018022971652003898
31.5 0.0002092497556207232
32.5 0.00022452346041055695
33.5 0.0003100562072336264
34.5 0.0004001710654936462
35.5 0.0004658479960899316
36.5 0.0004719574780058651
37.5 0.0005834555229716523
38.5 0.0006338587487781035
39.5 0.0008110337243401761
40.5 0.0009332233626588463
41.5 0.0010661045943304009
42.5 0.0012157869012707722
43.5 0.0013792155425219937
44.5 0.0015609726295210164
45.5 0.0017350928641251223
46.5 0.0019122678396871933
47.5 0.002149010263929618
48.5 0.002408663245356793
49.5 0.0025445992179863137
50.5 0.0027905058651026384
51.5 0.003070014662756598
52.5 0.003212060117302051
53.5 0.0034258919843597247
54.5 0.0036794354838709667
55.5 0.0037894061583577695
56.5 0.004041422287390025
57.5 0.004224706744868035
58.5 0.004412573313782988
59.5 0.004569892473118278
60.5 0.004762341153470187
61.5 0.004689027370478983
62.5 0.004716520039100682
63.5 0.004864674975562071
64.5 0.0048432917888563045
65.5 0.004792888563049852
66.5 0.004864674975562069
67.5 0.004702773704789831
68.5 0.004644733626588465
69.5 0.004606549364613879
70.5 0.004299547898338223
71.5 0.0043896627565982406
72.5 0.004172776148582597
73.5 0.004201796187683285
74.5 0.004171248778103615
75.5 0.003749694525904203
76.5 0.0036107038123167163
77.5 0.003528225806451612
78.5 0.0032395527859237524
79.5 0.0031601295210166177
80.5 0.0029722629521016604
81.5 0.0027339931573802543
82.5 0.002579728739002933
83.5 0.0024224095796676424
84.5 0.002278836754643206
85.5 0.0021047165200390994
86.5 0.0019641984359726294
87.5 0.0018175708699902243
88.5 0.0017106549364613879
89.5 0.001602211632453567
90.5 0.0015243157380254143
91.5 0.0012371700879765391
92.5 0.0012295332355816218
93.5 0.0010767961876832837
94.5 0.0009866813294232644
95.5 0.0009775171065493642
96.5 0.0008293621700879761
97.5 0.0008278347996089928
98.5 0.0007942326490713588
99.5 0.0006705156402737044
100.5 0.0005788734115347021
101.5 0.0005972018572825027
102.5 0.0005269428152492669
103.5 0.0004673753665689152
104.5 0.0004047531769305963
105.5 0.00043988269794721413
106.5 0.0003940615835777125
107.5 0.0003574046920821116
108.5 0.0002902003910068427
109.5 0.00029936461388074283
110.5 0.00029630987292277613
111.5 0.0002642350928641252
112.5 0.00025965298142717485
113.5 0.0002123044965786899
114.5 0.00022605083088954038
115.5 0.00022299608993157365
116.5 0.00018175708699902227
117.5 0.00019855816226783948
118.5 0.00018481182795698916
119.5 0.00019092130987292266
120.5 0.00021077712609970654
121.5 0.0001893939393939393
122.5 0.00018633919843597245
123.5 0.00016953812316715532
124.5 0.00019244868035190593
125.5 0.00019703079178885605
126.5 0.00019244868035190595
127.5 0.00021230449657868994
128.5 0.00025507086999022465
129.5 0.0002489613880742911
130.5 0.00027798142717497547
131.5 0.00027034457478005856
132.5 0.00029478250244379273
133.5 0.000319220430107527
134.5 0.00034365835777126107
135.5 0.0003864247311827957
136.5 0.0003986436950146629
137.5 0.00045515640273704805
138.5 0.0005345796676441837
139.5 0.0006063660801564028
140.5 0.0006170576735092861
141.5 0.0006857893450635384
142.5 0.0007468841642228736
143.5 0.0008064516129032253
144.5 0.0010019550342130984
145.5 0.001073741446725318
146.5 0.0012493890518084064
147.5 0.0013837976539589445
148.5 0.0015915200391006838
149.5 0.001761058162267839
150.5 0.0020833333333333324
151.5 0.0023613147605083093
152.5 0.002611803519061582
153.5 0.0028592375366568914
154.5 0.003422837243401758
155.5 0.0038566104594330406
156.5 0.004356060606060602
157.5 0.004902859237536654
158.5 0.005469513685239491
159.5 0.006065188172043007
160.5 0.006608932062561093
161.5 0.007309995112414466
162.5 0.008299731182795698
163.5 0.009223790322580633
164.5 0.00967741935483871
165.5 0.01072214076246334
166.5 0.011852394916911035
167.5 0.012767289833822089
168.5 0.013419477028347995
169.5 0.014326735092864118
170.5 0.01530425219941348
171.5 0.01636577468230693
172.5 0.01688508064516129
173.5 0.017531158357771255
174.5 0.018655303030303032
175.5 0.01904172776148582
176.5 0.019429679863147597
177.5 0.019774865591397843
178.5 0.02002993646138806
179.5 0.019985642717497545
180.5 0.019935239491691098
181.5 0.020068120723362653
182.5 0.019321236559139775
183.5 0.01892412023460411
184.5 0.01834982893450634
185.5 0.01767931329423264
186.5 0.017002688172043007
187.5 0.015930474095796673
188.5 0.015319525904203313
189.5 0.014319098240469208
190.5 0.013379765395894428
191.5 0.01222660068426197
192.5 0.011707294721407623
193.5 0.010493035190615833
194.5 0.009769061583577711
195.5 0.008800708699902246
196.5 0.007875122189638314
197.5 0.0072046065493646125
198.5 0.006564638318670575
199.5 0.006048387096774189
200.5 0.005237353372434018
201.5 0.004566837732160309
202.5 0.004180413000977516
203.5 0.00378940615835777
204.5 0.0031708211143695025
205.5 0.002920332355816225
206.5 0.00263318670576735
207.5 0.0021551197458455525
208.5 0.00190157624633431
209.5 0.0017167644183773217
210.5 0.001441837732160313
211.5 0.0012478616813294229
212.5 0.0012585532746823063
213.5 0.0010890151515151516
214.5 0.0009042033235581622
215.5 0.0007804863147605083
216.5 0.0006399682306940374
217.5 0.0006308040078201366
218.5 0.0005406891495601171
219.5 0.0004765395894428152
220.5 0.0004368279569892475
221.5 0.00038184261974584554
222.5 0.00037420576735092874
223.5 0.00031158357771260983
224.5 0.0002963098729227761
225.5 0.00023368768328445723
226.5 0.00023674242424242398
227.5 0.00023979716520039076
228.5 0.00022299608993157357
229.5 0.0002092497556207232
230.5 0.00020772238514173984
231.5 0.00017106549364613862
232.5 0.00015731915933528824
233.5 0.00014662756598240458
234.5 0.00014204545454545443
235.5 0.00014662756598240456
236.5 0.00012371700879765387
237.5 0.0001374633431085043
238.5 0.00014968230694037128
239.5 0.00014968230694037136
240.5 0.0001771749755620722
241.5 0.0001420454545454544
242.5 0.0001649560117302052
243.5 0.00016037390029325504
244.5 0.0001741202346041054
245.5 0.00018175708699902235
246.5 0.00015120967741935476
247.5 0.00021841397849462355
248.5 0.00022452346041055697
249.5 0.00021383186705767345
250.5 0.000248961388074291
251.5 0.00024896138807429114
252.5 0.00028867302052785923
253.5 0.00025659824046920794
254.5 0.000343658357771261
255.5 0.0003451857282502444
256.5 0.00038795210166177937
257.5 0.0003512952101661779
258.5 0.00042766373411534707
259.5 0.0004887585532746825
260.5 0.0005269428152492669
261.5 0.0005987292277614858
262.5 0.0006369134897360706
263.5 0.0006430229716520037
264.5 0.0007453567937438904
265.5 0.0008201979472140761
266.5 0.0008675464320625613
267.5 0.00094391495601173
268.5 0.0011287267839687194
269.5 0.0011944037145650052
270.5 0.0012814638318670573
271.5 0.0013257575757575745
272.5 0.0015426441837732149
273.5 0.0015441715542521995
274.5 0.0018175708699902247
275.5 0.0018511730205278585
276.5 0.0019412878787878783
277.5 0.002155119745845552
278.5 0.002378115835777126
279.5 0.0024789222873900295
280.5 0.002602639296187684
281.5 0.0027813416422287373
282.5 0.002990591397849461
283.5 0.0030455767350928637
284.5 0.0031860948191593345
285.5 0.0033632697947214066
286.5 0.003517534213098726
287.5 0.0035740469208211125
288.5 0.0038336999022482877
289.5 0.0039009042033235552
290.5 0.004007820136852394
291.5 0.003984909579667643
292.5 0.004229288856304983
293.5 0.004142228739002932
294.5 0.00406127810361681
295.5 0.004165139296187682
296.5 0.004162084555229718
297.5 0.0040704423264907134
298.5 0.004033785434995112
299.5 0.004020039100684261
300.5 0.0038230083088954046
301.5 0.0038611925708699896
302.5 0.003722201857282502
303.5 0.003486986803519062
304.5 0.003306757086999021
305.5 0.0032044232649071354
306.5 0.002990591397849461
307.5 0.002917277614858259
308.5 0.0025537634408602143
309.5 0.0024315738025415426
310.5 0.002233015640273704
311.5 0.0020298753665689145
312.5 0.001834371945259043
313.5 0.0017916055718475068
314.5 0.0014647482893450632
315.5 0.0013960166177908104
316.5 0.0011760752688172037
317.5 0.0010630498533724336
318.5 0.0009622434017595307
319.5 0.0008415811339198432
320.5 0.0007056451612903226
321.5 0.0006124755620723365
322.5 0.0005467986314760507
323.5 0.00045057429130009784
324.5 0.00037878787878787895
325.5 0.00029478250244379295
326.5 0.0002672898338220917
327.5 0.00021535923753665664
328.5 0.00020619501466275642
329.5 0.00017717497556207215
330.5 0.0001328812316715542
331.5 0.00011913489736070372
332.5 8.553274682306938e-05
333.5 7.636852394916907e-05
334.5 7.025904203323557e-05
335.5 4.123900293255132e-05
336.5 5.1930596285434995e-05
337.5 3.0547409579667644e-05
338.5 4.5821114369501466e-05
339.5 2.9020039100684262e-05
340.5 2.9020039100684262e-05
341.5 1.8328445747800586e-05
342.5 1.8328445747800586e-05
343.5 1.374633431085044e-05
344.5 1.374633431085044e-05
345.5 7.636852394916911e-06
346.5 1.5273704789833822e-05
347.5 1.2218963831867058e-05
348.5 6.109481915933529e-06
349.5 4.582111436950147e-06
350.5 4.582111436950147e-06
351.5 4.582111436950147e-06
352.5 1.0691593352883675e-05
353.5 1.5273704789833822e-06
354.5 6.109481915933529e-06
355.5 4.582111436950147e-06
356.5 3.0547409579667644e-06
357.5 0.0
358.5 0.0
359.5 3.0547409579667644e-06
