0 1.5273704789833822e-06
1 1.5276691435275713e-06
2 1.5273704789833822e-06
3 0.0
4 0.0
5 4.582111436950147e-06
6 3.0547409579667644e-06
7 0.0
8 3.0547409579667644e-06
9 1.5273704789833822e-06
10 0.0
11 1.5273704789833822e-06
12 1.5273704789833822e-06
13 3.0547409579667644e-06
14 6.109481915933529e-06
15 3.0547409579667644e-06
16 1.5273704789833822e-06
17 3.0547409579667644e-06
18 3.0547409579667644e-06
19 6.109481915933529e-06
20 4.582111436950147e-06
21 1.374633431085044e-05
22 9.164222873900293e-06
23 1.8328445747800586e-05
24 2.138318670576735e-05
25 2.9020039100684262e-05
26 2.2910557184750733e-05
27 2.749266862170088e-05
28 3.665689149560117e-05
29 5.040322580645161e-05
30 5.651300638692933e-05
31 7.636852394916907e-05
32 9.775171065493638e-05
33 0.00011455278592375359
34 0.00014815523512593212
35 0.00015273734656288224
36 0.00018939453672302766
37 0.00022910646784113971
38 0.0002932557292938978
39 0.00034824166386638797
40 0.0003910068426197459
41 0.0004505745899646419
42 0.0005651279732174842
43 0.0006552428314775038
44 0.0007270286466606341
45 0.0008660214508999311
46 0.0010386131203668765
47 0.0011989870206601317
48 0.001388381856047704
49 0.0015793040619142581
50 0.0018038266263311824
51 0.0019367066633445601
52 0.0021826148037836055
53 0.002384230992319399
54 0.0026224986963889986
55 0.002888261159732105
56 0.0030593272507073313
57 0.003259412484789611
58 0.003381602123108282
59 0.0036962410391079485
60 0.003986441131450244
61 0.004079610730668232
62 0.004184999891047171
63 0.004243041761235805
64 0.0044385451825456786
65 0.004325517975113643
66 0.004660015096656448
67 0.004466035760515573
68 0.004626411751460634
69 0.004516439882315657
70 0.004284279270845635
71 0.004499637313724117
72 0.00422012941206379
73 0.00401240852024477
74 0.0038214848210554966
75 0.0037328985279326357
76 0.003531286222035918
77 0.003346475290072561
78 0.003144859101536769
79 0.002830220484201649
80 0.0026973392525300936
81 0.0024147757139181686
82 0.002164286358035805
83 0.002037514906944729
84 0.0019382358258108088
85 0.0016633106329165207
86 0.0016587264308277614
87 0.001484605300230024
88 0.0012692466600224559
89 0.0012081515421985755
90 0.0009790453730219803
91 0.0009484997554295779
92 0.0008675494187080027
93 0.0007957609155439745
94 0.0007010651405051818
95 0.0006414967958311972
96 0.000609422015772546
97 0.0005376359019248719
98 0.000482649370023293
99 0.000381843217074934
100 0.0004047537742596848
101 0.0003390768436633992
102 0.00029325572929389776
103 0.0002795090963185029
104 0.0002672904311511801
105 0.00027187224392358607
106 0.00023216120879910644
107 0.0001970313891179446
108 0.00020466824151286139
109 0.0001832844574780057
110 0.00016495631039474936
111 0.00017870294337014392
112 0.00015426441837732143
113 0.00015731945799983243
114 0.00014968230694037133
115 0.00015731915933528824
116 0.0001496826056049155
117 0.0001176075268817203
118 0.00012677204842016484
119 0.00014968230694037133
120 0.000155792087520849
121 0.00014204545454545448
122 0.00013440860215053747
123 0.00014357282502443783
124 0.00014357282502443786
125 0.0001588465298142716
126 0.00019244868035190595
127 0.00016648397953827684
128 0.00018481242528607742
129 0.00021536013353028936
130 0.0002260511295540845
131 0.00026881720430107516
132 0.00021383186705767335
133 0.00028714624737796426
134 0.00030241995216779806
135 0.0003680974800931718
136 0.00037878847611696727
137 0.00045515670140159226
138 0.0004597391115030867
139 0.0005972027532761346
140 0.0006109490875869855
141 0.000694954165266527
142 0.0008201985445431649
143 0.0009790462690156129
144 0.0010095942759243692
145 0.0012050968012406091
146 0.001301320842752018
147 0.0015747213531482201
148 0.0017488424837459589
149 0.0019978026771620733
150 0.002420886091827736
151 0.0026835950088710515
152 0.002998231834218908
153 0.0032655231613637216
154 0.0037313723521118273
155 0.004313302893920855
156 0.004598917888180756
157 0.005098369826795587
158 0.0059246775545901435
159 0.006474531225688701
160 0.007151162321169226
161 0.007777382126900601
162 0.008823633294320574
163 0.009570518354537079
164 0.010462501818269743
165 0.011345321656457597
166 0.011852413732777322
167 0.012900188985366295
168 0.013863964536237516
169 0.014829262380290472
170 0.015365367925090915
171 0.016295542520082675
172 0.017315827493366295
173 0.017415101198538424
174 0.018812654146744545
175 0.01917922634701053
176 0.0190814692603938
177 0.019742813808509094
178 0.019842095278959374
179 0.019978032446247056
180 0.01978100404377457
181 0.020109390190078708
182 0.019652706118198127
183 0.01924031698486626
184 0.019121182386170096
185 0.018666023892781235
186 0.017829022480981983
187 0.017422744920217843
188 0.016196262841619676
189 0.01532871461756984
190 0.01476816517181478
191 0.014004479932323087
192 0.012907828525742104
193 0.012092208209996819
194 0.01116509313459573
195 0.010247148554023968
196 0.009718673888327558
197 0.00862354567092194
198 0.00796677517030091
199 0.007235167398848771
200 0.00649133379428024
201 0.005784163054498201
202 0.005200702155564758
203 0.004582120695551012
204 0.004181947240741014
205 0.00380773878540919
206 0.003260941647255859
207 0.002955468148788272
208 0.0027385803461144557
209 0.0022635663351633574
210 0.0019443459050558296
211 0.001765644156343864
212 0.0015518098999698368
213 0.0013654707015338637
214 0.0012463358041731605
215 0.001064578119845049
216 0.0008782398174027098
217 0.0007774333657898064
218 0.000723974503031756
219 0.000604839904335596
220 0.0005330531931588332
221 0.0005376353045957832
222 0.0004643224175982133
223 0.0004108644508337949
224 0.00036198769951269427
225 0.0003176933582930876
226 0.00029325602795844186
227 0.0002672907298157244
228 0.0002840912077554533
229 0.0002000855327468228
230 0.00021230509390777824
231 0.00020772298247082816
232 0.00018633979576506085
233 0.0001695381231671553
234 0.00014662816331149293
235 0.00017412113059773798
236 0.00016190186810132677
237 0.00016648338220918846
238 0.0001344091994796259
239 0.0001496823069403713
240 0.00012829941889914824
241 0.0001557917888563049
242 0.0001328815303360983
243 0.00015884652981427164
244 0.00012219023564775895
245 0.00013288123167155412
246 0.0001664836808737327
247 0.00014357312368898194
248 0.00014357282502443783
249 0.00019550401863896105
250 0.0001710660909752271
251 0.00020925005428526727
252 0.0001955037199744169
253 0.0002474340175953077
254 0.00026118094923524674
255 0.00027645465402508055
256 0.00030700206360474827
257 0.00035435084711777726
258 0.0003497687356808269
259 0.000369624551907611
260 0.00043071966973149073
261 0.0004734848484848485
262 0.0005131976755965934
263 0.0005513816389066334
264 0.0006369140870651586
265 0.0007438312152521715
266 0.0008125628868064242
267 0.0008400546594344929
268 0.0009958485389426075
269 0.0010523612466649915
270 0.0011516397304698236
271 0.0014372571140460826
272 0.0013883830507058807
273 0.0015518107959634705
274 0.0018007742746895703
275 0.001927546323109735
276 0.0021184670356535693
277 0.002323134381172798
278 0.0024728154934549923
279 0.0027171947700923333
280 0.002895900998772462
281 0.0031051489624059217
282 0.0033281462469956715
283 0.0035160134132397173
284 0.0036076559406432646
285 0.00413154520959274
286 0.0040490663077340045
287 0.004206383675082028
288 0.004397306776942218
289 0.0044996426896859116
290 0.004495057890268065
291 0.004640161072416927
292 0.00453324065891993
293 0.00451491729046938
294 0.004508806613895266
295 0.004479787769452763
296 0.004337738730932777
297 0.004279698652731409
298 0.0041101608282288
299 0.0039390953345826586
300 0.0038092673505463488
301 0.003461026881338138
302 0.0033021788582011462
303 0.0030409994022886208
304 0.0028271672365664012
305 0.00265151933281877
306 0.0025064185399862595
307 0.0021994167750460556
308 0.0019015789343152078
309 0.0017503698542249418
310 0.0015899944606089656
311 0.0013425616376718352
312 0.0012356439121557323
313 0.001072215270904511
314 0.0008965679644859655
315 0.0008782398174027096
316 0.00068426376657182
317 0.0005636003040739565
318 0.0005177803843626319
319 0.00040780851521765154
320 0.00037573343649445636
321 0.0002978375420663035
322 0.00022910557184750705
323 0.0002107771260997065
324 0.00014357282502443778
325 0.00014662756598240458
326 0.00011302601277385859
327 9.622434017595303e-05
328 7.178641251221893e-05
329 6.873197021879638e-05
330 5.9567448680351906e-05
331 4.5821114369501466e-05
332 3.8184261974584555e-05
333 2.2910557184750733e-05
334 1.8328445747800586e-05
335 1.985581622678397e-05
336 1.5273704789833822e-05
337 1.374633431085044e-05
338 1.0691593352883675e-05
339 4.582111436950147e-06
340 7.636852394916911e-06
341 7.637151059461101e-06
342 3.0547409579667644e-06
343 4.582111436950147e-06
344 4.582111436950147e-06
345 3.0547409579667644e-06
346 3.0547409579667644e-06
347 3.0547409579667644e-06
348 3.0547409579667644e-06
349 3.0547409579667644e-06
350 0.0
351 1.5273704789833822e-06
352 3.0547409579667644e-06
353 1.5273704789833822e-06
354 3.0547409579667644e-06
355 1.5273704789833822e-06
356 1.5273704789833822e-06
357 0.0
358 0.0
