0 0.0
1 0.0
2 0.0
3 0.0
4 0.0
5 0.0
6 0.0
7 0.0
8 0.0
9 0.0
10 0.0
11 0.0
12 0.0
13 0.0
14 0.0
15 0.0
16 0.0
17 0.0
18 0.0
19 0.0
20 0.0
21 1.5273704789833822e-06
22 0.0
23 0.0
24 1.5273704789833822e-06
25 0.0
26 0.0
27 0.0
28 1.5273704789833822e-06
29 7.636852394916911e-06
30 1.374633431085044e-05
31 1.374633431085044e-05
32 2.4437927663734115e-05
33 2.138318670576735e-05
34 3.2074780058651026e-05
35 3.360215053763441e-05
36 5.1930596285434995e-05
37 7.63685239491691e-05
38 0.00011608015640273705
39 0.00013288123167155429
40 0.00021535923753665688
41 0.00029020039100684274
42 0.0004307184750733137
43 0.0005437438905180841
44 0.0006628787878787878
45 0.0009194770283479963
46 0.001169965786901271
47 0.001582355816226784
48 0.002014601661779081
49 0.00250641495601173
50 0.003131109481915934
51 0.0037756598240469208
52 0.004598912512218963
53 0.0055794843597262965
54 0.006340114858260021
55 0.007505498533724338
56 0.008560911534701857
57 0.009463587487781035
58 0.01072977761485826
59 0.011250610948191592
60 0.012037206744868037
61 0.012724523460410557
62 0.012790200391006845
63 0.01282532991202346
64 0.012973484848484849
65 0.012620662267839686
66 0.011930290811339195
67 0.011447641739980445
68 0.010537328934506353
69 0.00927572091886608
70 0.008450940860215056
71 0.007465786901270771
72 0.006505070869990223
73 0.005267900782013685
74 0.004490469208211143
75 0.0038168988269794736
76 0.002982954545454546
77 0.0024453201368523953
78 0.0019367057673509284
79 0.0014601661779081129
80 0.0011928763440860214
81 0.0009882086999022483
82 0.0007407746823069403
83 0.0005147238514173997
84 0.0003864247311827957
85 0.0003070014662756598
86 0.000279508797653959
87 0.00020772238514173998
88 0.00012677174975562073
89 9.469696969696968e-05
90 8.706011730205277e-05
91 4.734848484848485e-05
92 4.887585532746823e-05
93 3.0547409579667644e-05
94 3.512952101661779e-05
95 1.374633431085044e-05
96 2.138318670576735e-05
97 1.2218963831867058e-05
98 7.636852394916911e-06
99 4.582111436950147e-06
100 6.109481915933529e-06
101 3.0547409579667644e-06
102 1.5273704789833822e-06
103 6.109481915933529e-06
104 0.0
105 1.5273704789833822e-06
106 0.0
107 1.5273704789833822e-06
108 0.0
109 0.0
110 0.0
111 0.0
112 0.0
113 0.0
114 1.5273704789833822e-06
115 0.0
116 0.0
117 0.0
118 0.0
119 0.0
120 1.5273704789833822e-06
121 0.0
122 0.0
123 0.0
124 0.0
125 0.0
126 1.5273704789833822e-06
127 0.0
128 0.0
129 1.5273704789833822e-06
130 0.0
131 1.5273704789833822e-06
132 0.0
133 0.0
134 0.0
135 0.0
136 0.0
137 1.5273704789833822e-06
138 1.5273704789833822e-06
139 0.0
140 0.0
141 0.0
142 0.0
143 4.582111436950147e-06
144 4.582111436950147e-06
145 1.8328445747800586e-05
146 1.5273704789833822e-06
147 2.138318670576735e-05
148 1.0691593352883675e-05
149 2.5965298142717498e-05
150 3.665689149560117e-05
151 5.9567448680351906e-05
152 9.622434017595305e-05
153 0.00014662756598240466
154 0.00018939393939393929
155 0.00026423509286412506
156 0.0004291911045943307
157 0.0005895650048875855
158 0.0008201979472140764
159 0.001099706744868035
160 0.0014678030303030296
161 0.0021383186705767362
162 0.0028531280547409578
163 0.00381995356793744
164 0.004930351906158355
165 0.006500488758553274
166 0.00834707966764418
167 0.01049914467253177
168 0.012761180351906161
169 0.015999205767350932
170 0.01861406402737047
171 0.022435544965786917
172 0.02561094819159334
173 0.02895436217008797
174 0.03236650782013685
175 0.03537390029325513
176 0.03723881964809384
177 0.03948252688172042
178 0.04091214565004889
179 0.04135508308895403
180 0.0408357771260997
181 0.03914803274682307
182 0.03698374877810362
183 0.03451857282502442
184 0.03141953812316715
185 0.0286198680351906
186 0.024957233626588447
187 0.02136180351906157
188 0.017896199902248278
189 0.015096529814271746
190 0.012156341642228738
191 0.00997678396871945
192 0.007673509286412513
193 0.006138501955034213
194 0.004857038123167155
195 0.0034197825024437933
196 0.002697336265884653
197 0.0020023826979472135
198 0.001483076735092864
199 0.0009897360703812318
200 0.0006995356793743895
201 0.0004734848484848486
202 0.0003482404692082113
203 0.00031005620723362665
204 0.00015579178885630492
205 9.775171065493641e-05
206 0.00010844330400782014
207 4.123900293255132e-05
208 4.123900293255132e-05
209 3.512952101661779e-05
210 2.2910557184750733e-05
211 7.636852394916911e-06
212 1.0691593352883675e-05
213 3.0547409579667644e-06
214 7.636852394916911e-06
215 1.5273704789833822e-06
216 3.0547409579667644e-06
217 1.5273704789833822e-06
218 3.0547409579667644e-06
219 1.5273704789833822e-06
220 0.0
221 0.0
222 0.0
223 1.5273704789833822e-06
224 0.0
225 0.0
226 0.0
227 0.0
228 0.0
229 0.0
230 0.0
231 0.0
232 0.0
233 0.0
234 0.0
235 0.0
236 0.0
237 0.0
238 0.0
239 0.0
240 0.0
241 0.0
242 0.0
243 0.0
244 0.0
245 0.0
246 0.0
247 0.0
248 0.0
249 1.5273704789833822e-06
250 0.0
251 0.0
252 0.0
253 0.0
254 0.0
255 0.0
256 0.0
257 0.0
258 0.0
259 0.0
260 0.0
261 0.0
262 0.0
263 0.0
264 0.0
265 0.0
266 0.0
267 0.0
268 0.0
269 0.0
270 0.0
271 0.0
272 1.5273704789833822e-06
273 0.0
274 0.0
275 0.0
276 0.0
277 3.0547409579667644e-06
278 4.582111436950147e-06
279 4.582111436950147e-06
280 6.109481915933529e-06
281 9.164222873900293e-06
282 1.5273704789833822e-05
283 1.0691593352883675e-05
284 1.5273704789833822e-05
285 2.2910557184750733e-05
286 3.8184261974584555e-05
287 4.887585532746823e-05
288 5.9567448680351906e-05
289 8.247800586510263e-05
290 8.247800586510265e-05
291 0.00011608015640273705
292 0.0001130254154447703
293 0.00019397605083088955
294 0.0002550708699902248
295 0.00029936461388074294
296 0.0003329667644183773
297 0.0003161656891495602
298 0.0003772605083088954
299 0.0004093352883675464
300 0.0004414100684261974
301 0.0004505742913000978
302 0.00046279325513196484
303 0.0004765395894428152
304 0.0005101417399804496
305 0.0004459921798631476
306 0.00040017106549364615
307 0.00038642473118279564
308 0.00038031524926686214
309 0.0003360215053763441
310 0.00029478250244379284
311 0.000271871945259042
312 0.00022757820136852394
313 0.00020772238514173998
314 0.0001542644183773216
315 0.00013899071358748776
316 9.927908113391985e-05
317 0.0001114980449657869
318 8.247800586510263e-05
319 6.109481915933529e-05
320 5.345796676441838e-05
321 2.9020039100684262e-05
322 2.9020039100684262e-05
323 2.749266862170088e-05
324 9.164222873900293e-06
325 9.164222873900293e-06
326 4.582111436950147e-06
327 7.636852394916911e-06
328 4.582111436950147e-06
329 6.109481915933529e-06
330 1.5273704789833822e-06
331 1.5273704789833822e-06
332 3.0547409579667644e-06
333 1.5273704789833822e-06
334 1.5273704789833822e-06
335 0.0
336 0.0
337 0.0
338 1.5273704789833822e-06
339 1.5273704789833822e-06
340 0.0
341 0.0
342 0.0
343 0.0
344 0.0
345 0.0
346 0.0
347 0.0
348 0.0
349 0.0
350 0.0
351 0.0
352 0.0
353 0.0
354 0.0
355 0.0
356 0.0
357 0.0
358 0.0
