0 0.0337379317893256
1 0.032947659499143675
2 0.03187242070221085
3 0.03060855455353877
4 0.029055859481468244
5 0.027084139656495282
6 0.025709725875971916
7 0.02359813787135159
8 0.021539832890932625
9 0.01991968923860034
10 0.017362982869708013
11 0.015460880914940703
12 0.013806542303726395
13 0.01208266294677323
14 0.010343801471175458
15 0.008887617555572831
16 0.0074884553285109075
17 0.006153281572640979
18 0.00520461525376016
19 0.004287734133529565
20 0.003659327871669234
21 0.0028907351071172575
22 0.002476061827906138
23 0.0018439466746121458
24 0.0016080810933898173
25 0.0011863041896302664
26 0.0009437408733402761
27 0.0007050507361729501
28 0.0006293723943648985
29 0.0004806887860219796
30 0.0003588281241721229
31 0.0002749621401532628
32 0.00024982967811698826
33 0.00016591544054263345
34 0.00013914429700065894
35 9.951634078737819e-05
36 0.0001012201417966489
37 7.585402475809112e-05
38 5.37433781839555e-05
39 3.32427744004436e-05
40 2.6871701084403782e-05
41 2.9999483907886918e-05
42 1.736023607925226e-05
43 1.898350712050252e-05
44 2.3632615556940547e-05
45 1.5776828816284897e-05
46 9.470161432183934e-06
47 1.104161575082702e-05
48 4.748032289891556e-06
49 9.488927067801254e-06
50 7.91766752704287e-06
51 1.5738315874294923e-06
52 1.579559239789729e-06
53 0.0
54 3.1425986790143337e-06
55 0.0
56 1.5798786653185036e-06
57 0.0
58 0.0
59 0.0
60 3.130374347592734e-06
61 0.0
62 0.0
63 0.0
64 1.574148700382833e-06
65 1.5921133075198695e-06
66 0.0
67 0.0
68 0.0
69 0.0
70 0.0
71 0.0
72 0.0
73 0.0
74 0.0
75 0.0
76 0.0
77 0.0
78 0.0
79 0.0
80 0.0
81 0.0
82 0.0
83 0.0
84 0.0
85 0.0
86 0.0
87 0.0
88 0.0
89 0.0
90 0.0
91 0.0
92 0.0
93 0.0
94 0.0
95 0.0
96 0.0
97 0.0
98 0.0
99 0.0
100 0.0
101 0.0
102 0.0
103 0.0
104 0.0
105 0.0
106 0.0
107 0.0
108 0.0
109 0.0
110 0.0
111 0.0
112 0.0
113 0.0
114 0.0
115 0.0
116 0.0
117 0.0
118 0.0
119 0.0
120 0.0
121 0.0
122 0.0
123 0.0
124 0.0
125 0.0
126 0.0
127 0.0
128 0.0
129 0.0
130 0.0
131 0.0
132 0.0
133 0.0
134 0.0
135 0.0
136 0.0
137 0.0
138 0.0
139 0.0
140 0.0
141 0.0
142 0.0
143 0.0
144 0.0
145 0.0
146 0.0
147 0.0
148 0.0
149 0.0
150 0.0
151 0.0
152 0.0
153 0.0
154 0.0
155 0.0
156 0.0
157 0.0
158 0.0
159 0.0
160 0.0
161 0.0
162 0.0
163 0.0
164 0.0
165 0.0
166 0.0
167 0.0
168 0.0
169 0.0
170 0.0
171 0.0
172 0.0
173 0.0
174 0.0
175 0.0
176 0.0
177 0.0
178 0.0
179 0.0
180 0.0
181 0.0
182 0.0
183 0.0
184 0.0
185 0.0
186 0.0
187 0.0
188 0.0
189 0.0
190 0.0
191 0.0
192 0.0
193 0.0
194 0.0
195 0.0
196 0.0
197 0.0
198 0.0
199 0.0
200 0.0
201 0.0
202 0.0
203 0.0
204 0.0
205 0.0
206 0.0
207 0.0
208 0.0
209 0.0
210 0.0
211 0.0
212 0.0
213 0.0
214 0.0
215 0.0
216 0.0
217 0.0
218 0.0
219 0.0
220 0.0
221 0.0
222 0.0
223 0.0
224 0.0
225 0.0
226 0.0
227 0.0
228 0.0
229 0.0
230 0.0
231 0.0
232 0.0
233 0.0
234 0.0
235 0.0
236 0.0
237 0.0
238 0.0
239 0.0
240 0.0
241 0.0
242 0.0
243 0.0
244 0.0
245 0.0
246 0.0
247 0.0
248 0.0
249 0.0
250 0.0
251 0.0
252 0.0
253 0.0
254 0.0
255 0.0
256 0.0
257 0.0
258 0.0
259 0.0
260 0.0
261 0.0
262 0.0
263 0.0
264 0.0
265 0.0
266 0.0
267 0.0
268 0.0
269 0.0
270 0.0
271 0.0
272 0.0
273 0.0
274 0.0
275 0.0
276 0.0
277 0.0
278 0.0
279 0.0
280 0.0
281 0.0
282 0.0
283 0.0
284 0.0
285 0.0
286 0.0
287 0.0
288 0.0
289 1.5837218730995338e-06
290 3.1410263378603883e-06
291 0.0
292 0.0
293 1.5728810146970003e-06
294 6.288714549831445e-06
295 1.571615369141018e-06
296 0.0
297 1.5735146022155086e-06
298 1.5528721924070761e-06
299 1.580198220064725e-06
300 7.850814801251793e-06
301 7.875751700788609e-06
302 4.701822247751006e-06
303 1.2600665069959514e-05
304 1.1034551224165769e-05
305 1.418342704314038e-05
306 1.2616390627023157e-05
307 1.1042881832996712e-05
308 2.3622428597226505e-05
309 2.043153127216807e-05
310 1.7340259324874356e-05
311 3.149325163602807e-05
312 3.305119754262712e-05
313 5.044059617722996e-05
314 6.906333709198218e-05
315 6.604089442442989e-05
316 9.121068230079979e-05
317 0.00011330790461616551
318 0.00013518961720155508
319 0.0002029258699113446
320 0.0002579968323855169
321 0.0002846871516171519
322 0.0003853144989612005
323 0.00044522651707458704
324 0.0006286893071273236
325 0.0007706634371388341
326 0.0009296518633276327
327 0.0011963807873017313
328 0.0015203604333432212
329 0.001907523915828048
330 0.00223913756541379
331 0.002925791692185559
332 0.0034952620584674738
333 0.00457488440460916
334 0.005109793988494146
335 0.006327252838143597
336 0.007381039965739658
337 0.008694392736785751
338 0.010322789016433907
339 0.012082870968261791
340 0.013663402149673607
341 0.015843097782679935
342 0.017762967611849298
343 0.019607051809960967
344 0.021313201468184627
345 0.023480036181874473
346 0.025238599137871808
347 0.026873819422258683
348 0.02901167992223738
349 0.029971468198965977
350 0.031451273890734245
351 0.0331849971908366
352 0.03348773022229265
353 0.03455776118920929
354 0.03514255234770004
355 0.035843597787150266
356 0.035804145276363414
357 0.035113446082238806
358 0.03489701884580067
