0 1.5273704789833822e-06
1 1.5273704789833822e-06
2 0.0
3 0.0
4 3.0547409579667644e-06
5 1.5273704789833822e-06
6 1.5273704789833822e-06
7 0.0
8 3.0547409579667644e-06
9 3.0547409579667644e-06
10 1.5273704789833822e-06
11 3.0547409579667644e-06
12 0.0
13 6.109481915933529e-06
14 0.0
15 3.0547409579667644e-06
16 1.5273704789833822e-06
17 6.109481915933529e-06
18 1.5273704789833822e-06
19 1.0691593352883675e-05
20 1.2218963831867058e-05
21 6.109481915933529e-06
22 1.8328445747800586e-05
23 1.374633431085044e-05
24 2.2910557184750733e-05
25 1.8328445747800586e-05
26 3.207507872319521e-05
27 5.804037686591272e-05
28 7.178641251221896e-05
29 7.942326490713585e-05
30 9.469726836151382e-05
31 9.164252740354706e-05
32 0.0001695387204962437
33 0.0001802309111782157
34 0.00021230539257232256
35 0.00029936730186164075
36 0.00036046032903371103
37 0.00040780911254674013
38 0.0005315264200089385
39 0.0006521895838422581
40 0.0008125643801291454
41 0.0009454450144716112
42 0.0011424767022540996
43 0.001287578092415698
44 0.0015197372105629956
45 0.0017366238185786355
46 0.002031407217016061
47 0.0023246647382972243
48 0.0026118091936879213
49 0.0028363344460857445
50 0.0031173700168895986
51 0.0034900487124260907
52 0.0035954354834886785
53 0.004003247284016314
54 0.004186532637487955
55 0.004443132968608971
56 0.004736388697902866
57 0.004617250813896725
58 0.0049425834139010805
59 0.0051441945251396205
60 0.00516863334879699
61 0.004820395567569678
62 0.004821916666093229
63 0.004876903197994811
64 0.004988404528270579
65 0.004751658520053627
66 0.004693619636510435
67 0.0044110575912212294
68 0.004265957097053264
69 0.003939095633247203
70 0.003908549716990256
71 0.0035709990491476626
72 0.003395351444064574
73 0.0030700212333765703
74 0.0030104531873671294
75 0.00267443198065533
76 0.00253391180593705
77 0.002252876533797739
78 0.0020970844462768895
79 0.0019351825781755642
80 0.0017244039587531353
81 0.0016251239816255831
82 0.0014265664166868317
83 0.0012692469586869993
84 0.0011531653089615417
85 0.001047779135228042
86 0.0009652999347047623
87 0.0008644934830918591
88 0.0007942329477359025
89 0.0007591031280547411
90 0.0005605458617805337
91 0.0005712365591397852
92 0.000526944308571988
93 0.00040322580645161274
94 0.000348241365201844
95 0.0003482410665372996
96 0.000299364613880743
97 0.00030852883675464325
98 0.00026118035190615836
99 0.00022910557184750713
100 0.00021230449657869
101 0.0001634286412512218
102 0.000140518084066471
103 0.0001435728250244378
104 0.00012218963831867047
105 0.0001374636417730485
106 9.622463884049719e-05
107 0.0001008064516129032
108 8.095063538611921e-05
109 6.414956011730204e-05
110 7.942326490713583e-05
111 7.484145213472985e-05
112 7.178641251221892e-05
113 6.262218963831866e-05
114 7.636852394916907e-05
115 4.887585532746823e-05
116 4.887615399201242e-05
117 6.567693059628541e-05
118 7.178641251221894e-05
119 5.9567448680351906e-05
120 6.109481915933529e-05
121 5.1930596285434995e-05
122 4.4293743890518084e-05
123 6.873167155425219e-05
124 5.804037686591271e-05
125 7.636882261371326e-05
126 8.858748778103613e-05
127 8.4005376344086e-05
128 0.00010080645161290314
129 9.927908113391977e-05
130 8.400537634408596e-05
131 0.00010997067448680349
132 0.00013135386119257078
133 0.00015884652981427145
134 0.00014051808406647108
135 0.00020466794284831723
136 0.0002581262082772797
137 0.0002550714673193131
138 0.00029172806015037025
139 0.0003299120234604105
140 0.00042308192134294113
141 0.0004612667806466141
142 0.0005269434125783554
143 0.0006506601227114649
144 0.0006812078309556764
145 0.000882820734181483
146 0.0010477764472471443
147 0.0013028485118955447
148 0.0014326741066155004
149 0.0015747204571545873
150 0.0020191858638678394
151 0.0022391275115059926
152 0.002585840610235218
153 0.0030104504993862307
154 0.003476298196811619
155 0.003900908683291718
156 0.00453629629587153
157 0.005251108368016649
158 0.005808597099522863
159 0.006512715786327833
160 0.007409287633452876
161 0.008247813429085657
162 0.009214642824921215
163 0.010239506624331797
164 0.011461403903512142
165 0.012596244350700406
166 0.01361805639579847
167 0.014647503202639635
168 0.01566015520616741
169 0.016779712689964983
170 0.017864152599327696
171 0.018971497092584277
172 0.019678673805657205
173 0.02064397105238108
174 0.02104261743537663
175 0.021949878486538205
176 0.0225058362635909
177 0.02293044734740009
178 0.022521111760368005
179 0.022822001952740454
180 0.023124429670186412
181 0.022921284319184363
182 0.022281312504515798
183 0.021480976944148484
184 0.02108538560077543
185 0.020533998585907
186 0.019495386660198306
187 0.018913454027737468
188 0.017896228872709065
189 0.016645304983808073
190 0.015721247038681302
191 0.01464597433883793
192 0.013442406700063568
193 0.012296878840826033
194 0.011475149043164809
195 0.010372386362680631
196 0.009312389458278903
197 0.00843567671269063
198 0.007603261593631952
199 0.00677542470337115
200 0.005906350004835971
201 0.005112114966448263
202 0.0046462663730292425
203 0.004180417182281134
204 0.003546558732167575
205 0.0031861016884438516
206 0.002686648555170844
207 0.0023857574668047486
208 0.0020344598673222173
209 0.001745786846794359
210 0.0015487563536700471
211 0.001402127891694009
212 0.0012249529161319375
213 0.0010172293363320205
214 0.0008201988432077087
215 0.000698008906224494
216 0.000621640979604413
217 0.0005406897468892059
218 0.0004093352883675467
219 0.0004230831160011181
220 0.00032838465298142726
221 0.0003176930596285434
222 0.00027798142717497536
223 0.0002275782013685237
224 0.00019244868035190604
225 0.00017564760508308877
226 0.0001405189800601036
227 0.0001466278646469488
228 0.00012677204842016478
229 0.00012524437927663727
230 0.00010691623219338087
231 9.622493750504142e-05
232 9.622434017595303e-05
233 9.927908113391981e-05
234 7.942326490713582e-05
235 9.164252740354704e-05
236 9.469696969696962e-05
237 8.706071463114113e-05
238 7.636882261371328e-05
239 8.858748778103613e-05
240 7.48411534701857e-05
241 7.942326490713586e-05
242 8.553274682306939e-05
243 7.484115347018572e-05
244 9.316989788253044e-05
245 8.706041596659691e-05
246 7.942326490713582e-05
247 0.00010386119257086994
248 0.00010691623219338091
249 0.00011760752688172031
250 0.00010386119257086994
251 0.00012371760612674222
252 0.00011302541544477022
253 0.0001481549364613879
254 0.000160373900293255
255 0.00017106549364613856
256 0.0001542644183773215
257 0.00016037390029325504
258 0.0002520164276968021
259 0.00023368798194900144
260 0.0002489613880742911
261 0.000255071168654769
262 0.0002947825024437927
263 0.00031311124685613745
264 0.00036198740084814984
265 0.00039100714128429
266 0.00044751984900667525
267 0.0005345802649732722
268 0.0004948689311842487
269 0.0005712377537979618
270 0.0005605452644514453
271 0.0006735703812316715
272 0.0006750989463688318
273 0.0007438294232649071
274 0.0007285560171396172
275 0.0008263086237881865
276 0.0009072592591743058
277 0.0010248670847205705
278 0.0009882095958958811
279 0.0010416681599893876
280 0.0012295347289043436
281 0.0012875754044348005
282 0.0014922415552958525
283 0.0014876606385170795
284 0.001606796133206871
285 0.0016663641792163113
286 0.0018175717659838567
287 0.0019642002279598946
288 0.002014603453766346
289 0.002245236396092838
290 0.002338406891304455
291 0.0024254676059355966
292 0.00250794710512342
293 0.0025705675027744733
294 0.002700393396158973
295 0.002892842375175423
296 0.0029188073746535966
297 0.00280272662092177
298 0.002935609345916046
299 0.0030822351199111856
300 0.0030135028510278454
301 0.003044052351259322
302 0.0028852043281223302
303 0.002979901596483842
304 0.0028882593677448404
305 0.002692755647770423
306 0.002582784973283619
307 0.0024407392200736224
308 0.0022788382479659256
309 0.0020986094274395204
310 0.0019519830561152923
311 0.0018328451721091469
312 0.0017121843975921802
313 0.0014494754805488624
314 0.0012570268001969556
315 0.0011745487943318528
316 0.0010095927826016481
317 0.0008232532855011316
318 0.0007392479091570452
319 0.0006078934506353864
320 0.0005880379330731464
321 0.00043224614421684155
322 0.0004139176984690408
323 0.00031922072877207095
324 0.0002840912077554532
325 0.00020772238514173984
326 0.0001634286412512218
327 0.00012829971756369242
328 0.00010386119257086996
329 9.011485826001952e-05
330 6.567722926082963e-05
331 5.1930596285434995e-05
332 3.2074780058651026e-05
333 3.512952101661779e-05
334 1.374633431085044e-05
335 2.2910557184750733e-05
336 1.374633431085044e-05
337 1.8328445747800586e-05
338 1.2218963831867058e-05
339 6.109481915933529e-06
340 4.582111436950147e-06
341 1.5273704789833822e-06
342 4.582111436950147e-06
343 3.0547409579667644e-06
344 4.582111436950147e-06
345 1.5273704789833822e-06
346 3.0547409579667644e-06
347 4.582111436950147e-06
348 1.5273704789833822e-06
349 3.0547409579667644e-06
350 1.5273704789833822e-06
351 0.0
352 0.0
353 3.0547409579667644e-06
354 6.109481915933529e-06
355 0.0
356 0.0
357 0.0
358 1.5273704789833822e-06
