0 0.0
1 0.0
2 1.5273704789833822e-06
3 0.0
4 1.5273704789833822e-06
5 4.582111436950147e-06
6 0.0
7 1.5273704789833822e-06
8 1.5273704789833822e-06
9 1.5273704789833822e-06
10 1.5273704789833822e-06
11 0.0
12 0.0
13 4.582111436950147e-06
14 4.582111436950147e-06
15 1.5273704789833822e-06
16 3.0547409579667644e-06
17 4.582111436950147e-06
18 4.582111436950147e-06
19 4.582111436950147e-06
20 1.5273704789833822e-06
21 9.164222873900293e-06
22 1.5273704789833822e-05
23 1.2218963831867058e-05
24 1.8328445747800586e-05
25 2.2910557184750733e-05
26 4.27663734115347e-05
27 2.138318670576735e-05
28 3.971163245356794e-05
29 3.512952101661779e-05
30 4.734848484848485e-05
31 7.789589442815245e-05
32 8.400537634408597e-05
33 0.00011455278592375356
34 0.000128299120234604
35 0.00016495601173020503
36 0.00017717497556207215
37 0.00020619501466275636
38 0.00025965298142717485
39 0.00032380254154447716
40 0.00040933528836754646
41 0.0004444648093841641
42 0.0005345796676441838
43 0.0006735703812316716
44 0.000719391495601173
45 0.0008690738025415441
46 0.0010401392961876834
47 0.0012417521994134899
48 0.001221896383186706
49 0.0014907135874877807
50 0.0016862170087976538
51 0.0019244868035190612
52 0.0019275415444770284
53 0.0023154936461388057
54 0.0024224095796676445
55 0.002694281524926685
56 0.0029096407624633405
57 0.0030486314760508294
58 0.003245662267839685
59 0.0035221163245356775
60 0.003841336754643206
61 0.003709982893450633
62 0.003781769305962855
63 0.004071969696969694
64 0.004284274193548383
65 0.004270527859237535
66 0.004317876344086019
67 0.0044018817204301034
68 0.004424792277614857
69 0.00418652248289345
70 0.0041880498533724345
71 0.004149865591397849
72 0.0040017106549364604
73 0.003894794721407623
74 0.0037252565982404686
75 0.003570992179863145
76 0.0034656036168132925
77 0.003204423264907135
78 0.0030577956989247296
79 0.002859237536656889
80 0.0027446847507331357
81 0.002413245356793742
82 0.0023307673509286395
83 0.0020833333333333324
84 0.0019183773216031271
85 0.0017030180840664705
86 0.0016831622678396864
87 0.0014647482893450634
88 0.001270772238514174
89 0.0012524437927663725
90 0.0011012341153470184
91 0.0010386119257086998
92 0.0009026759530791788
93 0.000780486314760508
94 0.0007193914956011727
95 0.0006399682306940371
96 0.0006399682306940373
97 0.0005223607038123167
98 0.000484176441837732
99 0.0004200268817204302
100 0.00039253421309872914
101 0.00034671309872922793
102 0.0003451857282502444
103 0.00032532991202346057
104 0.0002596529814271748
105 0.00025659824046920805
106 0.00024132453567937416
107 0.00021077712609970654
108 0.0002000855327468229
109 0.00021535923753665678
110 0.00016342864125122169
111 0.00016648338220918855
112 0.0001634286412512217
113 0.0001512096774193548
114 0.00014968230694037133
115 0.00011302541544477015
116 0.00013135386119257078
117 0.00014662756598240456
118 0.00012066226783968709
119 0.00014815493646138796
120 0.00013288123167155412
121 0.00012524437927663722
122 0.00012524437927663727
123 0.00013593597262952087
124 0.00016342864125122177
125 0.00016190127077223842
126 0.0001695381231671553
127 0.0001970307917888562
128 0.00018481182795698905
129 0.00017259286412512205
130 0.000271871945259042
131 0.0002199413489736068
132 0.0002932551319648093
133 0.0002733993157380253
134 0.00028561827956989237
135 0.00034671309872922777
136 0.0003894794721407624
137 0.00047043010752688175
138 0.0005269428152492668
139 0.000557490224828934
140 0.0006262218963831866
141 0.0007056451612903222
142 0.0008568548387096772
143 0.0009423875855327465
144 0.0010447214076246335
145 0.001192876344086021
146 0.001440310361681328
147 0.0015655547409579658
148 0.0017473118279569889
149 0.0020222385141739968
150 0.002239125122189638
151 0.002654569892473118
152 0.0029142228739002926
153 0.00341061827956989
154 0.003768022971652001
155 0.0041208455522971634
156 0.004663062072336264
157 0.005272482893450633
158 0.005956744868035189
159 0.006523399315738024
160 0.007002993646138807
161 0.00789956011730205
162 0.008635752688172038
163 0.009546065493646136
164 0.01034335288367546
165 0.01131781524926685
166 0.012232710166177906
167 0.01278561827956989
168 0.014041116813294232
169 0.014612353372434016
170 0.01593963831867057
171 0.016419232649071348
172 0.017389112903225805
173 0.017761791300097737
174 0.018855388563049837
175 0.019567143206256094
176 0.019915383675464318
177 0.01970766129032257
178 0.019993279569892466
179 0.020646994134897356
180 0.020373594819159326
181 0.019968841642228733
182 0.019643511730205274
183 0.019490774682306932
184 0.01931970918866079
185 0.01865224828934505
186 0.01836663000977515
187 0.01755865102639296
188 0.016759836265884644
189 0.015716642228738996
190 0.014824657869012707
191 0.014048753665689143
192 0.013358382209188658
193 0.01243126832844574
194 0.011239919354838706
195 0.010444159335288363
196 0.009854594330400776
197 0.008638807429130011
198 0.008179068914956011
199 0.007224462365591397
200 0.006503543499511241
201 0.00590328690127077
202 0.005269428152492665
203 0.004805107526881719
204 0.00438966275659824
205 0.0037756598240469195
206 0.0033892350928641226
207 0.0029493523949169105
208 0.0026637341153470176
209 0.002338404203323558
210 0.0020894428152492665
211 0.0017778592375366563
212 0.001713709677419354
213 0.0014540566959921795
214 0.001176075268817204
215 0.0010416666666666662
216 0.0009042033235581617
217 0.000824780058651026
218 0.0007728494623655915
219 0.0006338587487781035
220 0.0005666544477028348
221 0.00047043010752688175
222 0.00047195747800586515
223 0.0003787878787878789
224 0.00033754887585532735
225 0.0003207478005865104
226 0.00027187194525904197
227 0.00021688660801564007
228 0.0002489613880742911
229 0.00019855816226783948
230 0.00024132453567937424
231 0.0001955034213098727
232 0.00016495601173020522
233 0.00016648338220918855
234 0.00014968230694037133
235 0.00014968230694037133
236 0.00011149804496578681
237 0.00014357282502443786
238 0.00011149804496578687
239 0.0001496823069403713
240 0.00011760752688172034
241 0.00012677174975562068
242 0.00014051808406647108
243 0.00013288123167155415
244 0.00015884652981427161
245 0.00014510019550342118
246 0.00016495601173020512
247 0.00015731915933528827
248 0.00016801075268817192
249 0.00015273704789833814
250 0.00020619501466275642
251 0.0002138318670576732
252 0.00019855816226783948
253 0.00022605083088954032
254 0.0002504887585532744
255 0.00022757820136852367
256 0.0003024193548387095
257 0.00031311094819159335
258 0.0003955889540566961
259 0.0003864247311827956
260 0.0004658479960899316
261 0.0004490469208211142
262 0.0005040322580645161
263 0.0005651270772238516
264 0.0006430229716520039
265 0.0007591031280547405
266 0.0007697947214076246
267 0.0009576612903225803
268 0.0009316959921798625
269 0.001084433040078201
270 0.0012112047898338223
271 0.00137768817204301
272 0.0014632209188660795
273 0.0017457844574780051
274 0.0017809139784946237
275 0.0019764173998044958
276 0.0022360703812316705
277 0.0023552052785923744
278 0.0024789222873900308
279 0.002857710166177908
280 0.0029905913978494603
281 0.003060850439882696
282 0.003361742424242423
283 0.0036061217008797643
284 0.0036672165200391
285 0.003903958944281524
286 0.004061278103616811
287 0.003989491691104593
288 0.0042460899315738005
289 0.00448435972629521
290 0.004294965786901267
291 0.004496578690127075
292 0.004411045943304007
293 0.004308712121212122
294 0.004414100684261974
295 0.004272055229716519
296 0.004232343597262952
297 0.004039894916911045
298 0.003980327468230692
299 0.0036580522971652
300 0.003584738514173996
301 0.0035129521016617777
302 0.0030745967741935463
303 0.0031112536656891505
304 0.0026774804496578672
305 0.002529325513196481
306 0.0024025537634408596
307 0.0020863880742912995
308 0.0018542277614858247
309 0.0015243157380254143
310 0.0014632209188660803
311 0.0013364491691104593
312 0.001191348973607038
313 0.0009637707722385137
314 0.0008599095796676439
315 0.0007331378299120234
316 0.0006201124144672529
317 0.000531524926686217
318 0.00043377321603128074
319 0.0003482404692082112
320 0.00034213098729227767
321 0.0002902003910068426
322 0.00022452346041055703
323 0.0001955034213098728
324 0.00013746334310850433
325 0.0001344086021505375
326 0.00010844330400782008
327 8.095063538611925e-05
328 7.789589442815246e-05
329 5.8040078201368524e-05
330 2.9020039100684262e-05
331 2.9020039100684262e-05
332 3.665689149560117e-05
333 2.5965298142717498e-05
334 2.4437927663734115e-05
335 1.985581622678397e-05
336 1.0691593352883675e-05
337 1.0691593352883675e-05
338 1.0691593352883675e-05
339 9.164222873900293e-06
340 1.374633431085044e-05
341 4.582111436950147e-06
342 4.582111436950147e-06
343 3.0547409579667644e-06
344 1.5273704789833822e-06
345 1.0691593352883675e-05
346 4.582111436950147e-06
347 3.0547409579667644e-06
348 1.5273704789833822e-06
349 1.5273704789833822e-06
350 0.0
351 1.5273704789833822e-06
352 0.0
353 0.0
354 1.5273704789833822e-06
355 0.0
356 0.0
357 0.0
358 0.0
