0 0.0
1 1.5273704789833822e-06
2 0.0
3 0.0
4 0.0
5 0.0
6 1.5273704789833822e-06
7 1.5273704789833822e-06
8 3.0547409579667644e-06
9 0.0
10 1.5273704789833822e-06
11 1.5273704789833822e-06
12 0.0
13 0.0
14 0.0
15 1.5273704789833822e-06
16 6.109481915933529e-06
17 3.0547409579667644e-06
18 7.636852394916911e-06
19 7.636852394916911e-06
20 1.5273704789833822e-06
21 6.109481915933529e-06
22 1.6801075268817204e-05
23 1.2218963831867058e-05
24 1.374633431085044e-05
25 2.4437927663734115e-05
26 3.360215053763441e-05
27 1.985581622678397e-05
28 4.887585532746823e-05
29 4.734848484848485e-05
30 6.109481915933529e-05
31 8.095063538611922e-05
32 8.095063538611922e-05
33 0.00010386119257086994
34 0.00016190127077223834
35 0.00020466764418377299
36 0.000184811827956989
37 0.0002596529814271747
38 0.0003253299120234603
39 0.0003497678396871946
40 0.0004505742913000977
41 0.0005208333333333334
42 0.0005483260019550346
43 0.0007056451612903226
44 0.0007911779081133919
45 0.0010111192570869993
46 0.001072214076246334
47 0.001217314271749755
48 0.0014403103616813296
49 0.0015609726295210161
50 0.0018633919843597255
51 0.0019504521016617787
52 0.002257453567937436
53 0.002439210654936462
54 0.0026866446725317683
55 0.003044049364613878
56 0.003372434017595308
57 0.0036076490713587467
58 0.003706928152492668
59 0.0037787145650048865
60 0.004097934995112412
61 0.004162084555229712
62 0.004337732160312807
63 0.004531708211143694
64 0.004563782991202345
65 0.0046630620723362645
66 0.004531708211143695
67 0.004776087487781034
68 0.00456989247311828
69 0.004577529325513196
70 0.0046065493646138805
71 0.004554618768328444
72 0.004406463831867057
73 0.004036840175953078
74 0.00397880009775171
75 0.0037298387096774176
76 0.0035725195503421283
77 0.0032609359726295207
78 0.0031677663734115337
79 0.0029050586510263915
80 0.002819525904203322
81 0.002517106549364614
82 0.00232618523949169
83 0.0022192693059628543
84 0.0020375122189638306
85 0.0018679740957966745
86 0.001565554740957967
87 0.0014296187683284446
88 0.0013257575757575752
89 0.0013425586510263923
90 0.0011073435972629522
91 0.0010004276637341153
92 0.0008247800586510259
93 0.0007804863147605082
94 0.0007132820136852392
95 0.0006185850439882698
96 0.0006353861192570872
97 0.0004780669599217988
98 0.00043682795698924727
99 0.00045973851417399836
100 0.0004322458455522974
101 0.00035129521016617787
102 0.00036198680351906174
103 0.00032074780058651025
104 0.00030700146627565974
105 0.0002489613880742912
106 0.0002672898338220916
107 0.0002275782013685238
108 0.00019092130987292258
109 0.00018786656891495575
110 0.00022452346041055695
111 0.0001664833822091886
112 0.000172592864125122
113 0.00014357282502443783
114 0.00017564760508308883
115 0.0001252443792766373
116 0.00016801075268817187
117 0.00014968230694037128
118 0.00012371700879765382
119 0.0001451001955034212
120 0.00013899071358748768
121 0.0001313538611925708
122 0.00014204545454545438
123 0.0001527370478983381
124 0.0001710654936461387
125 0.00016953812316715535
126 0.00016801075268817192
127 0.00019244868035190595
128 0.000192448680351906
129 0.00023063294232649053
130 0.00023063294232649048
131 0.00023063294232649048
132 0.0002627077223851416
133 0.00029325513196480933
134 0.0003604594330400781
135 0.0003910068426197461
136 0.000403225806451613
137 0.00042460899315738043
138 0.0004887585532746822
139 0.0005025048875855326
140 0.0006460777126099705
141 0.0007575757575757576
142 0.0008461632453567931
143 0.0009989002932551318
144 0.0010187561094819162
145 0.001203567937438905
146 0.0013776881720430102
147 0.0015044599217986308
148 0.001791605571847507
149 0.001953506842619746
150 0.0023414589442815235
151 0.002685117302052784
152 0.0029401881720430094
153 0.003323558162267838
154 0.0036779081133919817
155 0.0043300953079178865
156 0.00471041055718475
157 0.005270955522971649
158 0.005820808895405665
159 0.006314149560117298
160 0.007002993646138803
161 0.007907196969696965
162 0.008647971652003908
163 0.009509408602150533
164 0.010396810850439876
165 0.01133614369501465
166 0.01191196236559139
167 0.012895588954056694
168 0.013764662756598238
169 0.014670393450635382
170 0.015241630009775166
171 0.016197763929618764
172 0.016830095307917885
173 0.017373839198435964
174 0.01806421065493646
175 0.01856366080156403
176 0.018824841153470176
177 0.019493829423264906
178 0.01946328201368524
179 0.01980388563049853
180 0.01964045698924731
181 0.019318181818181804
182 0.01896230449657868
183 0.019021871945259023
184 0.018643084066471145
185 0.01790994623655914
186 0.017589198435972613
187 0.01685147849462365
188 0.016038917399804488
189 0.015595979960899311
190 0.014749816715542515
191 0.013668438416422284
192 0.012927663734115344
193 0.01210135630498534
194 0.010969574780058652
195 0.010083699902248285
196 0.009481915933528835
197 0.008609787390029322
198 0.007803335777126094
199 0.007360398338220917
200 0.00641801075268817
201 0.005603922287390032
202 0.005205278592375361
203 0.004707355816226783
204 0.004253726783968718
205 0.0038214809384164218
206 0.003331195014662756
207 0.002927969208211143
208 0.0025430718475073296
209 0.0021963587487781027
210 0.0019901637341153467
211 0.001765640273704789
212 0.0015243157380254147
213 0.0013425586510263927
214 0.0011867668621700872
215 0.0010233382209188658
216 0.0008996212121212121
217 0.0008324169110459428
218 0.0006414956011730204
219 0.0006170576735092865
220 0.0005788734115347018
221 0.0004857038123167156
222 0.00045973851417399815
223 0.00038031524926686235
224 0.00033143939393939385
225 0.0003482404692082114
226 0.0002856182795698924
227 0.00026576246334310846
228 0.000284090909090909
229 0.00024285190615835753
230 0.00021230449657868994
231 0.00019092130987292258
232 0.00017717497556207215
233 0.00017106549364613856
234 0.00018022971652003892
235 0.00015884652981427161
236 0.00016648338220918852
237 0.00011608015640273701
238 0.00011455278592375356
239 0.00018175708699902222
240 0.00011455278592375354
241 0.000172592864125122
242 0.00013440860215053755
243 0.00013135386119257075
244 0.00014357282502443783
245 0.00013135386119257083
246 0.00018175708699902227
247 0.00016953812316715516
248 0.00017106549364613864
249 0.00019855816226783948
250 0.0001985581622678396
251 0.0001878665689149558
252 0.00021688660801564004
253 0.00022605083088954043
254 0.0002856182795698925
255 0.0002932551319648093
256 0.0003406036168132942
257 0.00036198680351906174
258 0.00037726050830889533
259 0.0004322458455522974
260 0.00046584799608993165
261 0.000479594330400782
262 0.0005574902248289344
263 0.0005361070381231671
264 0.0006766251221896378
265 0.0007438294232649071
266 0.0007255009775171063
267 0.0008782380254154446
268 0.0008919843597262948
269 0.001069159335288367
270 0.00126924486803519
271 0.0013379765395894426
272 0.0015136241446725316
273 0.0016403958944281518
274 0.001739674975562072
275 0.0019244868035190616
276 0.002277309384164221
277 0.0023888074291300095
278 0.0024117179863147593
279 0.0026377688172043003
280 0.0030257209188660796
281 0.003202895894428153
282 0.003297592864125122
283 0.0035969574780058628
284 0.0036840175953079166
285 0.003961999022482893
286 0.004246089931573802
287 0.004337732160312803
288 0.004288856304985335
289 0.004650843108504397
290 0.004589748289345062
291 0.004600439882697946
292 0.004576001955034214
293 0.004730266373411532
294 0.004685972629521015
295 0.00469360948191593
296 0.004392717497556207
297 0.004339259530791789
298 0.004152920332355816
299 0.004053641251221895
300 0.003952834799608991
301 0.0036168132942326478
302 0.0033403592375366572
303 0.0032639907135874864
304 0.0029722629521016595
305 0.002712609970674485
306 0.0024926686217008782
307 0.002155119745845552
308 0.0020848607038123157
309 0.0018985215053763428
310 0.0016663611925708693
311 0.0014112903225806446
312 0.0012035679374389045
313 0.0010874877810361672
314 0.0009057306940371455
315 0.0008400537634408599
316 0.0007132820136852392
317 0.0006445503421309871
318 0.0005025048875855326
319 0.00042002688172043017
320 0.00033602150537634395
321 0.0002779814271749755
322 0.00025812561094819134
323 0.0002092497556207232
324 0.00016190127077223834
325 0.00013288123167155412
326 0.0001451001955034212
327 9.316959921798627e-05
328 8.553274682306932e-05
329 6.567693059628543e-05
330 4.887585532746823e-05
331 3.665689149560117e-05
332 3.0547409579667644e-05
333 2.138318670576735e-05
334 3.360215053763441e-05
335 2.138318670576735e-05
336 9.164222873900293e-06
337 1.8328445747800586e-05
338 9.164222873900293e-06
339 1.374633431085044e-05
340 9.164222873900293e-06
341 7.636852394916911e-06
342 1.5273704789833822e-06
343 4.582111436950147e-06
344 1.5273704789833822e-06
345 9.164222873900293e-06
346 0.0
347 1.5273704789833822e-06
348 4.582111436950147e-06
349 3.0547409579667644e-06
350 1.5273704789833822e-06
351 1.5273704789833822e-06
352 1.5273704789833822e-06
353 3.0547409579667644e-06
354 1.5273704789833822e-06
355 0.0
356 4.582111436950147e-06
357 0.0
358 0.0
