0 0.0
1 0.0
2 0.0
3 0.0
4 0.0
5 0.0
6 0.0
7 0.0
8 0.0
9 0.0
10 0.0
11 0.0
12 0.0
13 0.0
14 0.0
15 0.0
16 0.0
17 0.0
18 0.0
19 0.0
20 0.0
21 0.0
22 0.0
23 0.0
24 0.0
25 0.0
26 0.0
27 0.0
28 0.0
29 0.0
30 0.0
31 0.0
32 0.0
33 0.0
34 0.0
35 0.0
36 0.0
37 0.0
38 0.0
39 0.0
40 0.0
41 0.0
42 0.0
43 0.0
44 0.0
45 0.0
46 0.0
47 0.0
48 0.0
49 0.0
50 0.0
51 0.0
52 0.0
53 0.0
54 0.0
55 0.0
56 0.0
57 0.0
58 0.0
59 0.0
60 0.0
61 0.0
62 0.0
63 0.0
64 0.0
65 0.0
66 0.0
67 0.0
68 0.0
69 0.0
70 0.0
71 0.0
72 0.0
73 0.0
74 0.0
75 0.0
76 0.0
77 0.0
78 0.0
79 0.0
80 0.0
81 0.0
82 0.0
83 0.0
84 0.0
85 0.0
86 0.0
87 0.0
88 0.0
89 0.0
90 0.0
91 0.0
92 0.0
93 0.0
94 0.0
95 0.0
96 0.0
97 0.0
98 0.0
99 0.0
100 0.0
101 0.0
102 0.0
103 0.0
104 0.0
105 0.0
106 0.0
107 0.0
108 0.0
109 0.0
110 0.0
111 0.0
112 0.0
113 0.0
114 0.0
115 0.0
116 0.0
117 0.0
118 0.0
119 0.0
120 0.0
121 3.0547409579667644e-06
122 0.0
123 3.0547409579667644e-06
124 0.0
125 4.582111436950147e-06
126 3.0547409579667644e-06
127 6.109481915933529e-06
128 3.0547409579667644e-06
129 1.0691593352883675e-05
130 9.164222873900293e-06
131 1.2218963831867058e-05
132 2.4437927663734115e-05
133 3.512952101661779e-05
134 5.651270772238514e-05
135 5.498533724340176e-05
136 0.00010080645161290313
137 0.00011455278592375362
138 0.00020466764418377299
139 0.00026881720430107516
140 0.0003329667644183775
141 0.00045973851417399825
142 0.0006460777126099707
143 0.0008140884652981427
144 0.001030975073313782
145 0.0014693304007820133
146 0.0017961876832844567
147 0.002196358748778103
148 0.00282716275659824
149 0.0034579667644183765
150 0.004090298142717497
151 0.005086143695014661
152 0.00599951124144672
153 0.0069586999022482905
154 0.008053824535679375
155 0.009332233626588462
156 0.010691593352883678
157 0.011829484359726299
158 0.013182734604105571
159 0.014236620234604102
160 0.015284396383186705
161 0.016602517106549364
162 0.01731732649071358
163 0.018181818181818174
164 0.019211265884652967
165 0.019729044477028338
166 0.019927602639296188
167 0.020147543988269782
168 0.019698497067448674
169 0.019932184750733137
170 0.019892473118279567
171 0.01965267595307917
172 0.019171554252199418
173 0.019060056207233625
174 0.018942448680351887
175 0.019724462365591403
176 0.019295271260997074
177 0.01964503910068426
178 0.02002077223851417
179 0.020669904692082096
180 0.02130834555229716
181 0.02233932062561095
182 0.023399315738025412
183 0.02394458699902248
184 0.02429893695014663
185 0.024929740957966767
186 0.025169538123167145
187 0.025496395405669597
188 0.025887402248289334
189 0.025349767839687187
190 0.025029020039100666
191 0.02405455767350928
192 0.023187011241446703
193 0.022241568914956017
194 0.021117424242424247
195 0.019376221896383182
196 0.017804557673509285
197 0.016798020527859236
198 0.015040017106549364
199 0.013317143206256104
200 0.012099828934506356
201 0.010230327468230691
202 0.009016067937438902
203 0.007587976539589439
204 0.006505070869990224
205 0.005576429618768329
206 0.004510325024437926
207 0.0035725195503421288
208 0.0028882575757575753
209 0.002324657869012708
210 0.0018740835777126094
211 0.0014937683284457469
212 0.0011760752688172035
213 0.0009087854349951125
214 0.0006369134897360704
215 0.0005254154447702835
216 0.00043835532746823105
217 0.0003070014662756598
218 0.00016953812316715535
219 0.00015731915933528837
220 9.927908113391981e-05
221 8.553274682306935e-05
222 5.345796676441838e-05
223 5.651270772238514e-05
224 2.5965298142717498e-05
225 1.5273704789833822e-05
226 3.2074780058651026e-05
227 9.164222873900293e-06
228 4.582111436950147e-06
229 9.164222873900293e-06
230 4.582111436950147e-06
231 1.5273704789833822e-06
232 0.0
233 0.0
234 0.0
235 1.5273704789833822e-06
236 0.0
237 0.0
238 0.0
239 0.0
240 0.0
241 0.0
242 0.0
243 0.0
244 0.0
245 0.0
246 0.0
247 0.0
248 0.0
249 0.0
250 0.0
251 0.0
252 0.0
253 0.0
254 0.0
255 0.0
256 0.0
257 0.0
258 0.0
259 0.0
260 0.0
261 0.0
262 0.0
263 0.0
264 0.0
265 0.0
266 0.0
267 0.0
268 0.0
269 0.0
270 0.0
271 0.0
272 0.0
273 0.0
274 0.0
275 0.0
276 0.0
277 0.0
278 0.0
279 0.0
280 0.0
281 0.0
282 0.0
283 0.0
284 0.0
285 0.0
286 0.0
287 0.0
288 0.0
289 0.0
290 0.0
291 0.0
292 0.0
293 0.0
294 0.0
295 0.0
296 0.0
297 0.0
298 0.0
299 0.0
300 0.0
301 0.0
302 0.0
303 0.0
304 0.0
305 0.0
306 0.0
307 0.0
308 0.0
309 0.0
310 0.0
311 0.0
312 0.0
313 0.0
314 0.0
315 0.0
316 0.0
317 0.0
318 0.0
319 0.0
320 0.0
321 0.0
322 0.0
323 0.0
324 0.0
325 0.0
326 0.0
327 0.0
328 0.0
329 0.0
330 0.0
331 0.0
332 0.0
333 0.0
334 0.0
335 0.0
336 0.0
337 0.0
338 0.0
339 0.0
340 0.0
341 0.0
342 0.0
343 0.0
344 0.0
345 0.0
346 0.0
347 0.0
348 0.0
349 0.0
350 0.0
351 0.0
352 0.0
353 0.0
354 0.0
355 0.0
356 0.0
357 0.0
358 0.0
