0 0.0
1 0.0
2 1.5273704789833822e-06
3 0.0
4 0.0
5 3.0547409579667644e-06
6 0.0
7 1.5273704789833822e-06
8 1.5273704789833822e-06
9 0.0
10 0.0
11 1.5273704789833822e-06
12 1.5273704789833822e-06
13 4.582111436950147e-06
14 4.582111436950147e-06
15 0.0
16 3.0547409579667644e-06
17 4.582111436950147e-06
18 3.0547409579667644e-06
19 1.5273704789833822e-06
20 1.985581622678397e-05
21 1.2219262496411248e-05
22 1.5273704789833822e-05
23 9.164222873900293e-06
24 1.8328445747800586e-05
25 3.2074780058651026e-05
26 2.5965298142717498e-05
27 2.5965298142717498e-05
28 3.665689149560117e-05
29 3.971163245356794e-05
30 7.48417507992741e-05
31 8.095093405066338e-05
32 9.011485826001949e-05
33 0.00011608045506728118
34 0.00011913549468979208
35 0.00016190156943678255
36 0.00021077712609970651
37 0.0002229963885961179
38 0.00023063353965557893
39 0.0003207478005865101
40 0.00038642502984733996
41 0.00042002837504315124
42 0.0005666556423610115
43 0.0006506607200405533
44 0.0007010639458470048
45 0.0008629658139483317
46 0.0009546080426873342
47 0.0011272012054770013
48 0.0012738278754657734
49 0.0014250378515496722
50 0.0016633079449356234
51 0.0018359023023834663
52 0.0019901664220962436
53 0.002094028211996204
54 0.002318553763058567
55 0.0025018367272138533
56 0.0028531316387154877
57 0.00298295783076453
58 0.0032563586398252783
59 0.0035312838327195644
60 0.0034671357659249824
61 0.0037069314378026528
62 0.003821488405030025
63 0.003897853643669209
64 0.004152927500304874
65 0.004177366622626784
66 0.004223186243673567
67 0.004117795888636449
68 0.004197220945530847
69 0.0040979424617260205
70 0.004096413896588856
71 0.004178889214473062
72 0.0038077387854091897
73 0.003722205739921576
74 0.0035205964206702998
75 0.0033082874441234473
76 0.003306760372309006
77 0.0031097301778492395
78 0.002967687709949227
79 0.0027492698488155286
80 0.0023796446995788295
81 0.00231855167240676
82 0.0021398493263657037
83 0.0019962753066830883
84 0.0018572854890892341
85 0.001724404556082224
86 0.0014357306395607321
87 0.0013486711195877684
88 0.0012417545887298425
89 0.001085961605215361
90 0.0010401407895104034
91 0.0009072595578388497
92 0.0008140902572854072
93 0.0007117552405353444
94 0.0006781533886622542
95 0.0006124764580659687
96 0.0005513810415775455
97 0.0005055605245371322
98 0.0004689030357124424
99 0.00037420636468001717
100 0.00033143969260393834
101 0.00033144028993302644
102 0.00029936461388074283
103 0.00029783724340175954
104 0.0002672904311511801
105 0.00026270772238514155
106 0.00024590694578086855
107 0.00021077772342879494
108 0.00018022971652003895
109 0.00020925035294981154
110 0.00016648338220918855
111 0.00016495601173020517
112 0.00015426471704186562
113 0.00015273734656288227
114 0.00013593627129406511
115 0.00014357312368898194
116 0.00013593627129406506
117 0.00012982678937813159
118 0.00012524437927663725
119 0.00012066256650423133
120 0.00014815493646138793
121 0.00011455368191738615
122 0.00012218963831867047
123 0.00017412053326864955
124 0.00013899101225203184
125 0.0001359362712940651
126 0.00015579178885630478
127 0.00017564790374763304
128 0.0001817579829926549
129 0.00021230479524323405
130 0.00020314057236933382
131 0.00022452346041055706
132 0.00026881720430107516
133 0.0002810361681329423
134 0.0002886739165214918
135 0.0003299123221249545
136 0.0003818432170749341
137 0.00043530088517480803
138 0.0005590187899660949
139 0.0005406909415473825
140 0.0006308049038137692
141 0.0007270298413188105
142 0.0008232541814947636
143 0.0009637722655612347
144 0.00115774801772758
145 0.0011684399097450083
146 0.0013837994459462086
147 0.0015945777667040926
148 0.0018572869824119553
149 0.001984056044186677
150 0.0023536805960942893
151 0.0027446892307012986
152 0.0030562725097493656
153 0.0033907687352985353
154 0.003720681057423488
155 0.0041987483160098316
156 0.004950219668966909
157 0.005219031795970732
158 0.006031593488118977
159 0.006752516236838211
160 0.00728862715760045
161 0.008133256461858291
162 0.009035936894905634
163 0.009845444144760457
164 0.01054803755173825
165 0.011441549281943533
166 0.012810075620428995
167 0.013114021151088517
168 0.013957135628778223
169 0.015269145376902223
170 0.01613516682780215
171 0.016704877509785686
172 0.017897756243188057
173 0.0179771789107661
174 0.01887833257066355
175 0.019370143475579842
176 0.02010939437138232
177 0.020891404173982744
178 0.020663832543234194
179 0.020724924674412625
180 0.020755471187998656
181 0.020555387447239108
182 0.020275878052256054
183 0.020075791623515596
184 0.019562589467950853
185 0.019125758225651622
186 0.018423171986622883
187 0.01778472813976239
188 0.017016460490169204
189 0.01599006513897602
190 0.015235544719687312
191 0.014225952235750213
192 0.013480590364709066
193 0.012460303300773641
194 0.011579013521045666
195 0.010543457530953109
196 0.00986072023886664
197 0.00894735119911186
198 0.008250865482062728
199 0.007325282257108788
200 0.006830410936608187
201 0.006060614721877842
202 0.005318311175769193
203 0.00493494297753163
204 0.00432399269528647
205 0.00373290091724899
206 0.0033663281196539036
207 0.0029936506187755916
208 0.0026438827790883977
209 0.0023200796402148317
210 0.0021352681109223872
211 0.0017900814866785093
212 0.0015579211738730352
213 0.0014571138262664996
214 0.0013227049254514176
215 0.0010935984576102783
216 0.0009271156727301777
217 0.0008217271096803249
218 0.0007010642445115491
219 0.0006399694253522138
220 0.0005697097859898898
221 0.0005040340500517814
222 0.0004001713641581905
223 0.00038184321707493413
224 0.0003619876995126941
225 0.0003207478005865101
226 0.00030700206360474805
227 0.0002932557292938976
228 0.000227578500033068
229 0.0001985581622678396
230 0.00018022971652003892
231 0.00019397605083088944
232 0.0001649560117302052
233 0.00014204545454545438
234 0.0001588465298142716
235 0.000155792087520849
236 0.00015120967741935466
237 0.0001374636417730485
238 0.0001344089008150817
239 0.00014510019550342113
240 0.00014051838273101527
241 0.00012218963831867041
242 0.0001313538611925708
243 0.00014968230694037142
244 0.00016037390029325502
245 0.0001328824263297309
246 0.00014204575320999862
247 0.00016037449762234342
248 0.00012677204842016478
249 0.00016037419895779918
250 0.000193976946824522
251 0.0001817573856635664
252 0.00016953842183169948
253 0.00019550342130987273
254 0.00027034576943823536
255 0.00026118065057070247
256 0.00026881750296561943
257 0.00029325543062935376
258 0.0003497681383517387
259 0.000331439692603938
260 0.0004062814434032123
261 0.00043530148250389667
262 0.0005315261213443938
263 0.0005040325567290604
264 0.0006552437274711358
265 0.000720918866080156
266 0.0007636861354853232
267 0.0007804866134250521
268 0.000855329260217959
269 0.00105541389697115
270 0.0011348377592073737
271 0.001180657977583242
272 0.0013975463775861472
273 0.0014983522318699626
274 0.001681636988012512
275 0.0017977162484216168
276 0.00198558401199475
277 0.0021459576136234606
278 0.0023353530463401206
279 0.0026316626205983512
280 0.002703448435781483
281 0.002848549825943081
282 0.003138749320956292
283 0.0033143999126848205
284 0.0035679431135315176
285 0.0038092667532172602
286 0.0038138497606478457
287 0.004041426767358191
288 0.003903963424249686
289 0.0041116858093914275
290 0.0041575093130772805
291 0.004238459351134312
292 0.00436370313308186
293 0.004200274193166096
294 0.0042949714615276085
295 0.004036844954585784
296 0.0039436765500259745
297 0.003932987047324902
298 0.003676385820210251
299 0.0036366750837503164
300 0.0034320062449083653
301 0.003202899179738138
302 0.003146387069344842
303 0.002872988052271359
304 0.002790508254418993
305 0.002372010535164812
306 0.0023154978274424246
307 0.001909215786710125
308 0.001823682442557967
309 0.0016022128271117443
310 0.001423511675728865
311 0.0012891018789201515
312 0.0010493065057070252
313 0.0009989008905842204
314 0.0007972876886938694
315 0.0006934273921166324
316 0.0006124767567305131
317 0.0005498542684276503
318 0.00044293863356335774
319 0.0003833699902248289
320 0.00031616628647864863
321 0.00022910587051205131
322 0.00022452435640418953
323 0.0001557917888563049
324 0.00015426441837732151
325 0.0001313538611925708
326 0.00010080645161290319
327 8.706041596659691e-05
328 6.414956011730204e-05
329 5.651270772238514e-05
330 4.123900293255132e-05
331 3.0547409579667644e-05
332 2.4437927663734115e-05
333 1.5273704789833822e-05
334 2.749266862170088e-05
335 1.8328445747800586e-05
336 2.2910557184750733e-05
337 7.636852394916911e-06
338 6.109481915933529e-06
339 1.6801075268817204e-05
340 9.164222873900293e-06
341 4.582410101494336e-06
342 9.164222873900293e-06
343 3.0547409579667644e-06
344 6.109481915933529e-06
345 1.5273704789833822e-06
346 4.582111436950147e-06
347 1.5273704789833822e-06
348 1.5273704789833822e-06
349 4.582111436950147e-06
350 1.5273704789833822e-06
351 4.582111436950147e-06
352 0.0
353 0.0
354 1.5273704789833822e-06
355 1.5273704789833822e-06
356 0.0
357 1.5273704789833822e-06
358 1.5273704789833822e-06
