0 1.5273704789833822e-06
1 0.0
2 3.0547409579667644e-06
3 0.0
4 1.5273704789833822e-06
5 1.5273704789833822e-06
6 1.5273704789833822e-06
7 1.5273704789833822e-06
8 3.0547409579667644e-06
9 1.5273704789833822e-06
10 3.0547409579667644e-06
11 3.0547409579667644e-06
12 0.0
13 6.109481915933529e-06
14 1.5273704789833822e-06
15 9.164222873900293e-06
16 3.0547409579667644e-06
17 6.109481915933529e-06
18 1.0691593352883675e-05
19 4.582111436950147e-06
20 4.582111436950147e-06
21 1.2218963831867058e-05
22 1.8328445747800586e-05
23 1.985581622678397e-05
24 2.138318670576735e-05
25 3.0547409579667644e-05
26 2.9020039100684262e-05
27 5.345796676441838e-05
28 5.498533724340176e-05
29 5.651270772238514e-05
30 6.567693059628544e-05
31 9.927908113391978e-05
32 0.00011455278592375356
33 0.00013135386119257078
34 0.0002046676441837731
35 0.00018328445747800578
36 0.00027187194525904197
37 0.0003039467253176929
38 0.00036198680351906174
39 0.0004200268817204303
40 0.0005223607038123165
41 0.0006140029325513195
42 0.0007575757575757574
43 0.0008904569892473113
44 0.000991263440860215
45 0.0011348362658846524
46 0.0012173142717497555
47 0.0014830767350928632
48 0.0016358137829912028
49 0.0017961876832844562
50 0.0020344574780058636
51 0.0022910557184750717
52 0.002523216031280547
53 0.0027462121212121207
54 0.0028714565004887577
55 0.003173875855327467
56 0.003418255131964809
57 0.003560300586510263
58 0.00384744623655914
59 0.0039406158357771235
60 0.0042949657869012685
61 0.004307184750733136
62 0.004658479960899315
63 0.004653897849462366
64 0.0047058284457477985
65 0.004759286412512217
66 0.00481121700879765
67 0.004699718963831866
68 0.004841764418377318
69 0.004594330400782013
70 0.004714992668621699
71 0.004609604105571845
72 0.004548509286412509
73 0.004349951124144671
74 0.004264418377321601
75 0.004049059139784943
76 0.0038596652003910063
77 0.0035694648093841635
78 0.0034671309872922745
79 0.003253299120234603
80 0.0028714565004887577
81 0.0027691226783968714
82 0.002622495112414465
83 0.0023796432062561097
84 0.002170393450635385
85 0.0019229594330400779
86 0.0018297898338220907
87 0.001620540078201368
88 0.0014937683284457473
89 0.0013333944281524934
90 0.001174547898338221
91 0.0010187561094819157
92 0.001005009775171065
93 0.0008874022482893447
94 0.0007316104594330402
95 0.000752993646138807
96 0.0006308040078201368
97 0.0006491324535679375
98 0.0005437438905180839
99 0.0005040322580645161
100 0.00037726050830889544
101 0.0003772605083088955
102 0.0003742057673509286
103 0.0003329667644183773
104 0.0002749266862170087
105 0.0002764540566959921
106 0.00023216031280547393
107 0.0002229960899315737
108 0.00019550342130987265
109 0.00020924975562072317
110 0.00017412023460410548
111 0.00017564760508308883
112 0.00017564760508308888
113 0.0001328812316715541
114 0.0001557917888563048
115 0.00012829912023460394
116 9.927908113391977e-05
117 0.00011913489736070372
118 0.00011149804496578684
119 0.00011913489736070372
120 0.00010691593352883669
121 0.00013135386119257078
122 9.6224340175953e-05
123 9.775171065493641e-05
124 0.00011760752688172033
125 0.00011760752688172038
126 0.00013593597262952082
127 0.00011913489736070369
128 0.00014815493646138796
129 0.00015579178885630475
130 0.0001542644183773214
131 0.00014510019550342118
132 0.00019855816226783943
133 0.0001710654936461386
134 0.00021841397849462345
135 0.0002672898338220917
136 0.0002627077223851417
137 0.0003024193548387095
138 0.00036656891495601173
139 0.0003436583577712611
140 0.00045362903225806454
141 0.0004627932551319648
142 0.000591092375366569
143 0.0006567693059628535
144 0.0006277492668621702
145 0.0008431085043988266
146 0.0009912634408602147
147 0.0010981793743890511
148 0.0012554985337243395
149 0.00144489247311828
150 0.0016984359726295204
151 0.001918377321603127
152 0.0022589809384164212
153 0.0024972507331378286
154 0.0028164711632453544
155 0.0031937316715542514
156 0.0036901270772238485
157 0.004162084555229714
158 0.004745540078201367
159 0.005466458944281523
160 0.00625610948191593
161 0.0068197091886607955
162 0.0076429618768328435
163 0.008428030303030298
164 0.009498717008797647
165 0.010459433040078198
166 0.01139723851417399
167 0.012489308406647113
168 0.01357679618768328
169 0.014655119745845541
170 0.015502810361681326
171 0.016555168621700873
172 0.017560178396871934
173 0.01846285434995111
174 0.018948558162267832
175 0.019707661290322587
176 0.01980541300097752
177 0.020532441348973595
178 0.02099676197458455
179 0.02124419599217986
180 0.021230449657869
181 0.020923448191593343
182 0.020694342619745846
183 0.020621028836754634
184 0.019551869501466278
185 0.019087548875855325
186 0.018249022482893434
187 0.017642656402737048
188 0.016712487781036157
189 0.01570289589442815
190 0.014740652492668618
191 0.013318670576735095
192 0.012467925219941344
193 0.0113789100684262
194 0.01054802052785923
195 0.00921768084066471
196 0.008611314760508304
197 0.007814027370478984
198 0.006792216520039097
199 0.006162939882697945
200 0.005440493646138806
201 0.004754704301075266
202 0.004281219452590417
203 0.0037756598240469195
204 0.003202895894428152
205 0.002931023949169109
206 0.0024697580645161297
207 0.0021627565982404694
208 0.001912267839687194
209 0.0016877443792766354
210 0.0014540566959921797
211 0.0012631353861192569
212 0.0010569403714565
213 0.0009790444770283477
214 0.0008385263929618765
215 0.0007499389051808407
216 0.0006750977517106551
217 0.0005880376344086021
218 0.0004857038123167157
219 0.00045668377321603134
220 0.00039711632453567935
221 0.00032074780058651025
222 0.00030700146627565995
223 0.0002703445747800586
224 0.00022910557184750705
225 0.00023674242424242406
226 0.00020466764418377307
227 0.00019092130987292271
228 0.00016495601173020512
229 0.0001817570869990223
230 0.00013440860215053747
231 0.00013288123167155404
232 0.00014204545454545438
233 0.00013593597262952085
234 0.00013288123167155412
235 0.00012677174975562057
236 0.00012066226783968709
237 0.00010691593352883666
238 9.6224340175953e-05
239 0.00011760752688172033
240 0.00012524437927663725
241 0.00011913489736070369
242 0.00012218963831867047
243 0.0001451001955034212
244 0.00013135386119257083
245 0.00013135386119257075
246 0.00015273704789833809
247 0.00015273704789833809
248 0.000160373900293255
249 0.00019092130987292255
250 0.00020314027370478966
251 0.00019855816226783962
252 0.00021688660801564018
253 0.00025354349951124135
254 0.000256598240469208
255 0.0003268572825024437
256 0.0003451857282502444
257 0.00030700146627565984
258 0.0003818426197458454
259 0.0004261363636363637
260 0.0004658479960899319
261 0.0005712365591397851
262 0.0006216397849462363
263 0.0006812072336265883
264 0.0006888440860215053
265 0.0008385263929618766
266 0.000807978983382209
267 0.0010248655913978491
268 0.0010890151515151516
269 0.0011913489736070375
270 0.0013028470185728245
271 0.001469330400782013
272 0.001570136852394917
273 0.0017854960899315727
274 0.0020619501466275655
275 0.002069586999022482
276 0.0024071358748778107
277 0.0024499022482893447
278 0.002773704789833821
279 0.0029936461388074265
280 0.0031723484848484836
281 0.003422837243401758
282 0.003505315249266862
283 0.0036549975562072314
284 0.004137646627565981
285 0.004220124633431085
286 0.004313294232649067
287 0.004482832355816226
288 0.0045882209188660775
289 0.004754704301075267
290 0.004875366568914953
291 0.004800525415444767
292 0.004831072825024436
293 0.004918132942326489
294 0.004809689638318668
295 0.0047547043010752665
296 0.0046844452590420315
297 0.004537817693059628
298 0.004472140762463343
299 0.0043285679374389045
300 0.0038779936461388075
301 0.004006292766373412
302 0.003668743890518083
303 0.003274682306940371
304 0.003128054740957965
305 0.003068487292277613
306 0.0027003910068426184
307 0.002514051808406646
308 0.002274254643206254
309 0.0021276270772238506
310 0.0017763318670576732
311 0.0016633064516129036
312 0.0014097629521016618
313 0.0012463343108504396
314 0.0010340298142717495
315 0.0009836265884652978
316 0.000829362170087976
317 0.0006567693059628543
318 0.0005926197458455525
319 0.0005956744868035192
320 0.0004062805474095797
321 0.00034365835777126096
322 0.00031158357771260967
323 0.0002459066471163244
324 0.00019092130987292263
325 0.0002000855327468229
326 0.00015120967741935468
327 0.00012371700879765384
328 0.0001008064516129031
329 7.484115347018572e-05
330 4.4293743890518084e-05
331 5.9567448680351906e-05
332 3.0547409579667644e-05
333 3.665689149560117e-05
334 3.2074780058651026e-05
335 2.749266862170088e-05
336 1.6801075268817204e-05
337 1.985581622678397e-05
338 9.164222873900293e-06
339 1.5273704789833822e-06
340 7.636852394916911e-06
341 1.5273704789833822e-06
342 4.582111436950147e-06
343 7.636852394916911e-06
344 7.636852394916911e-06
345 1.5273704789833822e-06
346 3.0547409579667644e-06
347 6.109481915933529e-06
348 1.5273704789833822e-06
349 1.5273704789833822e-06
350 1.5273704789833822e-06
351 3.0547409579667644e-06
352 1.5273704789833822e-06
353 0.0
354 1.5273704789833822e-06
355 1.5273704789833822e-06
356 0.0
357 1.5273704789833822e-06
358 4.582111436950147e-06
