0 0.0
1 0.0
2 0.0
3 0.0
4 0.0
5 0.0
6 1.5273704789833822e-06
7 0.0
8 0.0
9 1.5273704789833822e-06
10 0.0
11 0.0
12 0.0
13 0.0
14 0.0
15 0.0
16 0.0
17 0.0
18 3.0547409579667644e-06
19 1.5273704789833822e-06
20 1.5273704789833822e-06
21 0.0
22 1.5273704789833822e-06
23 0.0
24 1.5273704789833822e-06
25 0.0
26 1.5273704789833822e-06
27 0.0
28 4.582111436950147e-06
29 1.5273704789833822e-06
30 1.5273704789833822e-06
31 0.0
32 1.5273704789833822e-06
33 1.5273704789833822e-06
34 3.0547409579667644e-06
35 7.636852394916911e-06
36 1.5273704789833822e-06
37 3.0547409579667644e-06
38 1.5273704789833822e-06
39 1.5273704789833822e-06
40 4.582111436950147e-06
41 3.0547409579667644e-06
42 1.5273704789833822e-06
43 0.0
44 6.109481915933529e-06
45 3.0547409579667644e-06
46 3.0547409579667644e-06
47 4.582111436950147e-06
48 1.5273704789833822e-06
49 6.109481915933529e-06
50 3.0547409579667644e-06
51 3.0547409579667644e-06
52 1.5273704789833822e-06
53 6.109481915933529e-06
54 1.5273704789833822e-06
55 6.109481915933529e-06
56 7.636852394916911e-06
57 4.582111436950147e-06
58 4.582111436950147e-06
59 9.164222873900293e-06
60 0.0
61 4.582111436950147e-06
62 9.164222873900293e-06
63 0.0
64 4.582111436950147e-06
65 3.0547409579667644e-06
66 6.109481915933529e-06
67 1.5273704789833822e-06
68 4.582111436950147e-06
69 1.5273704789833822e-06
70 3.0547409579667644e-06
71 3.0547409579667644e-06
72 3.0547409579667644e-06
73 1.5273704789833822e-06
74 0.0
75 0.0
76 3.0547409579667644e-06
77 0.0
78 1.5273704789833822e-06
79 0.0
80 1.5273704789833822e-06
81 0.0
82 0.0
83 1.5273704789833822e-06
84 0.0
85 1.5273704789833822e-06
86 0.0
87 1.5273704789833822e-06
88 0.0
89 0.0
90 0.0
91 1.5273704789833822e-06
92 0.0
93 0.0
94 0.0
95 0.0
96 0.0
97 1.5273704789833822e-06
98 0.0
99 0.0
100 0.0
101 0.0
102 0.0
103 0.0
104 0.0
105 0.0
106 0.0
107 0.0
108 0.0
109 0.0
110 0.0
111 0.0
112 0.0
113 0.0
114 0.0
115 0.0
116 0.0
117 0.0
118 0.0
119 0.0
120 1.5273704789833822e-06
121 0.0
122 0.0
123 0.0
124 0.0
125 0.0
126 1.5273704789833822e-06
127 0.0
128 0.0
129 0.0
130 0.0
131 0.0
132 0.0
133 1.5273704789833822e-06
134 1.5273704789833822e-06
135 3.0547409579667644e-06
136 1.5273704789833822e-06
137 9.164222873900293e-06
138 0.0
139 1.5273704789833822e-06
140 3.0547409579667644e-06
141 7.636852394916911e-06
142 3.0547409579667644e-06
143 2.138318670576735e-05
144 1.0691593352883675e-05
145 1.8328445747800586e-05
146 2.4437927663734115e-05
147 2.9020039100684262e-05
148 3.8184261974584555e-05
149 5.498533724340176e-05
150 6.109481915933529e-05
151 6.87316715542522e-05
152 9.927908113391984e-05
153 0.00015579178885630497
154 0.00020466764418377323
155 0.00026576246334310846
156 0.00032991202346041056
157 0.0004566837732160313
158 0.0006216397849462368
159 0.0006598240469208211
160 0.0009637707722385141
161 0.0011470552297165202
162 0.001492240957966764
163 0.0017121823069403714
164 0.002144428152492668
165 0.0026698435972629516
166 0.003134164222873899
167 0.0038611925708699887
168 0.004502688172043013
169 0.0052572091886608
170 0.006068242913000977
171 0.007100745356793745
172 0.008180596285434993
173 0.009225317693059629
174 0.010187561094819162
175 0.011432368035190618
176 0.012223545943304012
177 0.013364491691104593
178 0.014453506842619744
179 0.014981977028348
180 0.015640273704789834
181 0.01635202834799609
182 0.01664681085043988
183 0.017160007331378294
184 0.01698588709677419
185 0.016704850928641247
186 0.016428396871945264
187 0.015793010752688172
188 0.01534549120234604
189 0.014340481427174978
190 0.014074718963831865
191 0.012912390029325512
192 0.0119302908113392
193 0.010942082111436947
194 0.01009286412512219
195 0.008880131964809385
196 0.008223362658846533
197 0.00726570136852395
198 0.006308040078201369
199 0.005828445747800588
200 0.004983809872922776
201 0.004342314271749752
202 0.0036122311827956966
203 0.0032731549364613875
204 0.0027981427174975535
205 0.002376588465298142
206 0.0020726417399804485
207 0.0016495601173020526
208 0.0013731060606060606
209 0.0013196480938416418
210 0.00103402981427175
211 0.0008690738025415449
212 0.00072702834799609
213 0.0006353861192570869
214 0.0005299975562072338
215 0.00048264907135874886
216 0.00038642473118279564
217 0.0003268572825024438
218 0.00025965298142717485
219 0.00023368768328445742
220 0.0002016129032258064
221 0.00020161290322580637
222 0.0001435728250244379
223 0.00015731915933528827
224 0.00012066226783968712
225 0.00010233382209188657
226 8.247800586510263e-05
227 9.775171065493643e-05
228 7.789589442815245e-05
229 6.72043010752688e-05
230 7.331378299120235e-05
231 7.942326490713587e-05
232 5.9567448680351906e-05
233 6.109481915933529e-05
234 5.498533724340176e-05
235 7.178641251221894e-05
236 5.498533724340176e-05
237 5.651270772238514e-05
238 5.498533724340176e-05
239 7.025904203323554e-05
240 7.484115347018572e-05
241 7.484115347018567e-05
242 7.178641251221894e-05
243 8.400537634408597e-05
244 8.706011730205275e-05
245 0.00010386119257086991
246 0.00011455278592375359
247 0.00013288123167155418
248 0.00010844330400782014
249 0.00013746334310850433
250 0.0001710654936461387
251 0.00017870234604105566
252 0.00019244868035190604
253 0.00024437927663734104
254 0.00028409090909090913
255 0.00032380254154447706
256 0.00039558895405669605
257 0.00047195747800586526
258 0.0004933406647116328
259 0.0005712365591397852
260 0.0007407746823069408
261 0.0008599095796676444
262 0.001026392961876833
263 0.001140945747800587
264 0.0011974584555229711
265 0.001574718963831866
266 0.0018236803519061581
267 0.002032930107526881
268 0.002349095796676442
269 0.0026958088954056676
270 0.003047104105571846
271 0.003485459433040079
272 0.003984909579667644
273 0.004504215542521992
274 0.004953262463343107
275 0.005686400293255133
276 0.006213343108504399
277 0.006972446236559139
278 0.007716275659824049
279 0.008745723362658844
280 0.009506353861192569
281 0.01030058651026393
282 0.011333088954056693
283 0.012341153470185724
284 0.013344635874877811
285 0.014277859237536656
286 0.015061400293255122
287 0.01616568914956012
288 0.01675983626588466
289 0.017470063538611927
290 0.018403286901270775
291 0.018962304496578673
292 0.019307490224828933
293 0.01969391495601173
294 0.01988789100684262
295 0.01984359726295211
296 0.019822214076246337
297 0.01919293743890518
298 0.019058528836754636
299 0.01812988758553275
300 0.01710960410557185
301 0.01653989491691105
302 0.015331744868035195
303 0.014552785923753662
304 0.01343016862170089
305 0.012050953079178887
306 0.011107038123167155
307 0.009623961388074292
308 0.008512035679374388
309 0.007540628054740956
310 0.006512707722385139
311 0.005724584555229716
312 0.004843291788856303
313 0.003913123167155427
314 0.0035282258064516106
315 0.002799670087976539
316 0.0023933895405669607
317 0.0020039100684261972
318 0.0016159579667644186
319 0.001293682795698924
320 0.0010874877810361683
321 0.0009286412512218964
322 0.0006308040078201371
323 0.0004994501466275659
324 0.00040780791788856344
325 0.0003207478005865104
326 0.0003085288367546432
327 0.00021230449657869003
328 0.00017412023460410553
329 0.00013135386119257083
330 0.00010386119257086991
331 9.46969696969697e-05
332 5.651270772238514e-05
333 4.123900293255132e-05
334 3.360215053763441e-05
335 3.0547409579667644e-05
336 1.8328445747800586e-05
337 1.8328445747800586e-05
338 1.5273704789833822e-05
339 1.2218963831867058e-05
340 1.0691593352883675e-05
341 6.109481915933529e-06
342 6.109481915933529e-06
343 7.636852394916911e-06
344 4.582111436950147e-06
345 0.0
346 0.0
347 0.0
348 1.5273704789833822e-06
349 1.5273704789833822e-06
350 1.5273704789833822e-06
351 0.0
352 1.5273704789833822e-06
353 0.0
354 1.5273704789833822e-06
355 1.5273704789833822e-06
356 0.0
357 0.0
358 0.0
