0 0.0
1 1.5273704789833822e-06
2 1.5273704789833822e-06
3 0.0
4 0.0
5 0.0
6 0.0
7 0.0
8 0.0
9 0.0
10 0.0
11 0.0
12 0.0
13 0.0
14 0.0
15 0.0
16 0.0
17 3.0547409579667644e-06
18 1.5273704789833822e-06
19 1.5273704789833822e-06
20 3.0547409579667644e-06
21 1.5273704789833822e-06
22 3.0547409579667644e-06
23 0.0
24 0.0
25 0.0
26 1.5273704789833822e-06
27 1.5273704789833822e-06
28 0.0
29 1.5273704789833822e-06
30 3.0547409579667644e-06
31 0.0
32 1.5273704789833822e-06
33 4.582111436950147e-06
34 1.5273704789833822e-06
35 4.582111436950147e-06
36 1.5273704789833822e-06
37 1.5273704789833822e-06
38 7.636852394916911e-06
39 6.109481915933529e-06
40 7.636852394916911e-06
41 3.0547409579667644e-06
42 6.109481915933529e-06
43 4.582111436950147e-06
44 9.164222873900293e-06
45 1.0691593352883675e-05
46 9.164222873900293e-06
47 1.0691593352883675e-05
48 7.636852394916911e-06
49 1.0691593352883675e-05
50 1.6801075268817204e-05
51 1.985581622678397e-05
52 1.8328445747800586e-05
53 1.5273704789833822e-05
54 2.4437927663734115e-05
55 1.8328445747800586e-05
56 3.2074780058651026e-05
57 3.971163245356794e-05
58 6.414956011730204e-05
59 7.636852394916912e-05
60 7.025904203323557e-05
61 0.00010538856304985332
62 8.858748778103615e-05
63 0.00011455278592375367
64 0.00015426441837732146
65 0.00017412023460410548
66 0.00018939393939393918
67 0.00028714565004887567
68 0.00025659824046920805
69 0.0003436583577712608
70 0.000423081622678397
71 0.0004933406647116326
72 0.000583455522971652
73 0.0007117546432062559
74 0.0007193914956011732
75 0.000916422287390029
76 0.0011073435972629522
77 0.0011623289345063534
78 0.0012845185728250234
79 0.001417399804496578
80 0.0015411168132942327
81 0.0017839687194525894
82 0.002034457478005864
83 0.0020802785923753667
84 0.0022528714565004876
85 0.0025736192570869993
86 0.0027370478983382196
87 0.0029798998044965764
88 0.0032685728250244376
89 0.0034533846529814258
90 0.0038810483870967737
91 0.004078079178885629
92 0.0043667521994134855
93 0.004472140762463343
94 0.004776087487781035
95 0.005316776637341152
96 0.005141129032258064
97 0.0055351906158357745
98 0.00593077956989247
99 0.006297348484848483
100 0.006472996089931571
101 0.006827346041055714
102 0.007140456989247311
103 0.007282502443792764
104 0.007558956500488757
105 0.007740713587487781
106 0.008183651026392959
107 0.008055351906158355
108 0.008056879276637336
109 0.008498289345063534
110 0.008420393450635385
111 0.008548692570869987
112 0.00847232404692082
113 0.00840511974584555
114 0.0085288367546432
115 0.008538000977517102
116 0.00840511974584555
117 0.008557856793743887
118 0.008415811339198435
119 0.008256964809384164
120 0.008333333333333333
121 0.008055351906158357
122 0.007991202346041055
123 0.008198924731182795
124 0.0079316348973607
125 0.007887341153470184
126 0.007792644183773207
127 0.0077727883675464335
128 0.007704056695992178
129 0.007601722873900291
130 0.007675036656891493
131 0.007607832355816218
132 0.007462732160312807
133 0.007467314271749754
134 0.007502443792766371
135 0.00707325268817204
136 0.006879276637341151
137 0.006738758553274678
138 0.006732649071358747
139 0.006184323069403709
140 0.005936889051808404
141 0.005793316226783966
142 0.005640579178885627
143 0.00519000488758553
144 0.005128910068426194
145 0.0047745601173020515
146 0.0047241568914956
147 0.004272055229716517
148 0.0040292033235581615
149 0.0038688294232649047
150 0.003679435483870968
151 0.00336937927663734
152 0.0031005620723362657
153 0.0029829545454545443
154 0.002692754154447701
155 0.0025751466275659826
156 0.002318548387096773
157 0.002295637829912023
158 0.0020909701857282498
159 0.0019397605083088948
160 0.0018068792766373395
161 0.0016724706744868036
162 0.001605266373411534
163 0.0015502810361681326
164 0.0015563905180840658
165 0.0015044599217986308
166 0.0013685239491691107
167 0.001304374389051808
168 0.0013242302052785915
169 0.0013181207233626578
170 0.0011638563049853373
171 0.0011210899315738025
172 0.001084433040078201
173 0.0011027614858260019
174 0.0010202834799608992
175 0.0011042888563049845
176 0.0010202834799608984
177 0.001021810850439882
178 0.0011027614858260015
179 0.0010859604105571846
180 0.0010554130009775165
181 0.0010676319648093844
182 0.0010951246334310845
183 0.001046248778103616
184 0.0010859604105571846
185 0.0011516373411534697
186 0.001110398338220919
187 0.0011745478983382213
188 0.0012173142717497557
189 0.0012356427174975565
190 0.0012539711632453567
191 0.0012371700879765398
192 0.0013883797653958928
193 0.0013379765395894428
194 0.0014510019550342125
195 0.0015976295210166174
196 0.0015609726295210164
197 0.0016785801564027359
198 0.001681634897360703
199 0.0018099340175953063
200 0.001953506842619745
201 0.002124572336265884
202 0.002178030303030303
203 0.002341458944281523
204 0.002634714076246333
205 0.0028164711632453557
206 0.002978372434017593
207 0.0030532135874877823
208 0.0035129521016617773
209 0.003598484848484847
210 0.003841336754643204
211 0.004064332844574779
212 0.004143756109481916
213 0.004612658846529812
214 0.004879948680351905
215 0.005299975562072332
216 0.005339687194525906
217 0.005472568426197457
218 0.005665017106549362
219 0.006091153470185728
220 0.006442448680351902
221 0.0063508064516128995
222 0.0067234848484848475
223 0.006908296676441838
224 0.006984665200391003
225 0.0073344330400782
226 0.0074398216031280546
227 0.007526881720430104
228 0.007745295698924727
229 0.007624633431085041
230 0.008011058162267841
231 0.00768725562072336
232 0.007902614858260017
233 0.007930107526881721
234 0.00797592864125122
235 0.008050769794721404
236 0.007962182306940364
237 0.008340970185728252
238 0.008206561583577713
239 0.008287512218963832
240 0.00841428396871945
241 0.008431085043988268
242 0.008394428152492665
243 0.008475378787878782
244 0.008589931573802542
245 0.008585349462365588
246 0.008632697947214068
247 0.008499816715542516
248 0.008620478983382206
249 0.00848607038123167
250 0.008348607038123162
251 0.008340970185728248
252 0.00816684995112414
253 0.008040078201368523
254 0.007933162267839683
255 0.007742240957966759
256 0.0073344330400782
257 0.007280975073313787
258 0.006908296676441836
259 0.0067280669599217935
260 0.006059078690127076
261 0.005981182795698925
262 0.005744440371456498
263 0.005464931573802537
264 0.0050479594330400755
265 0.00475317693059628
266 0.004365224828934504
267 0.004380498533724341
268 0.003994073802541542
269 0.0037359481915933508
270 0.003418255131964808
271 0.0033479960899315746
272 0.003054740957966765
273 0.002773704789833821
274 0.002449902248289343
275 0.0022910557184750726
276 0.0021933040078201366
277 0.0019015762463343098
278 0.0017076001955034213
279 0.00166636119257087
280 0.0014112903225806453
281 0.001229533235581622
282 0.001041666666666666
283 0.0009301686217008792
284 0.000896566471163245
285 0.0008033968719452582
286 0.00063233137829912
287 0.000588037634408602
288 0.0005040322580645163
289 0.00040322580645161296
290 0.00037420576735092874
291 0.0002688172043010751
292 0.00028714565004887594
293 0.000204667644183773
294 0.00017564760508308872
295 0.00017564760508308888
296 0.00011608015640273694
297 9.469696969696966e-05
298 6.414956011730204e-05
299 7.178641251221893e-05
300 7.331378299120232e-05
301 3.512952101661779e-05
302 3.360215053763441e-05
303 3.2074780058651026e-05
304 2.749266862170088e-05
305 2.138318670576735e-05
306 2.9020039100684262e-05
307 2.138318670576735e-05
308 1.8328445747800586e-05
309 1.0691593352883675e-05
310 9.164222873900293e-06
311 1.0691593352883675e-05
312 6.109481915933529e-06
313 1.2218963831867058e-05
314 7.636852394916911e-06
315 0.0
316 9.164222873900293e-06
317 7.636852394916911e-06
318 0.0
319 7.636852394916911e-06
320 3.0547409579667644e-06
321 3.0547409579667644e-06
322 1.5273704789833822e-06
323 0.0
324 1.5273704789833822e-06
325 1.5273704789833822e-06
326 1.5273704789833822e-06
327 0.0
328 0.0
329 1.5273704789833822e-06
330 1.5273704789833822e-06
331 1.5273704789833822e-06
332 1.5273704789833822e-06
333 0.0
334 0.0
335 0.0
336 1.5273704789833822e-06
337 0.0
338 0.0
339 0.0
340 0.0
341 4.582111436950147e-06
342 1.5273704789833822e-06
343 0.0
344 0.0
345 1.5273704789833822e-06
346 0.0
347 0.0
348 0.0
349 0.0
350 0.0
351 3.0547409579667644e-06
352 0.0
353 0.0
354 0.0
355 1.5273704789833822e-06
356 0.0
357 0.0
358 0.0
