0 7.178999672040033e-05
1 0.00010234457518393865
2 0.00014663891675409035
3 0.00020468765669454258
4 0.0002673083532438599
5 0.00025967299405483857
6 0.000288691240467167
7 0.00031160687623438726
8 0.00027952731672518184
9 0.00023981449008080784
10 0.00019552522697636866
11 0.00018024465161673166
12 0.00015274899553174138
13 9.928684722998476e-05
14 7.178969782220502e-05
15 4.276965872152078e-05
16 2.4439122438736434e-05
17 1.833113419606909e-05
18 7.637151059461101e-06
19 1.2219561160955437e-05
20 9.164222873900293e-06
21 0.0
22 3.0550396225109535e-06
23 1.5273704789833822e-06
24 0.0
25 0.0
26 1.5273704789833822e-06
27 1.5273704789833822e-06
28 0.0
29 1.5273704789833822e-06
30 0.0
31 0.0
32 0.0
33 0.0
34 0.0
35 0.0
36 0.0
37 0.0
38 0.0
39 1.5276691435275713e-06
40 1.5276691435275713e-06
41 0.0
42 0.0
43 0.0
44 4.583007430582714e-06
45 4.583007547408274e-06
46 3.0550396225109535e-06
47 6.110378026391657e-06
48 6.110079245021907e-06
49 9.164521538444483e-06
50 1.8329341741433156e-05
51 3.66610735003103e-05
52 5.804396084044298e-05
53 5.804396095726853e-05
54 9.164850116180169e-05
55 0.0001527489947137568
56 0.0002123212226110121
57 0.0003116080692567321
58 0.00036048930101336665
59 0.00044449079436776435
60 0.000501013656801546
61 0.0005590570201961439
62 0.000575858990757503
63 0.0005728042503837327
64 0.0005926517037696284
65 0.0005636358470241295
66 0.0006430677747219164
67 0.0008065047790476779
68 0.0012861328615798287
69 0.002132337031574072
70 0.0036521805754778118
71 0.006024365253921419
72 0.008821140100308161
73 0.0122839243511656
74 0.01618204652627483
75 0.019847945951913644
76 0.022895253777200617
77 0.024697643533083947
78 0.024618248057299192
79 0.023449719736773556
80 0.021462467369095458
81 0.01825327889257453
82 0.015166248387517319
83 0.01167754334981674
84 0.009048729662380323
85 0.006474952395975461
86 0.004580889041645251
87 0.003073268038654102
88 0.002132338824262427
89 0.0013823500353258647
90 0.0009195340813379973
91 0.00061251708298717
92 0.0003971402195686979
93 0.0002703642887431095
94 0.0001435814869972413
95 0.0001069204137306507
96 7.02644182286821e-05
97 4.124198981164433e-05
98 2.291205050747168e-05
99 1.9857608447700226e-05
100 2.7493863279877636e-05
101 1.5274899564836137e-05
102 6.109481915933529e-06
103 6.109780580477718e-06
104 6.109780580477718e-06
105 1.5273704789833822e-06
106 6.109780580477718e-06
107 4.582410101494336e-06
108 3.0547409579667644e-06
109 0.0
110 0.0
111 3.055338403880703e-06
112 3.0556373021445716e-06
113 6.109481915933529e-06
114 1.5273704789833822e-06
115 4.582111436950147e-06
116 6.109481915933529e-06
117 6.110079245021907e-06
118 9.164820319814232e-06
119 9.16511898435842e-06
120 3.0547409579667644e-06
121 1.0692190681972054e-05
122 6.109481915933529e-06
123 9.16541776572817e-06
124 1.8329043076888966e-05
125 1.2219859942325186e-05
126 1.2218963831867058e-05
127 2.138497869303249e-05
128 1.8328445747800586e-05
129 3.054979924649784e-05
130 2.749356461533345e-05
131 3.513340423982005e-05
132 3.054950058195365e-05
133 3.8186352743219444e-05
134 3.8186352860045e-05
135 4.735177050894761e-05
136 5.804485765192302e-05
137 5.498951924804233e-05
138 6.720698928981765e-05
139 6.2627566301136e-05
140 6.262517651741168e-05
141 5.346334319351603e-05
142 4.429702966780641e-05
143 5.193567381633732e-05
144 5.651808461885359e-05
145 5.3463044996411185e-05
146 4.2770555299349714e-05
147 4.735117306303367e-05
148 3.818635262639388e-05
149 6.873734664789404e-05
150 8.095601204886804e-05
151 7.332125100691944e-05
152 9.164880017675399e-05
153 8.553991605741678e-05
154 7.178999660357478e-05
155 9.470174879697897e-05
156 0.0001390011685991234
157 0.00011761887812057126
158 0.00010539722537313344
159 0.0001267798147498124
160 0.00012067361861116716
161 9.317467698253973e-05
162 9.92865487989546e-05
163 0.0001328878032261309
164 0.00010234517309701774
165 0.00011455935736150474
166 0.00011456503292251734
167 8.401224679692653e-05
168 8.554230607472365e-05
169 7.179238662088165e-05
170 6.720937919029891e-05
171 0.00010387075147184189
172 6.4152248565502e-05
173 6.72084828461897e-05
174 3.818695018913338e-05
175 5.346483721725889e-05
176 4.887914110475655e-05
177 4.5824698811333974e-05
178 5.6515694718303714e-05
179 3.360364397718092e-05
180 5.4992207929893394e-05
181 3.6660476287978924e-05
182 3.3606631323644726e-05
183 4.582529637407347e-05
184 3.818575553095662e-05
185 4.2769061859734644e-05
186 2.7496850509447333e-05
187 3.3604540321290164e-05
188 4.7352368071687105e-05
189 3.8189339972789134e-05
190 4.429792589509009e-05
191 2.1385576372597544e-05
192 5.1935375619095374e-05
193 2.596798647409188e-05
194 3.2078364734203215e-05
195 3.818754763504732e-05
196 1.9857608564594347e-05
197 3.054950046512809e-05
198 4.1241691263925706e-05
199 5.040621291919574e-05
200 4.582320513813635e-05
201 3.818695030595894e-05
202 4.277025663473696e-05
203 4.5823205254961903e-05
204 8.248427863830955e-05
205 7.637449794100623e-05
206 9.012381959832048e-05
207 9.622941782368093e-05
208 0.0001420556104251066
209 0.00019704005155811872
210 0.00027799725779772424
211 0.0003177112802686676
212 0.0004017181504029824
213 0.0004964216909534387
214 0.0006949977753138894
215 0.0008233022708090609
216 0.0009179983434609682
217 0.0011868421343978952
218 0.0013793006705626583
219 0.0014648298317755716
220 0.001567173809863798
221 0.001677153744236828
222 0.0016664600603489596
223 0.0015259285331066103
224 0.0015167616236541296
225 0.00132735095624156
226 0.0011181000064300313
227 0.0010524191929608836
228 0.000873701911940235
229 0.0007377662377414701
230 0.000528504236757815
231 0.0004368491635739976
232 0.00032381628116500837
233 0.00027952134249948783
234 0.00019551357625485194
235 0.00016954529158351808
236 0.00010997455759324866
237 9.775708708410263e-05
238 6.415254723011474e-05
239 5.193418049361638e-05
240 3.665808627060349e-05
241 3.513101445616429e-05
242 1.374633431085044e-05
243 1.2220457621958804e-05
244 7.637151059461101e-06
245 1.0691892017427865e-05
246 3.0550396225109535e-06
247 6.110378026391656e-06
248 3.0550396225109535e-06
249 9.165118984358422e-06
250 4.582708766038525e-06
251 1.5273704789833822e-06
252 6.109481915933529e-06
253 6.109481915933529e-06
254 7.636852394916911e-06
255 7.637151059461101e-06
256 7.637151059461101e-06
257 9.164521538444483e-06
258 1.2218963831867058e-05
259 1.0691593352883675e-05
260 2.2910855849294923e-05
261 2.4438226328278305e-05
262 3.513131300388293e-05
263 5.040471912917255e-05
264 8.858927976830127e-05
265 0.0001527439172996801
266 0.00017565537094536555
267 0.00031770590290489706
268 0.0004475368734698218
269 0.0007377498092053673
270 0.0011119687188476705
271 0.0016374014860446914
272 0.0024530382276388893
273 0.0037009393359594646
274 0.005245163456690586
275 0.007456883421306141
276 0.010166539899588288
277 0.01351160908212754
278 0.017032289725614908
279 0.020826381036780636
280 0.02423105500375533
281 0.02596160099313444
282 0.026844420234227
283 0.02587449756982416
284 0.024279883961505346
285 0.02068738315092134
286 0.017330102476304624
287 0.014081288998041423
288 0.012271300028857108
289 0.01248210583551525
290 0.014803826644760827
291 0.018875942707219026
292 0.024808552218607727
293 0.03134745582089817
294 0.0370783801520076
295 0.04095352903039631
296 0.04191273740188921
297 0.04097944384675279
298 0.03791392617019661
299 0.03247934099410418
300 0.02590528696124123
301 0.02013768065151552
302 0.014507567260283002
303 0.010117723198066319
304 0.006804715950089812
305 0.004327217091842254
306 0.0028685170517555405
307 0.0016297697137510445
308 0.0009882505160929305
309 0.000598748642358765
310 0.00031617853230908805
311 0.00018482048957924721
312 0.00011608344206319975
313 5.498742824575633e-05
314 4.7349978171205795e-05
315 1.8329043076888966e-05
316 1.2219262496411248e-05
317 4.582111436950147e-06
318 3.0547409579667644e-06
319 4.582111436950147e-06
320 0.0
321 3.055338403880703e-06
322 3.0553382870551426e-06
323 1.5273704789833822e-06
324 0.0
325 0.0
326 0.0
327 0.0
328 0.0
329 1.5276691435275713e-06
330 0.0
331 3.0547409579667644e-06
332 1.5276691435275713e-06
333 0.0
334 3.0547409579667644e-06
335 1.5273704789833822e-06
336 1.5273704789833822e-06
337 0.0
338 4.582410101494336e-06
339 1.5276691435275713e-06
340 1.5276691435275713e-06
341 3.0550396225109535e-06
342 6.110079361847468e-06
343 1.2219859825499624e-05
344 1.2220158490043814e-05
345 2.4440018432369e-05
346 3.207776670409292e-05
347 4.5826191783578233e-05
348 5.040710844552607e-05
349 5.040979701062013e-05
350 5.804575294453367e-05
351 4.7351770392122045e-05
352 6.415493619592303e-05
353 6.568170922899244e-05
354 5.3463342959864887e-05
355 3.5132507778885246e-05
356 3.207687071046035e-05
357 2.5966791465438444e-05
358 4.1242586907081585e-05
