0 0.0
1 1.5273704789833822e-06
2 0.0
3 0.0
4 1.5273704789833822e-06
5 0.0
6 0.0
7 0.0
8 0.0
9 0.0
10 0.0
11 0.0
12 0.0
13 0.0
14 1.5273704789833822e-06
15 0.0
16 1.5273704789833822e-06
17 0.0
18 0.0
19 0.0
20 0.0
21 0.0
22 0.0
23 0.0
24 3.0547409579667644e-06
25 1.5273704789833822e-06
26 1.5273704789833822e-06
27 0.0
28 0.0
29 4.582111436950147e-06
30 1.5273704789833822e-06
31 1.5273704789833822e-06
32 0.0
33 3.0547409579667644e-06
34 1.5273704789833822e-06
35 1.5273704789833822e-06
36 3.0547409579667644e-06
37 0.0
38 9.164222873900293e-06
39 0.0
40 3.0547409579667644e-06
41 3.0547409579667644e-06
42 3.0547409579667644e-06
43 3.0547409579667644e-06
44 6.109481915933529e-06
45 7.636852394916911e-06
46 6.109481915933529e-06
47 9.164222873900293e-06
48 7.636852394916911e-06
49 1.374633431085044e-05
50 1.6801075268817204e-05
51 1.8328445747800586e-05
52 1.374633431085044e-05
53 1.6801075268817204e-05
54 2.4437927663734115e-05
55 1.8328445747800586e-05
56 2.138318670576735e-05
57 3.360215053763441e-05
58 4.734848484848485e-05
59 5.040322580645161e-05
60 7.789589442815242e-05
61 8.247800586510263e-05
62 8.85874877810361e-05
63 0.00011302541544477022
64 0.00013593597262952098
65 0.00017564760508308877
66 0.00018786656891495575
67 0.00022910557184750713
68 0.00029478250244379273
69 0.00033602150537634433
70 0.00040169843597262945
71 0.0004826490713587488
72 0.0005055596285434997
73 0.000650659824046921
74 0.0007132820136852394
75 0.0008904569892473113
76 0.0009500244379276635
77 0.0011012341153470184
78 0.0012616080156402736
79 0.0012936827956989245
80 0.0015441715542521995
81 0.001722873900293255
82 0.0019168499511241443
83 0.0020940249266862172
84 0.0023597873900293243
85 0.0025186339198435973
86 0.0026896994134897353
87 0.0030119745845552273
88 0.0032578812316715537
89 0.003377016129032257
90 0.0037420576735092844
91 0.004065860215053762
92 0.00411473607038123
93 0.0043132942326490715
94 0.004798998044965784
95 0.005031158357771257
96 0.005364125122189641
97 0.00543438416422287
98 0.005758186705767353
99 0.006080461876832838
100 0.006483687683284462
101 0.006816654447702834
102 0.006952590420332353
103 0.007111436950146625
104 0.007400109970674486
105 0.007584921798631473
106 0.007716275659824043
107 0.008041605571847509
108 0.008240163734115347
109 0.008377627077223854
110 0.008342497556207236
111 0.00849981671554252
112 0.008350134408602147
113 0.008467741935483872
114 0.008640334799608995
115 0.008395955522971654
116 0.008692265395894428
117 0.008376099706744864
118 0.008510508308895404
119 0.008498289345063538
120 0.008591458944281517
121 0.008340970185728247
122 0.008307368035190615
123 0.00810728250244379
124 0.00834249755620723
125 0.008217253176930592
126 0.007962182306940367
127 0.007904142228738998
128 0.008133247800586508
129 0.00791025171065493
130 0.008200452101661773
131 0.007905669599217985
132 0.007586449169110454
133 0.0077147482893450605
134 0.007476478494623656
135 0.007662817693059627
136 0.007134347507331373
137 0.007077834799608989
138 0.006663917399804493
139 0.006628787878787877
140 0.006283602150537634
141 0.006185850439882697
142 0.005716947702834796
143 0.005411473607038119
144 0.0052770650048875834
145 0.005122800586510262
146 0.004689027370478981
147 0.004522543988269795
148 0.004282746823069403
149 0.00398796432062561
150 0.003735948191593352
151 0.003569464809384164
152 0.003244134897360703
153 0.002970735581622677
154 0.0028347996089931565
155 0.0026744257086999007
156 0.002486559139784946
157 0.0022834188660801565
158 0.0022009408602150535
159 0.0020039100684261972
160 0.0019412878787878778
161 0.0018145161290322566
162 0.0017137096774193547
163 0.0016739980449657858
164 0.001542644183773216
165 0.0015273704789833813
166 0.001408235581622678
167 0.0013914345063538612
168 0.001345613391984359
169 0.0013013196480938407
170 0.0012860459433040065
171 0.001289100684261974
172 0.0011409457478005866
173 0.0010966520039100678
174 0.0011058162267839683
175 0.0010416666666666669
176 0.001069159335288367
177 0.0011271994134897352
178 0.001078323558162268
179 0.0010584677419354833
180 0.0011699657869012705
181 0.001113453079178885
182 0.0011562194525904202
183 0.0011256720430107524
184 0.00116080156402737
185 0.0011669110459433037
186 0.0011333088954056695
187 0.0012173142717497555
188 0.0012295332355816222
189 0.001263135386119256
190 0.0013165933528836754
191 0.0012784090909090905
192 0.0013517228739002927
193 0.0014510019550342125
194 0.0015319525904203318
195 0.0015212609970674485
196 0.0016785801564027363
197 0.001803824535679374
198 0.0018725562072336266
199 0.0019290689149560113
200 0.0020970796676441843
201 0.0022574535679374392
202 0.002203995601173019
203 0.0025003054740957947
204 0.002732465786901269
205 0.002828690127077223
206 0.0030837609970674486
207 0.0031769305962854343
208 0.003447275171065494
209 0.003670271260997066
210 0.003931451612903223
211 0.004223179374389048
212 0.0043300953079178865
213 0.004630987292277616
214 0.004907441348973602
215 0.004904386608015638
216 0.005463404203323554
217 0.00553671798631476
218 0.005802480449657863
219 0.006043804985337241
220 0.0063767717497556185
221 0.006547837243401757
222 0.007094635874877811
223 0.006983137829912022
224 0.007288611925708694
225 0.007531463831867057
226 0.0074749511241446725
227 0.007505498533724338
228 0.007765151515151508
229 0.00781708211143695
230 0.0078949780058651
231 0.007867485337243397
232 0.007965237047898335
233 0.007992729716520033
234 0.00782777370478983
235 0.008119501466275655
236 0.008008003421309874
237 0.008177541544477026
238 0.007983565493646134
239 0.008179068914956011
240 0.008285984848484845
241 0.008212671065493643
242 0.008134775171065492
243 0.008333333333333331
244 0.007942326490713586
245 0.008344024926686216
246 0.008455522971652004
247 0.008347079667644182
248 0.00831042277614858
249 0.008182123655913977
250 0.00805840664711632
251 0.007850684261974581
252 0.0077651515151515105
253 0.007586449169110457
254 0.007447458455522975
255 0.007265701368523943
256 0.0070091031280547405
257 0.006714320625610946
258 0.006492851906158353
259 0.006107954545454543
260 0.005836082600195501
261 0.005692509775171065
262 0.005388563049853375
263 0.005109054252199412
264 0.004922715053763442
265 0.00467986314760508
266 0.004311766862170086
267 0.004102517106549363
268 0.003709982893450634
269 0.0035725195503421305
270 0.0035541911045943292
271 0.0031372189638318665
272 0.002972262952101661
273 0.002717192082111436
274 0.002529325513196482
275 0.0022757820136852383
276 0.0021016617790811333
277 0.0019809995112414465
278 0.0016327590420332349
279 0.0015411168132942316
280 0.001373106060606061
281 0.0011867668621700876
282 0.0010981793743890511
283 0.0009683528836754639
284 0.0008721285434995104
285 0.0007407746823069405
286 0.000644550342130987
287 0.000543743890518084
288 0.00042766373411534707
289 0.00038795210166177904
290 0.0003253299120234605
291 0.0002596529814271748
292 0.00023063294232649053
293 0.0001939760508308893
294 0.00019550342130987273
295 0.00012982649071358737
296 0.00013899071358748768
297 9.011485826001948e-05
298 0.00010080645161290319
299 7.025904203323557e-05
300 5.498533724340176e-05
301 4.4293743890518084e-05
302 4.734848484848485e-05
303 3.8184261974584555e-05
304 2.9020039100684262e-05
305 3.665689149560117e-05
306 1.6801075268817204e-05
307 2.138318670576735e-05
308 1.5273704789833822e-05
309 1.6801075268817204e-05
310 7.636852394916911e-06
311 1.2218963831867058e-05
312 1.6801075268817204e-05
313 4.582111436950147e-06
314 1.0691593352883675e-05
315 6.109481915933529e-06
316 3.0547409579667644e-06
317 3.0547409579667644e-06
318 3.0547409579667644e-06
319 1.5273704789833822e-06
320 3.0547409579667644e-06
321 1.5273704789833822e-06
322 3.0547409579667644e-06
323 4.582111436950147e-06
324 3.0547409579667644e-06
325 3.0547409579667644e-06
326 1.5273704789833822e-06
327 1.5273704789833822e-06
328 1.5273704789833822e-06
329 3.0547409579667644e-06
330 0.0
331 1.5273704789833822e-06
332 0.0
333 1.5273704789833822e-06
334 0.0
335 0.0
336 3.0547409579667644e-06
337 0.0
338 0.0
339 0.0
340 0.0
341 0.0
342 0.0
343 1.5273704789833822e-06
344 1.5273704789833822e-06
345 0.0
346 0.0
347 1.5273704789833822e-06
348 0.0
349 1.5273704789833822e-06
350 0.0
351 0.0
352 0.0
353 0.0
354 0.0
355 0.0
356 0.0
357 0.0
358 0.0
