0 0.0
1 0.0
2 0.0
3 0.0
4 0.0
5 0.0
6 0.0
7 0.0
8 0.0
9 0.0
10 0.0
11 0.0
12 0.0
13 0.0
14 0.0
15 0.0
16 0.0
17 0.0
18 0.0
19 0.0
20 0.0
21 0.0
22 0.0
23 0.0
24 0.0
25 0.0
26 0.0
27 0.0
28 0.0
29 0.0
30 0.0
31 0.0
32 0.0
33 0.0
34 0.0
35 0.0
36 0.0
37 0.0
38 0.0
39 0.0
40 0.0
41 0.0
42 0.0
43 0.0
44 0.0
45 0.0
46 0.0
47 0.0
48 0.0
49 0.0
50 0.0
51 0.0
52 0.0
53 0.0
54 0.0
55 0.0
56 0.0
57 0.0
58 0.0
59 0.0
60 0.0
61 0.0
62 0.0
63 0.0
64 0.0
65 0.0
66 0.0
67 0.0
68 0.0
69 0.0
70 0.0
71 0.0
72 0.0
73 0.0
74 0.0
75 0.0
76 0.0
77 0.0
78 0.0
79 0.0
80 0.0
81 0.0
82 0.0
83 0.0
84 0.0
85 0.0
86 0.0
87 0.0
88 0.0
89 0.0
90 0.0
91 0.0
92 0.0
93 0.0
94 0.0
95 0.0
96 0.0
97 0.0
98 0.0
99 1.5273704789833822e-06
100 0.0
101 1.5273704789833822e-06
102 0.0
103 1.5273704789833822e-06
104 0.0
105 0.0
106 0.0
107 1.5273704789833822e-06
108 1.5273704789833822e-06
109 3.0547409579667644e-06
110 6.109481915933529e-06
111 9.164222873900293e-06
112 9.164222873900293e-06
113 9.164222873900293e-06
114 1.374633431085044e-05
115 6.109481915933529e-06
116 1.0691593352883675e-05
117 2.749266862170088e-05
118 3.2074780058651026e-05
119 2.749266862170088e-05
120 3.0547409579667644e-05
121 4.4293743890518084e-05
122 3.360215053763441e-05
123 6.873167155425217e-05
124 5.8040078201368524e-05
125 6.414956011730204e-05
126 9.927908113391978e-05
127 6.567693059628544e-05
128 9.622434017595306e-05
129 9.927908113391978e-05
130 0.0001420454545454545
131 0.00018633919843597245
132 0.00019703079178885614
133 0.00030394672531769277
134 0.0003238025415444771
135 0.0004459921798631478
136 0.0005193059628543502
137 0.0006506598240469207
138 0.0009072580645161293
139 0.001221896383186705
140 0.0015319525904203316
141 0.0020375122189638314
142 0.002643878299120234
143 0.0033220307917888555
144 0.004359115347018572
145 0.005548936950146626
146 0.00704576001955034
147 0.00857618523949169
148 0.01053885630498533
149 0.01255193059628543
150 0.015275232160312806
151 0.017972568426197454
152 0.020291116813294235
153 0.02339626099706743
154 0.026640395894428154
155 0.02864277859237536
156 0.031127810361681323
157 0.032740713587487764
158 0.03397635630498532
159 0.035095918866080156
160 0.03471713098729227
161 0.0347232404692082
162 0.033927480449657856
163 0.03264448924731183
164 0.030952162756598227
165 0.02906280547409579
166 0.026787023460410547
167 0.024424181329423256
168 0.021960532746823056
169 0.020068120723362642
170 0.017494501466275642
171 0.015710532746823075
172 0.014010569403714562
173 0.012585532746823065
174 0.01110092864125122
175 0.009813355327468222
176 0.00918713343108504
177 0.008136302541544476
178 0.0076842008797653955
179 0.007363453079178882
180 0.0073298509286412504
181 0.007572702834799608
182 0.00780791788856305
183 0.008194342619745843
184 0.008927480449657866
185 0.009361253665689148
186 0.010262402248289351
187 0.010691593352883673
188 0.01142473118279569
189 0.011942509775171061
190 0.012373228250244374
191 0.012527492668621699
192 0.012982649071358748
193 0.012825329912023458
194 0.01283907624633432
195 0.012687866568914954
196 0.011863086510263932
197 0.011449169110459432
198 0.010586204789833822
199 0.010030241935483868
200 0.008715175953079182
201 0.008017167644183771
202 0.006896077712609972
203 0.005997983870967742
204 0.005165566959921798
205 0.004206378299120233
206 0.003534335288367544
207 0.0028164711632453565
208 0.0023078567937438897
209 0.0017442570869990225
210 0.0013578323558162265
211 0.0010095918866080157
212 0.0007132820136852393
213 0.0005834555229716522
214 0.0004673753665689151
215 0.00032991202346041045
216 0.00022146871945259036
217 0.0001573191593352882
218 0.0001191348973607038
219 7.942326490713585e-05
220 5.9567448680351906e-05
221 5.498533724340176e-05
222 4.4293743890518084e-05
223 2.9020039100684262e-05
224 2.2910557184750733e-05
225 1.5273704789833822e-05
226 2.138318670576735e-05
227 3.0547409579667644e-05
228 2.138318670576735e-05
229 1.5273704789833822e-05
230 2.138318670576735e-05
231 1.374633431085044e-05
232 1.6801075268817204e-05
233 6.109481915933529e-06
234 1.0691593352883675e-05
235 1.2218963831867058e-05
236 9.164222873900293e-06
237 7.636852394916911e-06
238 7.636852394916911e-06
239 1.0691593352883675e-05
240 1.0691593352883675e-05
241 1.0691593352883675e-05
242 7.636852394916911e-06
243 4.582111436950147e-06
244 4.582111436950147e-06
245 6.109481915933529e-06
246 3.0547409579667644e-06
247 3.0547409579667644e-06
248 4.582111436950147e-06
249 0.0
250 4.582111436950147e-06
251 0.0
252 1.5273704789833822e-06
253 0.0
254 0.0
255 0.0
256 0.0
257 0.0
258 0.0
259 0.0
260 0.0
261 0.0
262 0.0
263 0.0
264 0.0
265 0.0
266 0.0
267 0.0
268 0.0
269 0.0
270 0.0
271 0.0
272 0.0
273 0.0
274 0.0
275 0.0
276 0.0
277 0.0
278 0.0
279 0.0
280 0.0
281 0.0
282 0.0
283 0.0
284 0.0
285 0.0
286 0.0
287 0.0
288 0.0
289 0.0
290 0.0
291 0.0
292 0.0
293 0.0
294 0.0
295 0.0
296 0.0
297 0.0
298 0.0
299 0.0
300 0.0
301 0.0
302 0.0
303 0.0
304 0.0
305 0.0
306 0.0
307 0.0
308 0.0
309 0.0
310 0.0
311 0.0
312 0.0
313 0.0
314 0.0
315 0.0
316 0.0
317 0.0
318 0.0
319 0.0
320 0.0
321 0.0
322 0.0
323 0.0
324 0.0
325 0.0
326 0.0
327 0.0
328 0.0
329 0.0
330 0.0
331 0.0
332 0.0
333 0.0
334 0.0
335 0.0
336 0.0
337 0.0
338 0.0
339 0.0
340 0.0
341 0.0
342 0.0
343 0.0
344 0.0
345 0.0
346 0.0
347 0.0
348 0.0
349 0.0
350 0.0
351 0.0
352 0.0
353 0.0
354 0.0
355 0.0
356 0.0
357 0.0
358 0.0
