0 0.0
1 1.5273704789833822e-06
2 0.0
3 0.0
4 0.0
5 1.5273704789833822e-06
6 3.0547409579667644e-06
7 0.0
8 0.0
9 1.5273704789833822e-06
10 1.5273704789833822e-06
11 6.109481915933529e-06
12 0.0
13 4.582111436950147e-06
14 1.5273704789833822e-06
15 1.5273704789833822e-06
16 7.636852394916911e-06
17 6.109481915933529e-06
18 1.5273704789833822e-06
19 3.0547409579667644e-06
20 7.636852394916911e-06
21 1.8328445747800586e-05
22 1.985581622678397e-05
23 1.5273704789833822e-05
24 1.985581622678397e-05
25 1.8328445747800586e-05
26 2.5965298142717498e-05
27 4.123900293255132e-05
28 4.734848484848485e-05
29 8.09506353861192e-05
30 6.567693059628541e-05
31 8.858748778103618e-05
32 9.469696969696964e-05
33 0.00011760752688172037
34 0.0001695381231671553
35 0.0002291055718475073
36 0.0002672898338220918
37 0.000268817204301075
38 0.0003604594330400783
39 0.00041239002932551337
40 0.00047501221896383217
41 0.0005315249266862169
42 0.0007041177908113391
43 0.0008079789833822092
44 0.0009576612903225804
45 0.0010401392961876831
46 0.001287573313782991
47 0.0013669965786901265
48 0.001570136852394916
49 0.001748839198435972
50 0.0020390395894428143
51 0.0022055229716520038
52 0.0024758675464320624
53 0.002596529814271749
54 0.0028302174975562075
55 0.0031876221896383157
56 0.0034396383186705752
57 0.0035908479960899296
58 0.0037038734115346994
59 0.003844391495601172
60 0.004166666666666667
61 0.00443090175953079
62 0.004362170087976539
63 0.004583638807429128
64 0.004664589442815249
65 0.0046600073313782945
66 0.004776087487781034
67 0.004797470674486801
68 0.005073924731182794
69 0.004710410557184749
70 0.004487414467253174
71 0.004516434506353859
72 0.004401881720430108
73 0.004346896383186704
74 0.0040566959921798625
75 0.003957416911045941
76 0.00360459433040078
77 0.003595430107526881
78 0.0033907624633431077
79 0.0031249999999999976
80 0.0028592375366568914
81 0.0027492668621700864
82 0.002509469696969696
83 0.002323130498533724
84 0.0019871089931573793
85 0.0019748900293255125
86 0.0017014907135874872
87 0.001535007331378298
88 0.0014143450635386115
89 0.0013746334310850436
90 0.0011791300097751707
91 0.0010493035190615836
92 0.0009958455522971648
93 0.0008996212121212122
94 0.0008140884652981425
95 0.000699535679374389
96 0.0006017839687194527
97 0.0005666544477028349
98 0.000494868035190616
99 0.0004994501466275662
100 0.0004139173998044965
101 0.0003848973607038122
102 0.0003421309872922779
103 0.00030394672531769304
104 0.00029936461388074305
105 0.0002795087976539588
106 0.0002474340175953078
107 0.00022910557184750705
108 0.00021841397849462347
109 0.00018786656891495586
110 0.00018786656891495586
111 0.0001634286412512218
112 0.00015884652981427164
113 0.00011608015640273695
114 0.00013135386119257078
115 0.00014357282502443783
116 0.00012371700879765384
117 0.00010538856304985328
118 0.00012829912023460394
119 0.00010844330400782004
120 0.00012066226783968707
121 0.00011149804496578679
122 0.00012371700879765384
123 0.00010386119257086991
124 0.00014204545454545443
125 0.00012218963831867047
126 0.0001298264907135874
127 0.00013440860215053753
128 0.00014051808406647103
129 0.0001176075268817203
130 0.0001710654936461387
131 0.00018022971652003892
132 0.0001878665689149558
133 0.00020466764418377296
134 0.0002214687194525902
135 0.0002688172043010752
136 0.0002504887585532746
137 0.0003406036168132942
138 0.0003268572825024438
139 0.0003894794721407626
140 0.00043988269794721397
141 0.0005009775171065496
142 0.0006017839687194528
143 0.0006384408602150537
144 0.0007407746823069401
145 0.0008263074291300092
146 0.0009469696969696969
147 0.0011271994134897363
148 0.0011714931573802534
149 0.0014357282502443789
150 0.0015961021505376345
151 0.0019428152492668618
152 0.0021795576735092856
153 0.0025659824046920816
154 0.0029630987292277597
155 0.0033159213098729228
156 0.0038336999022482894
157 0.004301075268817201
158 0.004896749755620721
159 0.0053855083088954064
160 0.0062576368523949155
161 0.006967864125122185
162 0.007815554740957964
163 0.008583822091886607
164 0.009634652981427173
165 0.010370845552297161
166 0.011551502932551312
167 0.012571786412512215
168 0.013744806940371442
169 0.014755926197458451
170 0.01546462609970674
171 0.01666819403714565
172 0.017396749755620725
173 0.018507148093841637
174 0.01957478005865102
175 0.01988483626588464
176 0.02056451612903226
177 0.021219758064516123
178 0.021302236070381217
179 0.021571053274682294
180 0.021567998533724334
181 0.02122586754643206
182 0.020903592375366556
183 0.02035068426197457
184 0.02015212609970673
185 0.019383858748778095
186 0.018505620723362655
187 0.01760752688172042
188 0.016498655913978488
189 0.015649437927663733
190 0.01475898093841642
191 0.013393511730205275
192 0.012489308406647115
193 0.011317815249266857
194 0.010566348973607032
195 0.009549120234604103
196 0.00892595307917888
197 0.007873594819159333
198 0.007123655913978494
199 0.006101845063538608
200 0.005461876832844572
201 0.004916605571847505
202 0.00427663734115347
203 0.0037313660801564005
204 0.003248717008797652
205 0.002909640762463342
206 0.0025614002932551317
207 0.0021658113391984347
208 0.001909213098729227
209 0.0017167644183773215
210 0.001406708211143695
211 0.001279936461388074
212 0.0010691593352883677
213 0.001021810850439882
214 0.0009011485826001951
215 0.0007972873900293248
216 0.000644550342130987
217 0.0005742913000977518
218 0.00042919110459433053
219 0.00042766373411534707
220 0.0003864247311827959
221 0.00035893206256109477
222 0.0003176930596285434
223 0.000244379276637341
224 0.000204667644183773
225 0.0002168866080156401
226 0.00020619501466275647
227 0.00020314027370478966
228 0.00013899071358748768
229 0.00016953812316715516
230 0.0001573191593352883
231 0.00012371700879765387
232 0.00013135386119257078
233 0.00013746334310850439
234 0.0001252443792766373
235 0.00012218963831867044
236 0.00010691593352883669
237 0.00012218963831867044
238 9.469696969696968e-05
239 0.00012218963831867047
240 0.0001008064516129031
241 0.00013440860215053747
242 0.00013135386119257075
243 0.00013899071358748763
244 0.00011455278592375356
245 0.00013288123167155418
246 0.00013593597262952096
247 0.00013899071358748765
248 0.00017412023460410545
249 0.00012982649071358743
250 0.00019397605083088938
251 0.00021994134897360693
252 0.00023826979472140743
253 0.0002596529814271748
254 0.000287145650048876
255 0.0003100562072336265
256 0.00031158357771260994
257 0.0003955889540566961
258 0.0003742057673509288
259 0.00041697214076246347
260 0.000487231182795699
261 0.0005804007820136854
262 0.000575818670576735
263 0.0006445503421309871
264 0.0007377199413489733
265 0.0007453567937438902
266 0.0008736559139784936
267 0.0009729349951124141
268 0.0010554130009775159
269 0.0012493890518084068
270 0.0013074291300097748
271 0.0014647482893450628
272 0.001551808406647116
273 0.0017412023460410555
274 0.0019565615835777125
275 0.0020955522971652
276 0.0022299608993157378
277 0.002530852883675464
278 0.0025812561094819162
279 0.0028134164222873887
280 0.0030975073313782996
281 0.0033037023460410556
282 0.0035939027370478958
283 0.003684017595307918
284 0.0038749389051808414
285 0.004183467741935483
286 0.0042185972629521
287 0.004198741446725318
288 0.0045698924731182805
289 0.004637096774193545
290 0.004679863147605085
291 0.004718047409579665
292 0.004791361192570867
293 0.004870784457478004
294 0.004733321114369502
295 0.004731793743890517
296 0.0047104105571847505
297 0.004440065982404691
298 0.004311766862170087
299 0.004046004398826977
300 0.003961999022482892
301 0.0036824902248289333
302 0.003500733137829911
303 0.003178457966764417
304 0.003022666177908112
305 0.0028821480938416425
306 0.002601111925708699
307 0.0024086632453567927
308 0.0021367913000977503
309 0.0020634775171065466
310 0.0017641129032258064
311 0.0015441715542522
312 0.0013685239491691105
313 0.001177602639296187
314 0.0011348362658846528
315 0.0009500244379276629
316 0.0008125610948191593
317 0.0006414956011730202
318 0.0006002565982404692
319 0.0005086143695014663
320 0.0004123900293255131
321 0.0003482404692082112
322 0.000296309872922776
323 0.00024132453567937419
324 0.00021688660801564007
325 0.00014968230694037128
326 0.00014815493646138793
327 9.469696969696968e-05
328 8.858748778103613e-05
329 6.873167155425217e-05
330 6.109481915933529e-05
331 4.734848484848485e-05
332 5.040322580645161e-05
333 3.0547409579667644e-05
334 2.138318670576735e-05
335 2.138318670576735e-05
336 2.4437927663734115e-05
337 2.138318670576735e-05
338 1.2218963831867058e-05
339 7.636852394916911e-06
340 7.636852394916911e-06
341 9.164222873900293e-06
342 3.0547409579667644e-06
343 3.0547409579667644e-06
344 3.0547409579667644e-06
345 0.0
346 1.0691593352883675e-05
347 0.0
348 3.0547409579667644e-06
349 0.0
350 1.5273704789833822e-06
351 3.0547409579667644e-06
352 0.0
353 0.0
354 1.5273704789833822e-06
355 0.0
356 0.0
357 1.5273704789833822e-06
358 3.0547409579667644e-06
