0 3.971521677857489e-05
1 2.7495058054879958e-05
2 3.818754775187288e-05
3 2.5968583920005822e-05
4 2.5967687692722135e-05
5 1.680256882518927e-05
6 1.8329341858258715e-05
7 3.3604838869008795e-05
8 1.2219561277780996e-05
9 1.527460090029195e-05
10 1.8328744412344776e-05
11 2.9020636429772642e-05
12 2.5965895471805877e-05
13 3.2075377387739406e-05
14 3.9712528447200504e-05
15 5.040382313553999e-05
16 5.0405017793716746e-05
17 5.8041272859545284e-05
18 6.4151053440023e-05
19 7.942535555894522e-05
20 9.164461817218201e-05
21 0.00010691832284519025
22 0.0001038629845581351
23 0.0001359392580563326
24 0.00015274122931878238
25 0.00018176216429627358
26 0.0002123101712050296
27 0.0002306380197405674
28 0.00025660451242463616
29 0.0002810442321924611
30 0.00030853749826007583
31 0.00034213606458952876
32 0.0003482509227009088
33 0.00042156082316986254
34 0.00040629040345636355
35 0.00042156649756255074
36 0.00048724253228202936
37 0.0005284815349809298
38 0.0005116816548375913
39 0.000482659524734621
40 0.0005727794607591941
41 0.0005468123703955604
42 0.0005712502979424687
43 0.0006063822081586146
44 0.0006231823874337994
45 0.0006552550768406412
46 0.0005666657971891654
47 0.0005849954375951427
48 0.0006063810136172635
49 0.0006201243611658464
50 0.0005758318120503307
51 0.0005315380681598126
52 0.0005269562551537557
53 0.0004826610184078189
54 0.0005284851193059364
55 0.0004765557179123294
56 0.0004505856407864281
57 0.0004429487883915113
58 0.0004460065164622221
59 0.00038796434737539324
60 0.00036963858972531577
61 0.00038032958586593665
62 0.0003421450251099824
63 0.0003345060821800817
64 0.0002917349295517121
65 0.0002917391113226329
66 0.0003146538502783047
67 0.0003039586728340651
68 0.0003131231940220329
69 0.00033145193878485424
70 0.0003803376503927577
71 0.0004017199414553693
72 0.00039102894566522497
73 0.00036353239358667065
74 0.00045670438235466165
75 0.00045671095344193585
76 0.00045823175271681956
77 0.0005346071464178072
78 0.0005391817905401991
79 0.0005315503146912056
80 0.0005452993372166049
81 0.000598756706418284
82 0.0006094459104548141
83 0.0005834835996584914
84 0.0006338889163504039
85 0.000525430976027535
86 0.000640004371557221
87 0.0006124967686568805
88 0.0006277773433153585
89 0.0006567988757387636
90 0.0006598548111212562
91 0.0006430528400924573
92 0.0006384617679014025
93 0.0006552724011365873
94 0.0006293023238938608
95 0.0006170854512979312
96 0.0005651509723734213
97 0.0005865296784100724
98 0.0006186083411077979
99 0.0006354076238052223
100 0.0005819481640685597
101 0.0005407052782632825
102 0.0005850043983492474
103 0.0005712547787284107
104 0.0004872485061570409
105 0.0004994686647639104
106 0.00048113573858064466
107 0.0004261533883331614
108 0.00042767418760804483
109 0.0004704435477818471
110 0.0004582221945168008
111 0.0004292045450829468
112 0.0004704459374486771
113 0.0004628087865060417
114 0.0005040498799735769
115 0.0004521121151549534
116 0.0004154588083348358
117 0.00043073102003560003
118 0.00045211898525724883
119 0.0004612838054602373
120 0.0005300142818890103
121 0.000575836292719447
122 0.0005819487606966945
123 0.0006965087155041129
124 0.0007514940532148172
125 0.0009011772555646933
126 0.001043227787874701
127 0.0011272409298474127
128 0.0012341592530430796
129 0.0013517763376575157
130 0.0015778340380652241
131 0.0019016530055755028
132 0.0020666123040176017
133 0.002254480366255279
134 0.0025538521478514313
135 0.002729514687680461
136 0.0032335603862335936
137 0.0035573766664639293
138 0.0038017789419067323
139 0.004104198298030522
140 0.0045837994978326435
141 0.00485262984220541
142 0.005220739568362672
143 0.005604117921311564
144 0.006042487585729346
145 0.006282306853391084
146 0.006812290968642404
147 0.006981860453339082
148 0.006991024677147589
149 0.007403443678569443
150 0.007375942346573102
151 0.007791410715210817
152 0.007744038633877307
153 0.007866238427140956
154 0.007841789449239562
155 0.007615752058838641
156 0.007595896242728683
157 0.007537850788331867
158 0.007198755427349902
159 0.0070750354295702955
160 0.006728322335163609
161 0.006425879681336168
162 0.006248682902210936
163 0.005859217767487023
164 0.005289489463594448
165 0.004990117681764641
166 0.004861790183958972
167 0.004600619691020234
168 0.004114886905088442
169 0.0037910864550135524
170 0.0036016808679360376
171 0.003360352149901615
172 0.003367980041542431
173 0.0030701356304252605
174 0.002706611599679477
175 0.002766168594166178
176 0.002708136580024328
177 0.002786033370329288
178 0.0027875547670500847
179 0.0030701290579360795
180 0.0030991526811281183
181 0.00338173473834369
182 0.0036581855086782683
183 0.0037345600068529254
184 0.00424930745475535
185 0.004612834769292385
186 0.004990124848662268
187 0.00577065477008179
188 0.006167763328171066
189 0.006807756349657827
190 0.007521092425013503
191 0.008112208996063398
192 0.008862164628678395
193 0.009422744539502051
194 0.010126891001992808
195 0.010824924697608117
196 0.011272465754367597
197 0.011878868872315413
198 0.012436387469925573
199 0.012725068257367135
200 0.013091661963816835
201 0.013629352524507579
202 0.013914940337022844
203 0.014041723436615267
204 0.013881358794572406
205 0.013826374058630169
206 0.013667518269747722
207 0.013517847314980664
208 0.013235259578465736
209 0.012894649090732369
210 0.012250054247000172
211 0.011686461709138963
212 0.011131964096617403
213 0.010744037088268136
214 0.010056672282827323
215 0.009409041513652973
216 0.008837794202589587
217 0.008019076731782643
218 0.007414224580682002
219 0.006658108989156114
220 0.006260997144354945
221 0.00561490061739742
222 0.005017647684856273
223 0.004492191915816326
224 0.004017154608329829
225 0.003694873762404345
226 0.0031801400549401615
227 0.002853266942515923
228 0.002488205385762051
229 0.0021827226285767677
230 0.001973461821433304
231 0.0016160347288094253
232 0.001472449358472224
233 0.001266250759250809
234 0.0011150401864219498
235 0.0009363273860704181
236 0.0008767488863346287
237 0.0008217692238343922
238 0.000681236206190235
239 0.0006659663834553477
240 0.0005529284233987684
241 0.0004857300968994645
242 0.00047656228981738264
243 0.00036658803030461883
244 0.0003604752635460015
245 0.00030243638000280955
246 0.0003009054249651682
247 0.00028715670098748757
248 0.0002886834744878592
249 0.0002688306446728659
250 0.0002642452481595809
251 0.00024591381553268723
252 0.0002138399317013198
253 0.00020315042888341994
254 0.00018634606818779116
255 0.0002352249105111779
256 0.00019856592789646522
257 0.0001848163080419776
258 0.00018176335918810156
259 0.0002062009884209425
260 0.00018023539126320418
261 0.00019398202447224992
262 0.00018939991303529972
263 0.00019398082958042205
264 0.00018328893756299408
265 0.00018023330049456935
266 0.0001756541760535378
267 0.0001939832191304267
268 0.00019551118705532397
269 0.00019092788119384808
270 0.00016190575074040127
271 0.0002428629577979227
272 0.00021994911483588355
273 0.00021689288032154472
274 0.00021994851727314422
275 0.0002443900291450597
276 0.0002810505050824934
277 0.000279522836406268
278 0.00030243369213873734
279 0.0003207639297569775
280 0.00034520812996026765
281 0.00039713723268933047
282 0.0004475455368444636
283 0.0004582377275264356
284 0.0005529338004119937
285 0.000643059412231162
286 0.0007560911003323134
287 0.0008538449008212802
288 0.0009821592544663707
289 0.0011104625555372904
290 0.0011929417572288255
291 0.001393034458275185
292 0.0015748019987669056
293 0.0018543430563973578
294 0.002062063051404966
295 0.0023247827209560016
296 0.002631813757942175
297 0.002880787690394625
298 0.0032657026753440074
299 0.0036582440558076733
300 0.003991251742175276
301 0.004418910398409244
302 0.004884802300990987
303 0.005259023597613129
304 0.0057187889946335654
305 0.006128164308489409
306 0.006508493594172068
307 0.006902565332694761
308 0.007348600525158948
309 0.0076510195802816814
310 0.007901521482294584
311 0.008353658387658133
312 0.008449906921064076
313 0.008277285085660384
314 0.008585843190488933
315 0.008559867438386213
316 0.008335356525274455
317 0.008301760049947284
318 0.007964200719314175
319 0.007851149017183805
320 0.007435694393774176
321 0.0070675969139146555
322 0.006653646955936424
323 0.006447440293823748
324 0.00567759688507192
325 0.005488199361937103
326 0.0050375739915231145
327 0.004631289566848433
328 0.004165422154058363
329 0.0037377249658924728
330 0.0033787749831082517
331 0.002882349707012164
332 0.002618091615576231
333 0.002396608259458114
334 0.002188863474826036
335 0.001926150674909992
336 0.001562612306630532
337 0.0014724840077650703
338 0.001284624607850604
339 0.001029526259320409
340 0.000902738378875588
341 0.0007897114716268289
342 0.0006751503212266288
343 0.0005437919808836742
344 0.0004781028028213916
345 0.0004231183615716221
346 0.0003696517327176436
347 0.0002596747858081096
348 0.0002535682911217458
349 0.0002413523138184951
350 0.00019551865425305646
351 0.00013289228342794476
352 0.0001222006901918867
353 0.0001344214456605422
354 9.470264467378594e-05
355 8.706579251252018e-05
356 4.735147172757786e-05
357 5.1935972714532636e-05
358 5.040860211872369e-05
