0 0.03126875145687875
1 0.031557292638443424
2 0.031128488309656813
3 0.030579043140054933
4 0.030124435592937367
5 0.029318637765721065
6 0.02889123468844979
7 0.027903679125226184
8 0.026609895506234965
9 0.025799762238899435
10 0.02449253567782426
11 0.02324917775927751
12 0.022183157959357862
13 0.020456469128470992
14 0.018606076108440624
15 0.01738284992188445
16 0.015673008181712262
17 0.013650469013222814
18 0.012188945669276748
19 0.010689330246659537
20 0.009147112886390207
21 0.007836539179865203
22 0.006103957147456057
23 0.005104001676894491
24 0.004043916791654933
25 0.003107931296226704
26 0.0024823703589538465
27 0.0017893178411546014
28 0.0013925215852506683
29 0.000916653873031851
30 0.0006788722583518348
31 0.0004222487493425074
32 0.00031038220587012964
33 0.00019226396497829098
34 0.00015592570864114084
35 8.033064715130941e-05
36 6.296659561831672e-05
37 3.307065634646423e-05
38 1.733602320127384e-05
39 2.0472633002611353e-05
40 7.875550519551198e-06
41 1.5678306241220148e-06
42 0.0
43 4.729117890961241e-06
44 0.0
45 0.0
46 0.0
47 1.5747833098165693e-06
48 1.5754184311353095e-06
49 0.0
50 0.0
51 0.0
52 0.0
53 0.0
54 0.0
55 0.0
56 0.0
57 0.0
58 0.0
59 0.0
60 0.0
61 0.0
62 0.0
63 0.0
64 0.0
65 0.0
66 0.0
67 0.0
68 0.0
69 0.0
70 0.0
71 0.0
72 0.0
73 0.0
74 0.0
75 0.0
76 0.0
77 0.0
78 0.0
79 0.0
80 0.0
81 0.0
82 0.0
83 0.0
84 0.0
85 0.0
86 0.0
87 0.0
88 0.0
89 0.0
90 0.0
91 0.0
92 0.0
93 0.0
94 0.0
95 0.0
96 0.0
97 0.0
98 0.0
99 0.0
100 0.0
101 0.0
102 0.0
103 0.0
104 0.0
105 0.0
106 0.0
107 0.0
108 0.0
109 0.0
110 0.0
111 0.0
112 0.0
113 0.0
114 0.0
115 0.0
116 0.0
117 0.0
118 0.0
119 0.0
120 0.0
121 0.0
122 0.0
123 0.0
124 0.0
125 0.0
126 0.0
127 0.0
128 0.0
129 0.0
130 0.0
131 0.0
132 0.0
133 0.0
134 0.0
135 0.0
136 0.0
137 0.0
138 0.0
139 0.0
140 0.0
141 0.0
142 0.0
143 0.0
144 0.0
145 0.0
146 0.0
147 0.0
148 0.0
149 0.0
150 0.0
151 0.0
152 0.0
153 0.0
154 0.0
155 0.0
156 0.0
157 0.0
158 0.0
159 0.0
160 0.0
161 0.0
162 0.0
163 0.0
164 0.0
165 0.0
166 0.0
167 0.0
168 0.0
169 0.0
170 0.0
171 0.0
172 0.0
173 0.0
174 0.0
175 0.0
176 0.0
177 0.0
178 0.0
179 0.0
180 0.0
181 0.0
182 0.0
183 0.0
184 0.0
185 0.0
186 0.0
187 0.0
188 0.0
189 0.0
190 0.0
191 0.0
192 0.0
193 0.0
194 0.0
195 0.0
196 0.0
197 0.0
198 0.0
199 0.0
200 0.0
201 0.0
202 0.0
203 0.0
204 0.0
205 0.0
206 0.0
207 0.0
208 0.0
209 0.0
210 0.0
211 0.0
212 0.0
213 0.0
214 0.0
215 0.0
216 0.0
217 0.0
218 0.0
219 0.0
220 0.0
221 0.0
222 0.0
223 0.0
224 0.0
225 0.0
226 0.0
227 0.0
228 0.0
229 0.0
230 0.0
231 0.0
232 0.0
233 0.0
234 0.0
235 0.0
236 0.0
237 0.0
238 0.0
239 0.0
240 0.0
241 0.0
242 0.0
243 0.0
244 0.0
245 0.0
246 0.0
247 0.0
248 0.0
249 0.0
250 0.0
251 0.0
252 0.0
253 0.0
254 0.0
255 0.0
256 0.0
257 0.0
258 0.0
259 0.0
260 0.0
261 0.0
262 0.0
263 0.0
264 0.0
265 0.0
266 0.0
267 0.0
268 0.0
269 0.0
270 0.0
271 0.0
272 0.0
273 0.0
274 0.0
275 0.0
276 0.0
277 0.0
278 0.0
279 0.0
280 0.0
281 0.0
282 0.0
283 0.0
284 0.0
285 0.0
286 0.0
287 0.0
288 0.0
289 0.0
290 0.0
291 0.0
292 0.0
293 0.0
294 0.0
295 0.0
296 0.0
297 0.0
298 0.0
299 0.0
300 0.0
301 0.0
302 0.0
303 0.0
304 0.0
305 0.0
306 0.0
307 0.0
308 0.0
309 0.0
310 0.0
311 0.0
312 0.0
313 0.0
314 1.5687751004016065e-06
315 0.0
316 1.583080040526849e-06
317 0.0
318 1.5738315874294923e-06
319 4.7135851650675716e-06
320 9.464014413881748e-06
321 2.0490481690403458e-05
322 3.623397973518373e-05
323 4.2536790759588324e-05
324 8.504835321030977e-05
325 0.0001212688123203003
326 0.00019852138074334514
327 0.00031509999156363724
328 0.00043629249923850976
329 0.0006946860066396043
330 0.0009433862149229941
331 0.001338907048962233
332 0.0019498854289370358
333 0.0023187478909758217
334 0.0031835862831671555
335 0.003964403668881059
336 0.005018640245629646
337 0.00627729250161502
338 0.007593717977082741
339 0.008841422662592802
340 0.010641745147683651
341 0.012083456577078122
342 0.0138758747351645
343 0.015585486740014863
344 0.01732730554189288
345 0.01879441754689242
346 0.02033212673461079
347 0.02182377907871761
348 0.023288680251150443
349 0.02430760475802307
350 0.02613701675270781
351 0.02701276140732227
352 0.02782399063311543
353 0.028364336921984756
354 0.029522545112214568
355 0.030361653374391253
356 0.030819357349028614
357 0.031311528894293596
358 0.03151850602995068
