0 0.000348391959454914
1 0.00032547393940025854
2 0.00038812899417524306
3 0.00039118314563843054
4 0.0004156351128717033
5 0.00046757616802724146
6 0.00047675742506650306
7 0.0005837008427447902
8 0.0006173406516666535
9 0.0006967644999897978
10 0.0007747225584911108
11 0.0008572432939554237
12 0.0009366985381809411
13 0.00113838016253817
14 0.001283516791246605
15 0.0014928508151571046
16 0.0017006774774600952
17 0.0019971137560931807
18 0.0022691222700683363
19 0.0026388152176663794
20 0.0029903028893676995
21 0.003548021380390717
22 0.003962125836422022
23 0.0046756911250700525
24 0.005201287927925658
25 0.005992839672639708
26 0.006882091684504248
27 0.007737711952443857
28 0.00863931297897419
29 0.009690537984356864
30 0.010488092492106704
31 0.011516425175802794
32 0.01237358807627259
33 0.01300468433465189
34 0.013571539268668283
35 0.013968799628769861
36 0.013991665949820086
37 0.013990166107226115
38 0.013461339992853587
39 0.012857849090585505
40 0.012077058013992188
41 0.011148027123280524
42 0.009873679591620839
43 0.008623796648870018
44 0.007373990777330355
45 0.00618669142434587
46 0.005049891234771128
47 0.0038458834574042165
48 0.003037517488234254
49 0.0021895654374840872
50 0.0016731190988132129
51 0.0012162333225787076
52 0.0009243997829978203
53 0.0006004672525930751
54 0.0003758684968067187
55 0.00022306959156546027
56 0.00013445431722830702
57 7.94489604599379e-05
58 6.875796712587424e-05
59 4.125005655904242e-05
60 2.4445397315969242e-05
61 1.6806452983544593e-05
62 9.169303093505358e-06
63 6.1124696130797525e-06
64 1.5279679248973206e-06
65 0.0
66 1.5282668231611894e-06
67 0.0
68 0.0
69 0.0
70 0.0
71 0.0
72 0.0
73 0.0
74 0.0
75 0.0
76 0.0
77 0.0
78 0.0
79 0.0
80 0.0
81 0.0
82 0.0
83 0.0
84 0.0
85 0.0
86 0.0
87 0.0
88 0.0
89 0.0
90 0.0
91 0.0
92 0.0
93 0.0
94 0.0
95 0.0
96 0.0
97 0.0
98 0.0
99 0.0
100 0.0
101 0.0
102 0.0
103 0.0
104 0.0
105 0.0
106 0.0
107 0.0
108 0.0
109 0.0
110 0.0
111 0.0
112 0.0
113 0.0
114 0.0
115 0.0
116 0.0
117 0.0
118 0.0
119 0.0
120 0.0
121 0.0
122 0.0
123 0.0
124 0.0
125 0.0
126 0.0
127 0.0
128 0.0
129 0.0
130 0.0
131 0.0
132 0.0
133 0.0
134 0.0
135 0.0
136 0.0
137 0.0
138 0.0
139 0.0
140 0.0
141 0.0
142 0.0
143 0.0
144 0.0
145 0.0
146 0.0
147 0.0
148 0.0
149 0.0
150 0.0
151 0.0
152 0.0
153 0.0
154 0.0
155 0.0
156 0.0
157 0.0
158 0.0
159 0.0
160 0.0
161 0.0
162 0.0
163 0.0
164 0.0
165 0.0
166 0.0
167 0.0
168 0.0
169 0.0
170 0.0
171 0.0
172 0.0
173 0.0
174 0.0
175 0.0
176 0.0
177 0.0
178 0.0
179 0.0
180 0.0
181 0.0
182 0.0
183 0.0
184 0.0
185 0.0
186 0.0
187 0.0
188 0.0
189 0.0
190 0.0
191 0.0
192 0.0
193 0.0
194 0.0
195 0.0
196 0.0
197 0.0
198 0.0
199 0.0
200 0.0
201 0.0
202 0.0
203 0.0
204 0.0
205 0.0
206 0.0
207 0.0
208 0.0
209 0.0
210 0.0
211 0.0
212 0.0
213 0.0
214 0.0
215 0.0
216 0.0
217 0.0
218 0.0
219 0.0
220 0.0
221 0.0
222 0.0
223 0.0
224 0.0
225 0.0
226 0.0
227 0.0
228 0.0
229 0.0
230 0.0
231 0.0
232 0.0
233 0.0
234 0.0
235 0.0
236 0.0
237 0.0
238 0.0
239 0.0
240 0.0
241 0.0
242 0.0
243 0.0
244 0.0
245 0.0
246 0.0
247 0.0
248 0.0
249 0.0
250 0.0
251 0.0
252 0.0
253 0.0
254 0.0
255 0.0
256 0.0
257 0.0
258 0.0
259 0.0
260 0.0
261 0.0
262 0.0
263 0.0
264 0.0
265 0.0
266 0.0
267 0.0
268 0.0
269 0.0
270 0.0
271 0.0
272 0.0
273 0.0
274 0.0
275 0.0
276 0.0
277 0.0
278 0.0
279 0.0
280 0.0
281 0.0
282 0.0
283 0.0
284 0.0
285 1.5273704789833822e-06
286 0.0
287 3.055338403880703e-06
288 7.636852394916911e-06
289 6.110079245021907e-06
290 1.2220158840589053e-05
291 2.5970077593340567e-05
292 3.5136092804982676e-05
293 3.055159158430822e-05
294 9.472176574849108e-05
295 9.471967392822057e-05
296 0.00017874058655538877
297 0.00027652187329694035
298 0.000444575347519862
299 0.0006034386030148815
300 0.000939541363724703
301 0.0013092567395733654
302 0.0018806142868332827
303 0.00269949817725005
304 0.0037520822919414913
305 0.005085823567908339
306 0.0072216569448683675
307 0.009528611697774131
308 0.011982160489765343
309 0.0147993755581912
310 0.018281137514534026
311 0.02177986339568039
312 0.02546798231077399
313 0.028910038900527905
314 0.03197492857295567
315 0.03516053785256569
316 0.03703063383868076
317 0.03837070281294367
318 0.03931671193923851
319 0.03926626005650114
320 0.03775859405304002
321 0.036229309597136126
322 0.03428903729120926
323 0.030902132516315448
324 0.027971759662334165
325 0.025102613041409087
326 0.02286277475264966
327 0.01944819525674798
328 0.016840110683266657
329 0.014459756397574765
330 0.012319325670509257
331 0.010360551023847326
332 0.008638719886581386
333 0.007272737973551358
334 0.006044359213212755
335 0.00496568040791034
336 0.004045873228666048
337 0.0033552663253899567
338 0.0026616008086927873
339 0.002198664445211429
340 0.0019114393281854172
341 0.001491273217245718
342 0.0012941435157122622
343 0.0010985899199382671
344 0.0008602277897151279
345 0.0007578485479347837
346 0.0006524342916704224
347 0.0005867409340573151
348 0.00047061147065498695
349 0.00043700753339018624
350 0.0004339366546125463
351 0.0003422765030804587
352 0.0003483871845666623
353 0.0003193510050704469
354 0.0003162947673994859
355 0.0003086558229485886
356 0.00030407640767684234
357 0.00034532377660690425
358 0.0002750483000747989
