0 0.0
1 0.0
2 0.0
3 0.0
4 0.0
5 0.0
6 0.0
7 0.0
8 0.0
9 0.0
10 0.0
11 0.0
12 0.0
13 0.0
14 0.0
15 0.0
16 0.0
17 0.0
18 0.0
19 0.0
20 0.0
21 0.0
22 0.0
23 0.0
24 0.0
25 0.0
26 0.0
27 0.0
28 0.0
29 0.0
30 0.0
31 0.0
32 0.0
33 0.0
34 0.0
35 0.0
36 0.0
37 0.0
38 0.0
39 0.0
40 0.0
41 0.0
42 0.0
43 0.0
44 0.0
45 0.0
46 0.0
47 0.0
48 0.0
49 0.0
50 0.0
51 0.0
52 0.0
53 0.0
54 0.0
55 0.0
56 0.0
57 0.0
58 0.0
59 0.0
60 0.0
61 0.0
62 0.0
63 0.0
64 0.0
65 0.0
66 0.0
67 0.0
68 0.0
69 0.0
70 0.0
71 0.0
72 0.0
73 0.0
74 0.0
75 0.0
76 0.0
77 0.0
78 0.0
79 0.0
80 0.0
81 0.0
82 0.0
83 0.0
84 0.0
85 0.0
86 0.0
87 0.0
88 0.0
89 0.0
90 0.0
91 0.0
92 0.0
93 0.0
94 0.0
95 0.0
96 0.0
97 0.0
98 0.0
99 0.0
100 0.0
101 0.0
102 0.0
103 0.0
104 0.0
105 0.0
106 0.0
107 0.0
108 0.0
109 0.0
110 0.0
111 0.0
112 0.0
113 0.0
114 0.0
115 0.0
116 0.0
117 0.0
118 0.0
119 0.0
120 0.0
121 0.0
122 0.0
123 0.0
124 0.0
125 0.0
126 0.0
127 0.0
128 0.0
129 0.0
130 0.0
131 0.0
132 0.0
133 0.0
134 0.0
135 0.0
136 0.0
137 0.0
138 0.0
139 0.0
140 0.0
141 0.0
142 0.0
143 0.0
144 0.0
145 0.0
146 0.0
147 0.0
148 0.0
149 0.0
150 0.0
151 0.0
152 0.0
153 0.0
154 0.0
155 0.0
156 0.0
157 0.0
158 0.0
159 0.0
160 0.0
161 0.0
162 0.0
163 0.0
164 0.0
165 1.5273704789833822e-06
166 0.0
167 4.582111436950147e-06
168 3.0547409579667644e-06
169 4.582111436950147e-06
170 1.5273704789833822e-06
171 9.164222873900293e-06
172 7.636852394916911e-06
173 4.582111436950147e-06
174 6.109481915933529e-06
175 1.2218963831867058e-05
176 4.582111436950147e-06
177 1.985581622678397e-05
178 1.5273704789833822e-05
179 1.6801075268817204e-05
180 2.138318670576735e-05
181 1.8328445747800586e-05
182 2.138318670576735e-05
183 2.138318670576735e-05
184 2.4437927663734115e-05
185 2.5965298142717498e-05
186 3.360215053763441e-05
187 3.0547409579667644e-05
188 3.665689149560117e-05
189 3.2074780058651026e-05
190 2.4437927663734115e-05
191 2.749266862170088e-05
192 2.749266862170088e-05
193 2.5965298142717498e-05
194 2.749266862170088e-05
195 2.9020039100684262e-05
196 3.0547409579667644e-05
197 2.2910557184750733e-05
198 3.360215053763441e-05
199 1.374633431085044e-05
200 2.5965298142717498e-05
201 2.138318670576735e-05
202 3.0547409579667644e-05
203 2.2910557184750733e-05
204 3.360215053763441e-05
205 2.749266862170088e-05
206 3.2074780058651026e-05
207 2.5965298142717498e-05
208 2.2910557184750733e-05
209 3.2074780058651026e-05
210 3.2074780058651026e-05
211 3.8184261974584555e-05
212 3.360215053763441e-05
213 4.27663734115347e-05
214 4.5821114369501466e-05
215 3.971163245356794e-05
216 7.331378299120236e-05
217 7.942326490713585e-05
218 9.164222873900285e-05
219 8.400537634408599e-05
220 0.00011302541544477024
221 0.00010538856304985332
222 0.00016801075268817195
223 0.00015273704789833822
224 0.00023063294232649067
225 0.0002291055718475072
226 0.00027798142717497547
227 0.00039100684261974574
228 0.0003757331378299122
229 0.00045210166177908124
230 0.0005834555229716523
231 0.0006308040078201367
232 0.0007606304985337244
233 0.0009698802541544481
234 0.0010706867057673512
235 0.001253971163245356
236 0.0015502810361681322
237 0.0017992424242424237
238 0.0022131598240469202
239 0.0023933895405669594
240 0.0029615713587487777
241 0.00345949413489736
242 0.004117790811339199
243 0.004771505376344085
244 0.005823863636363636
245 0.006586021505376344
246 0.008205034213098728
247 0.009367363147605078
248 0.010757270283479958
249 0.012335043988269793
250 0.01396933040078201
251 0.015531830400782015
252 0.017257759042033232
253 0.018809567448680356
254 0.020590481427174956
255 0.02193456744868035
256 0.023443609481915928
257 0.024557062561094824
258 0.025748411534701855
259 0.026695381231671537
260 0.02734451368523947
261 0.028124999999999994
262 0.028341886608015617
263 0.02891617790811339
264 0.02881078934506353
265 0.02943701124144672
266 0.029310239491691096
267 0.028720674486803516
268 0.028525171065493644
269 0.02765609726295209
270 0.02708333333333333
271 0.02689393939393938
272 0.025887402248289323
273 0.025126771749755607
274 0.02418438416422285
275 0.023309200879765388
276 0.022314882697947215
277 0.021228922287390015
278 0.02036290322580645
279 0.01896077712609971
280 0.017951185239491692
281 0.016898826979472144
282 0.015898399315738023
283 0.014516129032258056
284 0.013321725317693057
285 0.012225073313782996
286 0.01111925708699902
287 0.01016770527859238
288 0.009171859726295207
289 0.008501344086021507
290 0.007426075268817204
291 0.006537145650048871
292 0.0058085899315738
293 0.005153347996089929
294 0.004744012707722384
295 0.004056695992179864
296 0.003601539589442814
297 0.0030623778103616795
298 0.0027233015640273687
299 0.002277309384164222
300 0.0019489247311827943
301 0.0017060728250244369
302 0.0014815493646138807
303 0.0010981793743890522
304 0.0009255865102639298
305 0.0007346652003910071
306 0.0005804007820136856
307 0.000462793255131965
308 0.00032227517106549376
309 0.0002733993157380254
310 0.00015884652981427172
311 0.00015884652981427172
312 0.00010233382209188661
313 7.789589442815247e-05
314 4.123900293255132e-05
315 3.665689149560117e-05
316 1.6801075268817204e-05
317 1.5273704789833822e-05
318 1.6801075268817204e-05
319 7.636852394916911e-06
320 6.109481915933529e-06
321 1.5273704789833822e-06
322 0.0
323 0.0
324 1.5273704789833822e-06
325 1.5273704789833822e-06
326 1.5273704789833822e-06
327 0.0
328 0.0
329 0.0
330 0.0
331 0.0
332 0.0
333 0.0
334 0.0
335 0.0
336 0.0
337 0.0
338 0.0
339 0.0
340 0.0
341 0.0
342 0.0
343 0.0
344 0.0
345 0.0
346 0.0
347 0.0
348 0.0
349 0.0
350 0.0
351 0.0
352 0.0
353 0.0
354 0.0
355 0.0
356 0.0
357 0.0
358 0.0
