0 1.5273704789833822e-06
1 1.5273704789833822e-06
2 1.5273704789833822e-06
3 1.5273704789833822e-06
4 0.0
5 4.582111436950147e-06
6 1.5273704789833822e-06
7 0.0
8 1.5273704789833822e-06
9 3.0547409579667644e-06
10 0.0
11 3.0547409579667644e-06
12 1.5273704789833822e-06
13 1.5273704789833822e-06
14 6.109481915933529e-06
15 0.0
16 4.582111436950147e-06
17 1.5273704789833822e-06
18 9.164222873900293e-06
19 7.636852394916911e-06
20 7.636852394916911e-06
21 1.0691593352883675e-05
22 1.374633431085044e-05
23 1.8328445747800586e-05
24 2.2910557184750733e-05
25 2.2910557184750733e-05
26 2.9020039100684262e-05
27 2.9020337765228452e-05
28 4.27663734115347e-05
29 6.567722926082963e-05
30 7.789589442815245e-05
31 6.567693059628541e-05
32 9.011485826001948e-05
33 0.00011760752688172034
34 0.00015884682847881575
35 0.000168011051352716
36 0.00018633919843597234
37 0.00025354349951124135
38 0.0003406039154778384
39 0.0004353011838393525
40 0.00043530088517480835
41 0.0005208345279915102
42 0.0006674611979802821
43 0.0007148114748160322
44 0.0009103148961259047
45 0.0010187567068110036
46 0.00121578899192258
47 0.0013135389105902522
48 0.00158541264783656
49 0.0016312358528578702
50 0.0019000524598298569
51 0.0022039979904893733
52 0.002388811013104539
53 0.002552240550349393
54 0.002940192950675716
55 0.0031250044799681614
56 0.0033724381988989257
57 0.003705408547291834
58 0.0038092682465399818
59 0.004108634353743445
60 0.00403990178619556
61 0.004392722574853456
62 0.004714999836570761
63 0.004635577168992713
64 0.0047486028831020275
65 0.004690563402229749
66 0.0049028646134984515
67 0.004870793716078875
68 0.004899813755179558
69 0.0049334162043817385
70 0.004505751574272756
71 0.004551571792648626
72 0.004513386634680409
73 0.004298027098479208
74 0.004033790810956906
75 0.003943678939342331
76 0.0036488952422403607
77 0.0035541955845624926
78 0.003172353860810279
79 0.0030914008361078065
80 0.003021142988732745
81 0.0026041684586539317
82 0.002567512761816507
83 0.0022773129681387537
84 0.002061951938614831
85 0.0019336543117029468
86 0.0016266519494336545
87 0.0015533381664424523
88 0.0013731081512578698
89 0.0012646651459145932
90 0.0011760770608044686
91 0.001064578717174138
92 0.0009759906320640134
93 0.0008186720700578138
94 0.000739248207821589
95 0.0006750983490397428
96 0.0006414964971666531
97 0.0005651279732174837
98 0.0005086149668305547
99 0.0004780681545799751
100 0.00039864369501466297
101 0.0003803161452604949
102 0.0003940621809068009
103 0.00031769305962854355
104 0.00032074780058651036
105 0.00026576306067219673
106 0.0002565985391337522
107 0.00022299668726066205
108 0.00021230509390777843
109 0.00021841427715916769
110 0.00016342893991576595
111 0.00016037390029325494
112 0.00014968260560491555
113 0.00015273734656288235
114 0.00017106579231068286
115 0.000140518084066471
116 0.0001451004941679654
117 0.00016342864125122182
118 0.00012524497660572565
119 0.00015273704789833806
120 0.0001451010914970538
121 0.00013746423910213686
122 0.0001466278646469487
123 0.00015120997608389887
124 0.00014815493646138799
125 0.0001573191593352883
126 0.0001863394971005166
127 0.0001985581622678396
128 0.00018939423805848347
129 0.00022910616917659547
130 0.00021535923753665672
131 0.0002520167263613462
132 0.0002703448734446027
133 0.0002963104702518644
134 0.0003467130987292278
135 0.0003115841750416983
136 0.0004414103670907416
137 0.00047806755725088713
138 0.0004872326761184201
139 0.0005193077548416151
140 0.000685789942392627
141 0.0007529957367906164
142 0.0007438303192585398
143 0.0008874043389411541
144 0.0010187593947919016
145 0.0011867686541573524
146 0.001347141658456975
147 0.0015227913541918736
148 0.0017916079611638605
149 0.0019168520417759524
150 0.002255929184103897
151 0.002465181329040973
152 0.00283633056344667
153 0.0032441390786643208
154 0.0036504214180611647
155 0.004133071086749003
156 0.004653905614740512
157 0.00499756576449904
158 0.0056329494944397695
159 0.006184334119991848
160 0.006856378624067256
161 0.007720867925855496
162 0.008441792765226535
163 0.009341411588031394
164 0.009796566497445718
165 0.010903918457315915
166 0.011782152898756825
167 0.012796331376769953
168 0.013306470428769507
169 0.014274824805767692
170 0.015009492694139596
171 0.015637244947647205
172 0.01623902831903757
173 0.017137117382047085
174 0.017908445447224582
175 0.01808714868925928
176 0.018423174973268317
177 0.018691987398936682
178 0.019180745653546844
179 0.019220462064633112
180 0.01908452220936451
181 0.019053981370404805
182 0.018771413351824726
183 0.0184873188587593
184 0.018116168131030865
185 0.01771904702786248
186 0.01697980150802179
187 0.016594901160672543
188 0.015835799525940518
189 0.015070590499944378
190 0.0141572208628605
191 0.013237739055879801
192 0.012408375093804554
193 0.011517916909899065
194 0.0107863049571433
195 0.010088295453589724
196 0.009130637747241674
197 0.008461645893472425
198 0.007878185890532609
199 0.007019804577337582
200 0.006349289534392964
201 0.005698626126371514
202 0.00507393518444184
203 0.004589755158629577
204 0.004033789018969644
205 0.003598492016433907
206 0.0032899607903629107
207 0.0029737948025488074
208 0.002401030872930039
209 0.0022467664545527165
210 0.0019611454870019276
211 0.0017121858909149013
212 0.0015044623111149845
213 0.001414346556861333
214 0.001102763875142355
215 0.0010187579014691811
216 0.0008644925870982266
217 0.0008003433256454686
218 0.000774377728838207
219 0.0005941483109827124
220 0.0005742918974268403
221 0.00046890393170607504
222 0.0004154450689480242
223 0.0003604603290337107
224 0.00036351477132713335
225 0.0003329670630829217
226 0.00027492728354609714
227 0.00023521565109252903
228 0.0002168866080156401
229 0.00020619531332730068
230 0.00016495660905929354
231 0.00014662756598240458
232 0.00019397664815997778
233 0.00016648397953827692
234 0.00015579178885630484
235 0.00015273734656288222
236 0.00019397664815997773
237 0.0001634289399157659
238 0.00014357312368898196
239 0.00016190156943678252
240 0.00014815493646138793
241 0.00014968230694037128
242 0.00013135415985711496
243 0.0001451004941679654
244 0.00015884652981427161
245 0.0001573197566643767
246 0.0001344089008150817
247 0.000192448680351906
248 0.0001802297165200389
249 0.0002061956119918448
250 0.00021994134897360693
251 0.00020314057236933385
252 0.000247434316259852
253 0.0002764546540250805
254 0.00026576276200765235
255 0.0002902015856650193
256 0.0003253302106880044
257 0.00033449413489736066
258 0.00036351447266258903
259 0.0004276646301089795
260 0.0004429386335633579
261 0.000505560225872588
262 0.0005834564189652845
263 0.0005910926740311132
264 0.0007255030681689153
265 0.0007438303192585392
266 0.0008751853751092873
267 0.0009393349352265893
268 0.0010248670847205702
269 0.0011501111653326632
270 0.0012661913217354003
271 0.0014128203810405263
272 0.001585414738488369
273 0.0017854993752415582
274 0.0018847769630527585
275 0.0020879190287448114
276 0.0021933072931301224
277 0.0025629327410313664
278 0.002726359888959867
279 0.002912699684724926
280 0.0029890682086740963
281 0.003378547382150314
282 0.003703878488831951
283 0.003606126479512471
284 0.0040261560492138
285 0.004133071385413546
286 0.00436828524451881
287 0.004589753963971402
288 0.004777622324873624
289 0.004922723416370679
290 0.0050647685722515845
291 0.004895229851755343
292 0.005177793987696354
293 0.004989923834806872
294 0.004970071602554616
295 0.0048173342559917325
296 0.00496395973132233
297 0.004498114721877839
298 0.0044843683875669905
299 0.004212492559668874
300 0.004065866785673732
301 0.0037390083085131155
302 0.0037115150425623246
303 0.003363273976025025
304 0.003010450200721688
305 0.0030058698812720024
306 0.0027003951881462377
307 0.0023979749373138964
308 0.0021826156997772385
309 0.0018939435752430105
310 0.0016831655531496733
311 0.0016403976864154165
312 0.0013807461983109635
313 0.001157748316392124
314 0.0010569433581019423
315 0.0008782395187381652
316 0.0007667408764432901
317 0.0006063660801564028
318 0.0005590184913015507
319 0.00047806785591543124
320 0.00037573373515900036
321 0.0003344950308909934
322 0.00023216091013456228
323 0.0002550708699902247
324 0.0001619015694367826
325 0.00015426471704186562
326 0.0001405183827310152
327 0.0001313538611925708
328 6.109481915933529e-05
329 7.331378299120232e-05
330 5.040322580645161e-05
331 4.123900293255132e-05
332 4.5821114369501466e-05
333 2.4437927663734115e-05
334 1.8328445747800586e-05
335 1.6801075268817204e-05
336 1.6801075268817204e-05
337 1.2218963831867058e-05
338 1.0691593352883675e-05
339 7.636852394916911e-06
340 6.109481915933529e-06
341 6.109481915933529e-06
342 4.582111436950147e-06
343 4.582111436950147e-06
344 4.582111436950147e-06
345 4.582111436950147e-06
346 4.582111436950147e-06
347 4.582111436950147e-06
348 3.0547409579667644e-06
349 1.5273704789833822e-06
350 1.5273704789833822e-06
351 1.5273704789833822e-06
352 3.0547409579667644e-06
353 1.5273704789833822e-06
354 1.5273704789833822e-06
355 0.0
356 0.0
357 3.0547409579667644e-06
358 0.0
