0 0.0
1 1.5273704789833822e-06
2 0.0
3 0.0
4 6.109481915933529e-06
5 0.0
6 0.0
7 1.5273704789833822e-06
8 0.0
9 3.0547409579667644e-06
10 4.582111436950147e-06
11 0.0
12 0.0
13 3.0547409579667644e-06
14 4.582111436950147e-06
15 1.5273704789833822e-06
16 6.109481915933529e-06
17 3.0547409579667644e-06
18 9.164222873900293e-06
19 4.582111436950147e-06
20 7.636852394916911e-06
21 3.0547409579667644e-06
22 1.0691593352883675e-05
23 1.6801075268817204e-05
24 1.374633431085044e-05
25 2.5965298142717498e-05
26 3.512952101661779e-05
27 4.4293743890518084e-05
28 4.734848484848485e-05
29 6.262218963831866e-05
30 6.262218963831866e-05
31 7.942326490713585e-05
32 7.942326490713585e-05
33 0.0001267717497556206
34 0.00011760752688172029
35 0.00011913489736070379
36 0.00017717497556207215
37 0.00024743401759530763
38 0.00027034457478005835
39 0.00036504154447702833
40 0.00041849951124144666
41 0.0004673753665689149
42 0.0005773460410557186
43 0.0007346652003910066
44 0.0008339442815249261
45 0.0008950391006842616
46 0.0010584677419354835
47 0.001205095307917888
48 0.001353250244379276
49 0.001582355816226783
50 0.001735092864125122
51 0.0019305962854349944
52 0.0020756964809384155
53 0.0024178274682306925
54 0.002753848973607036
55 0.0028347996089931574
56 0.0030348851417399793
57 0.0033739613880742875
58 0.003624450146627564
59 0.0037939882697947216
60 0.003858137829912021
61 0.004004765395894425
62 0.004218597262952098
63 0.004464503910068426
64 0.004291911045943302
65 0.00444464809384164
66 0.004517961876832842
67 0.0046447336265884615
68 0.004362170087976535
69 0.004456867057673505
70 0.004351478494623654
71 0.004194159335288366
72 0.004050586510263927
73 0.004004765395894427
74 0.0036717986314760494
75 0.003490041544477026
76 0.0035480816226783965
77 0.003160129521016618
78 0.0030837609970674456
79 0.002817998533724339
80 0.002666788856304985
81 0.00230785679374389
82 0.0022650904203323553
83 0.0021001344086021504
84 0.001964198435972629
85 0.0018007697947214074
86 0.001560972629521016
87 0.0014342008797653954
88 0.0012967375366568913
89 0.0011821847507331375
90 0.0010737414467253173
91 0.0009576612903225803
92 0.0008797653958944283
93 0.0007927052785923746
94 0.0007850684261974583
95 0.000639968230694037
96 0.0005895650048875856
97 0.0005849828934506351
98 0.00044904692082111444
99 0.000439882697947214
100 0.0004246089931573804
101 0.00037878787878787895
102 0.0003650415444770283
103 0.0003054740957966766
104 0.0002825635386119258
105 0.0002978372434017597
106 0.00020314027370478964
107 0.0002825635386119255
108 0.00026423509286412495
109 0.00018175708699902238
110 0.00021383186705767332
111 0.0001893939393939393
112 0.0002000855327468229
113 0.0001619012707722384
114 0.00017717497556207217
115 0.00016953812316715527
116 0.0001603739002932549
117 0.00015273704789833814
118 0.00012524437927663725
119 0.000160373900293255
120 0.00012218963831867047
121 0.00013440860215053753
122 0.00014510019550342126
123 0.00014968230694037133
124 0.00015579178885630486
125 0.00018633919843597253
126 0.0001557917888563049
127 0.00015579178885630486
128 0.00021841397849462353
129 0.00020924975562072322
130 0.00022757820136852375
131 0.00022910557184750713
132 0.00027950879765395887
133 0.0002932551319648092
134 0.00034060361681329427
135 0.0003742057673509288
136 0.00044446480938416407
137 0.0004597385141739981
138 0.0005406891495601171
139 0.0005666544477028352
140 0.0006399682306940369
141 0.0007255009775171067
142 0.0008049242424242423
143 0.0010187561094819157
144 0.0010752688172043006
145 0.0012524437927663734
146 0.001444892473118279
147 0.00156708211143695
148 0.0018190982404692082
149 0.0021047165200391
150 0.0023231304985337252
151 0.002611803519061583
152 0.0029814271749755614
153 0.0033021749755620723
154 0.0036672165200390986
155 0.004278164711632452
156 0.004893695014662756
157 0.005611559139784943
158 0.006033113391984356
159 0.006570747800586507
160 0.007177113880742912
161 0.007960654936461382
162 0.008635752688172038
163 0.00943151270772238
164 0.010392228739002935
165 0.011207844574780053
166 0.01213343108504398
167 0.01326063049853372
168 0.013790628054740954
169 0.01466428396871945
170 0.015646383186705762
171 0.01652920332355816
172 0.016787328934506348
173 0.017764846041055705
174 0.018343719452590414
175 0.018481182795698915
176 0.0194663367546432
177 0.019666422287390024
178 0.019657258064516108
179 0.019794721407624626
180 0.02001924486803519
181 0.01968780547409579
182 0.019623655913978494
183 0.019170026881720415
184 0.018769855816226783
185 0.018609481915933514
186 0.01758919843597263
187 0.017101967253176923
188 0.016257331378299114
189 0.015461571358748778
190 0.014752871456500482
191 0.013912817693059621
192 0.012906280547409575
193 0.011986803519061572
194 0.01139418377321603
195 0.0104044477028348
196 0.009669782502443785
197 0.008814455034213093
198 0.007972873900293252
199 0.007045760019550341
200 0.0065295087976539575
201 0.0058345552297165175
202 0.005391617790811336
203 0.0047684506353861175
204 0.004198741446725315
205 0.0036931818181818164
206 0.00346865835777126
207 0.0029310239491691097
208 0.002778286901270771
209 0.002309384164222874
210 0.0020084921798631467
211 0.0017442570869990223
212 0.0015670821114369493
213 0.0013715786901270773
214 0.0011867668621700878
215 0.0011165078201368522
216 0.0009271138807429128
217 0.000884347507331378
218 0.0007025904203323557
219 0.000647605083088954
220 0.0005742913000977513
221 0.0004902859237536659
222 0.00044904692082111455
223 0.0003971163245356794
224 0.00035893206256109493
225 0.000351295210166178
226 0.00027187194525904197
227 0.0002642350928641251
228 0.000248961388074291
229 0.00022299608993157357
230 0.00023826979472140743
231 0.00017564760508308885
232 0.00020466764418377312
233 0.00015426441837732135
234 0.00019092130987292255
235 0.00016801075268817184
236 0.00018175708699902225
237 0.00015120967741935474
238 0.0001542644183773215
239 0.00016801075268817195
240 0.00014662756598240456
241 0.00012218963831867047
242 0.00014510019550342118
243 0.0001680107526881719
244 0.00015579178885630484
245 0.00015120967741935476
246 0.00016648338220918855
247 0.0001634286412512218
248 0.0001893939393939392
249 0.00018328445747800568
250 0.00020619501466275647
251 0.0002382697947214074
252 0.00024590664711632434
253 0.00022757820136852373
254 0.00026576246334310836
255 0.00033143939393939396
256 0.00033296676441837747
257 0.00034518572825024437
258 0.00038489736070381224
259 0.0004139173998044967
260 0.0004505742913000978
261 0.0005467986314760506
262 0.0005513807429130008
263 0.0005193059628543497
264 0.0007071725317693055
265 0.0007621578690127076
266 0.0007835410557184746
267 0.0009439149560117295
268 0.0009836265884652984
269 0.0010279203323558155
270 0.001278409090909091
271 0.0012936827956989243
272 0.0014280913978494624
273 0.0015288978494623657
274 0.0017457844574780047
275 0.0018481182795698917
276 0.001993218475073314
277 0.0022895283479960884
278 0.0024407380254154423
279 0.002788978494623655
280 0.0029310239491691092
281 0.0031754032258064515
282 0.003172348484848484
283 0.003401454056695991
284 0.0036320869990224807
285 0.0038978494623655904
286 0.003960471652003908
287 0.00402920332355816
288 0.004188049853372433
289 0.0042323435972629496
290 0.004452284946236555
291 0.004731793743890517
292 0.004537817693059629
293 0.004484359726295209
294 0.004563782991202345
295 0.004346896383186705
296 0.0043499511241446714
297 0.004087243401759528
298 0.00409182551319648
299 0.0038199535679374376
300 0.003671798631476048
301 0.0036534701857282494
302 0.003372434017595306
303 0.0031601295210166172
304 0.002827162756598239
305 0.002814943792766371
306 0.0024529569892473113
307 0.0022101050830889537
308 0.0019336510263929614
309 0.0017900782013685241
310 0.0016403958944281526
311 0.0014265640273704782
312 0.001240224828934506
313 0.0010905425219941353
314 0.0008935117302052783
315 0.000818670576735093
316 0.0006766251221896381
317 0.0005635997067448677
318 0.0004902859237536658
319 0.0004169721407624632
320 0.0003497678396871944
321 0.0002459066471163244
322 0.000244379276637341
323 0.00019855816226783957
324 0.00015426441837732146
325 0.00012982649071358737
326 0.00012677174975562062
327 8.553274682306935e-05
328 7.331378299120229e-05
329 5.9567448680351906e-05
330 5.498533724340176e-05
331 5.1930596285434995e-05
332 3.2074780058651026e-05
333 3.512952101661779e-05
334 2.749266862170088e-05
335 9.164222873900293e-06
336 1.6801075268817204e-05
337 1.5273704789833822e-05
338 6.109481915933529e-06
339 1.0691593352883675e-05
340 1.5273704789833822e-06
341 4.582111436950147e-06
342 4.582111436950147e-06
343 3.0547409579667644e-06
344 4.582111436950147e-06
345 3.0547409579667644e-06
346 6.109481915933529e-06
347 1.5273704789833822e-06
348 4.582111436950147e-06
349 1.5273704789833822e-06
350 6.109481915933529e-06
351 1.5273704789833822e-06
352 0.0
353 0.0
354 0.0
355 0.0
356 1.5273704789833822e-06
357 1.5273704789833822e-06
358 1.5273704789833822e-06
