0 0.0
1 0.0
2 0.0
3 0.0
4 0.0
5 0.0
6 0.0
7 1.5273704789833822e-06
8 0.0
9 0.0
10 0.0
11 0.0
12 0.0
13 0.0
14 0.0
15 3.0547409579667644e-06
16 1.5273704789833822e-06
17 3.0547409579667644e-06
18 0.0
19 3.0547409579667644e-06
20 4.582111436950147e-06
21 4.582111436950147e-06
22 1.5273704789833822e-06
23 3.0547409579667644e-06
24 9.164222873900293e-06
25 6.109481915933529e-06
26 7.636852394916911e-06
27 7.636852394916911e-06
28 6.109481915933529e-06
29 1.985581622678397e-05
30 1.8328445747800586e-05
31 2.4437927663734115e-05
32 5.1930596285434995e-05
33 5.8040078201368524e-05
34 5.345796676441838e-05
35 9.77517106549364e-05
36 0.00014357282502443778
37 0.000172592864125122
38 0.00017564760508308883
39 0.00024743401759530774
40 0.00037726050830889544
41 0.00037420576735092874
42 0.0005315249266862169
43 0.00063691348973607
44 0.0007957600195503411
45 0.0010172287390029324
46 0.001229533235581622
47 0.0014403103616813288
48 0.001719819159335287
49 0.0021031891495601174
50 0.002410190615835775
51 0.0029233870967741923
52 0.003294538123167154
53 0.004021566471163242
54 0.004467558651026391
55 0.004853983382209184
56 0.005585593841642226
57 0.0065508919843597245
58 0.006923570381231671
59 0.0074825879765395885
60 0.00811186461388074
61 0.008647971652003907
62 0.009035923753665688
63 0.009225317693059627
64 0.00932306940371456
65 0.009558284457477998
66 0.009851539589442812
67 0.009543010752688165
68 0.009495662267839681
69 0.009480388563049856
70 0.009185606060606054
71 0.008953445747800586
72 0.008235581622678395
73 0.007884286412512216
74 0.007435239491691103
75 0.0069602272727272724
76 0.00620570625610948
77 0.005648216031280547
78 0.005194586999022477
79 0.0047058284457477985
80 0.00412848240469208
81 0.0036687438905180824
82 0.0031448558162267826
83 0.0028179985337243394
84 0.0023658968719452583
85 0.0021871945259042025
86 0.0018252077223851408
87 0.0016297043010752687
88 0.0013425586510263923
89 0.0012050953079178882
90 0.0010233382209188652
91 0.0008140884652981424
92 0.0007759042033235574
93 0.0006445503421309875
94 0.0005315249266862171
95 0.0004551564027370477
96 0.00039711632453567946
97 0.0003344941348973606
98 0.00023979716520039078
99 0.0002688172043010752
100 0.00021688660801564012
101 0.0001573191593352882
102 0.0001557917888563049
103 0.00012677174975562062
104 0.00011149804496578681
105 0.00012371700879765382
106 8.09506353861192e-05
107 8.858748778103613e-05
108 7.484115347018572e-05
109 7.025904203323554e-05
110 7.025904203323557e-05
111 6.873167155425218e-05
112 4.5821114369501466e-05
113 5.040322580645161e-05
114 2.9020039100684262e-05
115 3.360215053763441e-05
116 3.971163245356794e-05
117 3.2074780058651026e-05
118 4.5821114369501466e-05
119 3.512952101661779e-05
120 5.1930596285434995e-05
121 3.2074780058651026e-05
122 3.512952101661779e-05
123 3.2074780058651026e-05
124 4.5821114369501466e-05
125 4.123900293255132e-05
126 3.512952101661779e-05
127 3.8184261974584555e-05
128 5.1930596285434995e-05
129 5.8040078201368524e-05
130 5.1930596285434995e-05
131 6.109481915933529e-05
132 7.178641251221892e-05
133 6.567693059628544e-05
134 7.789589442815247e-05
135 9.164222873900288e-05
136 9.164222873900288e-05
137 0.00010233382209188659
138 0.00015731915933528824
139 0.00016342864125122182
140 0.00021841397849462336
141 0.00024437927663734104
142 0.0002779814271749756
143 0.00034365835777126085
144 0.0003787878787878785
145 0.0004337732160312805
146 0.0005651270772238512
147 0.000639968230694037
148 0.0007972873900293253
149 0.0009301686217008798
150 0.001035557184750733
151 0.0012295332355816225
152 0.001441837732160312
153 0.001661779081133919
154 0.0020176564027370473
155 0.0023017473118279582
156 0.002711082600195502
157 0.003095979960899316
158 0.0033403592375366555
159 0.0038459188660801536
160 0.004325513196480936
161 0.005015884652981425
162 0.005463404203323557
163 0.006144611436950144
164 0.006941898826979472
165 0.007319159335288365
166 0.008431085043988268
167 0.009104655425219939
168 0.009726295210166177
169 0.010419721407624634
170 0.01159274193548387
171 0.012049425708699902
172 0.012915444770283478
173 0.013332416911045942
174 0.014221346529814272
175 0.01491171798631475
176 0.015402003910068431
177 0.015402003910068426
178 0.015899926686217005
179 0.015756353861192566
180 0.015896871945259038
181 0.015822030791788847
182 0.015389784946236551
183 0.015082783479960891
184 0.014795637829912025
185 0.014265640273704788
186 0.013355327468230692
187 0.013091092375366561
188 0.012131903714565002
189 0.01131934261974584
190 0.010572458455522966
191 0.010129521016617791
192 0.008965664711632447
193 0.008373044965786903
194 0.0075314638318670565
195 0.006949535679374387
196 0.006181268328445746
197 0.005522971652003906
198 0.0049257697947214085
199 0.004563782991202345
200 0.003922287390029325
201 0.0034442204301075256
202 0.003019611436950146
203 0.002555290811339198
204 0.0022834188660801565
205 0.001999327956989246
206 0.0017824413489736057
207 0.001466275659824046
208 0.0012646627565982395
209 0.001087487781036168
210 0.0008996212121212111
211 0.00073619257086999
212 0.0006185850439882701
213 0.0005315249266862168
214 0.0004704301075268817
215 0.0004139173998044966
216 0.00032532991202346024
217 0.00027645405669599206
218 0.0001955034213098727
219 0.0001893939393939393
220 0.00018786656891495575
221 0.00014204545454545446
222 0.00011760752688172034
223 0.0001221896383186705
224 9.164222873900282e-05
225 8.095063538611922e-05
226 8.247800586510257e-05
227 7.636852394916907e-05
228 7.942326490713585e-05
229 4.887585532746823e-05
230 5.498533724340176e-05
231 5.345796676441838e-05
232 3.8184261974584555e-05
233 3.971163245356794e-05
234 3.8184261974584555e-05
235 3.8184261974584555e-05
236 5.040322580645161e-05
237 3.360215053763441e-05
238 3.8184261974584555e-05
239 2.9020039100684262e-05
240 4.887585532746823e-05
241 4.27663734115347e-05
242 3.8184261974584555e-05
243 3.665689149560117e-05
244 3.2074780058651026e-05
245 4.27663734115347e-05
246 4.734848484848485e-05
247 5.345796676441838e-05
248 6.720430107526879e-05
249 6.262218963831866e-05
250 5.651270772238514e-05
251 8.400537634408603e-05
252 7.48411534701857e-05
253 9.469696969696963e-05
254 0.00010844330400782004
255 9.316959921798627e-05
256 0.0001221896383186705
257 0.00016037390029325502
258 0.00015273704789833806
259 0.00018022971652003892
260 0.00023063294232649067
261 0.0002627077223851418
262 0.0002902003910068425
263 0.00042002688172043055
264 0.0004490469208211144
265 0.0005406891495601171
266 0.0006063660801564027
267 0.0007071725317693055
268 0.0007667399804496578
269 0.0009668255131964805
270 0.0012157869012707722
271 0.0013440860215053756
272 0.001545698924731182
273 0.00177938660801564
274 0.0021887218963831875
275 0.0024101906158357773
276 0.00294477028347996
277 0.0032151148582600176
278 0.003778714565004886
279 0.004348423753665688
280 0.004959371945259038
281 0.005225134408602147
282 0.00604838709677419
283 0.006653225806451608
284 0.0070747800586510225
285 0.007569648093841639
286 0.008289039589442812
287 0.008689210654936459
288 0.00907258064516129
289 0.009313905180840664
290 0.009397910557184743
291 0.009807245845552294
292 0.009892778592375362
293 0.009846957478005859
294 0.009718658357771252
295 0.009735459433040073
296 0.0094391495601173
297 0.009080217497556201
298 0.008722812805474092
299 0.008116446725317689
300 0.007598668132942327
301 0.006998411534701852
302 0.006352333822091887
303 0.0059323069403714535
304 0.0050754521016617765
305 0.0045011608015640275
306 0.003893267350928642
307 0.0033892350928641226
308 0.0029692082111436955
309 0.0024682306940371442
310 0.0021199902248289337
311 0.001771749755620723
312 0.0014448924731182786
313 0.0012341153470185723
314 0.0009607160312805466
315 0.0008064516129032257
316 0.0007041177908113391
317 0.0005254154447702833
318 0.0004444648093841641
319 0.0003390762463343109
320 0.0002520161290322579
321 0.00019855816226783948
322 0.00018175708699902227
323 0.00013593597262952093
324 9.164222873900285e-05
325 6.873167155425217e-05
326 5.040322580645161e-05
327 3.665689149560117e-05
328 2.749266862170088e-05
329 2.5965298142717498e-05
330 1.8328445747800586e-05
331 1.0691593352883675e-05
332 1.2218963831867058e-05
333 1.0691593352883675e-05
334 1.2218963831867058e-05
335 6.109481915933529e-06
336 4.582111436950147e-06
337 4.582111436950147e-06
338 3.0547409579667644e-06
339 3.0547409579667644e-06
340 0.0
341 3.0547409579667644e-06
342 0.0
343 1.5273704789833822e-06
344 1.5273704789833822e-06
345 3.0547409579667644e-06
346 1.5273704789833822e-06
347 1.5273704789833822e-06
348 0.0
349 0.0
350 0.0
351 0.0
352 0.0
353 0.0
354 0.0
355 0.0
356 0.0
357 0.0
358 1.5273704789833822e-06
