0 0.0
1 0.0
2 0.0
3 1.5273704789833822e-06
4 0.0
5 0.0
6 0.0
7 0.0
8 0.0
9 1.5273704789833822e-06
10 1.5273704789833822e-06
11 0.0
12 1.5273704789833822e-06
13 0.0
14 1.5273704789833822e-06
15 3.0547409579667644e-06
16 0.0
17 0.0
18 1.5273704789833822e-06
19 0.0
20 1.5273704789833822e-06
21 1.5273704789833822e-06
22 1.5273704789833822e-06
23 4.582111436950147e-06
24 9.164222873900293e-06
25 0.0
26 7.636852394916911e-06
27 1.0691593352883675e-05
28 1.374633431085044e-05
29 1.5273704789833822e-05
30 1.8328445747800586e-05
31 2.749266862170088e-05
32 3.512952101661779e-05
33 3.512952101661779e-05
34 5.1930596285434995e-05
35 6.873167155425217e-05
36 8.400537634408595e-05
37 0.00010386119257086994
38 0.00010538856304985331
39 0.00014662756598240458
40 0.00019092130987292263
41 0.00025965298142717474
42 0.0002795087976539588
43 0.0002825635386119256
44 0.0003726783968719454
45 0.0004444648093841645
46 0.0005406891495601176
47 0.0006750977517106549
48 0.0006812072336265886
49 0.0007346652003910071
50 0.00093475073313783
51 0.0010355571847507326
52 0.0011821847507331375
53 0.001185239491691105
54 0.0012585532746823068
55 0.001542644183773216
56 0.001632759042033236
57 0.0017259286412512212
58 0.0017946603128054734
59 0.0019305962854349946
60 0.002043621700879766
61 0.0022024682306940363
62 0.0021933040078201357
63 0.002362842130987291
64 0.002411717986314759
65 0.002624022482893448
66 0.0025186339198435964
67 0.0027003910068426193
68 0.0025843108504398824
69 0.0025812561094819145
70 0.002653042521994135
71 0.0026347140762463333
72 0.002367424242424242
73 0.0024483748778103614
74 0.002318548387096772
75 0.0022039956011730205
76 0.00211846285434995
77 0.0020039100684261964
78 0.001955034213098729
79 0.001819098240469208
80 0.0017152370478983382
81 0.001560972629521016
82 0.0015793010752688168
83 0.0014219819159335277
84 0.0013547776148582597
85 0.001231060606060606
86 0.0011241446725317689
87 0.0010325024437927656
88 0.001020283479960899
89 0.000836999022482893
90 0.0007774315738025409
91 0.0007300830889540568
92 0.000734665200391007
93 0.0007178641251221894
94 0.0006796798631476052
95 0.0005681818181818182
96 0.0005147238514173999
97 0.0004857038123167155
98 0.00038795210166177904
99 0.0004337732160312807
100 0.0003558773216031281
101 0.00034671309872922766
102 0.0003146383186705765
103 0.00028867302052785907
104 0.0002825635386119257
105 0.00023063294232649064
106 0.00023674242424242409
107 0.00022299608993157368
108 0.00021688660801564012
109 0.00022146871945259017
110 0.0001924486803519061
111 0.00016801075268817184
112 0.00014357282502443778
113 0.00012982649071358748
114 0.00016190127077223826
115 0.00017106549364613864
116 0.00014204545454545438
117 0.00013440860215053758
118 0.0001435728250244378
119 0.0001267717497556206
120 0.00015273704789833814
121 0.00015884652981427167
122 0.0001420454545454544
123 0.0001634286412512217
124 0.0001557917888563048
125 0.0002184139784946235
126 0.00018786656891495586
127 0.00020619501466275636
128 0.0002031402737047897
129 0.00022299608993157363
130 0.0002611803519061582
131 0.00026881720430107527
132 0.0002963098729227762
133 0.00034824046920821133
134 0.00032074780058651047
135 0.00040628054740957976
136 0.0004353005865102641
137 0.0004505742913000978
138 0.0005865102639296187
139 0.0006262218963831864
140 0.0007041177908113392
141 0.000785068426197458
142 0.0008431085043988264
143 0.0010279203323558164
144 0.0011898216031280544
145 0.00134561339198436
146 0.0015334799608993153
147 0.0016465053763440854
148 0.001955034213098729
149 0.0022131598240469202
150 0.002593475073313781
151 0.0028852028347996087
152 0.003157074780058648
153 0.0037435850439882694
154 0.004401881720430105
155 0.004469086021505376
156 0.005182368035190612
157 0.00582233626588465
158 0.006699046920821116
159 0.0075009164222873854
160 0.008244745845552293
161 0.009202407135874871
162 0.009892778592375357
163 0.01090389784946237
164 0.011763807429130012
165 0.012881842619745844
166 0.01387463343108504
167 0.015010997067448677
168 0.01595949413489736
169 0.017370784457478004
170 0.01797409579667644
171 0.019012707722385138
172 0.0201001955034213
173 0.02081500488758553
174 0.021656586021505372
175 0.021801686217008783
176 0.022799059139784937
177 0.023003726783968725
178 0.023373350439882697
179 0.02320839442815249
180 0.023161045943304013
181 0.023176319648093833
182 0.023168682795698923
183 0.02245234604105572
184 0.021968169599217973
185 0.02151301319648092
186 0.02086082600195502
187 0.020118523949169093
188 0.019144061583577707
189 0.01807948435972629
190 0.017211937927663724
191 0.01593047409579668
192 0.015067509775171064
193 0.013808956500488752
194 0.012949046920821113
195 0.011939455034213097
196 0.01088556940371456
197 0.00999511241446725
198 0.009103128054740953
199 0.008133247800586508
200 0.007528409090909092
201 0.006549364613880742
202 0.005988819648093843
203 0.005409946236559138
204 0.004798998044965787
205 0.004209433040078198
206 0.0036611070381231655
207 0.0033143939393939378
208 0.0028546554252199406
209 0.002440738025415444
210 0.0022345430107526877
211 0.0019718352883675455
212 0.001800769794721406
213 0.0014693304007820135
214 0.0013822702834799612
215 0.0011898216031280542
216 0.001020283479960899
217 0.0008644916911045948
218 0.0007835410557184742
219 0.0007392473118279571
220 0.0005773460410557186
221 0.0005376344086021505
222 0.0004933406647116324
223 0.0004337732160312806
224 0.00035740469208211164
225 0.0003421309872922776
226 0.0003192204301075269
227 0.00029630987292277613
228 0.00026728983382209187
229 0.0002413245356793743
230 0.00022452346041055692
231 0.00021535923753665672
232 0.0001985581622678395
233 0.00017259286412512207
234 0.00016801075268817187
235 0.00015731915933528816
236 0.0001374633431085043
237 0.000160373900293255
238 0.0001557917888563048
239 0.00016342864125122185
240 0.00013593597262952096
241 0.00018175708699902225
242 0.0001649560117302051
243 0.00017564760508308883
244 0.00018175708699902235
245 0.000160373900293255
246 0.0001481549364613879
247 0.00018328445747800573
248 0.00018481182795698905
249 0.00018175708699902227
250 0.00021230449657869
251 0.00024743401759530774
252 0.00025201612903225795
253 0.00023826979472140746
254 0.000248961388074291
255 0.0003024193548387098
256 0.00034213098729227767
257 0.0003344941348973606
258 0.00037267839687194534
259 0.00041849951124144677
260 0.00046279325513196484
261 0.0004902859237536659
262 0.00051930596285435
263 0.0005361070381231671
264 0.0006476050830889535
265 0.0007086999022482895
266 0.0007377199413489738
267 0.0008186705767350927
268 0.0008354716520039103
269 0.0009439149560117299
270 0.0010355571847507328
271 0.0010767961876832842
272 0.0012784090909090907
273 0.0012829912023460403
274 0.0013899071358748774
275 0.0015304252199413483
276 0.001617485337243401
277 0.0018007697947214072
278 0.0018618646138807416
279 0.002069586999022483
280 0.0021352639296187675
281 0.0022742546432062563
282 0.002284946236559139
283 0.0025003054740957973
284 0.0025048875855327446
285 0.0027309384164222847
286 0.002763013196480937
287 0.002898949169110458
288 0.002763013196480937
289 0.0029615713587487764
290 0.003045576735092863
291 0.002961571358748779
292 0.0028699291300097744
293 0.0028347996089931556
294 0.002862292277614859
295 0.0027996700879765394
296 0.0027706500488758547
297 0.002662206744868035
298 0.0025171065493646127
299 0.0022971652003910058
300 0.0022543988269794714
301 0.002174975562072336
302 0.002040566959921797
303 0.001835899315738025
304 0.0016999633431085041
305 0.0015319525904203314
306 0.0014128176930596275
307 0.0012096774193548392
308 0.0010584677419354838
309 0.0010004276637341153
310 0.0008767106549364608
311 0.0007850684261974585
312 0.0007132820136852394
313 0.0006185850439882696
314 0.0004933406647116325
315 0.00043377321603128063
316 0.00033296676441837725
317 0.0002657624633431085
318 0.0002504887585532746
319 0.0002168866080156401
320 0.00018022971652003895
321 0.00012677174975562062
322 0.00010233382209188653
323 8.706011730205272e-05
324 7.178641251221894e-05
325 6.567693059628544e-05
326 4.734848484848485e-05
327 3.971163245356794e-05
328 3.2074780058651026e-05
329 1.985581622678397e-05
330 9.164222873900293e-06
331 1.2218963831867058e-05
332 6.109481915933529e-06
333 9.164222873900293e-06
334 4.582111436950147e-06
335 6.109481915933529e-06
336 7.636852394916911e-06
337 4.582111436950147e-06
338 4.582111436950147e-06
339 3.0547409579667644e-06
340 4.582111436950147e-06
341 0.0
342 7.636852394916911e-06
343 3.0547409579667644e-06
344 1.5273704789833822e-06
345 1.5273704789833822e-06
346 0.0
347 1.5273704789833822e-06
348 1.5273704789833822e-06
349 0.0
350 0.0
351 0.0
352 0.0
353 0.0
354 0.0
355 0.0
356 0.0
357 1.5273704789833822e-06
358 0.0
