0 3.3675818782734056e-05
1 4.4411438803131735e-05
2 4.746677709018688e-05
3 5.205397812234006e-05
4 3.6743737874500606e-05
5 3.6743737874500606e-05
6 5.972587265254166e-05
7 3.522864953568443e-05
8 4.2875382456463226e-05
9 3.36839073213308e-05
10 4.28666965887781e-05
11 4.133932610979472e-05
12 5.0530502580382956e-05
13 4.133064024210959e-05
14 5.357296139818251e-05
15 4.899025263214398e-05
16 3.3654552110337524e-05
17 3.6735350671359666e-05
18 5.9692323839977916e-05
19 5.0513130845012704e-05
20 5.051372817410108e-05
21 4.4376993996935424e-05
22 4.130937356971307e-05
23 4.439017213073521e-05
24 5.6619613817552526e-05
25 5.8164356031906154e-05
26 4.5922034875833245e-05
27 5.3573260062726694e-05
28 4.746228482407222e-05
29 5.964829717246392e-05
30 5.0473895108157547e-05
31 6.426185447221666e-05
32 3.2122390700695295e-05
33 4.896898595974745e-05
34 5.5087153743366104e-05
35 7.0371037723606e-05
36 7.803065011364038e-05
37 6.119783031747639e-05
38 5.8115538433733304e-05
39 5.814608830290334e-05
40 8.10838977488862e-05
41 7.80177706443848e-05
42 6.271621626423046e-05
43 3.822827634414674e-05
44 7.036654545749133e-05
45 7.954933472493864e-05
46 7.035306865914737e-05
47 5.6580676745241555e-05
48 3.518102659568834e-05
49 5.19892821115179e-05
50 6.729892503026898e-05
51 3.8223186748943705e-05
52 3.6704800802189635e-05
53 2.9071246015210624e-05
54 3.6704203473101255e-05
55 4.127103382649048e-05
56 3.669192133293404e-05
57 2.139815682683227e-05
58 2.140803735269415e-05
59 4.4341653197106546e-05
60 1.9880666873710766e-05
61 2.445439110751998e-05
62 1.68199403269084e-05
63 2.7518116597716057e-05
64 2.2930616901018688e-05
65 2.5990148789644295e-05
66 1.8339520931839225e-05
67 1.0701175214201368e-05
68 7.655120123919728e-06
69 6.110377909566096e-06
70 1.528448130932827e-05
71 1.3748424962659764e-05
72 3.0550396225109535e-06
73 1.6816045389882123e-05
74 1.222465075615847e-05
75 4.591095969179461e-06
76 6.114272846592375e-06
77 1.0693086675604622e-05
78 9.169611133647516e-06
79 6.114272846592375e-06
80 7.641941990119945e-06
81 7.637151059461101e-06
82 1.375651350125651e-05
83 3.0553382870551426e-06
84 3.0547409579667644e-06
85 3.0547409579667644e-06
86 4.582708766038525e-06
87 3.0550396225109535e-06
88 3.0550396225109535e-06
89 7.641344661031567e-06
90 4.582111436950147e-06
91 6.109780580477718e-06
92 1.2223456097981714e-05
93 6.110079245021907e-06
94 1.5273704789833822e-06
95 1.6801373933361394e-05
96 4.582111436950147e-06
97 1.6801075268817204e-05
98 1.374633431085044e-05
99 1.6801373933361394e-05
100 2.2910855849294923e-05
101 2.5969790408832154e-05
102 3.0547409579667644e-05
103 4.5826203964704506e-05
104 7.026383296389441e-05
105 8.858838377466873e-05
106 0.00012066256650423136
107 0.0001374636417730486
108 0.00016648817313984738
109 0.00018633919843597262
110 0.00021841397849462364
111 0.00034214086781813945
112 0.00038489765936835645
113 0.0005804058716088882
114 0.00068884857828762
115 0.0006903720538295773
116 0.0009286415498864409
117 0.001104293647235644
118 0.001221901771446453
119 0.0014448981600425701
120 0.00172134712714336
121 0.001990173913305752
122 0.002116949856662944
123 0.00239949961981198
124 0.002659157690834358
125 0.0028882671576188935
126 0.0031265459368725293
127 0.003407573120473244
128 0.0037038829933960186
129 0.0038642715651457955
130 0.004172800401900438
131 0.004244574233607944
132 0.004508810819794794
133 0.004759316352754344
134 0.005046467092398426
135 0.005167129061573572
136 0.005739895679173235
137 0.005716982434007588
138 0.0061675450404966095
139 0.006509697580827874
140 0.006526516326496607
141 0.007267319157058407
142 0.00745821651227804
143 0.007745351684471967
144 0.008308965154381768
145 0.00887258672512812
146 0.00951407364043346
147 0.009601116386000145
148 0.01046105620457446
149 0.011027738203203066
150 0.011727280154532883
151 0.012185461357985768
152 0.01346392405742369
153 0.013975629106012043
154 0.01482180221959674
155 0.015353351113234215
156 0.016257576885824986
157 0.016996864329383438
158 0.017668946264910477
159 0.018288957447908913
160 0.019196385608910356
161 0.019092484583273533
162 0.019853201629521616
163 0.020186130340563366
164 0.020341979943848024
165 0.020710009728986976
166 0.020781853047635964
167 0.02058484714338789
168 0.020491665834762925
169 0.020862839919815544
170 0.020360344925053835
171 0.020012032890550285
172 0.019634780159817487
173 0.019668423051712645
174 0.019297139945317135
175 0.01893676019070691
176 0.01840820404229544
177 0.018012629473328674
178 0.017531440985786278
179 0.016929679801657833
180 0.01683033960848762
181 0.016401176365781575
182 0.016081886759695067
183 0.015348710315971176
184 0.015148681677063174
185 0.014392544365233635
186 0.0139220908880846
187 0.013095792157120227
188 0.012654315600695942
189 0.011927315998283807
190 0.01141564001853986
191 0.010691640652563223
192 0.010247209989320704
193 0.009313949195210227
194 0.008591478705333243
195 0.008143980708030107
196 0.007528434837549649
197 0.00691443579993536
198 0.0061904517150422845
199 0.005654340483317545
200 0.004945648968272393
201 0.004589767453067699
202 0.004009361282794265
203 0.0037390128130771814
204 0.0032212291311066107
205 0.0028500822983152196
206 0.0024605941403067727
207 0.002109308213337367
208 0.002032930107526882
209 0.0016785849473333952
210 0.0014143453622031557
211 0.0013532547366453909
212 0.0010905425219941349
213 0.0009805718475073316
214 0.0008201979472140766
215 0.000804924242424243
216 0.0006460777126099709
217 0.0005147238514173999
218 0.0004841764418377323
219 0.00041697214076246347
220 0.0003375488758553277
221 0.0002993646138807429
222 0.00025812561094819145
223 0.00020466764418377312
224 0.00022605083088954043
225 0.00019703079178885624
226 0.0001573191593352883
227 0.00015884652981427175
228 0.00011608015640273702
229 0.00011149804496578688
230 9.011485826001953e-05
231 0.00010386119257086998
232 7.331378299120232e-05
233 7.178641251221894e-05
234 6.720430107526879e-05
235 7.789589442815247e-05
236 4.887585532746823e-05
237 5.9567448680351906e-05
238 4.123900293255132e-05
239 5.651270772238514e-05
240 4.123900293255132e-05
241 4.27663734115347e-05
242 4.887585532746823e-05
243 2.5965298142717498e-05
244 3.512952101661779e-05
245 3.8184261974584555e-05
246 4.887585532746823e-05
247 3.2074780058651026e-05
248 2.749266862170088e-05
249 3.0547409579667644e-05
250 2.9020039100684262e-05
251 3.512952101661779e-05
252 2.749266862170088e-05
253 3.360215053763441e-05
254 2.138318670576735e-05
255 1.8328445747800586e-05
256 2.4437927663734115e-05
257 2.2910557184750733e-05
258 2.4437927663734115e-05
259 3.665689149560117e-05
260 2.4437927663734115e-05
261 2.2910557184750733e-05
262 3.512952101661779e-05
263 2.4437927663734115e-05
264 3.0547409579667644e-05
265 1.985581622678397e-05
266 1.985581622678397e-05
267 2.749266862170088e-05
268 2.138318670576735e-05
269 2.2910557184750733e-05
270 3.05519018457823e-05
271 1.2218963831867058e-05
272 2.4437927663734115e-05
273 9.164222873900293e-06
274 1.5273704789833822e-05
275 1.6801075268817204e-05
276 1.0691593352883675e-05
277 1.8328445747800586e-05
278 1.6801075268817204e-05
279 1.8328445747800586e-05
280 1.6801075268817204e-05
281 2.5969790408832154e-05
282 2.9020039100684262e-05
283 2.9020039100684262e-05
284 3.0547409579667644e-05
285 3.665689149560117e-05
286 3.512952101661779e-05
287 5.040322580645161e-05
288 5.8049062733597837e-05
289 5.345796676441838e-05
290 5.499432177563107e-05
291 6.263566643666265e-05
292 5.957643321258122e-05
293 8.860096457938014e-05
294 7.63685239491691e-05
295 8.401436087631533e-05
296 0.00011457973952044159
297 0.00012220311511701456
298 0.00015275052469668215
299 0.0001313808147892588
300 0.00012524887154275198
301 0.00011458423178655627
302 0.0001573595897303203
303 0.00016806016761543327
304 0.00015124112328215744
305 0.0001405674989937324
306 0.00012071168276694842
307 0.0001298669211086194
308 0.00013904462078086365
309 0.00011766592634121097
310 9.166469006957622e-05
311 0.0001314347219826347
312 0.00010392408429647519
313 0.00010393756109481917
314 9.321901414524754e-05
315 7.948166436662642e-05
316 7.797675521821632e-05
317 8.713678449054615e-05
318 8.718590075326317e-05
319 7.339015151515151e-05
320 7.03084569604968e-05
321 4.89207779886148e-05
322 6.577126818469323e-05
323 5.0461625265942155e-05
324 5.967077080098902e-05
325 4.437011241446726e-05
326 4.13243559887298e-05
327 5.356578115117014e-05
328 3.367402679546892e-05
329 3.060131677304353e-05
330 4.4379096946696564e-05
331 4.2878680064401126e-05
332 2.908293082628946e-05
333 5.3583750215628774e-05
334 3.675122908400897e-05
335 4.1351309585417744e-05
336 3.675122908400897e-05
337 5.205637973664539e-05
338 5.207884106721868e-05
339 4.134711598384727e-05
340 4.2878680064401126e-05
341 3.6755721350123625e-05
342 5.820629204761083e-05
343 2.4500819389339314e-05
344 2.7573529411764707e-05
345 3.52328431372549e-05
346 4.135610051607659e-05
347 3.2169117647058826e-05
348 4.28921568627451e-05
349 4.9015414241566786e-05
350 5.054278472055017e-05
351 4.594300288368558e-05
352 3.676470588235294e-05
353 4.1355801851532404e-05
354 3.522864953568443e-05
355 4.287118885489276e-05
356 4.90151155770226e-05
357 3.982423777097855e-05
358 3.521996366799931e-05
