0 1.5273704789833822e-06
1 3.0547409579667644e-06
2 0.0
3 3.0547409579667644e-06
4 3.0547409579667644e-06
5 6.109481915933529e-06
6 1.5273704789833822e-06
7 0.0
8 7.636852394916911e-06
9 3.0547409579667644e-06
10 0.0
11 0.0
12 1.5273704789833822e-06
13 3.0547409579667644e-06
14 1.5273704789833822e-06
15 1.5273704789833822e-06
16 1.5273704789833822e-06
17 1.5273704789833822e-06
18 6.109481915933529e-06
19 9.164222873900293e-06
20 7.636852394916911e-06
21 1.985581622678397e-05
22 1.5273704789833822e-05
23 2.2910557184750733e-05
24 1.5274302118922202e-05
25 3.360215053763441e-05
26 2.138318670576735e-05
27 3.3602449202178595e-05
28 2.9020337765228452e-05
29 5.651270772238514e-05
30 6.720489840435716e-05
31 5.9567448680351906e-05
32 8.400567500863019e-05
33 0.00011149804496578684
34 0.00013746364177304846
35 0.00017564820241217725
36 0.00024590784177450114
37 0.00026576276200765257
38 0.0003192210274366151
39 0.0003803161452604946
40 0.0004612673779757025
41 0.000520834229326966
42 0.0006185865373109905
43 0.0006399691266876696
44 0.0008843492993186432
45 0.0009393376232074871
46 0.001085964293196259
47 0.0012997958615893878
48 0.0014036564568311698
49 0.00159305188954783
50 0.0018359023023834672
51 0.001994751520178636
52 0.0023216079066874467
53 0.002463654257226536
54 0.0026331920817291455
55 0.002918810659963582
56 0.003092930595903143
57 0.003526710083889853
58 0.0035648913592189932
59 0.0038673104153931588
60 0.004087252063031311
61 0.004218609209533865
62 0.004435496713543139
63 0.004374400998390173
64 0.004524084201324176
65 0.004710421906437426
66 0.004702782366061612
67 0.004734865210062958
68 0.0049043937759647
69 0.004808176305073265
70 0.004817339930618073
71 0.004660020472618243
72 0.004543939121557329
73 0.0043453764793213254
74 0.004139183555310379
75 0.003907023839833992
76 0.0036488943462467272
77 0.0036152954810190793
78 0.003317460626933674
79 0.0032029039583708445
80 0.0029127017753767383
81 0.002724834609132693
82 0.002507946209129788
83 0.0022208002604163675
84 0.0019993324369574103
85 0.002005441620208799
86 0.0017931386169528286
87 0.001535009720694652
88 0.0014952983869056284
89 0.0012921610998462801
90 0.0011898245897734964
91 0.0010462499727617934
92 0.0009927940966491843
93 0.0008125628868064244
94 0.0007713244812029607
95 0.0006613535080516135
96 0.0006323325729572973
97 0.0005651276745529397
98 0.0005208339306624218
99 0.00047348574447848103
100 0.0004185001085705353
101 0.0003925351090923618
102 0.0003604600303691666
103 0.0002779817258395196
104 0.00029936550987437547
105 0.00025201672636134616
106 0.00023674302157151235
107 0.00022146901811713455
108 0.00021230539257232245
109 0.00017564760508308877
110 0.00018786656891495588
111 0.00016953842183169946
112 0.00020314027370478972
113 0.00017412083193319377
114 0.00012829912023460405
115 0.00015579208752084905
116 0.0001344086021505375
117 0.00011913519602524789
118 0.00011913519602524786
119 0.0001130254154447702
120 0.0001512096774193547
121 0.00013288123167155412
122 0.00015426441837732143
123 0.0001512096774193547
124 0.00013593597262952087
125 0.00013288153033609834
126 0.00015426441837732146
127 0.00020314057236933385
128 0.00019092130987292266
129 0.0001878665689149558
130 0.00022452405773964556
131 0.00023674302157151232
132 0.00027187194525904186
133 0.000274927283546097
134 0.00029325513196480933
135 0.0003299126207894988
136 0.0003833699902248288
137 0.000426136662300908
138 0.0004887591506037707
139 0.0005208345279915101
140 0.0006552428314775036
141 0.0007560495817549507
142 0.0006903714565004886
143 0.000893513223527999
144 0.0009714079232979749
145 0.0010813791951138668
146 0.0013624159605758975
147 0.00153348175288658
148 0.0017335666883043152
149 0.001875613636172491
150 0.002098610323433152
151 0.002491143939202793
152 0.0027630155857972906
153 0.0031402781847579943
154 0.00339687552923357
155 0.003965059736731742
156 0.004417161995839912
157 0.0050219983162009775
158 0.005371765558559083
159 0.006107960817409974
160 0.00684110043930926
161 0.007540638507999999
162 0.008203516101220614
163 0.009144376316274377
164 0.009758382832800224
165 0.010754232267736467
166 0.011414057210650913
167 0.012480158221006794
168 0.012971971813903985
169 0.014015171824340512
170 0.014872024273733837
171 0.015693748994097815
172 0.016358159632423746
173 0.01703172433902908
174 0.017453285460513005
175 0.01829486510111012
176 0.018676708915514144
177 0.01898829309055584
178 0.01906924581659377
179 0.01953509052737372
180 0.019469415986093797
181 0.019374715731086838
182 0.01944650363692177
183 0.01883250339235136
184 0.018499534537281166
185 0.018256678449819184
186 0.017508265123130067
187 0.016489512298958144
188 0.01619778662812412
189 0.015327180676470889
190 0.014491706336486082
191 0.013495861978847092
192 0.012753558731402992
193 0.01193335839487256
194 0.010971118278423012
195 0.010048581431819806
196 0.009142850737782662
197 0.008481498125724673
198 0.0075009313555145975
199 0.007065626289036171
200 0.006306520473000535
201 0.005828454110407824
202 0.005231251954460775
203 0.004623354322521772
204 0.003957421988343194
205 0.0035984896271175544
206 0.0032288665685326636
207 0.002947829205741545
208 0.002394919001697752
209 0.002246764363900907
210 0.0019092151893810362
211 0.0017854978819188396
212 0.001454059383973077
213 0.00128299329299785
214 0.0010676334581321042
215 0.0010431964264620032
216 0.0008247809546446584
217 0.0007850693221910904
218 0.0007056454599548669
219 0.0006002565982404695
220 0.0005697094873253458
221 0.0004750131149574646
222 0.00045057488862918616
223 0.00038947947214076244
224 0.00029478280110833695
225 0.00027034457478005856
226 0.00028561917556352485
227 0.00027339991306711363
228 0.0002214696154462228
229 0.00019550371997441697
230 0.0002336876832844574
231 0.0001710654936461386
232 0.0001557920875208491
233 0.00017564790374763296
234 0.000140518084066471
235 0.0001344086021505375
236 0.0001573197566643766
237 0.00015731945799983245
238 0.00013288153033609834
239 0.00013135386119257075
240 0.0001451001955034212
241 0.00015120967741935468
242 0.0001053888617143975
243 0.00014815523512593212
244 0.00015884682847881585
245 0.0001420457532099986
246 0.0001588465298142716
247 0.00018175708699902233
248 0.00016648368087373273
249 0.0002031405723693339
250 0.00018786656891495583
251 0.00021383216572221764
252 0.00023216031280547388
253 0.00023216031280547382
254 0.0002611803519061583
255 0.00024896138807429114
256 0.0003192207287720711
257 0.0003131115455206818
258 0.0003528225806451613
259 0.00041239062665460153
260 0.0004627938524610535
261 0.0005406897468892059
262 0.0005666556423610115
263 0.0006185856413173582
264 0.0006919000216376486
265 0.0007438315139167165
266 0.0008476915118294097
267 0.0009668270065192014
268 0.001124145269860857
269 0.0011852424783365464
270 0.0012860483326203604
271 0.0015518110946280135
272 0.0016174895185470202
273 0.0017854984792479264
274 0.002008496958495854
275 0.0021871975125496443
276 0.002411723362276555
277 0.002714142717115266
278 0.002885205522780505
279 0.003024199223013436
280 0.0033648040344849057
281 0.0035160125172460847
282 0.0037252637661895284
283 0.0039207671874994
284 0.004094886526109875
285 0.004377452752702698
286 0.004689036031750762
287 0.004699725534451836
288 0.004902865808156628
289 0.004901340528329451
290 0.005193067095157103
291 0.004988400048302419
292 0.005028113771407795
293 0.004872321086557858
294 0.004934944470854355
295 0.004861636959818581
296 0.004689036629079851
297 0.004676817366583439
298 0.004440077630321912
299 0.004243044150552158
300 0.00403379678424779
301 0.003783306233707251
302 0.003517540783718699
303 0.0034197893717283078
304 0.0030898755562806324
305 0.0027935647873642247
306 0.002648466981177155
307 0.002342991989386849
308 0.0021383246438676177
309 0.0018969974202073454
310 0.0016663674645262974
311 0.0014693321927692787
312 0.0012509188116037436
313 0.0011088727597292009
314 0.0010202864666063408
315 0.0008889314107555929
316 0.0007667426684305554
317 0.0006338602421008245
318 0.0005697100846544341
319 0.0004536296295871531
320 0.0003726789942010339
321 0.0003467139947228603
322 0.00023979716520039084
323 0.00023368828061354552
324 0.00017412023460410545
325 0.00014815523512593215
326 0.00012677234708470908
327 0.00010386149123541404
328 7.48411534701857e-05
329 6.414956011730204e-05
330 4.734848484848485e-05
331 4.5821114369501466e-05
332 4.27663734115347e-05
333 3.512952101661779e-05
334 2.2910557184750733e-05
335 1.8328445747800586e-05
336 1.8328445747800586e-05
337 1.2218963831867058e-05
338 1.2218963831867058e-05
339 7.636852394916911e-06
340 1.0691593352883675e-05
341 6.109481915933529e-06
342 9.164222873900293e-06
343 1.5273704789833822e-06
344 3.0547409579667644e-06
345 3.0547409579667644e-06
346 4.582111436950147e-06
347 1.5273704789833822e-06
348 1.5273704789833822e-06
349 1.5273704789833822e-06
350 4.582111436950147e-06
351 4.582111436950147e-06
352 1.5273704789833822e-06
353 0.0
354 4.582111436950147e-06
355 1.5273704789833822e-06
356 1.5273704789833822e-06
357 4.582111436950147e-06
358 0.0
