0 0.0
1 0.0
2 0.0
3 0.0
4 1.5273704789833822e-06
5 0.0
6 0.0
7 0.0
8 0.0
9 0.0
10 0.0
11 3.0547409579667644e-06
12 1.5273704789833822e-06
13 0.0
14 0.0
15 0.0
16 4.582111436950147e-06
17 6.109481915933529e-06
18 6.109481915933529e-06
19 6.109481915933529e-06
20 1.5273704789833822e-06
21 4.582111436950147e-06
22 4.582111436950147e-06
23 1.0691593352883675e-05
24 1.374633431085044e-05
25 1.6801075268817204e-05
26 1.8328445747800586e-05
27 2.2910557184750733e-05
28 3.0547409579667644e-05
29 2.5965298142717498e-05
30 3.8184261974584555e-05
31 4.1239301597095506e-05
32 4.887585532746823e-05
33 6.7204599739813e-05
34 6.262218963831866e-05
35 9.469756702605804e-05
36 0.00010080645161290319
37 0.0001634292385803101
38 0.0001802303138491273
39 0.0002092503529498116
40 0.0002733999130671138
41 0.0002565994351273848
42 0.0003299123221249549
43 0.0004566852665387525
44 0.0005284716790509712
45 0.0005956750841326073
46 0.0007193932875884379
47 0.0008385269902909649
48 0.0009133687410902395
49 0.0010661057889885769
50 0.0011394195719797795
51 0.0012295344302397993
52 0.0013899086291975986
53 0.0015731954759919573
54 0.001661782067779361
55 0.0018863064241835508
56 0.0020497353640993167
57 0.002155123031155537
58 0.0023827048164985934
59 0.002436158303294847
60 0.002642354811280326
61 0.002738577956798103
62 0.0028852082107614025
63 0.0029050631309945553
64 0.0031616616701283053
65 0.0032273400940473146
66 0.003120421173873035
67 0.0032105396161075848
68 0.003242616486818045
69 0.0030898740629579126
70 0.003173880932624718
71 0.0030761277286470608
72 0.0030379461546533757
73 0.003022670956540817
74 0.002767600086550595
75 0.0027645450469280844
76 0.0026774852282905742
77 0.0026194442540955756
78 0.0022421831484575904
79 0.0022696761157438355
80 0.002025295644448318
81 0.0018374287768688168
82 0.0018084090364326776
83 0.001623596909811143
84 0.0014937701204330125
85 0.0014342032690817495
86 0.001296740821966877
87 0.0011180366839385564
88 0.0010493056097133923
89 0.0009652993373756739
90 0.0008751853751092868
91 0.0008308910338896804
92 0.0007316110567621283
93 0.0006170579721738305
94 0.0006338593461071922
95 0.0005513816389066339
96 0.0005131973769320489
97 0.0004230822200074851
98 0.0004551578960597687
99 0.0003558779189322166
100 0.00038489765936835656
101 0.00036198710218360584
102 0.00027645405669599217
103 0.00028409150641999734
104 0.00025659853913375237
105 0.0002672901324866359
106 0.00025201642769680205
107 0.00020619591065638908
108 0.00019703109045340032
109 0.00018939423805848347
110 0.00015426441837732154
111 0.00016342864125122174
112 0.00020008553274682289
113 0.0001710657923106828
114 0.00013593627129406511
115 0.00013593627129406511
116 0.00014204575320999864
117 0.0001466278646469488
118 0.00012219023564775887
119 0.00014662756598240453
120 0.00015426441837732154
121 0.00014510079283250958
122 0.00014357342235352618
123 0.00014662756598240456
124 0.00018328475614254978
125 0.0001680107526881719
126 0.00017870264470559976
127 0.0001512096774193548
128 0.0002107771260997065
129 0.00020772268380628409
130 0.00023674272290696822
131 0.00024132453567937424
132 0.0003238025415444771
133 0.0003008928803533587
134 0.000363514173998045
135 0.00038031524926686214
136 0.00049181478755537
137 0.0005193065601834382
138 0.000559018192637006
139 0.0005910923753665685
140 0.0006750977517106551
141 0.0007591037253838292
142 0.0008874040402766099
143 0.0010095939772598243
144 0.0012402257249281387
145 0.0013043761810390732
146 0.001544173943568552
147 0.0017503695555603966
148 0.001984057238844855
149 0.002161232513071472
150 0.0024773996955437514
151 0.0029585222924171516
152 0.003154026012391568
153 0.003716098049992908
154 0.00408877764152303
155 0.0046340497985137286
156 0.005237362033705796
157 0.006080473524750067
158 0.006515773812595786
159 0.007232107879258092
160 0.008033981263363443
161 0.00896415257304522
162 0.009601066062781285
163 0.010480834146656615
164 0.011589702725082198
165 0.01266345163842112
166 0.01324232445262673
167 0.014613905532070167
168 0.01571666910854798
169 0.016530758171175202
170 0.01740136053885391
171 0.01823988424383488
172 0.019102855135080466
173 0.020014690831065395
174 0.020414863987210843
175 0.021334343106210647
176 0.021598581783049308
177 0.022171346608661695
178 0.02239280756283615
179 0.022687605894500782
180 0.02242947490759079
181 0.0222248030821034
182 0.021933072632636677
183 0.021407654201220955
184 0.021206037714020614
185 0.02081198210373379
186 0.02004828969629303
187 0.01911506991760872
188 0.018226140298840395
189 0.01752965368579763
190 0.016466600845779757
191 0.015481445094848213
192 0.01445810986057478
193 0.01374024663144623
194 0.012606934152066037
195 0.011644689555648319
196 0.010742017186543674
197 0.009782822552451224
198 0.008919856439838352
199 0.008285999184382964
200 0.007476488947882702
201 0.006575339767953421
202 0.005894130145010475
203 0.005122808650452952
204 0.0045256047025186465
205 0.004343846420861446
206 0.0037603908978897926
207 0.003300651189057619
208 0.002796619229657647
209 0.0024193584226842074
210 0.002220799065758191
211 0.0019901661234317
212 0.0017885535188704382
213 0.001539591533467058
214 0.00129215602254903
215 0.0011882963233008804
216 0.001026394156535009
217 0.0008935135221925434
218 0.0007804872107541408
219 0.0007529948407969841
220 0.0006109484902578966
221 0.0005727648256124007
222 0.0004887594492683149
223 0.0004337732160312806
224 0.00037420606601547274
225 0.0003650424404706608
226 0.00032991262078949893
227 0.00024285220482290177
228 0.0002611812478997909
229 0.0002382700933859516
230 0.0002168869066801842
231 0.00021994134897360688
232 0.0001955034213098727
233 0.00014968260560491552
234 0.00018786686757950002
235 0.00016342864125122174
236 0.0001832844574780057
237 0.00013440860215053753
238 0.00016342864125122182
239 0.00012219023564775881
240 0.00013593686862315346
241 0.00013593597262952093
242 0.0001176075268817203
243 0.00016037449762234342
244 0.00013440860215053755
245 0.0001466275659824046
246 0.00015121027474844306
247 0.00015579208752084913
248 0.00017412053326864955
249 0.00019397724548906613
250 0.00023674272290696822
251 0.00018481212662153324
252 0.0002397971652003909
253 0.0002214690181171345
254 0.0002535434995112412
255 0.0002550714673193129
256 0.00029936580853891947
257 0.0003406042141423824
258 0.00032533080801709304
259 0.00032380284020902127
260 0.0003864253285118843
261 0.0004230819213429409
262 0.00046890333437698666
263 0.0005330525958297446
264 0.0005559637503435841
265 0.000589565900881218
266 0.0006262230910413633
267 0.000824781253309203
268 0.000725502172175283
269 0.0008675473280561936
270 0.000965299337375674
271 0.0010187582001337254
272 0.001173021722517414
273 0.001272303192967687
274 0.0014051814379937998
275 0.0015869388236573656
276 0.001712183202934003
277 0.001788553220205893
278 0.0019703106058694604
279 0.002077225942069209
280 0.002202470918674934
281 0.0023261876288080442
282 0.002515583658853792
283 0.002541548061002877
284 0.002622498696388997
285 0.002911172612910487
286 0.0029371382097177507
287 0.003091402329430527
288 0.0031356981639728537
289 0.0030807125280649084
290 0.003337310768534118
291 0.003146387368009385
292 0.0031540251163979334
293 0.0031631899366009234
294 0.003042526772767604
295 0.003100567149633517
296 0.002963101118544115
297 0.0028317493480033537
298 0.002798146600136631
299 0.0026301394314229894
300 0.002622496904401732
301 0.002315498723436058
302 0.0022757855976597687
303 0.002014605245753611
304 0.0019947491308622825
305 0.001718293282179025
306 0.0016037407949198155
307 0.0014326761972673094
308 0.0012295347289043436
309 0.0011470567230392405
310 0.0010233406102352193
311 0.0009500250352567515
312 0.0007453573910729789
313 0.0006766251221896381
314 0.0005467989301405949
315 0.0004826490713587489
316 0.00036656921362055594
317 0.00040169873463717377
318 0.0002840915064199975
319 0.00025201642769680205
320 0.00018939453672302763
321 0.0001710657923106828
322 0.00016648397953827692
323 0.00010080645161290319
324 0.00010538886171439748
325 9.622463884049719e-05
326 5.345796676441838e-05
327 5.4985635907945946e-05
328 3.2074780058651026e-05
329 3.0547409579667644e-05
330 3.360215053763441e-05
331 2.5965298142717498e-05
332 1.0691593352883675e-05
333 1.2218963831867058e-05
334 1.374633431085044e-05
335 9.164222873900293e-06
336 4.582111436950147e-06
337 6.109481915933529e-06
338 3.0547409579667644e-06
339 0.0
340 7.636852394916911e-06
341 3.0547409579667644e-06
342 1.5273704789833822e-06
343 3.0547409579667644e-06
344 3.0547409579667644e-06
345 1.5273704789833822e-06
346 1.5273704789833822e-06
347 0.0
348 1.5273704789833822e-06
349 0.0
350 0.0
351 1.5276691435275713e-06
352 0.0
353 0.0
354 1.5273704789833822e-06
355 0.0
356 0.0
357 0.0
358 0.0
