0 3.514267043956447e-05
1 4.7365814755899254e-05
2 4.431376704037069e-05
3 7.029041875913543e-05
4 6.57074122642549e-05
5 7.792697330756139e-05
6 9.931015720759468e-05
7 7.18189855326763e-05
8 0.00011460299277771008
9 0.00010696374276276895
10 0.0001222356582575403
11 0.00015432657426638177
12 0.00015127213454614033
13 0.00017419673527441855
14 0.00017417252696652892
15 0.00019557813081481733
16 0.00025057063191289656
17 0.00025209591770668205
18 0.0003193181446129784
19 0.00033611682659309987
20 0.0004231936796313364
21 0.0004522038490064935
22 0.0005194096383774174
23 0.000679828665425487
24 0.000789812779466303
25 0.0009089557436922596
26 0.0011121055746646593
27 0.00128778275677233
28 0.0015734413689155544
29 0.0017368945120002607
30 0.0020699189482539363
31 0.002302079250302129
32 0.0027053785728940985
33 0.0031636165923053555
34 0.0034293617067958256
35 0.003728768455177492
36 0.004086228729494798
37 0.004439083281041482
38 0.004487962122196339
39 0.004935512444105775
40 0.004988971900214807
41 0.005001154995657706
42 0.005150869299456552
43 0.005097326124790119
44 0.0051706471054301425
45 0.004972102100418325
46 0.00492471716902572
47 0.004975120697122422
48 0.00465583662095356
49 0.00460083005081791
50 0.004521404995677267
51 0.004510655729203454
52 0.0044159748972107055
53 0.004267809212801911
54 0.003972973820195188
55 0.004060019298842936
56 0.003841588580404214
57 0.0037453741113551453
58 0.003896549123229182
59 0.003943896413651769
60 0.004044721398485234
61 0.004118041742390281
62 0.004166886236071402
63 0.004307424940150885
64 0.004502907722974215
65 0.004779361484981848
66 0.005236075133069226
67 0.005631672747112624
68 0.005958538091218504
69 0.006485497943325408
70 0.006821533179317038
71 0.007469113461911258
72 0.008106062201429043
73 0.008962947501698423
74 0.00936162436753515
75 0.010244457656383675
76 0.010950118339462888
77 0.011516797870425753
78 0.011955128706586318
79 0.012860887771414541
80 0.013332843450302667
81 0.013540607953690385
82 0.013684155098592731
83 0.0136184718976807
84 0.013261066306446542
85 0.012902120226296407
86 0.012175070068539913
87 0.011350258345483887
88 0.010633890819390751
89 0.009268360072839786
90 0.008332065849755883
91 0.007308687895696461
92 0.006004284246873873
93 0.005521628601738116
94 0.004556280271335928
95 0.003725378486340708
96 0.0031785711966336332
97 0.0027050543751433046
98 0.0023751259173001625
99 0.0020360679064553777
100 0.0017626437895178213
101 0.0014098161302897791
102 0.0012906782487386171
103 0.0011409845849461428
104 0.0009668535977174934
105 0.0008965951475184288
106 0.0007912033013796466
107 0.0007484369301905416
108 0.0006613675463366209
109 0.0006751207568301836
110 0.0006109661155576431
111 0.0006506744605969928
112 0.0005911079101313312
113 0.0005513983671602189
114 0.000572778866820791
115 0.0005193214976191121
116 0.0005620869732832587
117 0.0005483409377537781
118 0.0005315365769413236
119 0.0004765500432859896
120 0.0005529176726448049
121 0.00047502088245667093
122 0.0004857160603684872
123 0.0004826604233000621
124 0.0004902969756271561
125 0.0004948760994837856
126 0.0005116795664071142
127 0.0005727731902070448
128 0.0006430319318219805
129 0.0005987378918387273
130 0.0006231755199030385
131 0.0006766337846299496
132 0.000696491991225615
133 0.0008034094190123256
134 0.0008538072659344225
135 0.0009775296519795018
136 0.0009515613670745163
137 0.0010752762845191333
138 0.001202052515762198
139 0.0014296322105702692
140 0.0015212771292770258
141 0.0017855155067499095
142 0.0019245074180349593
143 0.002194855576438248
144 0.002605712260007036
145 0.002833302709426783
146 0.00318917704461812
147 0.00379096788706393
148 0.0042354365778009915
149 0.00478682419280342
150 0.0054665055492737445
151 0.005996505196249611
152 0.0069709819055694625
153 0.007751474494505906
154 0.008667899772047514
155 0.009651525759560764
156 0.010829162761524595
157 0.011843331381971656
158 0.013196590590728278
159 0.013818224395955755
160 0.014824791125875217
161 0.016054337210693218
162 0.016569048513174343
163 0.017610729221281946
164 0.018137675919754695
165 0.018456903522836694
166 0.018510349836658464
167 0.018395831113919774
168 0.018235434801864833
169 0.017722206052533544
170 0.016837857945769384
171 0.016210105692261778
172 0.014655258685164175
173 0.013839614163215505
174 0.012410001372852888
175 0.01154703585534859
176 0.010311374612234562
177 0.008974900645552206
178 0.007893506809564623
179 0.007154270255270077
180 0.006465418998494599
181 0.005510809163118772
182 0.005261854649237591
183 0.004673806258698032
184 0.004246150890696061
185 0.003922360004081082
186 0.0037283893341205836
187 0.0035649523239510766
188 0.0033205673698824835
189 0.0032426565345136187
190 0.0031342287701780548
191 0.0029585940140982414
192 0.002909711883893609
193 0.002781434876756144
194 0.0025523248242392466
195 0.002353771143458849
196 0.002223921641433982
197 0.0021735252892362386
198 0.0018588956380316654
199 0.001741276158608429
200 0.0017718471746079577
201 0.0014816318423091011
202 0.0014403895530154082
203 0.0012128128453195342
204 0.0012066773638113196
205 0.000998965737955375
206 0.0008630312589998754
207 0.0008431575127319526
208 0.0007591497467215853
209 0.000662924211186228
210 0.0005941910477144553
211 0.0005483836810313185
212 0.0005025473249515036
213 0.0004628344960860035
214 0.0003956239227067518
215 0.0003742494028839595
216 0.0002688470924990415
217 0.00032383691216421664
218 0.0002902314745642134
219 0.0002780256681087618
220 0.00027345401729443494
221 0.00025207889558114324
222 0.00024443816300488
223 0.00021848004193267268
224 0.00022459490296523974
225 0.0002444677595574413
226 0.0002490498720469192
227 0.0002414142111525958
228 0.0002628374553834752
229 0.0002842128743588557
230 0.00026893408525674906
231 0.00029186467085481454
232 0.00027044172037576816
233 0.0002765751126414907
234 0.0003056229612160646
235 0.00033005131337423063
236 0.0003010190227161857
237 0.00034383292447654824
238 0.00031478777931537034
239 0.00030560382002897804
240 0.000302548182024851
241 0.0003025732965041939
242 0.0003376854718271285
243 0.0003071063690819689
244 0.0002902996184842119
245 0.0002459906304256523
246 0.000244450404746426
247 0.00022919194692817176
248 0.00020320153851759477
249 0.0002062538870016248
250 0.0002230597440579872
251 0.00018487369430487597
252 0.00019402745164481445
253 0.00017263709172872033
254 0.00017569452628015105
255 0.00020472262721572785
256 0.00017416924890658757
257 0.00015889015938480878
258 0.00017111689235226312
259 0.00015124792646805792
260 0.00014361077540859678
261 0.00016653806692378163
262 0.00013598558250596342
263 0.00015431522291056823
264 0.00012069633558477161
265 0.00012375914750045305
266 0.0001359754208964394
267 0.00010391110181171169
268 9.931344719224839e-05
269 7.181062047127935e-05
270 6.110916347356072e-05
271 6.570621725367982e-05
272 3.514535970471939e-05
273 3.514416399401489e-05
274 3.8203689197254964e-05
275 2.9037372865262205e-05
276 2.7501036488831833e-05
277 1.6810638495352567e-05
278 1.5281175962104555e-05
279 1.5282969351824995e-05
280 1.222613598829351e-05
281 6.113067994146755e-06
282 0.0
283 1.528565838387791e-06
284 9.16900431151793e-06
285 6.113067994146755e-06
286 1.5276691435275713e-06
287 3.0547409579667644e-06
288 0.0
289 1.5273704789833822e-06
290 3.0562349819153625e-06
291 0.0
292 0.0
293 0.0
294 1.528565838387791e-06
295 0.0
296 0.0
297 0.0
298 0.0
299 1.5273704789833822e-06
300 0.0
301 0.0
302 0.0
303 0.0
304 0.0
305 1.5273704789833822e-06
306 0.0
307 0.0
308 0.0
309 0.0
310 0.0
311 3.0550396225109535e-06
312 3.055338403880703e-06
313 1.5273704789833822e-06
314 3.055637068424892e-06
315 4.583605460898745e-06
316 7.638345951288977e-06
317 1.5273704789833822e-06
318 4.582708766038525e-06
319 1.0695478096190213e-05
320 9.165716430272359e-06
321 1.0693983019713868e-05
322 9.165716430272359e-06
323 2.4445098651905506e-05
324 1.680645228204265e-05
325 2.7501632766490707e-05
326 1.3751413829159292e-05
327 2.2919521212715e-05
328 3.9722986148362395e-05
329 2.1393946228507552e-05
330 2.1390657294185114e-05
331 3.208374244968546e-05
332 3.667691558143079e-05
333 2.139125602655221e-05
334 3.361290702016605e-05
335 3.0561157735256254e-05
336 4.584681939573891e-05
337 3.6671235226522764e-05
338 3.209091928434855e-05
339 2.903408732409578e-05
340 2.1390956075554863e-05
341 4.889946794814095e-05
342 3.361888861252458e-05
343 2.9031394315583e-05
344 3.208733156865637e-05
345 2.5982934315746613e-05
346 3.9737338531784e-05
347 2.597964409497102e-05
348 2.7501632416014027e-05
349 2.7504325424526803e-05
350 2.1393050001223864e-05
351 1.9862390587918048e-05
352 1.5280878233811676e-05
353 2.7502531683506272e-05
354 2.4447191992623292e-05
355 2.2918924468028716e-05
356 4.278669592770827e-05
357 2.9030797102771065e-05
358 3.362097996501244e-05
