0 7.63843590132092e-05
1 4.582977856274483e-05
2 4.7355654900954054e-05
3 5.499400131981956e-05
4 6.568858178544737e-05
5 5.6524359495949166e-05
6 5.652226709093356e-05
7 5.652137179880295e-05
8 6.568619130028966e-05
9 7.180134994624577e-05
10 8.249354191384753e-05
11 6.873854189019858e-05
12 9.929341971930311e-05
13 9.776634790486388e-05
14 0.00010693624797608901
15 0.0001329009497248711
16 0.0001420705485600183
17 0.00018789345479995926
18 0.00023829279563000234
19 0.00028718179488440294
20 0.00032537770699617077
21 0.0003895275655440918
22 0.00044909620876579476
23 0.0005132592104231433
24 0.0006660013365533373
25 0.0008447099543158952
26 0.0010432902225506755
27 0.0013090936102966224
28 0.0015901324652416572
29 0.0018772921542764946
30 0.0022820734089448124
31 0.002677687157417471
32 0.003204641621050714
33 0.0038140863363789524
34 0.004437282466587778
35 0.00507572870288173
36 0.005749300576852269
37 0.006650467081310599
38 0.007507362545174173
39 0.008118292511454446
40 0.008973640592562736
41 0.009755657857453937
42 0.010391042185424167
43 0.010733188108163337
44 0.011418984921125561
45 0.011557973543827583
46 0.011828299897383467
47 0.01197797742405557
48 0.01182370524016672
49 0.012016165568552402
50 0.011535017881871263
51 0.011379205779737058
52 0.01094540896418328
53 0.010846142730999011
54 0.010468851153749936
55 0.009833465634626032
56 0.00961352757049483
57 0.009172099877589409
58 0.008672641069456413
59 0.008434376950529595
60 0.008402284846291826
61 0.008524483145064498
62 0.008171665044270674
63 0.008138067971497591
64 0.00806475209633585
65 0.008035735641793823
66 0.008028102074942544
67 0.00844968500291027
68 0.008274046059566267
69 0.008564235694911097
70 0.008799482112190097
71 0.009063712127289666
72 0.009205774607232872
73 0.009219514967318237
74 0.009610551081983951
75 0.00962276168309175
76 0.009676213675280208
77 0.009508222635970684
78 0.00920426097695848
79 0.008985801297180967
80 0.008460386153762213
81 0.008089226462475882
82 0.0076187817196853806
83 0.006998648398466657
84 0.006250210877262193
85 0.005762960578416936
86 0.004861785412335796
87 0.0040797424546998575
88 0.003563477194985768
89 0.003096080919679075
90 0.002508027157385087
91 0.0020589632089465354
92 0.0016969611724842906
93 0.0013762014243814083
94 0.0011761126059741222
95 0.0008889520211793049
96 0.0006964940807077968
97 0.0005788904376334063
98 0.000488769605264724
99 0.00038185187951497094
100 0.0002734055883944067
101 0.00022758865614630274
102 0.000172595552339671
103 0.0001878719455777047
104 0.00010080943872564735
105 0.00011302840267433995
106 8.248129175921652e-05
107 8.247979808601888e-05
108 5.956953956581235e-05
109 5.1930596285434995e-05
110 3.3604540321290164e-05
111 2.90206365465982e-05
112 2.4438525109648054e-05
113 2.90206365465982e-05
114 2.291175195975305e-05
115 1.2219262496411248e-05
116 1.9857907229069975e-05
117 1.527549712757564e-05
118 7.636852394916911e-06
119 1.2218963831867058e-05
120 9.164820319814232e-06
121 1.0692190798797614e-05
122 1.374633431085044e-05
123 1.0691892017427865e-05
124 1.5273704789833822e-06
125 9.164521538444483e-06
126 1.374633431085044e-05
127 1.8329043193714525e-05
128 1.374633431085044e-05
129 1.2218963831867058e-05
130 1.8328445747800586e-05
131 1.0692190798797614e-05
132 1.8328744412344776e-05
133 1.2219561277780996e-05
134 1.8329043193714525e-05
135 2.138468026213942e-05
136 1.6801075268817204e-05
137 1.6801075268817204e-05
138 3.0547409579667644e-05
139 2.291175207657861e-05
140 2.749296728624507e-05
141 2.749326595078926e-05
142 2.9020337765228452e-05
143 2.4437927663734115e-05
144 2.90206365465982e-05
145 4.12401978243792e-05
146 3.207537750456496e-05
147 2.4438525109648054e-05
148 3.3602747983548344e-05
149 2.749326606761482e-05
150 1.6801075268817204e-05
151 3.360424153992041e-05
152 2.2911453295208862e-05
153 1.985581622678397e-05
154 2.4437927663734115e-05
155 1.6801672597905584e-05
156 1.9856413672697907e-05
157 1.6801075268817204e-05
158 1.3746931756764379e-05
159 1.0692190798797614e-05
160 1.5273704789833822e-05
161 1.2218963831867058e-05
162 6.109481915933529e-06
163 6.109780580477718e-06
164 4.582111436950147e-06
165 6.110676807761406e-06
166 4.582111436950147e-06
167 0.0
168 1.5273704789833822e-06
169 3.0547409579667644e-06
170 0.0
171 0.0
172 0.0
173 0.0
174 0.0
175 1.5273704789833822e-06
176 1.5273704789833822e-06
177 0.0
178 0.0
179 0.0
180 0.0
181 0.0
182 1.528565838387791e-06
183 0.0
184 0.0
185 0.0
186 3.0547409579667644e-06
187 3.0547409579667644e-06
188 4.582111436950147e-06
189 1.5273704789833822e-06
190 1.5273704789833822e-06
191 3.0547409579667644e-06
192 4.582111436950147e-06
193 6.109481915933529e-06
194 9.164521538444483e-06
195 1.5273704789833822e-06
196 3.0547409579667644e-06
197 7.637151059461101e-06
198 6.109481915933529e-06
199 9.164222873900293e-06
200 1.8330238553118932e-05
201 1.2218963831867058e-05
202 2.138318670576735e-05
203 3.5131015040566394e-05
204 3.054979971407437e-05
205 2.9021234460088672e-05
206 3.360483945341088e-05
207 3.2075377387739406e-05
208 3.207507872319521e-05
209 2.749326606761482e-05
210 3.207537750456496e-05
211 3.207627408259963e-05
212 3.513340575937521e-05
213 2.7494162178072944e-05
214 2.4438823774192244e-05
215 2.2912648654613268e-05
216 3.971163245356794e-05
217 2.4438226328278305e-05
218 2.138438206517176e-05
219 1.0692190798797614e-05
220 2.9020039100684262e-05
221 2.138408281622548e-05
222 2.7494760091563418e-05
223 1.6803764184593678e-05
224 3.51307163760222e-05
225 1.9856712337242097e-05
226 2.4438226328278305e-05
227 1.5273704789833822e-05
228 2.2911453178383303e-05
229 1.8329641107204996e-05
230 1.0692788244711553e-05
231 1.5273704789833822e-05
232 1.985760891527676e-05
233 1.6801672597905584e-05
234 1.985641355587235e-05
235 2.5966194253175626e-05
236 1.8329043076888966e-05
237 2.291324656810374e-05
238 3.054770824421183e-05
239 2.9022728484037268e-05
240 2.138468072971595e-05
241 4.1239301597095506e-05
242 3.665838493514768e-05
243 4.429673205524084e-05
244 4.27693614594319e-05
245 5.651569518588025e-05
246 7.942446026654027e-05
247 7.637210944298021e-05
248 0.00010997635086607508
249 0.00011303677054092182
250 0.00012831166952135585
251 0.00016497005492408
252 0.00020010256352101844
253 0.00023675586940598292
254 0.0003131345523906717
255 0.000278005330038598
256 0.0003940884733204281
257 0.00045672141944018006
258 0.0004811605403596358
259 0.000620155735200642
260 0.0007270931853155835
261 0.0008966247288633584
262 0.0010096698638815493
263 0.0012784999125104082
264 0.0014434699646295773
265 0.0018452084353241074
266 0.002129312787591992
267 0.0026410308929435762
268 0.0028915316000641057
269 0.0035788859537670696
270 0.004139475726012854
271 0.004576344014635614
272 0.005256086615919893
273 0.005871659037193159
274 0.006606367563226424
275 0.0069470135955469635
276 0.007554951557248349
277 0.007861985584970506
278 0.008271344467837043
279 0.008841103252457776
280 0.00878158391167453
281 0.008816678770425728
282 0.008851804105345586
283 0.008903749035893036
284 0.008718890305682563
285 0.008424152018795617
286 0.008069750991711868
287 0.007655824630802243
288 0.0077382473556792085
289 0.007136449949392053
290 0.006950090148480895
291 0.006691944515788602
292 0.006369647531808694
293 0.006241335561402012
294 0.006172624215399476
295 0.006062598566535139
296 0.005685333283216775
297 0.006116053542213373
298 0.005903717381466354
299 0.006160362525707226
300 0.0059205136741290205
301 0.006343643987891136
302 0.006534614005911438
303 0.006856872143982505
304 0.007000446754099577
305 0.007281487406057571
306 0.007649650309109913
307 0.00782836879226804
308 0.008256045967689512
309 0.008434749800976162
310 0.009087012881771394
311 0.009021312042701393
312 0.009479578160654641
313 0.009717847954325447
314 0.009655243087697992
315 0.009502501861533223
316 0.009826358777552969
317 0.009452131796723415
318 0.009442945161502604
319 0.008859503388553831
320 0.008502035366384319
321 0.00819043595162081
322 0.007501538693729919
323 0.007206736471479057
324 0.006534642682146502
325 0.005848807333276997
326 0.005242452314812917
327 0.004497001113623697
328 0.004093733778192585
329 0.003465942101085529
330 0.0028977375752821184
331 0.002497514533744698
332 0.0021935588466220186
333 0.0016726538092575807
334 0.0014129906780282202
335 0.0012022004011050331
336 0.0009654236228444461
337 0.0007683892494186674
338 0.0006293838954253166
339 0.0005575714874113572
340 0.00041092181020184427
341 0.0003467749448446139
342 0.0002642867814632727
343 0.00023068463022413627
344 0.00022304030993080778
345 0.00017110433429426468
346 0.0001237456908778369
347 0.00011458027428091293
348 9.166882203768268e-05
349 9.777232657219204e-05
350 9.777740585602638e-05
351 8.402838321380155e-05
352 6.111214988370467e-05
353 7.18058333037213e-05
354 6.263772685614205e-05
355 5.8053224232806566e-05
356 4.888960009044995e-05
357 4.8889299438774075e-05
358 6.263563573675619e-05
