gamma 0.01517393486378368 0.0033174419704317384 0.11822780190067422 0.006200061274461951 1.0
beta1 -0.061186779450799665 0.0256160640913611 1.3488970040326187 0.06610935132455789 0.2421875
beta2 -0.16872911470948687 0.017269307053923457 1.428594453222488 0.06843032875034222 0.25
alpha1 -0.045908647068944514 0.0283277942334443 1.4852716250691267 0.07357305444889686 0.2578125
alpha2 0.08187260711362991 0.02736684715419728 1.4497597028146276 0.07618870967470455 0.25
g1_1 -0.22114864956863373 0.018904861372970188 1.7610201872716535 0.08779647149567761 0.21875
g1_2 0.022411115794235402 0.020995335330001044 1.787373767423779 0.09906406837675132 0.1640625
g2 -0.22980766481379583 0.019317655653212164 1.766246068986483 0.08766386820072646 0.203125
g3_1 -0.09656988467863317 0.018577222116459267 1.671911046740374 0.08544756932098081 0.2734375
g3_2 -0.15105007343548763 0.017833360289387385 1.652998755843469 0.07757217193948425 0.234375
