0 0.0
1 1.5211253894080996e-06
2 1.5211253894080996e-06
3 1.5211253894080996e-06
4 1.5211253894080996e-06
5 0.0
6 1.5211253894080996e-06
7 3.0422507788161993e-06
8 0.0
9 1.5211253894080996e-06
10 3.0422507788161993e-06
11 1.5211253894080996e-06
12 4.563376168224299e-06
13 6.084501557632399e-06
14 7.6056269470404984e-06
15 1.5211253894080996e-06
16 0.0
17 3.0422507788161993e-06
18 1.0647877725856697e-05
19 4.563376168224299e-06
20 7.6056269470404984e-06
21 1.2169003115264797e-05
22 1.6732379283489095e-05
23 1.8253504672897195e-05
24 2.5859131619937694e-05
25 2.8901382398753894e-05
26 4.715488707165109e-05
27 5.780276479750779e-05
28 5.628163940809969e-05
29 6.692951713395638e-05
30 5.780276479750779e-05
31 9.735202492211838e-05
32 0.00011864778037383178
33 0.00013690128504672896
34 0.00017188716900311526
35 0.00023273218457943925
36 0.0002570701908099688
37 0.0002920560747663551
38 0.0003711545950155763
39 0.0004213517328660436
40 0.0005080558800623051
41 0.0006267036604361364
42 0.0007544781931464164
43 0.0008214077102803726
44 0.0010054638823987524
45 0.0011165060358255428
46 0.0012762242017133939
47 0.0014100832359813056
48 0.001676280179127724
49 0.0017645054517133934
50 0.0019865897585669757
51 0.002313631717289717
52 0.0023729556074766323
53 0.002706082067757006
54 0.0029418565031152613
55 0.003317574474299062
56 0.0034605602609034253
57 0.0036415741822429883
58 0.003994475272585666
59 0.004052278037383175
60 0.004164841316199375
61 0.004333686234423673
62 0.004703319704049841
63 0.004633347936137068
64 0.0047748125973520236
65 0.004844784365264795
66 0.004799150603582552
67 0.004955826518691587
68 0.004978643399532709
69 0.004777854848130839
70 0.00466529156931464
71 0.004755037967289719
72 0.004517742406542051
73 0.004374756619937691
74 0.004277404595015574
75 0.004058362538940807
76 0.0039032077492211817
77 0.003741968457943921
78 0.003417968749999996
79 0.0032491238317756983
80 0.0028947016160436106
81 0.002750194704049841
82 0.0025265892718068497
83 0.0023440542250778794
84 0.002181293808411213
85 0.002083941783489093
86 0.0017888434579439228
87 0.0015880549065420543
88 0.0014146466121495315
89 0.0013340269665109016
90 0.0012549284462616806
91 0.0010541398948598116
92 0.0010358863901869138
93 0.0009948160046728957
94 0.0007620838200934563
95 0.0007499148169781921
96 0.0006540839174454823
97 0.0005856332749221178
98 0.0005217460085669779
99 0.0004624221183800623
100 0.0004228728582554517
101 0.0003726757204049844
102 0.0003559433411214953
103 0.0002874926985981308
104 0.0002859715732087227
105 0.000244901187694704
106 0.0002646758177570093
107 0.00023425330996884735
108 0.00020078855140186915
109 0.00017340829439252336
110 0.00018709842289719626
111 0.00017949279595015576
112 0.00017188716900311526
113 0.00013538015965732086
114 0.00012625340732087226
115 0.00014146466121495326
116 0.00011864778037383178
117 0.00013081678348909656
118 9.735202492211838e-05
119 0.00012169003115264798
120 0.00011104215342679128
121 0.00012929565809968846
122 0.00010799990264797508
123 0.00010647877725856698
124 0.00014602803738317756
125 0.00013081678348909656
126 0.00013994353582554516
127 0.00014450691199376946
128 0.00015211253894080996
129 0.00012016890576323988
130 0.00017188716900311526
131 0.00015059141355140186
132 0.00021295755451713395
133 0.00020687305295950155
134 0.00022360543224299065
135 0.0002798870716510903
136 0.0002540279400311526
137 0.0002966194509345794
138 0.0003574644665109034
139 0.0004000559774143302
140 0.000473069996105919
141 0.0004821967484423676
142 0.0006069290303738311
143 0.0005597741433021802
144 0.0006905909267912764
145 0.0008320555880062293
146 0.0009476611176012447
147 0.0010936891549844221
148 0.0012640551985981282
149 0.0014572381230529576
150 0.0016230407904984404
151 0.0019029278621495302
152 0.002214758566978189
153 0.0024794343847352
154 0.0028855748637071623
155 0.003320616725077878
156 0.0038758274922118356
157 0.00402489778037383
158 0.00473526333722741
159 0.005421290887850468
160 0.006009966413551399
161 0.007096049941588778
162 0.007540218555295948
163 0.00853655568535825
164 0.009589174454828656
165 0.010375596281152652
166 0.011317172897196262
167 0.012438242309190028
168 0.013492382204049835
169 0.014379198306074755
170 0.01556871836059189
171 0.016485956970404978
172 0.017426012461059195
173 0.018140941394080994
174 0.01907339125778815
175 0.019353278329439248
176 0.02041502385124613
177 0.021129952784267932
178 0.02076336156542058
179 0.020930685358255458
180 0.021032600759345807
181 0.02077705169392525
182 0.020845502336448617
183 0.02010015089563863
184 0.019338067075545178
185 0.018963870229750778
186 0.01848775798286603
187 0.017570519373052953
188 0.016555928738317745
189 0.015777112538940808
190 0.014560212227414316
191 0.013188157126168219
192 0.012426073306074766
193 0.011542299454828672
194 0.01048207505841122
195 0.009508554809190026
196 0.008674978095794388
197 0.00751588054906542
198 0.006845064252336444
199 0.006225966218847351
200 0.005272220599688473
201 0.0048158829828660425
202 0.004280446845794388
203 0.003690250194704047
204 0.003285630841121492
205 0.0029540255062305266
206 0.0024322794976635483
207 0.002196505062305294
208 0.0018618574766355114
209 0.001648899922118377
210 0.0014450691199376928
211 0.0012807875778816176
212 0.0011621397975077866
213 0.0009902526285046715
214 0.0008411823403426774
215 0.0007377458138629275
216 0.0005856332749221176
217 0.0004867601246105919
218 0.0004867601246105919
219 0.000427436234423676
220 0.0003635489680685358
221 0.0003574644665109034
222 0.0003011828271028037
223 0.0002677180685358255
224 0.000244901187694704
225 0.000244901187694704
226 0.00018557729750778816
227 0.00015667591510903426
228 0.00016428154205607476
229 0.00017340829439252336
230 0.00013842241043613706
231 0.00014602803738317756
232 0.00012016890576323988
233 0.00011408440420560748
234 0.00015211253894080996
235 0.00013994353582554516
236 0.00015059141355140186
237 0.00011408440420560748
238 0.00012473228193146416
239 0.00010799990264797508
240 0.00011712665498442368
241 0.00013538015965732086
242 0.00012777453271028036
243 0.00013538015965732086
244 0.00014450691199376946
245 0.00013385903426791276
246 0.00014298578660436136
247 0.00014602803738317756
248 0.00020383080218068535
249 0.00019622517523364485
250 0.00018101392133956386
251 0.00022208430685358255
252 0.00023121105919003115
253 0.0002509856892523364
254 0.0003042250778816199
255 0.0002890138239875389
256 0.0003346475856697819
257 0.0003376898364485981
258 0.0003605067172897196
259 0.0004411263629283489
260 0.0004715488707165109
261 0.0005460840147975073
262 0.0005962811526479743
263 0.0006616895443925219
264 0.0007270979361370704
265 0.0008046753309968834
266 0.0009294076129283473
267 0.0009065907320872263
268 0.0009917737538940794
269 0.0011773510514018674
270 0.0012990410825545154
271 0.001405519859813082
272 0.0015834915303738293
273 0.0018207870911214933
274 0.0020048432632398723
275 0.0021767304322429875
276 0.0022953782126168194
277 0.0025372371495327064
278 0.0027593214563862885
279 0.0028947016160436115
280 0.0032612928348909635
281 0.003410363123052957
282 0.003603546047507786
283 0.0038743063668224276
284 0.004178531444704048
285 0.004250024338006227
286 0.0043656298676012445
287 0.004551207165109029
288 0.004589235299844234
289 0.004835657612928347
290 0.004751995716510901
291 0.004809798481308406
292 0.004890418126947036
293 0.0048645589953271
294 0.004957347644080996
295 0.004744390089563858
296 0.0045618550428348885
297 0.004507094528816195
298 0.004555770541277256
299 0.004167883566978191
300 0.004142024435358254
301 0.004046193535825541
302 0.003682644567757006
303 0.0033419124805295925
304 0.003121349299065417
305 0.0029114339953271004
306 0.002745631327881615
307 0.0025037723909657286
308 0.0022710402063862906
309 0.001960730626947038
310 0.0017979702102803709
311 0.0015987027842679106
312 0.0014359423676012434
313 0.0012731819509345778
314 0.0010845624026479732
315 0.0008868161020249209
316 0.0007985908294392511
317 0.0006723374221183788
318 0.0005993234034267908
319 0.000553689641744548
320 0.0003939714758566978
321 0.0003939714758566978
322 0.0002890138239875389
323 0.0002783659462616822
324 0.00021295755451713395
325 0.00018101392133956386
326 0.00013842241043613706
327 0.00011408440420560748
328 8.974639797507788e-05
329 5.171826323987539e-05
330 5.628163940809969e-05
331 3.954926012461059e-05
332 4.107038551401869e-05
333 5.019713785046729e-05
334 1.8253504672897195e-05
335 2.4338006230529594e-05
336 2.5859131619937694e-05
337 2.2816880841121494e-05
338 9.126752336448597e-06
339 1.0647877725856697e-05
340 7.6056269470404984e-06
341 9.126752336448597e-06
342 3.0422507788161993e-06
343 4.563376168224299e-06
344 3.0422507788161993e-06
345 6.084501557632399e-06
346 0.0
347 1.5211253894080996e-06
348 3.0422507788161993e-06
349 1.5211253894080996e-06
350 4.563376168224299e-06
351 0.0
352 1.5211253894080996e-06
353 0.0
354 0.0
355 3.0422507788161993e-06
356 1.5211253894080996e-06
357 0.0
358 3.0422507788161993e-06
