0 0.0
1 3.0422507788161993e-06
2 0.0
3 3.0422507788161993e-06
4 0.0
5 0.0
6 0.0
7 1.5211253894080996e-06
8 0.0
9 1.5211253894080996e-06
10 1.5211253894080996e-06
11 0.0
12 3.0422507788161993e-06
13 4.563376168224299e-06
14 3.0422507788161993e-06
15 1.5211253894080996e-06
16 3.0422507788161993e-06
17 6.084501557632399e-06
18 1.5211253894080996e-06
19 6.084501557632399e-06
20 1.5211253894080997e-05
21 9.126752336448597e-06
22 1.6732379283489095e-05
23 1.6732379283489095e-05
24 1.0647877725856697e-05
25 2.1295755451713395e-05
26 2.2816880841121494e-05
27 3.650700934579439e-05
28 3.346475856697819e-05
29 3.498588395638629e-05
30 4.411263629283489e-05
31 6.540839174454828e-05
32 7.757739485981308e-05
33 9.735202492211838e-05
34 0.00011408440420560748
35 0.00019166179906542055
36 0.00019470404984423675
37 0.00023729556074766355
38 0.0002874926985981308
39 0.0003726757204049844
40 0.0004289573598130841
41 0.0005141403816199376
42 0.0005765065225856694
43 0.0006267036604361363
44 0.0008761682242990643
45 0.0009172386098130828
46 0.0010906469042056058
47 0.001235153816199374
48 0.001472449376947038
49 0.0015941394080996865
50 0.0018253504672897166
51 0.002026139018691586
52 0.0022101951908099654
53 0.002453575253115263
54 0.002713687694704047
55 0.0029920536409657294
56 0.0032658562110591868
57 0.0034757715147975057
58 0.003702419197819312
59 0.003856052862149531
60 0.004003602024922114
61 0.004324559482087223
62 0.004476672021028032
63 0.0044888410241433
64 0.004466024143302176
65 0.004580108547507786
66 0.004643995813862924
67 0.004730699961059188
68 0.0046805028232087195
69 0.004721573208722738
70 0.004528390284267909
71 0.0044705875194704005
72 0.0043276017328660425
73 0.003962531639408096
74 0.003947320385514016
75 0.00382258810358255
76 0.0034620813862928307
77 0.0033799406152647937
78 0.003390588492990652
79 0.0029555466316199368
80 0.0027745327102803724
81 0.002572223033489094
82 0.0023014627141744524
83 0.0021706459306853553
84 0.0019592095015576296
85 0.0018101392133956361
86 0.0015804492795950123
87 0.0015348155179127703
88 0.0012701397001557608
89 0.0012214636876947016
90 0.0010100272585669761
91 0.001060224396417444
92 0.0008609569704049828
93 0.0008229288356697807
94 0.0006449571651090331
95 0.0006723374221183792
96 0.0006190980334890957
97 0.0005263093847352022
98 0.0004928446261682242
99 0.000442647488317757
100 0.0003985348520249221
101 0.000381802472741433
102 0.0003300842095015576
103 0.0002950983255451713
104 0.000260112441588785
105 0.0002464223130841121
106 0.0002631546923676012
107 0.00022360543224299065
108 0.00021295755451713395
109 0.00021447867990654205
110 0.00017492941978193146
111 0.00019470404984423675
112 0.00014907028816199376
113 0.00017797167056074766
114 0.00015059141355140186
115 0.00015059141355140186
116 0.00012321115654205606
117 0.00013081678348909656
118 0.00014907028816199376
119 0.00014450691199376946
120 0.00013994353582554516
121 0.00011712665498442368
122 0.00015363366433021806
123 0.00014602803738317756
124 0.00012625340732087226
125 0.00014907028816199376
126 0.00014450691199376946
127 0.00017949279595015576
128 0.00020078855140186915
129 0.00020687305295950155
130 0.00022512655763239875
131 0.00024185893691588785
132 0.0002555490654205607
133 0.0002890138239875389
134 0.0003027039524922118
135 0.0003422532126168224
136 0.000381802472741433
137 0.0004304784852024922
138 0.0004548164914330218
139 0.0005841121495327097
140 0.0006312670366043603
141 0.0007286190615264786
142 0.0008046753309968834
143 0.0009430977414330199
144 0.00099937938084112
145 0.0012381960669781917
146 0.0014070409852024908
147 0.0015332943925233623
148 0.001810139213395636
149 0.001969857379283486
150 0.0021463079244548257
151 0.0026117722936137037
152 0.0029585888823987524
153 0.0033023632204049825
154 0.003671996690031149
155 0.0043625876168224284
156 0.004575545171339562
157 0.005339150116822431
158 0.005912614388629284
159 0.006559092679127723
160 0.0072025287188473485
161 0.008002640673676013
162 0.008478752920560743
163 0.009566357573987536
164 0.010050075447819313
165 0.011040328076323993
166 0.011942355432242995
167 0.01274094626168224
168 0.01375553689641744
169 0.014583029108255445
170 0.015348155179127724
171 0.016117844626168214
172 0.016779534170560745
173 0.017324097059968846
174 0.01802533586448598
175 0.018495363609813086
176 0.019094687013239856
177 0.019514517620716515
178 0.019192039038162
179 0.01982939057632399
180 0.020078855140186917
181 0.019634686526479764
182 0.019491700739875387
183 0.018775250681464184
184 0.018460377725856687
185 0.018239814544392503
186 0.01738342095015576
187 0.01679626654984424
188 0.01612088687694704
189 0.015474408586448597
190 0.014519141841900306
191 0.013769227024922111
192 0.012730298383956383
193 0.012024496203271031
194 0.010892778913551414
195 0.010333004770249224
196 0.00937773802570093
197 0.008615654205607472
198 0.007870302764797504
199 0.007214697721962613
200 0.0063750365070093405
201 0.006011487538940806
202 0.005269178348909657
203 0.004657685942367597
204 0.004069010416666662
205 0.0035974615459501524
206 0.0032901942172897164
207 0.0029083917445482865
208 0.002578307535046727
209 0.0022664768302180665
210 0.002074815031152645
211 0.0017797167056074743
212 0.0015454633956386269
213 0.0013629283489096555
214 0.0012366749415887827
215 0.0011225905373831759
216 0.0009507033683800604
217 0.0007757739485981294
218 0.0006997176791277246
219 0.0005567318925233643
220 0.0006236614096573202
221 0.0005141403816199375
222 0.0004441686137071651
223 0.0004411263629283489
224 0.0003863658489096573
225 0.0003605067172897196
226 0.0002738025700934579
227 0.00024185893691588785
228 0.00024033781152647975
229 0.00022208430685358255
230 0.00020991530373831775
231 0.00019470404984423675
232 0.00018709842289719626
233 0.00018557729750778816
234 0.00018253504672897196
235 0.00014602803738317756
236 0.00015059141355140186
237 0.00015363366433021806
238 0.00015819704049844236
239 0.00012473228193146416
240 0.00015971816588785046
241 0.00013690128504672896
242 0.00013994353582554516
243 0.00012777453271028036
244 0.00013994353582554516
245 0.00015667591510903426
246 0.00015363366433021806
247 0.00018557729750778816
248 0.00018101392133956386
249 0.00017036604361370716
250 0.00019470404984423675
251 0.00023273218457943925
252 0.00022968993380062305
253 0.0002692391939252336
254 0.000275323695482866
255 0.0002479434384735202
256 0.0003239997079439252
257 0.0003331264602803738
258 0.0003635489680685358
259 0.0003954926012461059
260 0.0004685066199376947
261 0.0005156615070093457
262 0.000568900895638629
263 0.0006023656542056067
264 0.0006206191588785041
265 0.0007134078076323976
266 0.0008168443341121483
267 0.0008944217289719612
268 0.00106326664719626
269 0.001069351148753893
270 0.001162139797507786
271 0.0014009564836448575
272 0.0014815761292834868
273 0.0016017450350467263
274 0.0018055758372274124
275 0.0019150968652647952
276 0.002070251654984421
277 0.002386645735981306
278 0.0025707019080996847
279 0.002689349688473518
280 0.002964673383956384
281 0.0030909267912772554
282 0.003434701129283486
283 0.0035183630257009314
284 0.003685686818535822
285 0.003980785144080994
286 0.00423937646028037
287 0.004243939836448594
288 0.004301742601246103
289 0.004488841024143299
290 0.004706361954828659
291 0.004738305588006231
292 0.00460596767912772
293 0.0046683338200934526
294 0.004566418419003111
295 0.004694192951713391
296 0.004418869256230526
297 0.004578587422118376
298 0.004199827200155759
299 0.004164841316199374
300 0.003956447137850463
301 0.0036217995521806825
302 0.003408841997663548
303 0.0032430393302180674
304 0.0029646733839563846
305 0.0027532369548286563
306 0.002468786507009344
307 0.002333406347352022
308 0.0021098009151090326
309 0.0017568998247663526
310 0.001671716802959499
311 0.0013796607281931438
312 0.0012473228193146397
313 0.0011134637850467274
314 0.0009689568730529575
315 0.0008183654595015566
316 0.0007194923091900299
317 0.0005612952686915884
318 0.0004958868769470404
319 0.0004030982281931464
320 0.0003605067172897196
321 0.0003072673286604361
322 0.0002677180685358255
323 0.00016276041666666666
324 0.00015515478971962616
325 0.00011560552959501558
326 0.00011256327881619938
327 0.00011560552959501558
328 5.476051401869159e-05
329 4.867601246105919e-05
330 4.563376168224299e-05
331 3.498588395638629e-05
332 3.650700934579439e-05
333 2.2816880841121494e-05
334 1.9774630062305295e-05
335 1.2169003115264797e-05
336 1.3690128504672897e-05
337 1.5211253894080997e-05
338 1.0647877725856697e-05
339 4.563376168224299e-06
340 9.126752336448597e-06
341 4.563376168224299e-06
342 0.0
343 3.0422507788161993e-06
344 3.0422507788161993e-06
345 6.084501557632399e-06
346 6.084501557632399e-06
347 1.5211253894080996e-06
348 4.563376168224299e-06
349 3.0422507788161993e-06
350 1.5211253894080996e-06
351 3.0422507788161993e-06
352 1.5211253894080996e-06
353 0.0
354 1.5211253894080996e-06
355 0.0
356 1.5211253894080996e-06
357 1.5211253894080996e-06
358 1.5211253894080996e-06
