0 0.0
1 0.0
2 0.0
3 0.0
4 4.563376168224299e-06
5 0.0
6 0.0
7 1.5211253894080996e-06
8 1.5211253894080996e-06
9 1.5211253894080996e-06
10 1.5211253894080996e-06
11 3.0422507788161993e-06
12 1.5211253894080996e-06
13 3.0422507788161993e-06
14 7.6056269470404984e-06
15 1.5211253894080996e-06
16 4.563376168224299e-06
17 3.0422507788161993e-06
18 7.6056269470404984e-06
19 7.6056269470404984e-06
20 1.5211253894080996e-06
21 1.0647877725856697e-05
22 1.3690128504672897e-05
23 2.5859131619937694e-05
24 2.1295755451713395e-05
25 1.0647877725856697e-05
26 1.8253504672897195e-05
27 3.954926012461059e-05
28 3.650700934579439e-05
29 3.498588395638629e-05
30 5.323938862928349e-05
31 7.605626947040498e-05
32 7.301401869158878e-05
33 9.735202492211838e-05
34 0.00011864778037383178
35 0.00015819704049844236
36 0.00018101392133956386
37 0.000244901187694704
38 0.0002768448208722741
39 0.0003163940809968847
40 0.000412224980529595
41 0.0004609009929906542
42 0.0005567318925233639
43 0.0006358304127725848
44 0.0007757739485981296
45 0.00093549211448598
46 0.0010221962616822407
47 0.0011423651674454809
48 0.0013522804711837988
49 0.0016215196651090328
50 0.001683885806074764
51 0.0019424771222741396
52 0.0021432656736760096
53 0.0023942513629283462
54 0.002608730042834888
55 0.0028855748637071615
56 0.002978363512461057
57 0.003309968847352022
58 0.0033601659852024912
59 0.0037450107087227394
60 0.0039047288746105885
61 0.003991433021806851
62 0.004151151187694702
63 0.004342812986760119
64 0.004529911409657318
65 0.0046516014408099675
66 0.0047063619548286615
67 0.004615094431464168
68 0.004482756522585668
69 0.004478193146417441
70 0.004581629672897195
71 0.0044873198987538925
72 0.004432559384735198
73 0.004117686429127723
74 0.0038636584890965687
75 0.003643095307632397
76 0.003536616530373827
77 0.0033495181074766336
78 0.0032019689447040467
79 0.0030559409073208704
80 0.002911433995327101
81 0.002480955510124608
82 0.0022436599493769445
83 0.0020748150311526454
84 0.0019516038746105876
85 0.0018633786020249192
86 0.0016701956775700905
87 0.0015180831386292816
88 0.0013172945872274122
89 0.0013355480919003103
90 0.0011104215342679106
91 0.0010708722741433006
92 0.0009111541082554499
93 0.0008457457165109019
94 0.0007499148169781918
95 0.0006434360397196256
96 0.000620619158878504
97 0.0005156615070093457
98 0.0004654643691588785
99 0.0004639432437694704
100 0.0004441686137071651
101 0.0003559433411214953
102 0.0003103095794392523
103 0.0002692391939252336
104 0.0002722814447040498
105 0.00023881668613707165
106 0.00021143642912772585
107 0.00023881668613707165
108 0.00020535192757009345
109 0.00022968993380062305
110 0.00019470404984423675
111 0.00016276041666666666
112 0.00017797167056074766
113 0.00014450691199376946
114 0.00015211253894080996
115 0.00017492941978193146
116 0.00012929565809968846
117 0.00017645054517133956
118 0.00013690128504672896
119 0.00014907028816199376
120 0.00014146466121495326
121 0.00014146466121495326
122 0.00012929565809968846
123 0.00015667591510903426
124 0.00017492941978193146
125 0.00015211253894080996
126 0.00016276041666666666
127 0.00017949279595015576
128 0.00020383080218068535
129 0.00020687305295950155
130 0.00018861954828660436
131 0.0002509856892523364
132 0.0002570701908099688
133 0.0002935772001557632
134 0.000275323695482866
135 0.0003589855919003115
136 0.0004167883566978193
137 0.0004167883566978193
138 0.0005126192562305295
139 0.0005886755257009342
140 0.0006769007982866029
141 0.0007118866822429898
142 0.0007438303154205596
143 0.0009157174844236745
144 0.0009796047507788146
145 0.0011956045560747649
146 0.0013507593457943907
147 0.0015576323987538912
148 0.0017249561915887836
149 0.00206264602803738
150 0.002184336059190029
151 0.0025783075350467254
152 0.003013349396417442
153 0.0032476027063862893
154 0.0037602219626168207
155 0.0041998272001557615
156 0.004630305685358254
157 0.005266136098130839
158 0.005888276382398751
159 0.006362867503894075
160 0.007190359715732085
161 0.007999598422897193
162 0.008801231503115264
163 0.009364047897196257
164 0.010159596475856696
165 0.011186356113707172
166 0.01209751022196262
167 0.012952382690809963
168 0.01386962130062304
169 0.014795986662772584
170 0.015643253504672893
171 0.016344492309190033
172 0.01659091462227414
173 0.017587251752336445
174 0.018396490459501553
175 0.01852122274143302
176 0.019155532028816206
177 0.019576883761682252
178 0.019922179225077878
179 0.01972139067367602
180 0.01998302424065421
181 0.020203587422118387
182 0.019590573890186924
183 0.01922702492211839
184 0.01906122225467289
185 0.01822308216510903
186 0.01771198403426791
187 0.017038125486760123
188 0.01642359082943925
189 0.015498746592679127
190 0.014707761390186912
191 0.013900043808411209
192 0.012813960280373824
193 0.012083820093457941
194 0.01133086302570094
195 0.01054139894859813
196 0.00951311818535825
197 0.008665851343457936
198 0.0077942464953271
199 0.007448951031931462
200 0.006609289816978194
201 0.005964332651869156
202 0.005150530568535824
203 0.004867601246105915
204 0.004257629964953268
205 0.003760221962616821
206 0.003390588492990653
207 0.0029844480140186896
208 0.0026072089174454796
209 0.002380561234423674
210 0.0021082797897196233
211 0.0018588152258566962
212 0.001609350661993767
213 0.0014298578660436128
214 0.00121537918613707
215 0.0010845624026479734
216 0.0008503090926791261
217 0.0008807316004672882
218 0.0006890698014018683
219 0.0006312670366043608
220 0.000590196651090342
221 0.0005232671339563859
222 0.0004456897390965732
223 0.000397013726635514
224 0.0003802813473520249
225 0.0003407320872274143
226 0.000275323695482866
227 0.000275323695482866
228 0.0002555490654205607
229 0.0002464223130841121
230 0.00022360543224299065
231 0.00019470404984423675
232 0.00017797167056074766
233 0.00013233790887850466
234 0.00013690128504672896
235 0.00018861954828660436
236 0.00014602803738317756
237 0.00012625340732087226
238 0.00015515478971962616
239 0.00013081678348909656
240 0.00014146466121495326
241 0.00012016890576323988
242 0.00013842241043613706
243 0.00014450691199376946
244 0.00015515478971962616
245 0.00013690128504672896
246 0.00017797167056074766
247 0.00015819704049844236
248 0.00018405617211838006
249 0.00017340829439252336
250 0.00019318292445482865
251 0.00020230967679127725
252 0.00022360543224299065
253 0.00024033781152647975
254 0.0002738025700934579
255 0.0003133518302180685
256 0.0003452954633956386
257 0.0003392109618380062
258 0.0003650700934579439
259 0.0004076616043613707
260 0.0004000559774143302
261 0.0004700277453271028
262 0.000538478387850467
263 0.0005704220210280369
264 0.0006282247858255443
265 0.0006784219236760113
266 0.0008427034657320856
267 0.0009035484813084094
268 0.0009263653621495311
269 0.0011469285436137052
270 0.0012123369353582538
271 0.0012716608255451693
272 0.001487660630841119
273 0.0016397731697819294
274 0.001746251947040496
275 0.002056561526479748
276 0.00218281493380062
277 0.0023440542250778786
278 0.0024733498831775677
279 0.002864279108255448
280 0.0029205607476635487
281 0.0030863634151090313
282 0.0033647293613707145
283 0.0035442221573208687
284 0.003717630451713393
285 0.00385605286214953
286 0.004135939933800621
287 0.0042043905763239865
288 0.0042758834696261655
289 0.004470587519470401
290 0.004358024240654201
291 0.00461661555685358
292 0.004526869158878503
293 0.004616615556853579
294 0.00460900992990654
295 0.004341291861370713
296 0.004205911701713394
297 0.004155714563862926
298 0.003980785144080994
299 0.003989911896417445
300 0.003720672702492211
301 0.0034742503894080947
302 0.003259771709501555
303 0.003005743769470402
304 0.0028429833528037366
305 0.0026361102998442346
306 0.0023790401090342662
307 0.0021250121690031118
308 0.0018938011098130819
309 0.0017416885708722708
310 0.0015180831386292812
311 0.00125492844626168
312 0.001121069411993767
313 0.000993294879283487
314 0.0008411823403426776
315 0.0007423091900311514
316 0.00068754867601246
317 0.0005567318925233639
318 0.0004791544976635514
319 0.0003909292250778816
320 0.000351379964953271
321 0.00021447867990654205
322 0.00021904205607476635
323 0.00019622517523364485
324 0.00016276041666666666
325 0.00012777453271028036
326 0.00011864778037383178
327 8.366189641744548e-05
328 6.997176791277258e-05
329 5.019713785046729e-05
330 5.780276479750779e-05
331 5.019713785046729e-05
332 3.954926012461059e-05
333 3.194363317757009e-05
334 2.2816880841121494e-05
335 7.6056269470404984e-06
336 1.0647877725856697e-05
337 1.6732379283489095e-05
338 9.126752336448597e-06
339 4.563376168224299e-06
340 3.0422507788161993e-06
341 4.563376168224299e-06
342 7.6056269470404984e-06
343 0.0
344 1.5211253894080996e-06
345 1.5211253894080996e-06
346 1.5211253894080996e-06
347 3.0422507788161993e-06
348 1.5211253894080996e-06
349 1.5211253894080996e-06
350 1.5211253894080996e-06
351 1.5211253894080996e-06
352 3.0422507788161993e-06
353 0.0
354 1.5211253894080996e-06
355 0.0
356 1.5211253894080996e-06
357 1.5211253894080996e-06
358 1.5211253894080996e-06
