0 3.0422507788161993e-06
1 0.0
2 1.5211253894080996e-06
3 6.084501557632399e-06
4 0.0
5 1.5211253894080996e-06
6 6.084501557632399e-06
7 0.0
8 3.0422507788161993e-06
9 4.563376168224299e-06
10 4.563376168224299e-06
11 1.5211253894080996e-06
12 9.126752336448597e-06
13 9.127048563398824e-06
14 1.8253504672897195e-05
15 4.563376168224299e-06
16 1.5211550121031222e-05
17 1.825380089984742e-05
18 1.8253504672897195e-05
19 1.3690128504672897e-05
20 4.411263629283489e-05
21 2.8901974852654347e-05
22 4.867630868800941e-05
23 4.411293251978512e-05
24 6.236614096573208e-05
25 7.909852024922118e-05
26 9.431066282415286e-05
27 9.431036659720262e-05
28 0.00010952221294518408
29 0.00013386021917571368
30 0.00017645113762524
31 0.00021447956858739272
32 0.0002783680198503338
33 0.00032856426901995046
34 0.0003544242893207388
35 0.00044569122023132435
36 0.0005232695037719878
37 0.00055521609921906
38 0.000728623504930732
39 0.0007651322916382276
40 0.0009780868838858586
41 0.0009902573681358751
42 0.0011712718819293386
43 0.0013811901479371582
44 0.0015804566852687693
45 0.0016595560941988416
46 0.0018679514574555514
47 0.002079389071491078
48 0.0023075605459448464
49 0.0026011380423275584
50 0.0027638990514481246
51 0.00301184663709895
52 0.0031776484158635805
53 0.003481881195645907
54 0.00361725306094862
55 0.003741988305149587
56 0.004047732138605015
57 0.00427894734497235
58 0.0042759045017396295
59 0.004421933131576707
60 0.004478219806842964
61 0.004625767488480796
62 0.004741369463352408
63 0.004800696019581879
64 0.004682051201477549
65 0.0048448119143711665
66 0.004805264431608259
67 0.004683570549505257
68 0.004820470649644185
69 0.0044827784433799835
70 0.004552751988654457
71 0.004344350700858742
72 0.00430176422581347
73 0.0043321846600129785
74 0.0038104389476729538
75 0.003944295019671362
76 0.0036081298633355743
77 0.003480354738171394
78 0.003182206163719751
79 0.0030681256104644963
80 0.002979899745424926
81 0.0028293047771501207
82 0.002531168348003437
83 0.002404913755774765
84 0.0022254162201934048
85 0.0021204591607781463
86 0.0020002911436957566
87 0.0017295284545655136
88 0.001738657576717565
89 0.0016063193716121089
90 0.0013735833360823172
91 0.0012899235132535242
92 0.0012245133441472738
93 0.0010800082095152059
94 0.0010039472004135974
95 0.0009354953729824321
96 0.000777299221164841
97 0.0007134104736749497
98 0.000686031697800355
99 0.000632791124263271
100 0.0006008477873126515
101 0.00046546614652057984
102 0.0005658621995832154
103 0.000448736729506593
104 0.00042591895998462083
105 0.0003772414663888105
106 0.000390931002439583
107 0.00033160681602571686
108 0.00029053672673864836
109 0.00028445104027321507
110 0.0002996637753020472
111 0.00025098687416013737
112 0.00026924097128693496
113 0.00021752181936620892
114 0.00022512655763239875
115 0.00020383139463458583
116 0.000238818463498773
117 0.00020078973630967005
118 0.0002099158961922182
119 0.00018253593540982262
120 0.00019774807798475432
121 0.00019774718930390362
122 0.00018709960780499715
123 0.00020991619241916842
124 0.00021904324098256727
125 0.0002023111579260284
126 0.0001855778899616886
127 0.00021295903565188507
128 0.0002540279400311526
129 0.00023121224409783207
130 0.0002738046436821095
131 0.0002525079995495454
132 0.00028901560134924026
133 0.0003163946734507852
134 0.00032095893829986016
135 0.00040462083471730565
136 0.0003894101732771251
137 0.00044417127974971714
138 0.0004989314975414582
139 0.0006160614110223339
140 0.0006160581525258816
141 0.0007042840175654515
142 0.0007605668418813518
143 0.0008640012947724506
144 0.0009598330829860116
145 0.0011545400950997502
146 0.0012975249930232602
147 0.0014252995257335408
148 0.0016686825503083396
149 0.0017934151284667546
150 0.002141753435095108
151 0.0024277294517080846
152 0.0027654175107949814
153 0.003136573290718359
154 0.003652239241131958
155 0.004064467776384955
156 0.00435499709744985
157 0.0050881901993147585
158 0.0056403554571734515
159 0.006239685673820095
160 0.006598668599677855
161 0.007563065651285994
162 0.00839816556365969
163 0.009269779002372087
164 0.010148993328400318
165 0.011096650891278165
166 0.011928715069865956
167 0.012859647066680167
168 0.01372365102749517
169 0.014783879571089913
170 0.01588974039523216
171 0.0166305343844129
172 0.017451948019232274
173 0.018154711207635288
174 0.01867949413489597
175 0.01910693096177355
176 0.019835561576151097
177 0.019978545585393744
178 0.02014739850174571
179 0.020310171359944278
180 0.02004091735467154
181 0.020246261876567865
182 0.019484181314970875
183 0.019160181607026937
184 0.01875251852153081
185 0.018144068958221477
186 0.017389588099032505
187 0.01664271405169838
188 0.015296510972625401
189 0.01503790721489411
190 0.013810355767145331
191 0.012762303336112649
192 0.012073222870540575
193 0.010587078033003756
194 0.009901049593699853
195 0.009026396570251189
196 0.00834645263250492
197 0.007432260124421003
198 0.006762952807776482
199 0.005889829500298784
200 0.005485204222177227
201 0.004764183678150978
202 0.004193761064669041
203 0.0036811397348498628
204 0.0034164639170928533
205 0.002943393624759983
206 0.002707614745997473
207 0.0021919505729455753
208 0.0019105423759050773
209 0.0018207936081143983
210 0.001670203675697747
211 0.001373581558720616
212 0.0011621442409120392
213 0.0010221986314978432
214 0.0009583107726888027
215 0.0007560016883514258
216 0.0007529621036151622
217 0.0006784245897185634
218 0.000603889445637567
219 0.0004548176763408227
220 0.00044873435969099124
221 0.0003939738456722996
222 0.0004000577547760316
223 0.0003483400839900566
224 0.0003042259665624706
225 0.00026467670643786
226 0.0002570710794908195
227 0.0002403392926612309
228 0.00021447956858739272
229 0.0002190426485286668
230 0.00017188746523006548
231 0.00020078884762881938
232 0.00017645113762524
233 0.0001490708806158942
234 0.00014146495744190348
235 0.0001734088868464238
236 0.00016124017995810925
237 0.00012625399977477273
238 0.0001658032598993833
239 0.00016732468151574163
240 0.00012016890576323988
241 0.0001399450169602963
242 0.0001292962505535889
243 0.00017036604361370716
244 0.0001794933884040562
245 0.0001901412661299129
246 0.00016276160157446758
247 0.0002023111579260284
248 0.00020230997301822748
249 0.00020230997301822748
250 0.0001992680184663615
251 0.0002555502503283616
252 0.00025098628170623687
253 0.0002859724618895734
254 0.0003163949696777354
255 0.0003285648614738509
256 0.00036659181130125246
257 0.00041070533627493805
258 0.0004304805587911438
259 0.00043200109172665145
260 0.0005400015868285267
261 0.0005567351510198168
262 0.0005491280429380251
263 0.0006343128421065793
264 0.0006875522307358627
265 0.0007879470988906978
266 0.0008077205440452018
267 0.0009111588478866539
268 0.0009522277522659211
269 0.0010115540122684389
270 0.001127160430544305
271 0.0012336389115759222
272 0.0014511589535804287
273 0.0014587648767544201
274 0.0016321773183242461
275 0.0017660319091879063
276 0.0018603443493737594
277 0.0018938058494442846
278 0.0021782625180295553
279 0.0021843467233602374
280 0.0023881754519522683
281 0.002462709707352416
282 0.0027121796033004486
283 0.002745642288278777
284 0.003065082174777879
285 0.0031365765492148106
286 0.0030818139616074687
287 0.003346492445407028
288 0.003398210412419954
289 0.0037115595765954707
290 0.0036081254199313213
291 0.003691788797483519
292 0.0037830542472593524
293 0.003716122360309795
294 0.003787620881924029
295 0.00369026559850546
296 0.0038484647125925533
297 0.003783056320848003
298 0.003661364512333654
299 0.0036096471377746295
300 0.0035366298605865897
301 0.0034925184092015546
302 0.0033419302541466043
303 0.003148743182514474
304 0.003201981682462907
305 0.0028475609478655706
306 0.0028551656861317614
307 0.0024535873984202206
308 0.0023364604472088475
309 0.002283220466125664
310 0.0020839524476593016
311 0.001925757184522561
312 0.0017705973589447809
313 0.0015987095974877657
314 0.001353808706020012
315 0.0012990470070935202
316 0.0011727921186378961
317 0.0010237221267028532
318 0.0009020303181885037
319 0.0007301437416392898
320 0.000702763780856894
321 0.0005901996133598444
322 0.0004411275478361498
323 0.00042591777507681994
324 0.0003240017815325768
325 0.00028445192895406576
326 0.00025098628170623687
327 0.0002038313946345858
328 0.00017188746523006548
329 0.00014450809690157038
330 0.00013690128504672896
331 8.670503587711235e-05
332 7.90988164761714e-05
333 7.149348575608114e-05
334 5.628163940809969e-05
335 5.323938862928349e-05
336 3.042280401511222e-05
337 3.194363317757009e-05
338 4.867601246105919e-05
339 2.4338006230529594e-05
340 2.890167862570412e-05
341 7.6056269470404984e-06
342 1.5211253894080997e-05
343 6.084797784582624e-06
344 7.6056269470404984e-06
345 1.5211253894080997e-05
346 1.2169003115264797e-05
347 3.0422507788161993e-06
348 7.6056269470404984e-06
349 1.0647877725856697e-05
350 1.5211253894080996e-06
351 6.084501557632399e-06
352 7.6056269470404984e-06
353 1.5211253894080996e-06
354 3.0422507788161993e-06
355 1.5211253894080996e-06
356 4.563376168224299e-06
357 4.563376168224299e-06
358 0.0
