0 1.5211253894080996e-06
1 0.0
2 1.5211253894080996e-06
3 1.5211253894080996e-06
4 0.0
5 1.5211253894080996e-06
6 3.0422507788161993e-06
7 1.5211253894080996e-06
8 1.5211253894080996e-06
9 0.0
10 0.0
11 0.0
12 3.0422507788161993e-06
13 3.0422507788161993e-06
14 4.563376168224299e-06
15 1.5211253894080996e-06
16 6.084501557632399e-06
17 4.563376168224299e-06
18 3.0422507788161993e-06
19 4.563376168224299e-06
20 1.0647877725856697e-05
21 1.2169003115264797e-05
22 9.126752336448597e-06
23 1.2169003115264797e-05
24 1.6732379283489095e-05
25 2.1295755451713395e-05
26 2.4338006230529594e-05
27 3.498588395638629e-05
28 3.954926012461059e-05
29 5.628163940809969e-05
30 6.236614096573208e-05
31 8.518302180685358e-05
32 9.430977414330218e-05
33 8.214077102803738e-05
34 0.00014146466121495326
35 0.00016732379283489096
36 0.00020230967679127725
37 0.00023729556074766355
38 0.0002798870716510903
39 0.00033616871105919
40 0.0004076616043613707
41 0.0004958868769470403
42 0.000587154400311526
43 0.0007316613123052946
44 0.0007970697040498428
45 0.0009370132398753877
46 0.001003942757009344
47 0.0012564495716510884
48 0.001399435358255449
49 0.0015667591510903406
50 0.0018283927180685333
51 0.002021575642523363
52 0.002245181074766354
53 0.002468786507009342
54 0.0025950399143302148
55 0.002818645346573207
56 0.0031426450545171316
57 0.0034331800038940783
58 0.0037069825739875373
59 0.003962531639408096
60 0.0040355456580996865
61 0.0041998272001557615
62 0.004221122955607475
63 0.004494925525700928
64 0.0045223057827102784
65 0.004656164816978192
66 0.004771770346573204
67 0.004828051985981306
68 0.0045572916666666635
69 0.004707883080218064
70 0.004543601538161991
71 0.004424953757788158
72 0.00430478485202492
73 0.004069010416666662
74 0.003939714758566974
75 0.0036902501947040454
76 0.003509236273364485
77 0.0033434336059190006
78 0.0031426450545171316
79 0.0030422507788161984
80 0.0026193779205607452
81 0.002493124513239874
82 0.0023242795950155744
83 0.0021250121690031144
84 0.002006364388629281
85 0.0017842800817756991
86 0.001752336448598128
87 0.0014237733644859793
88 0.0013629283489096544
89 0.0012184214369158858
90 0.0011043370327102787
91 0.0008898583528037367
92 0.0009507033683800608
93 0.0008457457165109019
94 0.0007316613123052947
95 0.000670816296728971
96 0.0005536896417445478
97 0.0004958868769470404
98 0.0004989291277258566
99 0.0004593798676012461
100 0.0003726757204049844
101 0.0003924503504672897
102 0.0003894080996884735
103 0.0002966194509345794
104 0.0002783659462616822
105 0.0002646758177570093
106 0.00022208430685358255
107 0.00022208430685358255
108 0.00021295755451713395
109 0.00022816880841121495
110 0.00016276041666666666
111 0.00017645054517133956
112 0.00017340829439252336
113 0.00016123929127725856
114 0.00012473228193146416
115 0.00017036604361370716
116 0.00015211253894080996
117 0.00012016890576323988
118 0.00014298578660436136
119 0.00011256327881619938
120 0.00013994353582554516
121 0.00012321115654205606
122 0.00016884491822429906
123 0.00014907028816199376
124 0.00016123929127725856
125 0.00017492941978193146
126 0.00015667591510903426
127 0.00019318292445482865
128 0.00021752093068535825
129 0.00020078855140186915
130 0.00019470404984423675
131 0.00023577443535825545
132 0.0002525068146417445
133 0.0002768448208722741
134 0.0002935772001557632
135 0.0003650700934579439
136 0.0004259151090342679
137 0.0004502531152647975
138 0.0005110981308411213
139 0.0005810698987538936
140 0.0006099712811526474
141 0.000734703563084111
142 0.000825971086448597
143 0.0009263653621495308
144 0.001029801888629282
145 0.001175829926012459
146 0.0013522804711837981
147 0.0014998296339563846
148 0.001740167445482864
149 0.002023096767912771
150 0.00229537821261682
151 0.002508335767133952
152 0.0028505889797507764
153 0.0032399970794392504
154 0.003913855626947039
155 0.004138982184579437
156 0.004818925233644859
157 0.005231150214174453
158 0.005765065225856693
159 0.0064297970210280345
160 0.00704737392912772
161 0.007953964661214953
162 0.008726696359034268
163 0.00942185066199377
164 0.010284328757788168
165 0.010952102803738326
166 0.011901285046728978
167 0.01284438278816199
168 0.013431537188473513
169 0.014427874318535816
170 0.015466802959501562
171 0.01643575983255451
172 0.017147646514797506
173 0.017584209501557615
174 0.01812725126557633
175 0.01856685650311527
176 0.019275700934579445
177 0.01941564447040499
178 0.01985981308411215
179 0.019622517523364493
180 0.019531250000000007
181 0.01965902453271029
182 0.01959817951713397
183 0.019281785436137074
184 0.01870071553738318
185 0.01817744840342679
186 0.017444265965732078
187 0.01712330850856697
188 0.01601745035046729
189 0.015328380549065415
190 0.014496324961059178
191 0.013655142620716501
192 0.012967593944704047
193 0.01221767912772586
194 0.011055539330218068
195 0.010474469431464177
196 0.00962568146417445
197 0.008471147293613705
198 0.007952443535825542
199 0.007016951421339562
200 0.006516501168224299
201 0.005894360883956386
202 0.005285910728193146
203 0.004859995619158874
204 0.004215038454049839
205 0.0037161093263239843
206 0.003448391257788159
207 0.002899264992211834
208 0.002619377920560746
209 0.002258871203271024
210 0.0019683362538940796
211 0.001741688570872272
212 0.0015698014018691556
213 0.001388787480529593
214 0.0012640551985981282
215 0.0010541398948598112
216 0.0009628723714953256
217 0.0008122809579439238
218 0.0007118866822429895
219 0.0006479994158878498
220 0.0005780276479750772
221 0.0004958868769470404
222 0.0004685066199376947
223 0.0004076616043613707
224 0.0003544222157320872
225 0.0002950983255451713
226 0.0002783659462616822
227 0.0002783659462616822
228 0.00024185893691588785
229 0.0002646758177570093
230 0.00021295755451713395
231 0.00016123929127725856
232 0.00017645054517133956
233 0.00019318292445482865
234 0.00014450691199376946
235 0.00016732379283489096
236 0.00015819704049844236
237 0.00013538015965732086
238 0.00013233790887850466
239 0.00011864778037383178
240 0.00012625340732087226
241 0.00012929565809968846
242 0.00012473228193146416
243 0.00014450691199376946
244 0.00015515478971962616
245 0.00015059141355140186
246 0.00013994353582554516
247 0.00014907028816199376
248 0.00018101392133956386
249 0.00017949279595015576
250 0.00017645054517133956
251 0.00022512655763239875
252 0.000260112441588785
253 0.00023881668613707165
254 0.00023577443535825545
255 0.0002935772001557632
256 0.0003163940809968847
257 0.000381802472741433
258 0.0003681123442367601
259 0.0003939714758566978
260 0.0004350418613707165
261 0.0004867601246105919
262 0.0005430417640186914
263 0.000622140284267912
264 0.0006023656542056069
265 0.000757520443925232
266 0.000813802083333332
267 0.0009552667445482848
268 0.0009522244937694686
269 0.0010298018886292816
270 0.0012427594431464156
271 0.0012321115654205586
272 0.001505914135514017
273 0.00167932242990654
274 0.0017568998247663524
275 0.0019439982476635485
276 0.002035265771028035
277 0.002394251362928347
278 0.0026208990459501533
279 0.0026452370521806838
280 0.0029144762461059174
281 0.00310309579439252
282 0.003322137850467287
283 0.003624841802959498
284 0.0037495740848909613
285 0.003935151382398752
286 0.004146587811526478
287 0.004338249610591897
288 0.004453855140186913
289 0.004513179030373827
290 0.004529911409657319
291 0.0047261365848909635
292 0.004694192951713392
293 0.004628784559968843
294 0.0045588127920560715
295 0.004344334112149532
296 0.004376277745327098
297 0.004262193341121494
298 0.004129855432242987
299 0.004029461156542055
300 0.0038423627336448543
301 0.003541179906542052
302 0.003381461740654203
303 0.0030605042834890945
304 0.0029996592679127692
305 0.002750194704049842
306 0.0024292372468847317
307 0.002245181074766353
308 0.0020489558995327086
309 0.0017051815615264766
310 0.0015302521417445462
311 0.0014618014992211815
312 0.001175829926012459
313 0.0010921680295950136
314 0.000944618866822428
315 0.0008259710864485967
316 0.0006921120521806841
317 0.0005704220210280371
318 0.0005156615070093456
319 0.0003863658489096573
320 0.0003544222157320872
321 0.0002859715732087227
322 0.0002646758177570093
323 0.00018709842289719626
324 0.00014907028816199376
325 0.00011712665498442368
326 9.278864875389408e-05
327 8.974639797507788e-05
328 7.453514408099688e-05
329 5.476051401869159e-05
330 4.411263629283489e-05
331 3.954926012461059e-05
332 3.346475856697819e-05
333 3.194363317757009e-05
334 1.5211253894080997e-05
335 1.6732379283489095e-05
336 1.3690128504672897e-05
337 9.126752336448597e-06
338 2.1295755451713395e-05
339 4.563376168224299e-06
340 4.563376168224299e-06
341 7.6056269470404984e-06
342 1.3690128504672897e-05
343 4.563376168224299e-06
344 1.5211253894080996e-06
345 3.0422507788161993e-06
346 0.0
347 4.563376168224299e-06
348 1.5211253894080996e-06
349 0.0
350 3.0422507788161993e-06
351 3.0422507788161993e-06
352 3.0422507788161993e-06
353 0.0
354 1.5211253894080996e-06
355 4.563376168224299e-06
356 1.5211253894080996e-06
357 1.5211253894080996e-06
358 0.0
