0 0.0
1 0.0
2 1.5211253894080996e-06
3 0.0
4 0.0
5 0.0
6 0.0
7 1.5211253894080996e-06
8 0.0
9 0.0
10 3.0422507788161993e-06
11 0.0
12 1.5211253894080996e-06
13 3.0422507788161993e-06
14 3.0422507788161993e-06
15 4.563376168224299e-06
16 9.126752336448597e-06
17 9.126752336448597e-06
18 9.126752336448597e-06
19 1.8253504672897195e-05
20 1.3690128504672897e-05
21 3.954926012461059e-05
22 3.650700934579439e-05
23 5.932389018691589e-05
24 8.822527258566978e-05
25 0.00013385903426791276
26 0.00018405617211838006
27 0.0002479434384735202
28 0.0003042250778816199
29 0.0004183094820872274
30 0.00055216851635514
31 0.0007483936915887838
32 0.0009659146222741424
33 0.0012184214369158864
34 0.0015804492795950136
35 0.002082420658099686
36 0.0026193779205607465
37 0.0033738561137071628
38 0.003976221767912771
39 0.005223544587227414
40 0.006434360397196263
41 0.007756218360591899
42 0.009248442367601244
43 0.01131717289719626
44 0.013084720599688474
45 0.01544094382788161
46 0.017966011974299066
47 0.020415023851246116
48 0.023262570580218064
49 0.02602645541277259
50 0.028166678835669784
51 0.030524423189252338
52 0.03290042104750779
53 0.034637546242211825
54 0.03552284121884736
55 0.03748965634735201
56 0.03791252920560747
57 0.03770413502725855
58 0.03751399435358256
59 0.03577078465732088
60 0.03449456045560748
61 0.032390844042056076
62 0.030166958722741433
63 0.02681591948987539
64 0.024554006035825547
65 0.022112599785825544
66 0.01910989826713395
67 0.016475309092679122
68 0.013980663454049845
69 0.011638130354361365
70 0.009703258859034265
71 0.007806415498442365
72 0.006107318438473516
73 0.005161178446261681
74 0.0038773486176012454
75 0.0031167859228971944
76 0.0022679979556074737
77 0.0017051815615264777
78 0.001256449571651089
79 0.0009917737538940796
80 0.0006753796728971956
81 0.0004654643691588785
82 0.0003681123442367601
83 0.0002585913161993769
84 0.00020535192757009345
85 0.00010495765186915888
86 0.00010191540109034268
87 6.236614096573208e-05
88 4.107038551401869e-05
89 3.194363317757009e-05
90 2.2816880841121494e-05
91 4.563376168224299e-06
92 1.0647877725856697e-05
93 1.5211253894080996e-06
94 3.0422507788161993e-06
95 0.0
96 1.5211253894080996e-06
97 0.0
98 1.5211253894080996e-06
99 1.5211253894080996e-06
100 0.0
101 0.0
102 0.0
103 0.0
104 0.0
105 0.0
106 0.0
107 0.0
108 0.0
109 0.0
110 0.0
111 0.0
112 0.0
113 0.0
114 0.0
115 0.0
116 0.0
117 0.0
118 0.0
119 0.0
120 0.0
121 0.0
122 0.0
123 0.0
124 0.0
125 0.0
126 0.0
127 0.0
128 0.0
129 0.0
130 0.0
131 0.0
132 0.0
133 0.0
134 0.0
135 1.5211253894080996e-06
136 0.0
137 0.0
138 1.5211253894080996e-06
139 0.0
140 0.0
141 1.5211253894080996e-06
142 1.5211253894080996e-06
143 0.0
144 3.0422507788161993e-06
145 1.5211253894080996e-06
146 1.5211253894080996e-06
147 1.5211253894080996e-06
148 4.563376168224299e-06
149 4.563376168224299e-06
150 6.084501557632399e-06
151 6.084501557632399e-06
152 2.433800623052959e-05
153 2.2816880841121494e-05
154 2.4338006230529594e-05
155 4.715488707165109e-05
156 5.780276479750778e-05
157 5.780276479750778e-05
158 9.583089953271028e-05
159 0.00010343652647975076
160 0.00012625340732087226
161 0.00014754916277258566
162 0.00022816880841121492
163 0.0002464223130841121
164 0.0002677180685358255
165 0.0003118307048286604
166 0.0003757179711838006
167 0.00041678835669781925
168 0.000473069996105919
169 0.0005567318925233644
170 0.0006145346573208722
171 0.0007042810552959501
172 0.0006966754283489096
173 0.0007529570677570093
174 0.000839661214953271
175 0.0009354921144859812
176 0.0009233231113707165
177 0.0008959428543613707
178 0.0008837738512461057
179 0.0008214077102803737
180 0.0008670414719626168
181 0.0007970697040498441
182 0.0007849007009345793
183 0.0007210134345794392
184 0.0006814641744548286
185 0.0006601684190031152
186 0.0006373515381619937
187 0.0005521685163551401
188 0.00048371787383177565
189 0.0004183094820872274
190 0.0003452954633956386
191 0.0002935772001557632
192 0.0002935772001557632
193 0.00024033781152647975
194 0.00019774630062305295
195 0.00015971816588785046
196 0.00014298578660436136
197 0.00012169003115264796
198 8.518302180685358e-05
199 6.236614096573208e-05
200 5.019713785046729e-05
201 5.171826323987539e-05
202 2.1295755451713395e-05
203 4.107038551401869e-05
204 2.1295755451713395e-05
205 1.3690128504672897e-05
206 1.3690128504672897e-05
207 1.0647877725856697e-05
208 9.126752336448597e-06
209 7.6056269470404984e-06
210 9.126752336448597e-06
211 3.0422507788161993e-06
212 1.5211253894080996e-06
213 0.0
214 3.0422507788161993e-06
215 1.5211253894080996e-06
216 1.5211253894080996e-06
217 0.0
218 0.0
219 1.5211253894080996e-06
220 0.0
221 0.0
222 0.0
223 1.5211253894080996e-06
224 0.0
225 0.0
226 0.0
227 0.0
228 0.0
229 0.0
230 0.0
231 0.0
232 0.0
233 0.0
234 0.0
235 0.0
236 0.0
237 0.0
238 0.0
239 0.0
240 0.0
241 0.0
242 0.0
243 0.0
244 0.0
245 0.0
246 0.0
247 0.0
248 0.0
249 0.0
250 0.0
251 0.0
252 0.0
253 0.0
254 0.0
255 0.0
256 0.0
257 0.0
258 0.0
259 3.0422507788161993e-06
260 6.084501557632399e-06
261 0.0
262 6.084501557632399e-06
263 7.605626947040498e-06
264 4.563376168224299e-06
265 1.6732379283489095e-05
266 1.0647877725856697e-05
267 3.194363317757009e-05
268 2.7380257009345794e-05
269 5.780276479750779e-05
270 6.236614096573208e-05
271 6.997176791277258e-05
272 0.00010647877725856698
273 0.00014602803738317756
274 0.00019470404984423675
275 0.0003011828271028037
276 0.0003452954633956386
277 0.0004198306074766355
278 0.0005841121495327101
279 0.0006981965537383177
280 0.0008913794781931463
281 0.001194083430685358
282 0.0014998296339563857
283 0.0017401674454828656
284 0.00208089953271028
285 0.0024109837422118374
286 0.0028399411020249214
287 0.0035579122858255445
288 0.003828672605140187
289 0.004479714271806853
290 0.005156615070093458
291 0.0057939666082554514
292 0.006157515576323986
293 0.006845064252336448
294 0.007217739972741433
295 0.007572162188473522
296 0.007823147877725856
297 0.00818061234423676
298 0.00828404887071651
299 0.008277964369158878
300 0.008224724980529593
301 0.008119767328660437
302 0.007575204439252337
303 0.00733943000389408
304 0.006800951616043613
305 0.006157515576323988
306 0.005689008956386293
307 0.005024277161214953
308 0.004605967679127725
309 0.0038651796144859815
310 0.003448391257788161
311 0.0027912650895638626
312 0.0023607866043613705
313 0.0019820263823987533
314 0.0016671534267912772
315 0.001329463590342679
316 0.0010404497663551394
317 0.0008670414719626167
318 0.0006358304127725856
319 0.0004837178738317757
320 0.0003681123442367601
321 0.0002738025700934579
322 0.00020991530373831773
323 0.00017645054517133956
324 0.00010952102803738316
325 6.845064252336448e-05
326 6.388726635514018e-05
327 5.171826323987539e-05
328 3.650700934579439e-05
329 3.042250778816199e-05
330 1.6732379283489095e-05
331 1.3690128504672897e-05
332 1.3690128504672897e-05
333 1.5211253894080996e-06
334 3.0422507788161993e-06
335 0.0
336 1.5211253894080996e-06
337 1.5211253894080996e-06
338 1.5211253894080996e-06
339 0.0
340 0.0
341 0.0
342 1.5211253894080996e-06
343 0.0
344 0.0
345 0.0
346 0.0
347 0.0
348 0.0
349 0.0
350 0.0
351 0.0
352 0.0
353 0.0
354 0.0
355 0.0
356 0.0
357 0.0
358 0.0
