0 0.00016735431171379994
1 0.00022212727026556128
2 0.00029059509868403587
3 0.0003757801933872876
4 0.00047770714825214375
5 0.0006055145701181222
6 0.0007028728143056827
7 0.000762210335780311
8 0.0007698141853655152
9 0.0007911286130423659
10 0.0006435394452024864
11 0.0006070303619213739
12 0.0005233601702263399
13 0.00037730487188337785
14 0.00029515521554842586
15 0.0002799261805340258
16 0.00019930268636941556
17 0.0001338839228721901
18 8.063209017163162e-05
19 7.910977872023918e-05
20 3.9561706273793596e-05
21 4.107453349924351e-05
22 3.19492631057376e-05
23 2.434482175902155e-05
24 1.2171076934712598e-05
25 1.0648766406707373e-05
26 6.08627938099364e-06
27 3.042547005766425e-06
28 6.0853903538811864e-06
29 4.563672395174524e-06
30 7.6056269470404984e-06
31 9.128826271294508e-06
32 4.56396862212475e-06
33 6.085983385042023e-06
34 4.563376168224299e-06
35 1.5217179587066615e-06
36 4.563672395174524e-06
37 7.60621940094095e-06
38 9.128233932859613e-06
39 4.564561306821422e-06
40 1.0650248349515108e-05
41 2.586209412023617e-05
42 3.803494945550289e-05
43 3.80337633934511e-05
44 5.6288750470883375e-05
45 0.000104976021056294
46 0.00016887573240629872
47 0.00021451008550331954
48 0.00036055619480803173
49 0.0005157462453464748
50 0.0008610885162923134
51 0.0012581514259515773
52 0.0019655834634742277
53 0.0028510277715040684
54 0.004317600043387526
55 0.0057963386429921325
56 0.008069186472048429
57 0.010244754873950282
58 0.012465908731646871
59 0.014702268804032378
60 0.01658110635496688
61 0.017821030046719297
62 0.017315916555938463
63 0.016366627665246852
64 0.01441471685069689
65 0.011763023177387746
66 0.00900939454024116
67 0.006846036919381894
68 0.005499644818776098
69 0.004828747350900782
70 0.005496652355940221
71 0.007507805295579029
72 0.01049732214220318
73 0.015116130507716088
74 0.02046972063180147
75 0.02614589868289249
76 0.030617193153603683
77 0.03437486287352286
78 0.03639056793247317
79 0.036460699752750764
80 0.03409947815979781
81 0.030933560278306096
82 0.026330006131824023
83 0.02207475414016733
84 0.017223173321335435
85 0.01330267883782139
86 0.01018240919942464
87 0.007081878345549953
88 0.0051315070166848805
89 0.0036999232930698634
90 0.00251630433626939
91 0.0017769351855614131
92 0.0011455875606833934
93 0.0008397874311799353
94 0.000535517616219399
95 0.0003803376399366293
96 0.0002844996326891645
97 0.00019473545671120298
98 0.00011714324692539043
99 9.584334395031449e-05
100 7.150385658523617e-05
101 4.411796907039506e-05
102 5.476880998927617e-05
103 2.4341265304040072e-05
104 2.73858861292543e-05
105 2.28201395683702e-05
106 3.3467128382579995e-05
107 3.499180930324502e-05
108 1.977551874315597e-05
109 2.738381196354473e-05
110 1.9777592793399993e-05
111 1.6734156991452227e-05
112 3.955666799153745e-05
113 2.281925088751952e-05
114 2.12996074409866e-05
115 2.2819843456818084e-05
116 3.6513231496863726e-05
117 4.260040013583349e-05
118 4.5642353995040964e-05
119 5.9334259745949655e-05
120 8.215499292240373e-05
121 8.519457638901892e-05
122 9.280079648268581e-05
123 0.00010040760810673098
124 0.00016734690234568577
125 0.00018560662836146084
126 0.00020386280000056706
127 0.00026167119564935966
128 0.000290577317679115
129 0.0003164373386726293
130 0.0003925110906122334
131 0.0004183740728362622
132 0.000479221160961778
133 0.00048378097952036516
134 0.0005644269982457145
135 0.0004868395301692163
136 0.000479218788721804
137 0.0004487942091919673
138 0.0004548804873031768
139 0.00047162679514024927
140 0.00036512905647157775
141 0.0003636005219461334
142 0.0002936252009255316
143 0.00023124009416321768
144 0.00018560544587823446
145 0.00016430909854961111
146 0.00011410307123594092
147 0.00011561945445457753
148 0.00010193258663952828
149 6.845982798285635e-05
150 7.454462518997619e-05
151 6.541816965767078e-05
152 6.541787354625355e-05
153 6.389793341104307e-05
154 7.606545365984307e-05
155 6.846249425600221e-05
156 4.25995111085861e-05
157 5.1725966987355745e-05
158 5.477058792803552e-05
159 5.781165333732349e-05
160 4.868371563121172e-05
161 6.085538525089082e-05
162 6.0857757606060504e-05
163 6.389941466119231e-05
164 4.411856198595539e-05
165 5.1727153049609974e-05
166 4.71646647540448e-05
167 4.2595955230999946e-05
168 4.716140579593243e-05
169 3.955577827163155e-05
170 3.1949263336533815e-05
171 4.1078978288611505e-05
172 2.5862983147348625e-05
173 4.107453326837985e-05
174 3.803643151364129e-05
175 3.042517394611214e-05
176 2.2822510307291774e-05
177 1.6736823957458974e-05
178 2.7384405110103673e-05
179 2.7384997679267286e-05
180 2.4341265073176407e-05
181 2.2818954545171185e-05
182 3.346831432930117e-05
183 3.1947484589582916e-05
184 1.6734453102936897e-05
185 2.7384109114017115e-05
186 4.5641465083326627e-05
187 3.346890666760113e-05
188 4.8684902386259334e-05
189 3.499151342275896e-05
190 5.172863429962427e-05
191 3.346890609047568e-05
192 3.499121742660496e-05
193 5.0204841597947645e-05
194 5.0200989608674446e-05
195 4.2601290202136106e-05
196 6.237206723624792e-05
197 5.629289949516341e-05
198 4.716051596076337e-05
199 3.803406089018527e-05
200 5.324649969199973e-05
201 5.0204544793737035e-05
202 6.694018372819937e-05
203 4.107482995719235e-05
204 5.0205731202320485e-05
205 4.563820589435059e-05
206 6.389437637893614e-05
207 5.020839770653239e-05
208 6.0852422981456006e-05
209 7.606841673733444e-05
210 0.00010040820090675832
211 9.279990791736819e-05
212 0.00010345074883611435
213 0.00011562479046443152
214 0.00016278293372383085
215 0.00020233189750595824
216 0.00021755470863764274
217 0.00026775569593761293
218 0.0003270899592621183
219 0.00040772056622068615
220 0.00040923932202616565
221 0.0003985947044129421
222 0.0004913848328004001
223 0.0004061973664350421
224 0.000497480000490211
225 0.00042292737451808465
226 0.0004046726851682503
227 0.0003286107862312701
228 0.00034838837914027054
229 0.00031643022576327345
230 0.00027688155970881145
231 0.00021146694650564992
232 0.000188648880987861
233 0.00017495163945782703
234 0.0001521356494905925
235 0.0001262711840541744
236 9.432488575791177e-05
237 6.693781241174758e-05
238 5.933307518454548e-05
239 6.237473327866501e-05
240 4.868371540048295e-05
241 4.4118561986090334e-05
242 3.194867076723525e-05
243 2.5861205323987388e-05
244 1.825706089701501e-05
245 2.1299014178962096e-05
246 1.3692202208722586e-05
247 1.0649655780216548e-05
248 7.6065157432892854e-06
249 9.128233701995947e-06
250 2.1297236586464523e-05
251 1.2170484596277703e-05
252 9.12912296010701e-06
253 1.5213031602044125e-05
254 1.2171077511972983e-05
255 1.977581520090242e-05
256 1.6734453333800562e-05
257 3.0430508224319964e-05
258 2.2820435910718534e-05
259 5.476940232750868e-05
260 3.955400079473447e-05
261 5.933159393446368e-05
262 0.00010193080754651805
263 0.00012931343425586514
264 0.0002069026823490985
265 0.0002631952827312795
266 0.00037272994136412183
267 0.0005781023122871272
268 0.0007850106207551762
269 0.0012140236843935252
270 0.0016004550128482628
271 0.002377878675302778
272 0.0034595176317233356
273 0.004545754345452554
274 0.005972802554624325
275 0.007850171428042117
276 0.009811189167352203
277 0.011735669649151176
278 0.014029859454069874
279 0.015502561566854577
280 0.01611252781353674
281 0.01627840899462548
282 0.015647017819077468
283 0.013530829294947361
284 0.011592627849680752
285 0.0090824536441901
286 0.00683691524711882
287 0.005198474766142783
288 0.003922087618369869
289 0.003521981278910842
290 0.004052969014652275
291 0.00545568099414791
292 0.007570409146420871
293 0.01033626517929368
294 0.013039682774283783
295 0.016050423398873005
296 0.01778015717588092
297 0.019439904958236772
298 0.019222298386798554
299 0.018155805184756808
300 0.01589355277574449
301 0.013436550367654716
302 0.010757442638494256
303 0.008165067793198914
304 0.006197942149476918
305 0.0042186632112140195
306 0.003030513472441088
307 0.0020066588992779777
308 0.0013920395024664676
309 0.0008580436091693785
310 0.0005720281819051818
311 0.0003772897608466359
312 0.00021907494546173325
313 0.00013539497377519627
314 0.00010040849794196754
315 5.324442483363166e-05
316 3.803317163220916e-05
317 3.499032793769768e-05
318 1.9776407885666535e-05
319 1.825557872320866e-05
320 1.0649358860607824e-05
321 3.042843348114761e-06
322 7.606515627891175e-06
323 7.6068125474998964e-06
324 3.042547005766425e-06
325 3.042547005766425e-06
326 4.56396862212475e-06
327 4.5642649644730866e-06
328 3.0434363792755977e-06
329 4.5642649644730866e-06
330 7.606811970239512e-06
331 1.522310989867498e-06
332 4.563968737522861e-06
333 6.08509401153285e-06
334 1.369309123583504e-05
335 1.0649655780216546e-05
336 1.6735046134097734e-05
337 1.8257059973357902e-05
338 2.1300199663888443e-05
339 3.347216678036921e-05
340 4.868193792331603e-05
341 7.455025407929086e-05
342 9.12838191939007e-05
343 0.00010497661397198921
344 0.000156702582575863
345 0.0002160329906790036
346 0.00024493970481626254
347 0.00028146093848120023
348 0.0003605627176888713
349 0.0004305436696757512
350 0.0004168576874243872
351 0.0004229315213491261
352 0.0004229472298041809
353 0.00042141454613811406
354 0.0003438333015982042
355 0.0002768937087077245
356 0.00020082262558096894
357 0.00018713516300318024
358 0.00015366121886151437
