0 0.0
1 0.0
2 0.0
3 0.0
4 0.0
5 0.0
6 0.0
7 0.0
8 0.0
9 0.0
10 0.0
11 0.0
12 0.0
13 0.0
14 0.0
15 0.0
16 0.0
17 0.0
18 0.0
19 0.0
20 0.0
21 0.0
22 0.0
23 0.0
24 0.0
25 0.0
26 0.0
27 0.0
28 0.0
29 0.0
30 0.0
31 0.0
32 0.0
33 0.0
34 0.0
35 0.0
36 0.0
37 0.0
38 0.0
39 0.0
40 0.0
41 0.0
42 0.0
43 0.0
44 0.0
45 0.0
46 0.0
47 0.0
48 0.0
49 0.0
50 0.0
51 0.0
52 0.0
53 0.0
54 0.0
55 0.0
56 0.0
57 0.0
58 0.0
59 0.0
60 0.0
61 0.0
62 0.0
63 0.0
64 0.0
65 0.0
66 0.0
67 0.0
68 0.0
69 0.0
70 0.0
71 0.0
72 0.0
73 0.0
74 0.0
75 0.0
76 0.0
77 0.0
78 0.0
79 0.0
80 0.0
81 0.0
82 0.0
83 0.0
84 0.0
85 0.0
86 0.0
87 0.0
88 0.0
89 0.0
90 0.0
91 0.0
92 0.0
93 0.0
94 0.0
95 0.0
96 0.0
97 0.0
98 0.0
99 0.0
100 0.0
101 0.0
102 0.0
103 0.0
104 0.0
105 0.0
106 0.0
107 0.0
108 0.0
109 0.0
110 0.0
111 0.0
112 0.0
113 0.0
114 0.0
115 0.0
116 0.0
117 1.5211253894080996e-06
118 1.5211253894080996e-06
119 1.5211253894080996e-06
120 3.0422507788161993e-06
121 1.5211253894080996e-06
122 0.0
123 3.0422507788161993e-06
124 3.0422507788161993e-06
125 1.5211253894080996e-06
126 0.0
127 7.6056269470404984e-06
128 1.0647877725856697e-05
129 1.6732379283489095e-05
130 1.6732379283489095e-05
131 1.5211253894080997e-05
132 3.498588395638629e-05
133 4.867601246105919e-05
134 8.366189641744548e-05
135 0.00010799990264797508
136 0.00012929565809968846
137 0.00014602803738317756
138 0.00022968993380062305
139 0.0003163940809968847
140 0.0004167883566978193
141 0.0005430417640186914
142 0.0007042810552959495
143 0.0009537456191588769
144 0.001268618574766353
145 0.0014435479945482843
146 0.001922702492211836
147 0.0022816880841121474
148 0.002849067854361368
149 0.0034149264992211804
150 0.004228728582554514
151 0.005007544781931463
152 0.005876107379283485
153 0.006808557242990649
154 0.007614753699376947
155 0.008892499026479745
156 0.009689568730529593
157 0.010786300136292833
158 0.012222242503894082
159 0.013107537480529593
160 0.014050635221962612
161 0.014975479458722737
162 0.015631084501557632
163 0.0166213371300623
164 0.017062463492990655
165 0.01747773072429907
166 0.017842800817757007
167 0.018013166861370722
168 0.01824742017133956
169 0.018180490654205603
170 0.017905166958722737
171 0.018095307632398746
172 0.01805727949766355
173 0.018387363707165108
174 0.018842180198598128
175 0.018822405568535823
176 0.01933958820093459
177 0.020281164816978194
178 0.021015868380062298
179 0.021742966316199375
180 0.02273626119548288
181 0.023931865751557625
182 0.02458594966900313
183 0.025218737830996873
184 0.026212032710280376
185 0.026602961935358268
186 0.026627299941588776
187 0.027045609423676002
188 0.02669118720794393
189 0.026405215634735187
190 0.02568876557632397
191 0.025092484423676002
192 0.024079414914330216
193 0.022751472449376947
194 0.02103868526090343
195 0.020357221086448597
196 0.018776771806853585
197 0.01697880159657322
198 0.015494183216510898
199 0.013763142523364481
200 0.012359143788940806
201 0.010740666374610594
202 0.00963632934190031
203 0.008072612441588784
204 0.007029120424454825
205 0.005981065031152647
206 0.0048539111176012445
207 0.004069010416666664
208 0.0032278280763239835
209 0.0027441102024922093
210 0.002152392426012459
211 0.0016960548091900297
212 0.0013385903426791261
213 0.0010526187694704036
214 0.0007879429517133946
215 0.0005734642718068533
216 0.0005004502531152648
217 0.0003635489680685358
218 0.00024033781152647975
219 0.00020078855140186915
220 0.00012625340732087226
221 9.887315031152648e-05
222 8.822527258566978e-05
223 4.715488707165109e-05
224 4.411263629283489e-05
225 2.5859131619937694e-05
226 2.2816880841121494e-05
227 1.5211253894080997e-05
228 1.2169003115264797e-05
229 4.563376168224299e-06
230 4.563376168224299e-06
231 0.0
232 1.5211253894080996e-06
233 1.5211253894080996e-06
234 1.5211253894080996e-06
235 1.5211253894080996e-06
236 0.0
237 1.5211253894080996e-06
238 0.0
239 0.0
240 0.0
241 0.0
242 0.0
243 0.0
244 0.0
245 0.0
246 0.0
247 0.0
248 0.0
249 0.0
250 0.0
251 0.0
252 0.0
253 0.0
254 0.0
255 0.0
256 0.0
257 0.0
258 0.0
259 0.0
260 0.0
261 0.0
262 0.0
263 0.0
264 0.0
265 0.0
266 0.0
267 0.0
268 0.0
269 0.0
270 0.0
271 0.0
272 0.0
273 0.0
274 0.0
275 0.0
276 0.0
277 0.0
278 0.0
279 0.0
280 0.0
281 0.0
282 0.0
283 0.0
284 0.0
285 0.0
286 0.0
287 0.0
288 0.0
289 0.0
290 0.0
291 0.0
292 0.0
293 0.0
294 0.0
295 0.0
296 0.0
297 0.0
298 0.0
299 0.0
300 0.0
301 0.0
302 0.0
303 0.0
304 0.0
305 0.0
306 0.0
307 0.0
308 0.0
309 0.0
310 0.0
311 0.0
312 0.0
313 0.0
314 0.0
315 0.0
316 0.0
317 0.0
318 0.0
319 0.0
320 0.0
321 0.0
322 0.0
323 0.0
324 0.0
325 0.0
326 0.0
327 0.0
328 0.0
329 0.0
330 0.0
331 0.0
332 0.0
333 0.0
334 0.0
335 0.0
336 0.0
337 0.0
338 0.0
339 0.0
340 0.0
341 0.0
342 0.0
343 0.0
344 0.0
345 0.0
346 0.0
347 0.0
348 0.0
349 0.0
350 0.0
351 0.0
352 0.0
353 0.0
354 0.0
355 0.0
356 0.0
357 0.0
358 0.0
