0 0.0
1 1.5211253894080996e-06
2 3.0422507788161993e-06
3 1.5211253894080996e-06
4 0.0
5 1.5211253894080996e-06
6 1.5211253894080996e-06
7 0.0
8 3.0422507788161993e-06
9 3.0422507788161993e-06
10 1.5211253894080996e-06
11 4.563376168224299e-06
12 6.084501557632399e-06
13 1.5211253894080996e-06
14 0.0
15 0.0
16 1.5211253894080996e-06
17 1.5211253894080996e-06
18 7.6056269470404984e-06
19 1.0647877725856697e-05
20 1.2169003115264797e-05
21 1.3690128504672897e-05
22 1.0647877725856697e-05
23 1.2169299342215024e-05
24 2.281717706807172e-05
25 2.8901382398753894e-05
26 3.0422507788161994e-05
27 4.107038551401869e-05
28 5.628193563504992e-05
29 7.453514408099688e-05
30 9.126752336448598e-05
31 0.00011560612204891604
32 0.00014450691199376946
33 0.00020535311247789437
34 0.00023729644942851425
35 0.0003133527188989192
36 0.0003027045449461123
37 0.0004898032640702587
38 0.00044264867322555795
39 0.000651044036482268
40 0.0007894667431453549
41 0.0010130703980266438
42 0.001143888958877441
43 0.0012838336796107872
44 0.0015409035741938053
45 0.0017219166068525185
46 0.0019516080217878919
47 0.002167609011991644
48 0.0025737518607792075
49 0.0027775802931442922
50 0.003078764305154895
51 0.0032567362719425927
52 0.003591385931201027
53 0.003947327494960821
54 0.004096398968030616
55 0.004260680510086689
56 0.0045862025283278235
57 0.004546649713479812
58 0.004825018325784046
59 0.004939102729989654
60 0.005057750510363488
61 0.004885865414949021
62 0.005054710333173324
63 0.004961920499511626
64 0.00479611694338529
65 0.004834142412077941
66 0.004607495913963935
67 0.004551214867009737
68 0.0042272166402005625
69 0.004240906472478287
70 0.0038971297646564545
71 0.0036689591788835376
72 0.0035031565114380563
73 0.0031958897752315182
74 0.003001184540479483
75 0.002852115140998339
76 0.0025554942089290084
77 0.0022969034851835317
78 0.0022345385291256
79 0.0019151004199881977
80 0.0017675485911730594
81 0.001562197848510768
82 0.0014891841260461292
83 0.0013887880729834933
84 0.0011986473993074811
85 0.0010602267662330452
86 0.0009461414733465875
87 0.0008046771083585851
88 0.0007772953702144881
89 0.0006905912230182264
90 0.0006358321901342862
91 0.0005460843110244578
92 0.0005187049426959628
93 0.0003665921075282027
94 0.00039701520777026515
95 0.0003300848019554581
96 0.00031183100105561067
97 0.00029814087255093777
98 0.0002205634776911247
99 0.00018861954828660436
100 0.0001597184621148007
101 0.00015667591510903426
102 0.00013690128504672896
103 0.00011712724743832414
104 0.00012929565809968846
105 0.00010800019887492531
106 0.00010647907348551721
107 7.757769108676332e-05
108 6.236614096573208e-05
109 6.540839174454828e-05
110 6.540839174454828e-05
111 9.126752336448598e-05
112 6.997206413972282e-05
113 5.780335725140824e-05
114 4.259151090342679e-05
115 6.540868797149852e-05
116 5.019713785046729e-05
117 6.084501557632399e-05
118 3.650700934579439e-05
119 6.845064252336448e-05
120 5.323938862928349e-05
121 4.715488707165109e-05
122 6.084501557632399e-05
123 4.411322874673534e-05
124 5.932418641386612e-05
125 6.084501557632399e-05
126 6.692951713395638e-05
127 6.845064252336448e-05
128 7.605626947040498e-05
129 9.583119575966051e-05
130 9.735291360296906e-05
131 0.00010495765186915888
132 0.00013081678348909656
133 0.00013842241043613706
134 0.00014602862983707803
135 0.00018862014074050483
136 0.0001901409699029627
137 0.00023121165164393162
138 0.0002464223130841121
139 0.0003042250778816199
140 0.0004030991168739971
141 0.00041830977831417766
142 0.0005567327812042147
143 0.0006160563751641801
144 0.000752958548891759
145 0.0008700852038761828
146 0.000979606528140516
147 0.001183437330321201
148 0.0013674940948934817
149 0.0016732423717531607
150 0.0018983671520238568
151 0.002164564095170275
152 0.002497691740358451
153 0.003024000236412804
154 0.003471213470714385
155 0.0038499739889039505
156 0.004271327202904748
157 0.005123155939838529
158 0.005809188822546686
159 0.006492173826163976
160 0.007307497627340616
161 0.008242991815415253
162 0.009131330523964332
163 0.010001416616521364
164 0.011157474282287125
165 0.012308967090749913
166 0.013142545877734193
167 0.014488740069998667
168 0.015342103854988524
169 0.01598705716914719
170 0.017439735174528376
171 0.018169864993501015
172 0.019344186531882933
173 0.020001306183114322
174 0.02067821705311724
175 0.02101134380962457
176 0.021527001465683558
177 0.021831224766203475
178 0.02201985053525603
179 0.021925541946020533
180 0.021990947671722532
181 0.021799279355664208
182 0.02131556414787499
183 0.020551959202392122
184 0.019931334415201566
185 0.019423276757777552
186 0.018693142495400664
187 0.01741995758219658
188 0.016323224695298597
189 0.015710207016189824
190 0.014611951226540711
191 0.013598879939833223
192 0.012435217239574322
193 0.01157730518599071
194 0.010504908824188497
195 0.009497916706953527
196 0.00878907434907801
197 0.007780567327219583
198 0.007243609472304627
199 0.006367438878189957
200 0.005650989116005693
201 0.004850875383815332
202 0.004438651291966589
203 0.004034031345930131
204 0.0033297467359107804
205 0.002973803098562336
206 0.002678705661698014
207 0.002178254223674949
208 0.0019105349702313217
209 0.0016793247997221414
210 0.001440507224904219
211 0.0012275496703870856
212 0.0010434937944956563
213 0.0009415772084975124
214 0.0008183669406363071
215 0.000701239989424934
216 0.0006175775005535882
217 0.0005019722671855235
218 0.00041678865292476956
219 0.00037267690531278536
220 0.0003452963520764893
221 0.00029509951045297226
222 0.000290534949376947
223 0.00027076061554159197
224 0.00019774630062305295
225 0.00015971816588785046
226 0.00015363366433021806
227 0.00017797285546854858
228 0.0001429860828313116
229 0.00012777453271028036
230 0.0001445072082207197
231 0.00010647877725856698
232 0.0001247325781584144
233 9.583089953271028e-05
234 0.00010191540109034268
235 0.00011256357504314961
236 6.236614096573208e-05
237 8.518331803380382e-05
238 7.757739485981308e-05
239 7.909852024922118e-05
240 9.735202492211838e-05
241 8.214077102803738e-05
242 6.997176791277258e-05
243 8.518302180685358e-05
244 9.126752336448598e-05
245 8.670414719626168e-05
246 9.126752336448598e-05
247 0.00011104215342679128
248 0.00012473228193146416
249 0.00013538075211122133
250 0.0001384227066630873
251 0.00011712695121137391
252 0.0001384227066630873
253 0.0001566762113359845
254 0.0001779719667876979
255 0.00018253563918287243
256 0.0001703663398406574
257 0.00018405676457228053
258 0.00027228174093100007
259 0.00024946486008987857
260 0.0002555499541014114
261 0.0002859721656626232
262 0.0003407326796813148
263 0.00034377581914098166
264 0.00040309852442009666
265 0.0004213546951355459
266 0.00045329655095141465
267 0.0005247894442535952
268 0.0005354367295255514
269 0.0005932391980961086
270 0.0006753811540319469
271 0.0006282259707333454
272 0.0007225348561957969
273 0.0008655224201618593
274 0.0008868163982518708
275 0.001025240289822759
276 0.0011256351579775944
277 0.0011834370340942516
278 0.001216901792661229
279 0.0012518879728445652
280 0.0014724508580817894
281 0.0015500282529416027
282 0.001621522331151584
283 0.0018740291457933279
284 0.0020443934120453334
285 0.00213718413438788
286 0.002325801905312783
287 0.0024687894692788457
288 0.0026878312291266603
289 0.0028080001348899024
290 0.0030072672646754115
291 0.0029814107990980255
292 0.0033586478220825845
293 0.0034377463423318037
294 0.00365830833888818
295 0.0038256339090847707
296 0.00396861732587353
297 0.003872788499929474
298 0.004018814463723997
299 0.004053801236361232
300 0.0042119985730866265
301 0.004061407159535224
302 0.004233294624765289
303 0.003957969151920721
304 0.003944278430962152
305 0.0039016878087395745
306 0.003392111691968712
307 0.0034712099159909826
308 0.003264335974350629
309 0.003011829455935835
310 0.002736505167999068
311 0.002605689569417773
312 0.0022969005229140286
313 0.0022740827533920573
314 0.0018557735675317798
315 0.0016625906430769509
316 0.0014405063362233693
317 0.0013112103818967305
318 0.0010860841204912823
319 0.0009278867837658892
320 0.0007803379172202544
321 0.000646478586725392
322 0.0005521685163551398
323 0.00041983090370358576
324 0.0003468165887850467
325 0.0003376898364485981
326 0.00025707048703691907
327 0.00019166179906542055
328 0.00013233790887850466
329 0.00010495794809610911
330 0.00012169003115264798
331 8.061994186557952e-05
332 5.019713785046729e-05
333 5.019713785046729e-05
334 3.0422507788161994e-05
335 2.7380257009345794e-05
336 3.0422507788161994e-05
337 1.2169003115264797e-05
338 1.5211253894080997e-05
339 1.3690128504672897e-05
340 7.6056269470404984e-06
341 1.2169003115264797e-05
342 7.6056269470404984e-06
343 4.563376168224299e-06
344 3.0422507788161993e-06
345 1.5211253894080996e-06
346 3.0422507788161993e-06
347 0.0
348 1.5211253894080996e-06
349 3.0422507788161993e-06
350 0.0
351 0.0
352 3.0422507788161993e-06
353 1.5211253894080996e-06
354 1.5211253894080996e-06
355 3.0422507788161993e-06
356 1.5211253894080996e-06
357 1.5211253894080996e-06
358 1.5211253894080996e-06
