0 1.5211253894080996e-06
1 3.0422507788161993e-06
2 0.0
3 1.5211253894080996e-06
4 1.5211253894080996e-06
5 0.0
6 4.563376168224299e-06
7 1.5211253894080996e-06
8 1.5211253894080996e-06
9 0.0
10 3.0422507788161993e-06
11 4.563376168224299e-06
12 0.0
13 3.0422507788161993e-06
14 4.563376168224299e-06
15 4.563376168224299e-06
16 1.5211253894080996e-06
17 3.0422507788161993e-06
18 7.6056269470404984e-06
19 1.5211253894080996e-06
20 4.563376168224299e-06
21 2.4338006230529594e-05
22 1.0647877725856697e-05
23 1.8253504672897195e-05
24 1.6732379283489095e-05
25 1.5211253894080997e-05
26 2.2816880841121494e-05
27 3.0422507788161994e-05
28 3.0422507788161994e-05
29 4.107038551401869e-05
30 6.845064252336448e-05
31 6.997176791277258e-05
32 9.887315031152648e-05
33 0.00012625340732087226
34 0.00013994353582554516
35 0.00015971816588785046
36 0.00017036604361370716
37 0.00023121105919003115
38 0.0002738025700934579
39 0.0003757179711838006
40 0.0004228728582554517
41 0.0004821967484423676
42 0.0005932389018691581
43 0.0006388726635514011
44 0.0007940274532710265
45 0.0009141963590342663
46 0.0010419708917445462
47 0.0011940834306853564
48 0.0014024776090342656
49 0.00155154789719626
50 0.0017903645833333313
51 0.00198354750778816
52 0.002156955802180683
53 0.00252658927180685
54 0.0025965610397196224
55 0.0029418565031152613
56 0.0030650676596573174
57 0.003408841997663548
58 0.003595940420560744
59 0.003754137461059187
60 0.0038012923481308383
61 0.004069010416666662
62 0.004253066588785043
63 0.004443207262461057
64 0.004497967776479749
65 0.004424953757788158
66 0.004542080412772584
67 0.004446249513239874
68 0.004444728387850463
69 0.004525348033489094
70 0.00436715099299065
71 0.004108559676791274
72 0.004075094918224295
73 0.00387886974299065
74 0.00391994012850467
75 0.003658306561526478
76 0.003565517912772583
77 0.003221743574766353
78 0.0031624196845794375
79 0.0028566734813084108
80 0.0027076031931464136
81 0.002476392133956383
82 0.002222364193925232
83 0.0020717727803738293
84 0.0019242236176012437
85 0.0017416885708722717
86 0.001613914038161991
87 0.0013750973520249195
88 0.001297519957165107
89 0.0012290693146417423
90 0.0010982525311526458
91 0.0009780836253894065
92 0.0008974639797507772
93 0.000795548578660435
94 0.0006905909267912759
95 0.0006556050428348902
96 0.0006388726635514009
97 0.000489802375389408
98 0.000473069996105919
99 0.0004609009929906542
100 0.0004243939836448598
101 0.0003787602219626168
102 0.0003285630841121495
103 0.0002935772001557632
104 0.0003103095794392523
105 0.0002464223130841121
106 0.0002616335669781931
107 0.00022056318146417445
108 0.00022664768302180685
109 0.00017036604361370716
110 0.00019318292445482865
111 0.00017340829439252336
112 0.00016580266744548286
113 0.00013690128504672896
114 0.00015971816588785046
115 0.00017797167056074766
116 0.00015211253894080996
117 0.00014146466121495326
118 0.00013081678348909656
119 0.00014450691199376946
120 0.00014602803738317756
121 0.00015667591510903426
122 0.00013233790887850466
123 0.00014146466121495326
124 0.00012321115654205606
125 0.00013690128504672896
126 0.00015667591510903426
127 0.00016580266744548286
128 0.00018557729750778816
129 0.00022208430685358255
130 0.00022816880841121495
131 0.00024185893691588785
132 0.0002935772001557632
133 0.0003072673286604361
134 0.0003148729556074766
135 0.0003650700934579439
136 0.0004380841121495327
137 0.0004958868769470403
138 0.0004806756230529595
139 0.0005917177764797504
140 0.0006327881619937688
141 0.0007879429517133944
142 0.0007620838200934568
143 0.0009202808605918987
144 0.0010708722741433
145 0.0012366749415887825
146 0.0012762242017133939
147 0.0015591535241433
148 0.0017751533294392504
149 0.002010927764797506
150 0.002442927375389406
151 0.0026026455412772563
152 0.002801912967289719
153 0.003404278621495326
154 0.003787602219626166
155 0.00435193973909657
156 0.004739826713395634
157 0.0053847838785046715
158 0.006005403037383175
159 0.006563656055295949
160 0.0071097400700934526
161 0.007783598617601244
162 0.008834696261682238
163 0.009654582846573207
164 0.010098751460280378
165 0.011273060260903434
166 0.011943876557632401
167 0.012775932145638628
168 0.013881790303738312
169 0.014648437499999993
170 0.015698014018691586
171 0.016294295171339575
172 0.017156773267133957
173 0.017582688376168235
174 0.0180861808800623
175 0.01871440566588784
176 0.019417165595794393
177 0.01958296826323988
178 0.01984612295560748
179 0.01967575691199377
180 0.019920658099688498
181 0.019770066686137077
182 0.019840038454049854
183 0.019052095502336445
184 0.019053616627725856
185 0.018329560942367602
186 0.01791125146028037
187 0.017194801401869155
188 0.01653159073208722
189 0.015666070385514014
190 0.014554127725856694
191 0.013802691783489092
192 0.013137959988317755
193 0.01207773559190032
194 0.011273060260903425
195 0.010290413259345791
196 0.009580047702492208
197 0.008722132982866036
198 0.007947880159657321
199 0.007286190615264793
200 0.006519543419003113
201 0.0057589807242990655
202 0.005447150019470406
203 0.004697235202492209
204 0.004204390576323987
205 0.003758700837227412
206 0.0033221378504672875
207 0.0028916593652647967
208 0.0025813497858255424
209 0.00226343457943925
210 0.0019850686331775672
211 0.0017477730724299047
212 0.0015180831386292812
213 0.0013370692172897177
214 0.0012275481892523338
215 0.001098252531152646
216 0.0009187597352024907
217 0.0008229288356697803
218 0.0007012388045171329
219 0.0006282247858255442
220 0.0005643375194704046
221 0.0004974080023364485
222 0.000473069996105919
223 0.0003848447235202492
224 0.0003620278426791277
225 0.0003270419587227414
226 0.000260112441588785
227 0.0002692391939252336
228 0.0002585913161993769
229 0.00022968993380062305
230 0.00019470404984423675
231 0.00016884491822429906
232 0.00017797167056074766
233 0.00016884491822429906
234 0.00014146466121495326
235 0.00014602803738317756
236 0.00014298578660436136
237 0.00012169003115264798
238 0.00015515478971962616
239 0.00012929565809968846
240 0.00013385903426791276
241 0.00014146466121495326
242 0.00014754916277258566
243 0.00016428154205607476
244 0.00014298578660436136
245 0.00016123929127725856
246 0.00015971816588785046
247 0.00016428154205607476
248 0.00016123929127725856
249 0.00016732379283489096
250 0.00016428154205607476
251 0.00019166179906542055
252 0.00022968993380062305
253 0.00023729556074766355
254 0.0002616335669781931
255 0.0002783659462616822
256 0.0002829293224299065
257 0.0003148729556074766
258 0.0003802813473520249
259 0.0004228728582554517
260 0.0004593798676012461
261 0.0004639432437694704
262 0.0005293516355140184
263 0.0005841121495327098
264 0.0006114924065420554
265 0.0006997176791277247
266 0.000745351440809968
267 0.0008837738512461042
268 0.0009430977414330202
269 0.0010632666471962597
270 0.0011758299260124594
271 0.0013492382204049827
272 0.0015241676401869138
273 0.0016473787967289696
274 0.0017127871884735182
275 0.0019363926207165082
276 0.002045913648753891
277 0.0022968993380062287
278 0.002552448403426789
279 0.0026802229361370684
280 0.0029920536409657294
281 0.0031593774338006205
282 0.0033206167250778773
283 0.003431658878504671
284 0.003758700837227413
285 0.0038149824766355095
286 0.0039184190031152635
287 0.00428805247274143
288 0.004330643983644857
289 0.004414305880062303
290 0.004569460669781927
291 0.00458467192367601
292 0.004628784559968846
293 0.004358024240654202
294 0.004434080510124608
295 0.004552728290498436
296 0.004324559482087224
297 0.00426523559190031
298 0.0041298554322429905
299 0.003967095015576323
300 0.0038667007398753865
301 0.0035746446651090304
302 0.0033038843457943905
303 0.0030909267912772563
304 0.002960110007788158
305 0.0027532369548286585
306 0.002442927375389406
307 0.00219954731308411
308 0.0020900262850467263
309 0.0018025335864485963
310 0.0014891817562305279
311 0.0013385903426791255
312 0.001229069314641743
313 0.0010450131425233625
314 0.0009765624999999984
315 0.0008396612149532696
316 0.0007362246884735194
317 0.0005399995132398749
318 0.0004700277453271028
319 0.0003741968457943925
320 0.000381802472741433
321 0.0002920560747663551
322 0.00024033781152647975
323 0.00018101392133956386
324 0.00015059141355140186
325 0.00012777453271028036
326 0.00011256327881619938
327 9.735202492211838e-05
328 7.909852024922118e-05
329 6.540839174454828e-05
330 4.715488707165109e-05
331 4.563376168224299e-05
332 3.346475856697819e-05
333 2.1295755451713395e-05
334 1.2169003115264797e-05
335 2.4338006230529594e-05
336 1.3690128504672897e-05
337 1.8253504672897195e-05
338 7.6056269470404984e-06
339 3.0422507788161993e-06
340 1.2169003115264797e-05
341 1.0647877725856697e-05
342 3.0422507788161993e-06
343 0.0
344 4.563376168224299e-06
345 3.0422507788161993e-06
346 3.0422507788161993e-06
347 1.5211253894080996e-06
348 1.5211253894080996e-06
349 1.5211253894080996e-06
350 0.0
351 0.0
352 1.5211253894080996e-06
353 1.5211253894080996e-06
354 1.5211253894080996e-06
355 1.5211253894080996e-06
356 1.5211253894080996e-06
357 0.0
358 3.0422507788161993e-06
