0 1.5211253894080996e-06
1 0.0
2 0.0
3 1.5211253894080996e-06
4 0.0
5 0.0
6 1.5211253894080996e-06
7 1.5211253894080996e-06
8 4.563376168224299e-06
9 3.0422507788161993e-06
10 0.0
11 4.563376168224299e-06
12 3.0422507788161993e-06
13 3.0422507788161993e-06
14 6.084501557632399e-06
15 4.563376168224299e-06
16 6.084501557632399e-06
17 1.5211253894080996e-06
18 3.0422507788161993e-06
19 9.126752336448597e-06
20 1.3690424731623122e-05
21 9.126752336448597e-06
22 1.8253504672897195e-05
23 1.5211253894080997e-05
24 1.3690424731623122e-05
25 3.650700934579439e-05
26 1.2169003115264797e-05
27 3.650700934579439e-05
28 3.346475856697819e-05
29 4.715547952555154e-05
30 6.388726635514018e-05
31 8.06199418655795e-05
32 9.430977414330218e-05
33 0.00012473257815841438
34 0.0001171269512113739
35 0.0001718877614570157
36 0.0001855778899616886
37 0.0002494645638629283
38 0.00030878875027679447
39 0.0003437743380062305
40 0.0004365635792140251
41 0.00043808470460343315
42 0.0005552116558148065
43 0.0006312694064199623
44 0.0008107627948240184
45 0.0009400581566967562
46 0.0010997766188115567
47 0.001227551447748787
48 0.0014405101871737215
49 0.0016641132496011109
50 0.0017903693229645344
51 0.0020154952881430333
52 0.0021691304336080015
53 0.002404907831235759
54 0.0026178639046181423
55 0.00281104742152687
56 0.0031152724994084934
57 0.003278033212302108
58 0.003544234302625829
59 0.0038667134776342476
60 0.003875841711105448
61 0.004154205583778476
62 0.0042622051901995
63 0.004406713287101071
64 0.004584684661434868
65 0.004683558404200297
66 0.004543615164601703
67 0.004482766298075022
68 0.004715499667562262
69 0.004423444185249806
70 0.004414317729140311
71 0.00439302404727725
72 0.0042333052889354985
73 0.00412682443808828
74 0.0039777532612454355
75 0.003764792152004899
76 0.0035640071553264337
77 0.003340401130629541
78 0.003145697377012254
79 0.0029814143538214287
80 0.0027045692367222048
81 0.002590483055154896
82 0.002260397956972489
83 0.00217825600103665
84 0.001965299335200365
85 0.00169910298450785
86 0.0016975803779836892
87 0.001527212260781331
88 0.0013051303237433514
89 0.0011727912299570457
90 0.0011043399949797808
91 0.0010221980390439421
92 0.0008883384123221295
93 0.0008138047493758839
94 0.0006769031681022051
95 0.0006753802653510956
96 0.0005491277467110748
97 0.0005126210335922308
98 0.0005080558800623051
99 0.00047155035185126204
100 0.00035746476273785366
101 0.00037115607615032745
102 0.0003316059273448662
103 0.00031487325183442687
104 0.00025707078326386927
105 0.00028292961865685677
106 0.00022512774254019964
107 0.00023577473158520567
108 0.00022664857170265752
109 0.00021447956858739272
110 0.00017493030846278213
111 0.0001794933884040562
112 0.00015667591510903426
113 0.00012016949821714032
114 0.00011256327881619938
115 0.00013385992294876346
116 0.00015059170977835208
117 0.0001566765075629347
118 0.0001171269512113739
119 0.00013081707971604678
120 0.00014146495744190348
121 0.00012625370354782248
122 0.00014755005145343633
123 0.00014754945899953588
124 0.0001658032598993833
125 0.00014450691199376946
126 0.0001977468930769534
127 0.00017188746523006548
128 0.00015971905456870113
129 0.00017340859061947358
130 0.0002144792723604425
131 0.00020383287576933694
132 0.0002783668349425329
133 0.0002342539024227478
134 0.0003148738442883273
135 0.00033160681602571686
136 0.00037724057770795985
137 0.0004441706872958167
138 0.000480678881549412
139 0.0005917192576145011
140 0.0006054093861191741
141 0.0006997206413972271
142 0.000777296555122289
143 0.0008989898447713891
144 0.0010465372301822727
145 0.0012442835308053256
146 0.0012853548050001948
147 0.0015819751446156242
148 0.0018329611300949111
149 0.0019957233241232795
150 0.002264961629367663
151 0.0025722345863401523
152 0.002954034985492935
153 0.003294766480266447
154 0.0037435014324113404
155 0.004123783964671166
156 0.0047885142787077555
157 0.005191619912574657
158 0.0059491397640459905
159 0.006775115590125792
160 0.007257310264979507
161 0.007899229918940927
162 0.008711509691977055
163 0.00948424701810843
164 0.010380194908327953
165 0.011251803607409147
166 0.011916538364849993
167 0.013083238280029537
168 0.013781436611129565
169 0.014706289438471241
170 0.015693494484111992
171 0.016265445628657095
172 0.017021448501916316
173 0.01765119974521639
174 0.018210969148887358
175 0.01900348199376188
176 0.019170802528100307
177 0.019684947649351456
178 0.019701683879585305
179 0.019695593749715627
180 0.019681897400445
181 0.019964832351186974
182 0.019322916251948933
183 0.01895176432297591
184 0.01895480301903132
185 0.018492381196878196
186 0.01736370349189485
187 0.016837389959982338
188 0.016466239512144067
189 0.01549423772226974
190 0.014916203853528718
191 0.013682570570264833
192 0.012894619620423787
193 0.012042785847631856
194 0.011142274877471062
195 0.010436476251509098
196 0.009476643760976976
197 0.008574606925795576
198 0.007891626069355588
199 0.007280130700544032
200 0.006478492584467809
201 0.00576355980049565
202 0.0054243464688420425
203 0.004633360970122877
204 0.00418918850546536
205 0.0037282910671981094
206 0.003308457201225022
207 0.0028566832567977667
208 0.0024459773280689277
209 0.0021676101968994455
210 0.002125016908634316
211 0.0017599491849919755
212 0.0015135245020922608
213 0.0012731855056579801
214 0.0012153839257682737
215 0.001054142560902363
216 0.0008518319954302357
217 0.0008640015909994012
218 0.0007042834251115508
219 0.0006038885569567162
220 0.0005597762168908318
221 0.0004578608158004896
222 0.0004411275478361498
223 0.00038332507926559225
224 0.0003939732532183992
225 0.00032856367656604996
226 0.00026011421895048636
227 0.00030270454494611226
228 0.00022969111870842394
229 0.00020991678487306887
230 0.00019622547146059508
231 0.00020687394164035222
232 0.00016884521445124928
233 0.00015819704049844236
234 0.00012929595432663868
235 0.00018253534295592218
236 0.00016124047618505945
237 0.00015211372384861088
238 0.00016276041666666666
239 0.0001627610091205671
240 0.00013690158127367918
241 0.00016276100912056713
242 0.0001369018775006294
243 0.00014602833361012778
244 0.0001232117489959565
245 0.00015667621133598448
246 0.00015667621133598448
247 0.00014146495744190348
248 0.00018405646834533028
249 0.00017340947930032425
250 0.00018861984451355458
251 0.00022816910463816517
252 0.0002312116516439316
253 0.0002570701908099688
254 0.00024338035853224617
255 0.0002829302111107572
256 0.0003011849006914553
257 0.0003894089883693242
258 0.0003954934899269566
259 0.0004091845071124802
260 0.0004274383080123276
261 0.0005050139255104393
262 0.0005156626919171466
263 0.0005886767106087352
264 0.000616057263845031
265 0.0006966769094836598
266 0.0008609605251283858
267 0.0009065922132219772
268 0.0010191566769459771
269 0.001060225285098294
270 0.0011636632927127966
271 0.0013796648753704474
272 0.0014967924190357213
273 0.0016428210488728
274 0.0017614673481118795
275 0.001922706639389139
276 0.0021660878866022366
277 0.0023531880868611337
278 0.00252963715089772
279 0.0028156137599645984
280 0.002873414747400403
281 0.0031015844444924686
282 0.003341923440926751
283 0.003582262141134081
284 0.003697865597140445
285 0.0037845688556558564
286 0.0040705392439567755
287 0.004215048821993101
288 0.004368684559911968
289 0.004307835693385291
290 0.004504062942207589
291 0.0044812490236359704
292 0.004659220101742816
293 0.004505584363823945
294 0.004516234018911502
295 0.0045299235549622775
296 0.004458431550340947
297 0.004330655536495914
298 0.004122260765693104
299 0.003980793734662551
300 0.0037556707317535558
301 0.003600514757126129
302 0.003186768651207125
303 0.003258260952055405
304 0.0029540346892659836
305 0.002730427479661293
306 0.0023973007231539675
307 0.002176736949235893
308 0.0020033265812547194
309 0.0017569048606245069
310 0.00156980614150036
311 0.0014283411840584571
312 0.001248845425838799
313 0.0010769591455165343
314 0.0009263677319651328
315 0.0007362258733813198
316 0.0006510425553475166
317 0.0005521705899437912
318 0.000436564764121826
319 0.0003924515353750906
320 0.00029966199794034587
321 0.0003011840120106046
322 0.000244901187694704
323 0.00020078855140186915
324 0.00017036633984065738
325 0.00014146495744190348
326 0.00011712665498442368
327 8.822527258566978e-05
328 6.540839174454828e-05
329 5.323938862928349e-05
330 7.14931895291309e-05
331 5.323968485623371e-05
332 2.7380257009345794e-05
333 3.954955635156082e-05
334 2.7380257009345794e-05
335 1.2169003115264797e-05
336 1.2169003115264797e-05
337 1.2169003115264797e-05
338 6.084501557632399e-06
339 1.0647877725856697e-05
340 9.126752336448597e-06
341 3.0422507788161993e-06
342 7.6056269470404984e-06
343 1.5211253894080996e-06
344 0.0
345 3.0422507788161993e-06
346 3.0422507788161993e-06
347 1.5211253894080996e-06
348 6.084501557632399e-06
349 1.5211253894080996e-06
350 0.0
351 0.0
352 1.5211253894080996e-06
353 1.5211253894080996e-06
354 1.5211253894080996e-06
355 1.5211253894080996e-06
356 1.5211253894080996e-06
357 1.5211253894080996e-06
358 0.0
