0 0.03241460183983955
1 0.03087741620717766
2 0.029611461565371953
3 0.028220174747059408
4 0.026573933542470354
5 0.024704461287814807
6 0.023437344922823636
7 0.021165959527137134
8 0.019414092722894526
9 0.01748108823496761
10 0.01544978329134623
11 0.013844671209537503
12 0.012168124968057414
13 0.010560349738375562
14 0.009056733943056202
15 0.007883488265004535
16 0.006586534858318598
17 0.005265521670146906
18 0.0045761403397881276
19 0.00388772830946363
20 0.003042942849528594
21 0.0025572071452446233
22 0.0021269961412311686
23 0.0017251582432949036
24 0.0013403730847240615
25 0.0009840488661207807
26 0.0008537802950003779
27 0.0006262292933635202
28 0.0005237994040003114
29 0.0003489803833572284
30 0.00032419804184909487
31 0.0002374642100123329
32 0.0002139187202900277
33 0.00017455677826240277
34 0.0001116862458871329
35 8.185102833146159e-05
36 8.826133772369402e-05
37 6.602036651592424e-05
38 3.6250022964696287e-05
39 4.880886414998665e-05
40 1.257581557031401e-05
41 2.038746637815996e-05
42 2.1946458041499636e-05
43 1.8889520251233774e-05
44 6.24074755844531e-06
45 7.852318143724324e-06
46 7.84977553588706e-06
47 6.251531019541986e-06
48 3.1253215652391557e-06
49 7.851837450054385e-06
50 3.1585217030473203e-06
51 3.1532525831893127e-06
52 3.165247404739499e-06
53 1.5888753304860688e-06
54 3.1713961581186258e-06
55 3.1435495034576834e-06
56 1.5811576603926332e-06
57 1.6038801067542598e-06
58 7.874758973275715e-06
59 4.720543806646526e-06
60 0.0
61 0.0
62 0.0
63 1.56563126252505e-06
64 0.0
65 1.5621875624875024e-06
66 0.0
67 0.0
68 0.0
69 1.5747833098165693e-06
70 0.0
71 0.0
72 1.5747833098165693e-06
73 0.0
74 0.0
75 0.0
76 0.0
77 0.0
78 0.0
79 0.0
80 0.0
81 0.0
82 0.0
83 0.0
84 0.0
85 0.0
86 0.0
87 0.0
88 0.0
89 0.0
90 0.0
91 0.0
92 0.0
93 0.0
94 0.0
95 0.0
96 0.0
97 0.0
98 0.0
99 0.0
100 0.0
101 0.0
102 0.0
103 0.0
104 0.0
105 0.0
106 0.0
107 0.0
108 0.0
109 0.0
110 0.0
111 0.0
112 0.0
113 0.0
114 0.0
115 0.0
116 0.0
117 0.0
118 0.0
119 0.0
120 0.0
121 0.0
122 0.0
123 0.0
124 0.0
125 0.0
126 0.0
127 0.0
128 0.0
129 0.0
130 0.0
131 0.0
132 0.0
133 0.0
134 0.0
135 0.0
136 0.0
137 0.0
138 0.0
139 0.0
140 0.0
141 0.0
142 0.0
143 0.0
144 0.0
145 0.0
146 0.0
147 0.0
148 0.0
149 0.0
150 0.0
151 0.0
152 0.0
153 0.0
154 0.0
155 0.0
156 0.0
157 0.0
158 0.0
159 0.0
160 0.0
161 0.0
162 0.0
163 0.0
164 0.0
165 0.0
166 0.0
167 0.0
168 0.0
169 0.0
170 0.0
171 0.0
172 0.0
173 0.0
174 0.0
175 0.0
176 0.0
177 0.0
178 0.0
179 0.0
180 0.0
181 0.0
182 0.0
183 0.0
184 0.0
185 0.0
186 0.0
187 0.0
188 0.0
189 0.0
190 0.0
191 0.0
192 0.0
193 0.0
194 0.0
195 0.0
196 0.0
197 0.0
198 0.0
199 0.0
200 0.0
201 0.0
202 0.0
203 0.0
204 0.0
205 0.0
206 0.0
207 0.0
208 0.0
209 0.0
210 0.0
211 0.0
212 0.0
213 0.0
214 0.0
215 0.0
216 0.0
217 0.0
218 0.0
219 0.0
220 0.0
221 0.0
222 0.0
223 0.0
224 0.0
225 0.0
226 0.0
227 0.0
228 0.0
229 0.0
230 0.0
231 0.0
232 0.0
233 0.0
234 0.0
235 0.0
236 0.0
237 0.0
238 0.0
239 0.0
240 0.0
241 0.0
242 0.0
243 0.0
244 0.0
245 0.0
246 0.0
247 0.0
248 0.0
249 0.0
250 0.0
251 0.0
252 0.0
253 0.0
254 0.0
255 0.0
256 0.0
257 0.0
258 0.0
259 0.0
260 0.0
261 0.0
262 0.0
263 0.0
264 0.0
265 0.0
266 0.0
267 0.0
268 0.0
269 0.0
270 0.0
271 0.0
272 0.0
273 0.0
274 0.0
275 0.0
276 0.0
277 0.0
278 0.0
279 0.0
280 0.0
281 0.0
282 0.0
283 0.0
284 0.0
285 0.0
286 0.0
287 0.0
288 0.0
289 1.5719315895372233e-06
290 1.5643772527032439e-06
291 0.0
292 0.0
293 1.551330420969023e-06
294 0.0
295 0.0
296 4.732313785405278e-06
297 0.0
298 1.5747833098165693e-06
299 1.5725644122383253e-06
300 4.702873594050331e-06
301 4.67728806673083e-06
302 7.815105526295182e-06
303 7.841925046662168e-06
304 4.698790646326777e-06
305 3.1184550099023785e-06
306 6.2328846877278276e-06
307 9.352176315951845e-06
308 2.1856847408093494e-05
309 1.72149590956221e-05
310 2.662284872731541e-05
311 2.498497260974268e-05
312 3.43908006136584e-05
313 4.855247183384673e-05
314 6.718698141347358e-05
315 7.97533513028722e-05
316 9.386026559296295e-05
317 0.00013603379812488487
318 0.0001735930430940657
319 0.00022242314846541102
320 0.0003282656057801144
321 0.0003832659379748449
322 0.0004649048012225871
323 0.0005427589286046831
324 0.000674149348946912
325 0.0009530293219169551
326 0.0011749613066147475
327 0.0013872461149879187
328 0.001772657292404427
329 0.002337769142547392
330 0.0027266636332612345
331 0.003517702665078107
332 0.004139176979179138
333 0.0050400200484941255
334 0.006096210573237374
335 0.0072965171311264385
336 0.008747043701010905
337 0.010208122518725203
338 0.011845056104518631
339 0.01374211888660942
340 0.015775724805734477
341 0.017907505067975903
342 0.019775918676956356
343 0.02173196214034682
344 0.023511609669344246
345 0.02596734907131017
346 0.027698515631158976
347 0.029517157683534467
348 0.030754523365676526
349 0.032338533220496894
350 0.03318509316659395
351 0.034262395635497475
352 0.03461349359819508
353 0.035196046766105736
354 0.0354284792022934
355 0.035200269112247946
356 0.03515219816676368
357 0.03464722237913172
358 0.034106330437756086
