0 0.0
1 0.0
2 0.0
3 1.5211253894080996e-06
4 1.5211253894080996e-06
5 0.0
6 0.0
7 0.0
8 4.563376168224299e-06
9 0.0
10 0.0
11 1.5211253894080996e-06
12 3.0422507788161993e-06
13 0.0
14 3.0422507788161993e-06
15 3.0422507788161993e-06
16 3.0422507788161993e-06
17 1.2169003115264797e-05
18 6.084501557632399e-06
19 1.2169003115264797e-05
20 7.6056269470404984e-06
21 1.6732379283489095e-05
22 1.6732379283489095e-05
23 1.2169299342215024e-05
24 9.126752336448597e-06
25 1.6732379283489095e-05
26 1.8253504672897195e-05
27 2.7380257009345794e-05
28 4.107038551401869e-05
29 4.715488707165109e-05
30 6.692951713395638e-05
31 7.757739485981308e-05
32 0.00010952162049128364
33 0.00012016890576323988
34 0.00013081707971604678
35 0.00014450720822071968
36 0.00020383109840763558
37 0.00021143672535467608
38 0.00031791639129409376
39 0.0003802822360328756
40 0.0004304784852024922
41 0.000500450549342215
42 0.0005643378156973549
43 0.0006890703938557686
44 0.0008031559829691766
45 0.0009476637836437965
46 0.001156057073311855
47 0.0012640587533215314
48 0.0015226491808400578
49 0.0016200009095352253
50 0.001861861327585865
51 0.0020109295421592067
52 0.0022527923300254475
53 0.0025418034879704336
54 0.0027669327116453864
55 0.0028871013211816737
56 0.003273466873864383
57 0.0034742577950818516
58 0.0036978602650553395
59 0.003964061947832961
60 0.003953412588972353
61 0.00421960597739537
62 0.004431046257473446
63 0.004520792951675475
64 0.004663778442052885
65 0.004752002825957706
66 0.004791552678536212
67 0.004744397791464564
68 0.004555779428085762
69 0.004697244089300715
70 0.0046957226676843595
71 0.004405187718307411
72 0.004332171329800219
73 0.00425155079548074
74 0.003921466585979181
75 0.0038301972852529953
76 0.00348186075598634
77 0.003519889186948494
78 0.0032521720070935187
79 0.003039214156349436
80 0.002622423726062964
81 0.002518988384491013
82 0.002248227768949422
83 0.002187382753373098
84 0.0020352705106592385
85 0.001875551456090537
86 0.0017127907431969207
87 0.0014785374332280728
88 0.0013233832359623482
89 0.0011438883664235406
90 0.001089126963723999
91 0.0009278870799928399
92 0.0008259725675833475
93 0.0008031545018344256
94 0.0007468737511071765
95 0.0006145352497747718
96 0.000591718665160601
97 0.0005369578549149593
98 0.0005110987232950217
99 0.0004700277453271028
100 0.00041222557298349545
101 0.00043808559328428385
102 0.0003376907251294488
103 0.0002966194509345794
104 0.00028749299482508107
105 0.00024946486008987857
106 0.000249465452543779
107 0.00024946486008987857
108 0.0002449014839216543
109 0.00018861954828660436
110 0.00017492941978193146
111 0.00017797255924159835
112 0.00013538015965732086
113 0.0001703666360676076
114 0.00017340859061947358
115 0.00013690158127367918
116 0.00014298637905826183
117 0.00010647877725856698
118 0.00011560552959501558
119 0.00014754945899953588
120 0.00012625340732087226
121 0.00011712665498442368
122 0.000133859330494863
123 0.00016276041666666666
124 0.00014450750444766993
125 0.00017188716900311526
126 0.00018101421756651408
127 0.00017492941978193146
128 0.0002007891438557696
129 0.0002403384039803802
130 0.00022360543224299065
131 0.00024033781152647975
132 0.00026923978637913407
133 0.00028140849326744867
134 0.00029814176123178846
135 0.00034985913579081316
136 0.00044569033155047365
137 0.0004456897390965732
138 0.0005491268580302242
139 0.0006008457137239997
140 0.0005886758219278842
141 0.0007636061303906658
142 0.0008381412744716623
143 0.0009643949780194844
144 0.0009932969528721391
145 0.001178874546606877
146 0.0014055219334017331
147 0.0014876618157489204
148 0.0017599459264955218
149 0.0020672123664751073
150 0.0023273262891986444
151 0.002611776144564056
152 0.0029890161298181173
153 0.003258254435062499
154 0.0037100328228940084
155 0.004257637074400074
156 0.0046729037132545856
157 0.005159664726546026
158 0.005704227319727179
159 0.0064161160755588234
160 0.007143215196603686
161 0.007947892008735328
162 0.008551779380784235
163 0.009505526481077874
164 0.010243271406259956
165 0.010987107349992574
166 0.01193933213998899
167 0.012891552782808098
168 0.013659726732771242
169 0.014514597128029941
170 0.015074372160012969
171 0.01615437089026578
172 0.016908855600405108
173 0.017442775351718554
174 0.018169870029359166
175 0.018297643969615543
176 0.01867336905024617
177 0.019184460367867417
178 0.01941415237525671
179 0.01926660321248411
180 0.019438492158848932
181 0.01938220548358267
182 0.019307675375359826
183 0.018966937956047304
184 0.018948688302324768
185 0.018294600533928937
186 0.01748840437376959
187 0.016487503571312113
188 0.015850152033150114
189 0.015246261995058652
190 0.014485701670170197
191 0.013528906394558738
192 0.012728792958595336
193 0.01181307932512202
194 0.010860850091721351
195 0.01023414702373911
196 0.009307779291773972
197 0.008449869608005948
198 0.007940287270469136
199 0.0072238360271501215
200 0.0063993866585448315
201 0.005746820311765358
202 0.005222029978830909
203 0.004694200357387148
204 0.004177016540080595
205 0.003755666288349301
206 0.0032597779302675095
207 0.0028977471253188803
208 0.002657409017565451
209 0.0023288459334532994
210 0.0021280576782783814
211 0.0017827625111096939
212 0.0016382535255272726
213 0.0013157749429727552
214 0.0010936903398922227
215 0.0010708743477319514
216 0.0009141978401690175
217 0.0007970702965037433
218 0.0007407898420034445
219 0.0006327890506746194
220 0.0005597744395291304
221 0.0004821976371232183
222 0.0004167883566978193
223 0.0003924515353750906
224 0.00041070415136713716
225 0.00034073327213521526
226 0.00031031017189315276
227 0.0002844504478193146
228 0.00025098717038708756
229 0.0002479434384735202
230 0.00019774718930390365
231 0.00022360572846994087
232 0.00017492941978193146
233 0.00018101392133956386
234 0.00015211253894080996
235 0.00015059141355140186
236 0.00015515478971962616
237 0.00013994353582554516
238 0.00015363366433021806
239 0.00016428154205607476
240 0.00013385933049486298
241 0.00013842270666308728
242 0.00014754945899953588
243 0.00017949309217710598
244 0.00013690128504672896
245 0.000118648076600782
246 0.00017645054517133956
247 0.00017340829439252336
248 0.00019014067367601246
249 0.00021447867990654205
250 0.00022664797924875707
251 0.00020535192757009345
252 0.0002464223130841121
253 0.0002388172785909721
254 0.0002707603193146417
255 0.00027988736787804057
256 0.00030878875027679447
257 0.00033312705273427426
258 0.00042591540526121816
259 0.0004380850008303834
260 0.00044569003532352345
261 0.0005034942812557823
262 0.0005369587435958102
263 0.0006084507482171396
264 0.0007134089925401983
265 0.0007286199502073295
266 0.0007985929030279023
267 0.0009005074154373946
268 0.001052619954378204
269 0.0011758314071472105
270 0.0013233811623736967
271 0.0013218591483034371
272 0.0014602824474204254
273 0.0016352127558832065
274 0.001764508117755946
275 0.0020337490890428803
276 0.0022284525464332174
277 0.0024307622232244935
278 0.0026026496884545584
279 0.002725859956315764
280 0.0028916632162151483
281 0.0031593827658857247
282 0.0034255797090321414
283 0.003457524527117513
284 0.003813466090877307
285 0.003912340426096634
286 0.004169409431998803
287 0.004324565110399278
288 0.004389974983278577
289 0.004552735696172196
290 0.004560337768395833
291 0.004780903615902559
292 0.004601412597314105
293 0.004691156625473581
294 0.004717017238228269
295 0.004742877258529059
296 0.004604456033000722
297 0.004421916246640546
298 0.004266764715417375
299 0.004300226807941798
300 0.003997523447903486
301 0.0037556624373989472
302 0.003424059472323583
303 0.0031411301498936797
304 0.002934254430891624
305 0.002782145150447268
306 0.0025418049691051854
307 0.0023227608394417684
308 0.0020170158210785403
309 0.0018633809718405217
310 0.0016914938028374058
311 0.0015043947874863106
312 0.0013142538175833476
313 0.0011347610216331922
314 0.0009780842178433071
315 0.0008320567729140302
316 0.0006966760208028088
317 0.0005810698987538936
318 0.000511099019521972
319 0.00042439635346046164
320 0.0003452954633956386
321 0.00032704255117664186
322 0.0002464223130841121
323 0.0002114370215816263
324 0.00018253504672897196
325 0.00013233879755935536
326 0.00013233790887850466
327 0.00010495765186915888
328 7.301401869158878e-05
329 5.628163940809969e-05
330 5.780276479750779e-05
331 3.954926012461059e-05
332 2.890167862570412e-05
333 3.0422507788161994e-05
334 1.2169003115264797e-05
335 7.6056269470404984e-06
336 1.5211253894080997e-05
337 9.126752336448597e-06
338 9.126752336448597e-06
339 9.126752336448597e-06
340 7.6056269470404984e-06
341 6.084501557632399e-06
342 4.563376168224299e-06
343 0.0
344 3.0422507788161993e-06
345 1.5211253894080996e-06
346 0.0
347 3.0422507788161993e-06
348 0.0
349 6.084501557632399e-06
350 0.0
351 0.0
352 0.0
353 0.0
354 1.5211253894080996e-06
355 0.0
356 3.0422507788161993e-06
357 3.0422507788161993e-06
358 0.0
