0 0.0
1 0.0
2 0.0
3 0.0
4 0.0
5 0.0
6 0.0
7 0.0
8 0.0
9 0.0
10 0.0
11 3.0422507788161993e-06
12 0.0
13 0.0
14 1.5211253894080996e-06
15 3.0422507788161993e-06
16 3.0422507788161993e-06
17 1.5211253894080996e-06
18 4.563376168224299e-06
19 0.0
20 3.0422507788161993e-06
21 6.084501557632399e-06
22 9.126752336448597e-06
23 7.6056269470404984e-06
24 1.0647877725856697e-05
25 1.8253504672897195e-05
26 1.0647877725856697e-05
27 2.2816880841121494e-05
28 2.8901382398753894e-05
29 2.2816880841121494e-05
30 4.107038551401869e-05
31 5.171826323987539e-05
32 4.563376168224299e-05
33 6.236614096573208e-05
34 0.00011408499665950794
35 0.0001232117489959565
36 0.00012473287438536463
37 0.0001992680184663615
38 0.00021295785074408418
39 0.000260112441588785
40 0.00032856338033909977
41 0.00033769042890249856
42 0.000436564764121826
43 0.0005384816463469194
44 0.0006069308077355326
45 0.0007544796742811674
46 0.0008655233088427097
47 0.0008822565768070487
48 0.0011393282487517687
49 0.0013096925150037743
50 0.0013735821511745168
51 0.0016352174955144112
52 0.0017782003198492696
53 0.0018101427681190385
54 0.0020322309259229745
55 0.002260400623015041
56 0.002484003981669379
57 0.0027243435705575593
58 0.0028247419934357984
59 0.0029951032974183016
60 0.0031289649977287648
61 0.0032430470321187692
62 0.003576177047122547
63 0.0035062058716636762
64 0.0036066001473646124
65 0.003725248223965393
66 0.00379369857026181
67 0.0038362909698460854
68 0.0036248509859949578
69 0.003729810415225817
70 0.0036887406221656972
71 0.003776968264566969
72 0.0035853008371894944
73 0.0034331894831564846
74 0.003278037063252461
75 0.00313352659653529
76 0.0029418653899237674
77 0.0029266538398027364
78 0.0025874437666455834
79 0.0025220377447166364
80 0.002368399340755214
81 0.0020717781124589335
82 0.00202614405454974
83 0.0018588193730339994
84 0.0016656355598983193
85 0.0015987075238991135
86 0.0013948749443567275
87 0.001256454015055342
88 0.001142369018395834
89 0.001089127852404849
90 0.0009476637836437965
91 0.0009035514435779123
92 0.0007894664469184045
93 0.0007042834251115509
94 0.0007255803654710651
95 0.0006495217261850589
96 0.0006130153092931646
97 0.00048371846628567615
98 0.000477634260954994
99 0.0004152693048970628
100 0.00041679102274037134
101 0.00039853514825187236
102 0.00033769013267554836
103 0.0003072682173412868
104 0.00026923978637913407
105 0.0002783665387155827
106 0.00020687364541340203
107 0.0002585913161993769
108 0.00019318410936262957
109 0.00020839417834890965
110 0.00019926861092026197
111 0.00021447956858739272
112 0.00018405646834533028
113 0.00016884521445124928
114 0.0001566765075629347
115 0.00016884521445124928
116 0.000146028629837078
117 0.0001216915122873991
118 0.00015667680378988493
119 0.00016428272696387568
120 0.00015971875834175093
121 0.00014146495744190348
122 0.00016580266744548286
123 0.00016428183828302498
124 0.00016884521445124928
125 0.00014602833361012778
126 0.0001505917097783521
127 0.00019014096990296268
128 0.0002175215231392587
129 0.00024794403092742067
130 0.00023273218457943925
131 0.0002525077033225952
132 0.00030422655901637106
133 0.00024946486008987857
134 0.0002996625903942463
135 0.00035594452602929626
136 0.0004609030665793058
137 0.0005019734520933243
138 0.0005597753282099812
139 0.0005810728610233959
140 0.0006586481822945571
141 0.0007742551930243234
142 0.0008305380173402237
143 0.0010009028760461296
144 0.0011484535199534662
145 0.0012351564822419277
146 0.0015104837324481954
147 0.0016367371397690675
148 0.0018862025923128468
149 0.002152399535459263
150 0.002403383151122949
151 0.0028703689418981856
152 0.003186765096483724
153 0.003475780697832961
154 0.003977753557472384
155 0.004380853859254185
156 0.004872177656259951
157 0.005616010341496113
158 0.006242714001932253
159 0.007140183906222036
160 0.007696917279880149
161 0.008363171977802595
162 0.00918609962856458
163 0.010074449001283868
164 0.011295912688978582
165 0.012102109145364874
166 0.012885489017136988
167 0.013674962869729142
168 0.014827973841311834
169 0.01600685994076978
170 0.01650273674600051
171 0.01736370260321399
172 0.018207932230193645
173 0.018837674290458253
174 0.01970016097683421
175 0.020259929788051294
176 0.020676716663614373
177 0.020769519531261865
178 0.02130950571428899
179 0.021364268894350242
180 0.021143703935524342
181 0.02135362575625557
182 0.020638690602467803
183 0.020795372145888894
184 0.020293394250391315
185 0.01981120076044539
186 0.01911299146894821
187 0.018277897777340475
188 0.017594911292588424
189 0.01645254286664649
190 0.015634175333556273
191 0.015043979274919841
192 0.013764703046938265
193 0.01291286868169244
194 0.012021493646903548
195 0.011031238352356322
196 0.010316306753291964
197 0.009554215527524746
198 0.00854266655111445
199 0.007677144723406492
200 0.007105193875088344
201 0.006235109559893009
202 0.00561905466586358
203 0.005094265814063885
204 0.004765701545043936
205 0.003991441908615359
206 0.0034849083388502613
207 0.003002710109273141
208 0.002827780393264262
209 0.0024353270805274685
210 0.00203527169556704
211 0.0019135810719604915
212 0.0016321734673738928
213 0.0014648481934042517
214 0.0013249040651248062
215 0.001128678593664211
216 0.0010191584543076785
217 0.0008183681255441084
218 0.0007620861899090585
219 0.000686030216665604
220 0.0006327890506746196
221 0.0005110993157489222
222 0.0004730708847867697
223 0.00040309970932789755
224 0.00035898825794286355
225 0.00027228292583880096
226 0.00032400030039782566
227 0.0002996625903942463
228 0.00023577562026605637
229 0.0002449020763755547
230 0.0001977468930769534
231 0.00022664857170265752
232 0.0001886201407405048
233 0.00017645113762524003
234 0.00018861984451355458
235 0.00016580296367243308
236 0.00016428183828302498
237 0.00015059170977835208
238 0.00014754916277258566
239 0.00014602922229097848
240 0.00016732408906184118
241 0.00018253504672897196
242 0.00015971816588785046
243 0.00014907117684284446
244 0.00016123929127725856
245 0.00017340947930032428
246 0.0001718877614570157
247 0.00013690158127367918
248 0.00019470464229813723
249 0.0001886201407405048
250 0.00020839536325671057
251 0.00021904235230171658
252 0.0002479443271543709
253 0.00021143672535467608
254 0.00029357838506356416
255 0.00028292961865685677
256 0.000310310468120103
257 0.00033617019219394116
258 0.00036659240375515296
259 0.0004198323848383369
260 0.0004776345571819442
261 0.00046698608700218705
262 0.0005293531166487694
263 0.0005232689113180873
264 0.0006601719737265174
265 0.0005856344598299185
266 0.0007772965551222888
267 0.0008335796756651393
268 0.0008929032696251051
269 0.0009720014936473759
270 0.001081522817911709
271 0.0011195500639660607
272 0.0013522860994958526
273 0.001404002289147077
274 0.001563721047488827
275 0.0016534692228256066
276 0.0018238334890776117
277 0.002010933096882609
278 0.0020793861092215753
279 0.002316680188834488
280 0.002563105760415053
281 0.0026345968763555323
282 0.0028977527536309345
283 0.0029327407111759715
284 0.003148739035337171
285 0.003241528276544966
286 0.0033845143593762774
287 0.003532066188191414
288 0.0035959501960501033
289 0.003690262932462906
290 0.0036613579953407513
291 0.003775443880681107
292 0.003734373791394041
293 0.003772400741221441
294 0.0037526275922938855
295 0.003638543780542181
296 0.0036050796144291024
297 0.003328230646379526
298 0.0033860360772195856
299 0.0032141486119895216
300 0.002989018499633719
301 0.00288406144021846
302 0.0027258676582164704
303 0.0023364574849393453
304 0.0022299763378651758
305 0.002138707629592889
306 0.002021581270835417
307 0.0017356085127188923
308 0.0015850150255788396
309 0.001352285803268903
310 0.0013081707971604668
311 0.001107382541985547
312 0.0008883407821377315
313 0.0008381433480603141
314 0.0007027628921760434
315 0.000640396454983361
316 0.0005202254756314704
317 0.0004350430462785174
318 0.00034073238345436456
319 0.00033464817812368236
320 0.00023881757481792235
321 0.0002312116516439316
322 0.0001597184621148007
323 0.00012016890576323988
324 0.00012169032737959821
325 9.12678195914362e-05
326 6.845064252336448e-05
327 5.019713785046729e-05
328 4.259151090342679e-05
329 2.4338006230529594e-05
330 4.107038551401869e-05
331 2.2816880841121494e-05
332 1.6732379283489095e-05
333 1.9774630062305295e-05
334 1.0648173952806924e-05
335 7.6056269470404984e-06
336 1.0647877725856697e-05
337 9.126752336448597e-06
338 4.563376168224299e-06
339 4.563376168224299e-06
340 1.5214216163583252e-06
341 1.5211253894080996e-06
342 1.5211253894080996e-06
343 0.0
344 3.0422507788161993e-06
345 0.0
346 1.5211253894080996e-06
347 0.0
348 0.0
349 0.0
350 0.0
351 1.5211253894080996e-06
352 4.563376168224299e-06
353 0.0
354 1.5211253894080996e-06
355 0.0
356 0.0
357 0.0
358 1.5211253894080996e-06
