0 7.758243094876312e-05
1 0.00012474087297461315
2 0.00012322448952477552
3 0.00018406831834652415
4 0.00019775844754372062
5 0.0002859905340418366
6 0.00026469329664738296
7 0.00026316861607284485
8 0.00023731600363884829
9 0.0002449186673929993
10 0.0002221000091902439
11 0.00017037730162272792
12 0.00013690987678240148
13 8.82309013593165e-05
14 6.084768161887602e-05
15 4.7156961121962556e-05
16 2.5861205554783605e-05
17 3.49888469184121e-05
18 1.521303137118046e-05
19 1.8255282496258435e-05
20 6.08509401153285e-06
21 3.042547005766425e-06
22 1.5211253894080996e-06
23 1.5214216163583252e-06
24 1.5214216163583252e-06
25 0.0
26 1.5211253894080996e-06
27 1.5214216163583252e-06
28 0.0
29 0.0
30 0.0
31 0.0
32 0.0
33 0.0
34 1.5214216163583252e-06
35 0.0
36 0.0
37 1.5211253894080996e-06
38 3.0422507788161993e-06
39 1.5217179587066615e-06
40 0.0
41 0.0
42 0.0
43 0.0
44 3.042547005766425e-06
45 1.5211253894080996e-06
46 0.0
47 6.085390584744852e-06
48 1.3690720958573348e-05
49 1.5211550121031222e-05
50 2.8902567306554796e-05
51 3.498766131808764e-05
52 6.693188729575252e-05
53 0.0001125680185628011
54 0.00013994827591834122
55 0.0002798983291984513
56 0.00038942646772135785
57 0.0005004680290405106
58 0.0007073487839007173
59 0.000877721345776843
60 0.001008542574632433
61 0.0012382408030183235
62 0.0012975715059633673
63 0.001358418300748032
64 0.0012914784138243803
65 0.0012686633105756886
66 0.001172834486939997
67 0.0014055891851135103
68 0.0016961398374041772
69 0.0025191258537618833
70 0.004012944458176911
71 0.006679645246109249
72 0.009553222059196852
73 0.013444470858485923
74 0.01777231256865068
75 0.02170767429468861
76 0.024646703642183868
77 0.026440207954697207
78 0.026923901823989432
79 0.025316025192263177
80 0.023139112839163166
81 0.019865500200865936
82 0.016249567100548323
83 0.012437439635138044
84 0.009296118099322952
85 0.006967134098489162
86 0.004796353660571367
87 0.0033056039740549823
88 0.0022529010605502825
89 0.00143906431612488
90 0.0010328930232023211
91 0.000614559543500777
92 0.0004183272578970075
93 0.0002525242956096214
94 0.0001642892446492367
95 9.735824649592732e-05
96 4.715814602969601e-05
97 5.476229138039294e-05
98 2.1296644132564074e-05
99 1.8254097126797648e-05
100 1.2169595684563359e-05
101 1.825380089984742e-05
102 1.0648173952806924e-05
103 1.2169299342215022e-05
104 7.605923173990724e-06
105 4.563968737522861e-06
106 1.5211253894080996e-06
107 9.127048563398824e-06
108 6.08509412693096e-06
109 3.042547005766425e-06
110 7.60621951633906e-06
111 1.5211253894080996e-06
112 6.08509401153285e-06
113 0.0
114 0.0
115 3.0422507788161993e-06
116 4.563376168224299e-06
117 1.5211253894080996e-06
118 4.563672395174524e-06
119 3.0422507788161993e-06
120 7.6056269470404984e-06
121 6.084797784582624e-06
122 6.085094126930961e-06
123 9.126752336448597e-06
124 1.5211253894080997e-05
125 1.0648766522105485e-05
126 1.5211253894080995e-05
127 1.9775222631603856e-05
128 3.0423989038311234e-05
129 2.7380849463246247e-05
130 3.498647641028674e-05
131 4.715518329860132e-05
132 6.541135436031231e-05
133 6.084620083038666e-05
134 5.476051401869159e-05
135 5.932626046417757e-05
136 7.606012111328146e-05
137 6.236673353503064e-05
138 6.388845126294109e-05
139 5.7803653478358464e-05
140 6.845242011586205e-05
141 8.214373387459762e-05
142 6.388785880904063e-05
143 5.3239981083183934e-05
144 6.84530124543644e-05
145 6.084649671107511e-05
146 5.6284306027709716e-05
147 4.41150062238348e-05
148 5.019832275826819e-05
149 4.8677197368860094e-05
150 8.214580769411287e-05
151 9.735528364936708e-05
152 7.605893562835512e-05
153 0.00011408736670590595
154 0.00011865163155498092
155 0.00010648411003619457
156 0.00012777808754908118
157 0.0001201712758096379
158 0.0001156090845492145
159 0.00012321441550016844
160 0.0001414685122807043
161 0.0001140870702481595
162 0.0001277786802338453
163 0.0001490779906397576
164 0.00012169299388381012
165 0.00010648203575501944
166 0.00013842685395578855
167 0.0001140873668213715
168 0.00010343948921091292
169 0.0001110451160425553
170 0.00013082033855876105
171 9.1270189407038e-05
172 0.00010496150305030802
173 8.974758288287878e-05
174 9.12690044992371e-05
175 8.822616126652046e-05
176 6.693070204175729e-05
177 7.301549982633991e-05
178 6.997295282057349e-05
179 7.910000138397231e-05
180 6.845123497726494e-05
181 9.279279639285711e-05
182 6.540898419844873e-05
183 6.845182743116539e-05
184 4.1071274194869365e-05
185 5.628252843521214e-05
186 6.99729529359716e-05
187 6.693129461105585e-05
188 7.149526357944236e-05
189 5.171974472088829e-05
190 5.7803653478358464e-05
191 6.388934005918987e-05
192 5.32405736524825e-05
193 5.932566754861724e-05
194 6.084501557632398e-05
195 5.476081024564182e-05
196 4.259180713037702e-05
197 4.715696077570078e-05
198 4.259210335732724e-05
199 4.107157076808137e-05
200 5.020098972413999e-05
201 5.324383295685665e-05
202 4.8678382853718994e-05
203 4.259180713037702e-05
204 6.236910369689422e-05
205 6.236762210048321e-05
206 7.605923220156712e-05
207 0.00010344008131855158
208 0.00015668124777119631
209 0.00015668243279446276
210 0.00022817828905866925
211 0.0002905473919475744
212 0.00038333811429018755
213 0.00046700504818156284
214 0.000570445128230465
215 0.0006769295359941898
216 0.0008944676483042536
217 0.0010922207633013437
218 0.0012291253063827987
219 0.0013979782234272771
220 0.0014071031987482863
221 0.0015211973791356393
222 0.0014786114961980728
223 0.0014375316329220242
224 0.001334086810240961
225 0.001248902010033687
226 0.0011621987530187894
227 0.000923364586952559
228 0.0008412211488431167
229 0.0007377786977090313
230 0.0005354586529744291
231 0.0004472304177730631
232 0.00033618233784509476
233 0.00024491007519573434
234 0.000190152228027449
235 0.00016885439841002605
236 0.00010496357744694871
237 0.00010191984484085782
238 6.997443395532461e-05
239 5.6282824315900594e-05
240 4.41153026816487e-05
241 2.1295755451713395e-05
242 2.8902271079604573e-05
243 1.2169299342215022e-05
244 1.2169003115264797e-05
245 7.6056269470404984e-06
246 7.6056269470404984e-06
247 9.127344790349049e-06
248 1.0648766522105485e-05
249 9.127048563398824e-06
250 9.127048563398824e-06
251 4.563672395174524e-06
252 1.0648173952806924e-05
253 3.042547005766425e-06
254 3.0422507788161993e-06
255 6.084501557632399e-06
256 1.2169003115264797e-05
257 1.3690720958573348e-05
258 1.21701880230657e-05
259 1.6732971852787656e-05
260 2.129664413256407e-05
261 2.5860316527738597e-05
262 4.715755322960123e-05
263 6.236732587353299e-05
264 6.997443395532461e-05
265 0.00011409003309471975
266 0.00018558736991661933
267 0.00029054561447047495
268 0.0004761323907790106
269 0.0006708411809469067
270 0.0010131050580801985
271 0.0015865909550314755
272 0.0022574324316282737
273 0.0034485319751689763
274 0.004893656193665472
275 0.007071990697960092
276 0.009597151567452566
277 0.012215129529372462
278 0.015506983217654698
279 0.01866194332810024
280 0.02139400272526148
281 0.023126639791675438
282 0.02378223683799859
283 0.023514556989318248
284 0.021217573812391456
285 0.018652845023362008
286 0.01557702283515848
287 0.01299251733924624
288 0.01170711543323751
289 0.012073733908426705
290 0.014667387503366864
291 0.019273631588668887
292 0.024996406020028384
293 0.03179161796795944
294 0.03685571103164152
295 0.04110448857961443
296 0.04280364576938296
297 0.04088540207345396
298 0.037474872752078746
299 0.03200157829761756
300 0.025647499816750543
301 0.019971925616770136
302 0.014247598676816887
303 0.010166234688139856
304 0.006655290349866726
305 0.0042593682467414
306 0.0026058329594199157
307 0.0016444171272980374
308 0.0009766173079874365
309 0.000544595775216241
310 0.0003209764175366305
311 0.00021753307737529712
312 9.887729760422773e-05
313 7.606100979413214e-05
314 3.802902353145128e-05
315 2.129694047491241e-05
316 7.60621940094095e-06
317 7.6056269470404984e-06
318 6.084501557632399e-06
319 3.0422507788161993e-06
320 1.5211253894080996e-06
321 1.5214216163583252e-06
322 0.0
323 0.0
324 1.5211253894080996e-06
325 1.5211253894080996e-06
326 0.0
327 0.0
328 0.0
329 1.5211253894080996e-06
330 0.0
331 0.0
332 0.0
333 1.5211253894080996e-06
334 3.042547005766425e-06
335 0.0
336 3.0422507788161993e-06
337 1.5211253894080996e-06
338 7.605923173990724e-06
339 6.084797784582624e-06
340 6.08509401153285e-06
341 3.0422507788161993e-06
342 6.084501557632399e-06
343 7.60621940094095e-06
344 1.06490626336576e-05
345 1.6733860764502e-05
346 2.2817473295021947e-05
347 3.346861020985468e-05
348 3.803168980486698e-05
349 4.867867884987299e-05
350 5.3245018326384887e-05
351 5.172478138696379e-05
352 6.541402074912613e-05
353 4.563702064035536e-05
354 5.3247980942148914e-05
355 4.868075255392268e-05
356 5.172418824053979e-05
357 3.042547017306236e-05
358 4.259447351919082e-05
