0 0.0
1 0.0
2 0.0
3 3.0422507788161993e-06
4 0.0
5 1.5211253894080996e-06
6 1.5211253894080996e-06
7 3.0422507788161993e-06
8 3.0422507788161993e-06
9 0.0
10 1.5211253894080996e-06
11 1.5211253894080996e-06
12 3.0422507788161993e-06
13 4.563376168224299e-06
14 0.0
15 3.0422507788161993e-06
16 3.0422507788161993e-06
17 3.0422507788161993e-06
18 7.6056269470404984e-06
19 9.126752336448597e-06
20 9.126752336448597e-06
21 6.084501557632399e-06
22 1.5211253894080997e-05
23 1.2169003115264797e-05
24 1.8253504672897195e-05
25 2.4338006230529594e-05
26 2.7380257009345794e-05
27 4.259151090342679e-05
28 5.019713785046729e-05
29 5.932389018691589e-05
30 7.301401869158878e-05
31 0.00011560552959501558
32 0.00012321115654205606
33 0.00012929565809968846
34 0.00018709842289719626
35 0.00017036604361370716
36 0.0002966194509345794
37 0.0002829293224299065
38 0.0004015771028037383
39 0.0004304784852024922
40 0.0004928446261682241
41 0.0005308727609034264
42 0.0007088444314641737
43 0.0008366189641744533
44 0.0009096329828660422
45 0.0010465342679127705
46 0.001241238317757007
47 0.001369012850467288
48 0.001510477511682241
49 0.001723435066199375
50 0.0020018010124610566
51 0.002226927570093456
52 0.002383603485202491
53 0.0026558849299065388
54 0.0030027015186915866
55 0.0031517718068535794
56 0.0032552083333333317
57 0.0035731235397196224
58 0.0038469261098130814
59 0.003927545755451711
60 0.004034024532710279
61 0.004283489096573205
62 0.004455376265576321
63 0.004718530957943921
64 0.004762643594236759
65 0.004840220989096571
66 0.00482500973520249
67 0.004847826616043611
68 0.004902587130062302
69 0.004761122468847349
70 0.004587714174454825
71 0.004592277550623048
72 0.004385404497663549
73 0.004291094723520246
74 0.004160277940031151
75 0.0039016866238317733
76 0.0036887290693146365
77 0.0035518277842679098
78 0.0033921096183800593
79 0.003093969042056072
80 0.002899264992211836
81 0.0027182510708722712
82 0.0024687865070093422
83 0.002304504964953269
84 0.001998758761682241
85 0.0019561672507788126
86 0.0018648997274143288
87 0.0015424211448598105
88 0.0014374634929906515
89 0.001251886195482865
90 0.001166703173676011
91 0.0011058581580996863
92 0.0010191540109034248
93 0.0008868161020249205
94 0.0007696894470404974
95 0.0007468725661993759
96 0.0006434360397196252
97 0.0005901966510903418
98 0.0004913235007788162
99 0.0004867601246105919
100 0.0004183094820872274
101 0.0004289573598130841
102 0.0003437743380062305
103 0.0003392109618380062
104 0.0002677180685358255
105 0.000260112441588785
106 0.0002677180685358255
107 0.00022208430685358255
108 0.00017492941978193146
109 0.00017797167056074766
110 0.00018101392133956386
111 0.00015515478971962616
112 0.00018101392133956386
113 0.00012625340732087226
114 0.00015515478971962616
115 0.00012625340732087226
116 0.00012016890576323988
117 0.00010495765186915888
118 0.00013385903426791276
119 0.00010799990264797508
120 0.00011560552959501558
121 0.00014298578660436136
122 0.00010191540109034268
123 0.00010799990264797508
124 0.00013994353582554516
125 0.00015363366433021806
126 0.00014754916277258566
127 0.00013385903426791276
128 0.00013081678348909656
129 0.00015971816588785046
130 0.00017036604361370716
131 0.00017340829439252336
132 0.00018861954828660436
133 0.00020991530373831775
134 0.00021752093068535825
135 0.000244901187694704
136 0.0002692391939252336
137 0.0002844504478193146
138 0.0003376898364485981
139 0.0004076616043613707
140 0.0004639432437694704
141 0.0004913235007788161
142 0.0005810698987538936
143 0.0005978022780373826
144 0.0007134078076323977
145 0.0008503090926791261
146 0.0009902526285046711
147 0.0011530130451713376
148 0.001175829926012459
149 0.0014511536214953246
150 0.0015971816588785015
151 0.0019805052570093427
152 0.0022345331970404967
153 0.002532673773364483
154 0.002934250876168221
155 0.0032612928348909635
156 0.0037145882009345776
157 0.004440165011682238
158 0.004828051985981306
159 0.005541459793613707
160 0.00621988171728972
161 0.006971317659657318
162 0.007572162188473514
163 0.008726696359034265
164 0.009464442172897197
165 0.010565736954828665
166 0.01135367990654206
167 0.012316552278037384
168 0.013705339758566972
169 0.014467423578660422
170 0.015725394275700928
171 0.01679474542445483
172 0.01749142085280374
173 0.018585110007788157
174 0.019636207651869172
175 0.01990392572040499
176 0.020687305295950174
177 0.02064623491043615
178 0.02107367114485982
179 0.021367248345015598
180 0.02075727706386294
181 0.02156043126947043
182 0.021161896417445494
183 0.02040893934968848
184 0.019703137169003116
185 0.01908403913551402
186 0.018402574961059185
187 0.01714308313862927
188 0.01674759053738318
189 0.015696492893302178
190 0.014625620619158869
191 0.013664269373052953
192 0.012772889894859812
193 0.011630524727414333
194 0.010307145638629282
195 0.009577005451713397
196 0.008605006327881609
197 0.007801852122274136
198 0.006872444509345792
199 0.006064726927570094
200 0.005539938668224298
201 0.004811319606697819
202 0.004170925817757007
203 0.003760221962616818
204 0.0033692927375389395
205 0.002858194606697816
206 0.0024809555101246075
207 0.0021417445482866016
208 0.0018451250973520227
209 0.001659547799844234
210 0.0015104775116822405
211 0.0012625340732087208
212 0.0011484496690031126
213 0.0009598301207165087
214 0.0008305344626168207
215 0.0007423091900311515
216 0.0005993234034267908
217 0.0005293516355140184
218 0.0004806756230529595
219 0.0004289573598130841
220 0.0003483377141744548
221 0.0003452954633956386
222 0.0003072673286604361
223 0.0003118307048286604
224 0.0002509856892523364
225 0.00024033781152647975
226 0.00021752093068535825
227 0.00017645054517133956
228 0.00016580266744548286
229 0.00015819704049844236
230 0.00015211253894080996
231 0.00016123929127725856
232 0.00015363366433021806
233 0.00011560552959501558
234 0.00010495765186915888
235 0.00010647877725856698
236 9.278864875389408e-05
237 0.00011864778037383178
238 0.00010343652647975078
239 0.00013385903426791276
240 0.00010647877725856698
241 0.00010343652647975078
242 0.00011408440420560748
243 0.00013081678348909656
244 0.00013385903426791276
245 0.00011408440420560748
246 0.00014450691199376946
247 0.00014907028816199376
248 0.00016123929127725856
249 0.00018253504672897196
250 0.00022208430685358255
251 0.00022512655763239875
252 0.00020839417834890965
253 0.00022664768302180685
254 0.0002616335669781931
255 0.0002859715732087227
256 0.0003072673286604361
257 0.0003833235981308411
258 0.0003894080996884735
259 0.0004228728582554517
260 0.00048828125
261 0.000536957262461059
262 0.0005841121495327099
263 0.0006692951713395629
264 0.0007529570677570084
265 0.0008305344626168209
266 0.0008624780957943909
267 0.0010206751362928335
268 0.0011149849104361356
269 0.0010967314057632384
270 0.00127926645249221
271 0.001356843847352023
272 0.0015971816588785026
273 0.001820787091121492
274 0.0019500827492211807
275 0.0020991530373831754
276 0.002410983742211834
277 0.002655884929906541
278 0.002639152550623051
279 0.002794307340342678
280 0.0030422507788161962
281 0.0034423067562305257
282 0.0035533489096573187
283 0.0038499683605918975
284 0.004037066783489094
285 0.004102475175233641
286 0.004443207262461057
287 0.0042621933411214905
288 0.004523826908099687
289 0.004791544976635508
290 0.004758080218068533
291 0.004767206970404983
292 0.004771770346573207
293 0.004817404108255451
294 0.00478546047507788
295 0.004709404205607474
296 0.004508615654205604
297 0.004469066394080995
298 0.004339770735981306
299 0.0040614047897196215
300 0.004047714661214949
301 0.0037739120911214927
302 0.003726757204049842
303 0.0034027574961059156
304 0.0030239972741432997
305 0.002846025603582551
306 0.00258287091121495
307 0.002365349980529594
308 0.0022406176985981284
309 0.0021128431658878483
310 0.0017614632009345774
311 0.0016656323014018666
312 0.0014268156152647952
313 0.0012914354556074746
314 0.0011028159073208704
315 0.0009598301207165097
316 0.0008442245911214937
317 0.0006403937889408091
318 0.0005962811526479744
319 0.0004867601246105919
320 0.0004198306074766355
321 0.0003757179711838006
322 0.000290534949376947
323 0.00022968993380062305
324 0.00023425330996884735
325 0.00017036604361370716
326 0.00013538015965732086
327 0.00012777453271028036
328 9.126752336448598e-05
329 8.822527258566978e-05
330 4.259151090342679e-05
331 3.0422507788161994e-05
332 3.498588395638629e-05
333 3.954926012461059e-05
334 9.126752336448597e-06
335 2.2816880841121494e-05
336 2.4338006230529594e-05
337 1.5211253894080997e-05
338 1.2169003115264797e-05
339 1.3690128504672897e-05
340 7.6056269470404984e-06
341 4.563376168224299e-06
342 9.126752336448597e-06
343 4.563376168224299e-06
344 3.0422507788161993e-06
345 4.563376168224299e-06
346 4.563376168224299e-06
347 1.5211253894080996e-06
348 4.563376168224299e-06
349 1.5211253894080996e-06
350 4.563376168224299e-06
351 1.5211253894080996e-06
352 3.0422507788161993e-06
353 0.0
354 1.5211253894080996e-06
355 1.5211253894080996e-06
356 0.0
357 1.5211253894080996e-06
358 1.5211253894080996e-06
