0 0.0
1 1.5214216163583252e-06
2 0.0
3 4.5642648490749755e-06
4 0.0
5 1.5214216163583252e-06
6 3.0428432327166505e-06
7 1.5214216163583252e-06
8 0.0
9 1.5214216163583252e-06
10 4.56396862212475e-06
11 6.08509401153285e-06
12 3.0428432327166505e-06
13 0.0
14 1.5214216163583252e-06
15 1.5211253894080996e-06
16 3.042547005766425e-06
17 1.5211253894080996e-06
18 1.5211253894080996e-06
19 3.0428432327166505e-06
20 1.5214216163583252e-06
21 6.085390238483075e-06
22 1.5211253894080996e-06
23 4.563376168224299e-06
24 0.0
25 1.5214216163583252e-06
26 3.0422507788161993e-06
27 3.042547005766425e-06
28 1.5211253894080996e-06
29 3.0422507788161993e-06
30 6.085390238483075e-06
31 7.6056269470404984e-06
32 4.563376168224299e-06
33 4.563672395174524e-06
34 9.126752336448597e-06
35 3.0422507788161993e-06
36 1.0648470179757148e-05
37 1.0648173952806922e-05
38 1.2169595569165248e-05
39 1.3690720958573348e-05
40 6.084501557632399e-06
41 1.2169299342215022e-05
42 1.8254097126797648e-05
43 4.563376168224299e-06
44 1.6732379283489095e-05
45 9.126752336448597e-06
46 1.8253504672897195e-05
47 9.126752336448597e-06
48 7.6056269470404984e-06
49 7.6056269470404984e-06
50 1.0647877725856697e-05
51 1.2169003115264797e-05
52 9.126752336448597e-06
53 1.6732379283489095e-05
54 6.084501557632399e-06
55 1.0647877725856697e-05
56 7.6056269470404984e-06
57 7.6056269470404984e-06
58 4.563376168224299e-06
59 3.0422507788161993e-06
60 1.0647877725856697e-05
61 1.2169003115264797e-05
62 3.0422507788161993e-06
63 3.0422507788161993e-06
64 4.563376168224299e-06
65 6.084501557632399e-06
66 1.5211253894080996e-06
67 0.0
68 3.0422507788161993e-06
69 1.5211253894080996e-06
70 1.5211253894080996e-06
71 3.0422507788161993e-06
72 0.0
73 3.0422507788161993e-06
74 3.0422507788161993e-06
75 0.0
76 1.5211253894080996e-06
77 4.563376168224299e-06
78 3.0422507788161993e-06
79 0.0
80 1.5211253894080996e-06
81 1.5211253894080996e-06
82 1.5211253894080996e-06
83 6.084501557632399e-06
84 1.5211253894080996e-06
85 1.5211253894080996e-06
86 0.0
87 3.0422507788161993e-06
88 1.5211253894080996e-06
89 1.5211253894080996e-06
90 4.563376168224299e-06
91 1.5211253894080996e-06
92 4.563376168224299e-06
93 6.084501557632399e-06
94 1.2169003115264797e-05
95 1.5211253894080997e-05
96 1.2169003115264797e-05
97 9.126752336448597e-06
98 7.6056269470404984e-06
99 1.5211253894080995e-05
100 2.738025700934579e-05
101 3.194363317757009e-05
102 3.802813473520249e-05
103 4.411293251978512e-05
104 8.061964563862928e-05
105 0.00010647877725856698
106 0.00012777453271028036
107 0.00013994353582554516
108 0.00019774630062305295
109 0.0002570701908099688
110 0.0002707603193146417
111 0.0003650700934579439
112 0.0004548164914330218
113 0.0005719431464174452
114 0.0006723374221183797
115 0.0007940274532710274
116 0.0009233231113707156
117 0.0010495765186915873
118 0.001270139700155762
119 0.0014526747468847337
120 0.0016032661604361352
121 0.0017705899532710265
122 0.0018877166082554497
123 0.0023181950934579414
124 0.0024794343847351994
125 0.0027654059579439224
126 0.0030072651910867613
127 0.003284110308185985
128 0.0033921099146070085
129 0.0037237149532710237
130 0.003953404887071648
131 0.0042256863317756965
132 0.004484277647975071
133 0.004881291670837538
134 0.005071432936967449
135 0.005383263049342207
136 0.005775714584717303
137 0.006072334035651883
138 0.006309629300172596
139 0.006668614595845954
140 0.007257291010227742
141 0.007620839385842377
142 0.008249065356575727
143 0.008751039401122948
144 0.009272783632328224
145 0.009955771894441958
146 0.01046534860366672
147 0.011212222947227802
148 0.012044277646553183
149 0.012844394637239999
150 0.013734251212682042
151 0.014421802850963996
152 0.015463774631389392
153 0.016391661711382243
154 0.017102027268235828
155 0.01787172086245363
156 0.01884676312574507
157 0.019513017231213625
158 0.020156454752067992
159 0.020847044493951465
160 0.02134141468891335
161 0.021682144998779077
162 0.02219324520320884
163 0.022313415293879882
164 0.022413816086573713
165 0.022676965446856216
166 0.02206090699810338
167 0.021968119534257296
168 0.021352063751547003
169 0.021031102443431548
170 0.020436347748258088
171 0.020159500557570213
172 0.019484125031850322
173 0.018562322749642052
174 0.018183560157863845
175 0.017628347020914287
176 0.0169925183855034
177 0.016163505048275982
178 0.01580908075895525
179 0.01517629289318842
180 0.014417251027646832
181 0.013963954476695416
182 0.013580632359699326
183 0.012853537978285659
184 0.012485422375552453
185 0.012312013192479078
186 0.011502779817399075
187 0.011250272410303422
188 0.01045015304980101
189 0.010313257393066332
190 0.009554211084120488
191 0.009176974357362885
192 0.008355562796132154
193 0.008253651542219116
194 0.007312071371452098
195 0.007091508189987922
196 0.006507393966866563
197 0.005946095143451572
198 0.005649477469878693
199 0.00501060302896559
200 0.004560347840112141
201 0.004034038159149988
202 0.003693306664376476
203 0.0032978108046339163
204 0.0028642939196029614
205 0.002473359066213025
206 0.0022102043738454237
207 0.0019394413884882293
208 0.0016534695190525567
209 0.001402485310934972
210 0.001257977510260352
211 0.001175837035459264
212 0.0009081165971078377
213 0.0008031574641039284
214 0.00070732893438682
215 0.0005445655554506515
216 0.0004532995132209169
217 0.0004107077060905399
218 0.00037267927512838714
219 0.00030422833637807245
220 0.0002160024713385022
221 0.00021752270804705962
222 0.00020535400115874504
223 0.0001551574557621782
224 0.00014907206552369512
225 0.00012777542139113106
226 8.214165970888806e-05
227 9.735232114906861e-05
228 9.88746314462776e-05
229 7.301520359938969e-05
230 5.780306102445802e-05
231 4.259151090342679e-05
232 6.845301233896629e-05
233 4.411352497368557e-05
234 4.715577575250177e-05
235 2.2816880841121494e-05
236 3.650789802664507e-05
237 3.0423396469012673e-05
238 3.0423100242062447e-05
239 2.5859131619937694e-05
240 1.8254393353747874e-05
241 1.9775814970106197e-05
242 1.3690424731623123e-05
243 1.5211253894080997e-05
244 1.3690424731623123e-05
245 1.977492628925552e-05
246 1.2169003115264797e-05
247 9.127048563398824e-06
248 1.3690128504672897e-05
249 2.1295755451713395e-05
250 2.1295755451713395e-05
251 1.5211253894080997e-05
252 1.8254097126797648e-05
253 6.084501557632399e-06
254 1.0648173952806922e-05
255 1.2169299342215024e-05
256 1.3690424731623123e-05
257 1.8253504672897195e-05
258 9.126752336448597e-06
259 9.126752336448597e-06
260 9.127048563398824e-06
261 1.0648173952806924e-05
262 1.0647877725856697e-05
263 4.563376168224299e-06
264 1.977492628925552e-05
265 1.6732379283489095e-05
266 1.825380089984742e-05
267 1.2169003115264797e-05
268 1.5211253894080997e-05
269 2.129605167866362e-05
270 1.6732379283489095e-05
271 9.126752336448597e-06
272 1.9774630062305295e-05
273 1.5211253894080997e-05
274 2.890138239875389e-05
275 3.650700934579439e-05
276 4.715518329860131e-05
277 4.867601246105919e-05
278 5.628163940809969e-05
279 6.540868797149852e-05
280 6.997176791277258e-05
281 7.909852024922118e-05
282 0.00010039427570093458
283 0.00011712665498442368
284 0.00019166179906542055
285 0.00016884521445124928
286 0.00019318322068177888
287 0.000222084899307483
288 0.00020687334918645178
289 0.0002129581469710344
290 0.00026923978637913407
291 0.00026467729889176046
292 0.00031183218596341156
293 0.00026771984589752686
294 0.00031639467345078516
295 0.00028901530512229006
296 0.00034529842566514084
297 0.00032856693506250244
298 0.00033008687554410965
299 0.00033769339117200084
300 0.00031183366709816265
301 0.0003270455134461441
302 0.0002814123442178016
303 0.000260116292539138
304 0.00023881994463352413
305 0.0002540329758893065
306 0.0002509898364296396
307 0.00018253860145237466
308 0.00017341184911592606
309 0.0001627654525248205
310 0.00016732616265049277
311 0.00013690454354318147
312 0.00010496120659256158
313 8.670622078491325e-05
314 0.00012929862036919072
315 8.97490640176299e-05
316 7.910029761092253e-05
317 4.715547952555154e-05
318 4.411470988148647e-05
319 2.8901974852654343e-05
320 3.1944521858420766e-05
321 4.563553904394434e-05
322 2.433889491138027e-05
323 2.129605167866362e-05
324 1.21701880230657e-05
325 1.673415664519045e-05
326 9.127048563398824e-06
327 1.6733564191289997e-05
328 6.084501557632399e-06
329 6.085686465433301e-06
330 3.042547005766425e-06
331 1.0648470179757148e-05
332 3.0422507788161993e-06
333 3.0422507788161993e-06
334 3.042547005766425e-06
335 1.5214216163583252e-06
336 4.563672395174524e-06
337 0.0
338 0.0
339 0.0
340 1.5214216163583252e-06
341 1.5214216163583252e-06
342 3.042547005766425e-06
343 1.5214216163583252e-06
344 1.5214216163583252e-06
345 3.0428432327166505e-06
346 0.0
347 3.042547005766425e-06
348 3.0428432327166505e-06
349 3.0428432327166505e-06
350 1.5214216163583252e-06
351 0.0
352 3.0428432327166505e-06
353 4.5642648490749755e-06
354 3.0428432327166505e-06
355 1.5214216163583252e-06
356 3.042547005766425e-06
357 3.0428432327166505e-06
358 3.0428432327166505e-06
