0 0.00034846724330401564
1 0.00029370079954118113
2 0.0003195655553131037
3 0.00033023269355657585
4 0.0003667408939403827
5 0.00039563752931300365
6 0.00047174092299925125
7 0.0004641495336548913
8 0.0005204356150786168
9 0.0005356447905369929
10 0.0006132607170679041
11 0.0007410909819046736
12 0.0008978098534861352
13 0.0009358771202111018
14 0.001045450314436075
15 0.0011991085619059727
16 0.0014623696736515428
17 0.001629773208124649
18 0.0019341358273523128
19 0.0021578094030888888
20 0.0024773894898009676
21 0.0028897777845649855
22 0.0033402289114262533
23 0.003887984586028328
24 0.0044494621010187745
25 0.005219476729820415
26 0.005718532975260204
27 0.006629957343857725
28 0.007447165101643944
29 0.008308386708817022
30 0.009206158926701687
31 0.009942726271295263
32 0.010788661939133828
33 0.011313548575045304
34 0.011861391729910164
35 0.012419743082334154
36 0.012720932079261123
37 0.012647957531629643
38 0.01241666883799823
39 0.01198273518330031
40 0.01127373517566569
41 0.010354551856506324
42 0.00970332229420794
43 0.00871730110316269
44 0.007315899805651035
45 0.006308547547386632
46 0.0051794516454100005
47 0.004266526289420833
48 0.0032987766933286317
49 0.00248320747744243
50 0.0018106587532623333
51 0.0014013491588117503
52 0.00100575313002494
53 0.0006999227641239218
54 0.000474729224217736
55 0.00029669650481136854
56 0.00019323212029890544
57 0.00015977033012144304
58 8.064098159923453e-05
59 5.1732785634633384e-05
60 3.1950448244334714e-05
61 1.8260618970743517e-05
62 1.521599571926584e-05
63 4.5657470227463765e-06
64 6.085686580831412e-06
65 1.5214216163583252e-06
66 1.5211253894080996e-06
67 1.5214216163583252e-06
68 0.0
69 0.0
70 0.0
71 0.0
72 0.0
73 0.0
74 0.0
75 0.0
76 0.0
77 0.0
78 0.0
79 0.0
80 0.0
81 0.0
82 0.0
83 0.0
84 0.0
85 0.0
86 0.0
87 0.0
88 0.0
89 0.0
90 0.0
91 0.0
92 0.0
93 0.0
94 0.0
95 0.0
96 0.0
97 0.0
98 0.0
99 0.0
100 0.0
101 0.0
102 0.0
103 0.0
104 0.0
105 0.0
106 0.0
107 0.0
108 0.0
109 0.0
110 0.0
111 0.0
112 0.0
113 0.0
114 0.0
115 0.0
116 0.0
117 0.0
118 0.0
119 0.0
120 0.0
121 0.0
122 0.0
123 0.0
124 0.0
125 0.0
126 0.0
127 0.0
128 0.0
129 0.0
130 0.0
131 0.0
132 0.0
133 0.0
134 0.0
135 0.0
136 0.0
137 0.0
138 0.0
139 0.0
140 0.0
141 0.0
142 0.0
143 0.0
144 0.0
145 0.0
146 0.0
147 0.0
148 0.0
149 0.0
150 0.0
151 0.0
152 0.0
153 0.0
154 0.0
155 0.0
156 0.0
157 1.5211253894080996e-06
158 0.0
159 3.0422507788161993e-06
160 4.563376168224299e-06
161 1.5211253894080996e-06
162 3.0422507788161993e-06
163 1.5211253894080997e-05
164 9.126752336448597e-06
165 1.6732379283489095e-05
166 2.1295755451713395e-05
167 4.411263629283489e-05
168 5.323938862928349e-05
169 6.692951713395638e-05
170 0.00012777453271028036
171 0.00014754916277258566
172 0.0002646758177570093
173 0.0003316053348909657
174 0.0003757179711838006
175 0.0005019713785046728
176 0.0005825910241433022
177 0.0005825910241433022
178 0.0006738585475077882
179 0.000596281152647975
180 0.0006221402842679128
181 0.0005628163940809968
182 0.0005415206386292834
183 0.0004639432437694704
184 0.000305746203271028
185 0.0002585913161993769
186 0.00020839417834890965
187 0.00015211253894080996
188 0.00011256327881619938
189 6.388726635514018e-05
190 3.954926012461059e-05
191 3.346475856697819e-05
192 1.0647877725856697e-05
193 0.0
194 4.563376168224299e-06
195 1.5211253894080996e-06
196 1.5211253894080996e-06
197 1.5211253894080996e-06
198 1.5211253894080996e-06
199 1.5211253894080996e-06
200 0.0
201 0.0
202 0.0
203 0.0
204 0.0
205 0.0
206 0.0
207 0.0
208 0.0
209 0.0
210 0.0
211 0.0
212 0.0
213 0.0
214 0.0
215 0.0
216 0.0
217 0.0
218 0.0
219 0.0
220 0.0
221 0.0
222 0.0
223 0.0
224 0.0
225 0.0
226 0.0
227 0.0
228 0.0
229 0.0
230 0.0
231 0.0
232 0.0
233 0.0
234 0.0
235 0.0
236 0.0
237 0.0
238 0.0
239 0.0
240 0.0
241 0.0
242 0.0
243 0.0
244 0.0
245 0.0
246 0.0
247 0.0
248 0.0
249 0.0
250 0.0
251 0.0
252 0.0
253 0.0
254 0.0
255 0.0
256 0.0
257 0.0
258 0.0
259 0.0
260 0.0
261 0.0
262 0.0
263 0.0
264 0.0
265 0.0
266 0.0
267 0.0
268 0.0
269 0.0
270 0.0
271 0.0
272 0.0
273 0.0
274 0.0
275 0.0
276 0.0
277 0.0
278 0.0
279 0.0
280 0.0
281 0.0
282 0.0
283 0.0
284 1.5217179587066615e-06
285 0.0
286 0.0
287 3.042547005766425e-06
288 4.5642649644730866e-06
289 4.565154337982259e-06
290 9.12853015980984e-06
291 1.673800967331648e-05
292 2.1301384917883677e-05
293 2.73861833950573e-05
294 5.173159726158263e-05
295 0.00010498372792080512
296 0.0001323660622168077
297 0.00020540556404265856
298 0.0003256049970023148
299 0.0005188285136666515
300 0.0009250745005875981
301 0.0012460938762146603
302 0.0019414349026223967
303 0.0026535313845383094
304 0.0036942395448236287
305 0.005290277340698034
306 0.00705827990786915
307 0.009113881624129763
308 0.012086927518205344
309 0.014871374426234438
310 0.018115313755960732
311 0.02203181101611926
312 0.025910124223163945
313 0.02946753067171377
314 0.032666011788845914
315 0.035887144032843425
316 0.03768726782750934
317 0.03897449456608305
318 0.039522394312077824
319 0.039417541365639526
320 0.038629522596805445
321 0.03669874801932122
322 0.034853122465789
323 0.032140402636366604
324 0.029161152996350154
325 0.026233833361104488
326 0.023682008558758866
327 0.02080489499798889
328 0.017709943776019775
329 0.015036579983083831
330 0.013140585846783112
331 0.01108802906851418
332 0.009190520409764332
333 0.007813541243099431
334 0.006413686872874583
335 0.0053546714771517566
336 0.0044538155333742205
337 0.003581984896133482
338 0.003020487479871185
339 0.0025030683587505442
340 0.0021303410694354812
341 0.0016632118609600725
342 0.0013801479577131284
343 0.0011108240156435536
344 0.0009510614024417831
345 0.0007608572919648327
346 0.000652801974339149
347 0.0006238902187990228
348 0.0005356388599910783
349 0.00045497682445065326
350 0.0004108431442663203
351 0.00041543379733823894
352 0.0003393508548534551
353 0.000292161874777425
354 0.0003089049292032569
355 0.00031500040640315143
356 0.00029064075481449324
357 0.0002830333533976586
358 0.0002815267573340501
