0 0.0
1 0.0
2 0.0
3 0.0
4 0.0
5 0.0
6 0.0
7 0.0
8 0.0
9 0.0
10 0.0
11 1.5211253894080996e-06
12 1.5211253894080996e-06
13 0.0
14 1.5211253894080996e-06
15 0.0
16 0.0
17 0.0
18 0.0
19 4.563376168224299e-06
20 4.563376168224299e-06
21 3.0422507788161993e-06
22 4.563376168224299e-06
23 9.126752336448597e-06
24 4.563376168224299e-06
25 7.6056269470404984e-06
26 7.6056269470404984e-06
27 6.084501557632399e-06
28 1.6732379283489095e-05
29 2.2816880841121494e-05
30 1.8253504672897195e-05
31 3.0422507788161994e-05
32 5.171826323987539e-05
33 6.084501557632399e-05
34 6.084501557632399e-05
35 9.583089953271028e-05
36 0.00014298578660436136
37 0.00015515478971962616
38 0.00022208430685358255
39 0.0002844504478193146
40 0.0003452954633956386
41 0.0004791544976635514
42 0.0005612952686915884
43 0.0006799430490654196
44 0.0008138020833333319
45 0.0009902526285046713
46 0.0012077735591900281
47 0.0015150408878504657
48 0.0017660265771028015
49 0.0021554346767912757
50 0.0026208990459501533
51 0.002899264992211836
52 0.003547264408099686
53 0.004024897780373828
54 0.004634869061526479
55 0.005409121884735201
56 0.00591261438862928
57 0.006448050525700934
58 0.007088444314641741
59 0.007795767620716508
60 0.00842399240654205
61 0.008970076421339561
62 0.009228667737538939
63 0.009797568633177565
64 0.009888836156542057
65 0.010082019080996887
66 0.01001965294003115
67 0.010019652940031156
68 0.01001356843847352
69 0.009674357476635516
70 0.009333625389408096
71 0.009085681950934576
72 0.008970076421339566
73 0.008198865848909654
74 0.007733401479750772
75 0.007134078076323986
76 0.006423712519470405
77 0.0061590367017133945
78 0.005355882496105916
79 0.0049101927570093405
80 0.004310869353582551
81 0.003746531834112146
82 0.0032217435747663513
83 0.0028490678543613675
84 0.002406420366043611
85 0.002153913551401867
86 0.0019059701129283458
87 0.0015910971573208697
88 0.001378139602803736
89 0.0012321115654205588
90 0.0010115483839563848
91 0.0008350978387850455
92 0.0006845064252336439
93 0.0006267036604361361
94 0.0004958868769470404
95 0.0004745911214953271
96 0.000381802472741433
97 0.0003407320872274143
98 0.0002829293224299065
99 0.0002509856892523364
100 0.00017036604361370716
101 0.00016884491822429906
102 0.00016580266744548286
103 0.00012929565809968846
104 0.00011408440420560748
105 0.00011864778037383178
106 0.00011408440420560748
107 7.909852024922118e-05
108 5.476051401869159e-05
109 7.909852024922118e-05
110 8.366189641744548e-05
111 7.909852024922118e-05
112 4.259151090342679e-05
113 3.650700934579439e-05
114 4.259151090342679e-05
115 3.802813473520249e-05
116 3.498588395638629e-05
117 3.954926012461059e-05
118 5.171826323987539e-05
119 3.954926012461059e-05
120 2.5859131619937694e-05
121 3.954926012461059e-05
122 3.0422507788161994e-05
123 3.194363317757009e-05
124 3.498588395638629e-05
125 4.259151090342679e-05
126 3.194363317757009e-05
127 3.650700934579439e-05
128 4.259151090342679e-05
129 5.780276479750779e-05
130 5.019713785046729e-05
131 4.563376168224299e-05
132 7.909852024922118e-05
133 7.757739485981308e-05
134 8.061964563862928e-05
135 0.00010799990264797508
136 0.00010495765186915888
137 0.00012321115654205606
138 0.00015363366433021806
139 0.00015667591510903426
140 0.00018253504672897196
141 0.00021599980529595015
142 0.0002646758177570093
143 0.0003300842095015576
144 0.0003878869742990654
145 0.0004137461059190031
146 0.0004852389992211838
147 0.0006525627920560737
148 0.0007134078076323976
149 0.0008670414719626153
150 0.0010587032710280353
151 0.0011225905373831759
152 0.001451153621495325
153 0.0015941394080996865
154 0.001954646125389404
155 0.002216279692367598
156 0.002560054030373829
157 0.002881011487538939
158 0.0033343068535825523
159 0.003778475467289716
160 0.004231770833333333
161 0.004917798383956384
162 0.005365009248442371
163 0.005994755159657321
164 0.006659486954828659
165 0.007423091900311523
166 0.00813649970794392
167 0.008912273656542055
168 0.009662188473520248
169 0.010410582165109037
170 0.011025116822429916
171 0.011641172605140191
172 0.012398693049065419
173 0.01322770638629283
174 0.013325058411214953
175 0.014199705510124602
176 0.014689507885514005
177 0.01502871884735202
178 0.015345112928348902
179 0.015550464855919007
180 0.015590014116043603
181 0.015374014310747655
182 0.015165620132398751
183 0.014943535825545164
184 0.014227085767133944
185 0.013817903037383172
186 0.01312122760903426
187 0.012496045073987539
188 0.011773510514018698
189 0.011114863220404987
190 0.010314751265576322
191 0.009350357768691586
192 0.00882556950934579
193 0.008162358839563863
194 0.0073379088785046715
195 0.006633627823208727
196 0.005967374902647973
197 0.005387826129283486
198 0.004709404205607475
199 0.004271320093457938
200 0.0037389262071651067
201 0.0032780252141744524
202 0.00295250438084112
203 0.0025144202686915858
204 0.0021615191783489066
205 0.001925744742990652
206 0.0015469845210280355
207 0.0015180831386292814
208 0.001198646806853581
209 0.0010343652647975062
210 0.0008624780957943912
211 0.0008001119548286593
212 0.0006190980334890958
213 0.0005536896417445481
214 0.0004228728582554517
215 0.0003103095794392523
216 0.0002920560747663551
217 0.0002525068146417445
218 0.00023881668613707165
219 0.00020230967679127725
220 0.00016276041666666666
221 0.00013690128504672896
222 0.00013385903426791276
223 0.00011712665498442368
224 7.757739485981308e-05
225 7.301401869158878e-05
226 8.214077102803738e-05
227 6.236614096573208e-05
228 6.845064252336448e-05
229 4.411263629283489e-05
230 4.715488707165109e-05
231 6.236614096573208e-05
232 4.107038551401869e-05
233 3.498588395638629e-05
234 3.498588395638629e-05
235 3.0422507788161994e-05
236 2.1295755451713395e-05
237 3.0422507788161994e-05
238 4.563376168224299e-05
239 3.346475856697819e-05
240 4.259151090342679e-05
241 5.171826323987539e-05
242 6.084501557632399e-05
243 3.650700934579439e-05
244 4.259151090342679e-05
245 5.628163940809969e-05
246 5.628163940809969e-05
247 6.084501557632399e-05
248 6.540839174454828e-05
249 5.932389018691589e-05
250 5.171826323987539e-05
251 6.388726635514018e-05
252 9.278864875389408e-05
253 6.845064252336448e-05
254 0.00012016890576323988
255 0.00012777453271028036
256 0.00012929565809968846
257 0.00017797167056074766
258 0.00015971816588785046
259 0.00021599980529595015
260 0.0002540279400311526
261 0.0002677180685358255
262 0.0003285630841121495
263 0.0003589855919003115
264 0.0004365629867601246
265 0.0005399995132398751
266 0.0006114924065420554
267 0.0007042810552959492
268 0.0008077175817756995
269 0.0010039427570093437
270 0.001189520054517131
271 0.0014131254867601228
272 0.0016747590537383153
273 0.0018344772196261655
274 0.002178251557632397
275 0.0025509272780373823
276 0.0028216875973520223
277 0.0033069265965732053
278 0.0037967289719626146
279 0.004294136974299063
280 0.00483869986370716
281 0.005526248539719626
282 0.006049515673676011
283 0.006616895443925233
284 0.007167542834890963
285 0.0077242747274143255
286 0.00821103485202492
287 0.008696273851246106
288 0.009044611565420548
289 0.009691089855919
290 0.009958807924454829
291 0.009963371300623051
292 0.009866019275700931
293 0.010123089466510903
294 0.009910131911993759
295 0.009665230724299055
296 0.009797568633177569
297 0.00949790693146417
298 0.009015710183021804
299 0.00842095015576324
300 0.007559993185358252
301 0.007021514797507787
302 0.00653019129672897
303 0.005876107379283489
304 0.005182474201713395
305 0.004805235105140181
306 0.004135939933800621
307 0.0036400530568535794
308 0.0030407296534267886
309 0.002520504770249219
310 0.0021721670560747638
311 0.0017356040693146401
312 0.001600223909657319
313 0.001256449571651088
314 0.0010708722741433001
315 0.0008579147196261665
316 0.0007544781931464162
317 0.0005810698987538935
318 0.0004852389992211838
319 0.0003559433411214953
320 0.0002722814447040498
321 0.00018253504672897196
322 0.00015211253894080996
323 0.00012777453271028036
324 0.00010343652647975078
325 8.366189641744548e-05
326 5.932389018691589e-05
327 3.954926012461059e-05
328 3.650700934579439e-05
329 3.650700934579439e-05
330 1.8253504672897195e-05
331 1.8253504672897195e-05
332 1.8253504672897195e-05
333 9.126752336448597e-06
334 1.2169003115264797e-05
335 1.2169003115264797e-05
336 4.563376168224299e-06
337 1.5211253894080996e-06
338 1.5211253894080996e-06
339 4.563376168224299e-06
340 0.0
341 0.0
342 0.0
343 1.5211253894080996e-06
344 1.5211253894080996e-06
345 3.0422507788161993e-06
346 1.5211253894080996e-06
347 1.5211253894080996e-06
348 1.5211253894080996e-06
349 0.0
350 0.0
351 0.0
352 1.5211253894080996e-06
353 0.0
354 1.5211253894080996e-06
355 0.0
356 0.0
357 0.0
358 0.0
