0 1.5211253894080996e-06
1 1.5211253894080996e-06
2 1.5211253894080996e-06
3 0.0
4 0.0
5 0.0
6 1.5211253894080996e-06
7 0.0
8 1.5211253894080996e-06
9 3.0422507788161993e-06
10 1.5211253894080996e-06
11 0.0
12 1.5211253894080996e-06
13 4.563376168224299e-06
14 1.5211253894080996e-06
15 4.563376168224299e-06
16 3.0422507788161993e-06
17 1.5211253894080996e-06
18 4.563376168224299e-06
19 3.0422507788161993e-06
20 3.0422507788161993e-06
21 1.2169003115264797e-05
22 1.8253504672897195e-05
23 1.6732379283489095e-05
24 9.126752336448597e-06
25 2.1295755451713395e-05
26 3.194363317757009e-05
27 3.650700934579439e-05
28 4.867601246105919e-05
29 4.563376168224299e-05
30 5.476051401869159e-05
31 9.735202492211838e-05
32 8.518302180685358e-05
33 0.00012929565809968846
34 0.00014146466121495326
35 0.00015211253894080996
36 0.00020535192757009345
37 0.000244901187694704
38 0.0003133518302180685
39 0.0003468165887850467
40 0.0004517742406542056
41 0.0005080558800623051
42 0.0005445628894080994
43 0.0006951543029595007
44 0.0007575204439252321
45 0.0009263653621495312
46 0.0010769567757009332
47 0.0012214636876947019
48 0.0014876606308411192
49 0.001741688570872272
50 0.0017888434579439233
51 0.0020048432632398736
52 0.002388166861370714
53 0.0023638288551401836
54 0.0026163356697819283
55 0.0029251241238317737
56 0.0031411239291277222
57 0.003378419489875386
58 0.0037602219626168202
59 0.0037374050817756987
60 0.003789123345015573
61 0.004201348325545169
62 0.004268277842679126
63 0.004260672215732085
64 0.004459939641744546
65 0.004383883372274143
66 0.004700277453271026
67 0.004570981795171335
68 0.004767206970404982
69 0.004452334014797501
70 0.004456897390965728
71 0.004292615848909655
72 0.004319996105919003
73 0.004005123150311521
74 0.0039853485202492175
75 0.0037389262071651076
76 0.0034909827686915858
77 0.0032871519665108994
78 0.003049856405763237
79 0.002937293126947038
80 0.0026148145443925194
81 0.0025874342873831737
82 0.0022375754478193123
83 0.0019668151285046707
84 0.0019500827492211822
85 0.00177515332943925
86 0.0016823646806853564
87 0.0014481113707165091
88 0.0013279424649532687
89 0.0012153791861370699
90 0.0011195482866043595
91 0.0010267596378504657
92 0.0009172386098130825
93 0.0007879429517133941
94 0.0006799430490654197
95 0.0006799430490654196
96 0.0006495205412772574
97 0.0005202248831775698
98 0.0004913235007788162
99 0.0004913235007788161
100 0.0004259151090342679
101 0.0003605067172897196
102 0.0003483377141744548
103 0.0003087884540498442
104 0.0002844504478193146
105 0.0002616335669781931
106 0.0002738025700934579
107 0.0002616335669781931
108 0.00022208430685358255
109 0.00016428154205607476
110 0.00016428154205607476
111 0.00016123929127725856
112 0.00017340829439252336
113 0.00015363366433021806
114 0.00016732379283489096
115 0.00015515478971962616
116 0.00015819704049844236
117 0.00015667591510903426
118 0.00013690128504672896
119 0.00015059141355140186
120 0.00015971816588785046
121 0.00016732379283489096
122 0.00015363366433021806
123 0.00016123929127725856
124 0.00015515478971962616
125 0.00017340829439252336
126 0.00015059141355140186
127 0.00021295755451713395
128 0.00021599980529595015
129 0.00020078855140186915
130 0.0002509856892523364
131 0.00022208430685358255
132 0.00023425330996884735
133 0.0003103095794392523
134 0.0003483377141744548
135 0.0003726757204049844
136 0.0004137461059190031
137 0.0004563376168224299
138 0.0004654643691588785
139 0.0005734642718068533
140 0.0006434360397196254
141 0.0007453514408099678
142 0.0008518302180685344
143 0.0009339709890965716
144 0.001037407515576322
145 0.0011956045560747644
146 0.0013294635903426772
147 0.0016367309190031126
148 0.0017979702102803718
149 0.001998758761682241
150 0.0022132374415887827
151 0.0026680539330218027
152 0.002967715634735201
153 0.0033586448598130823
154 0.003716109326323984
155 0.004368672118380058
156 0.004736784462616817
157 0.0053482768691588784
158 0.005967374902647972
159 0.006662529205607473
160 0.007251204731308404
161 0.007902246397975076
162 0.008764724493769463
163 0.009542019567757005
164 0.010474469431464177
165 0.011213736370716513
166 0.011946918808411224
167 0.01278505889797508
168 0.013799649532710274
169 0.014643874123831767
170 0.015445507204049838
171 0.016247140284267908
172 0.016642632885514017
173 0.017730237538940808
174 0.018288490556853578
175 0.0186474761487539
176 0.01878437743380063
177 0.019187475661993757
178 0.019519080996884736
179 0.019643813278816202
180 0.01979440469236761
181 0.019759418808411224
182 0.019351757204049847
183 0.019249841802959498
184 0.01856229312694703
185 0.018125730140186903
186 0.017391026577102797
187 0.01698032272196261
188 0.016183253017912767
189 0.015437901577102802
190 0.014604324863707167
191 0.013752494645638616
192 0.01301018545560747
193 0.012003200447819317
194 0.011081398461838015
195 0.010497286312305305
196 0.00933210426401869
197 0.008719090732087226
198 0.007970697040498438
199 0.007220782223520247
200 0.006638191199376943
201 0.005964332651869158
202 0.005220502336448596
203 0.004622700058411211
204 0.004213517328660432
205 0.0037739120911214922
206 0.0033738561137071628
207 0.00291295512071651
208 0.0026254624221183766
209 0.0022603923286604343
210 0.001905970112928347
211 0.0017097449376947012
212 0.0016002239096573187
213 0.0013750973520249195
214 0.0012701397001557617
215 0.0010571821456386277
216 0.0009750413746105902
217 0.0008472668419003104
218 0.0006875486760124599
219 0.0006312670366043604
220 0.0005689008956386289
221 0.0005491262655763237
222 0.0004776333722741433
223 0.0004076616043613707
224 0.0003376898364485981
225 0.0003087884540498442
226 0.0003072673286604361
227 0.0002814081970404984
228 0.00024033781152647975
229 0.00022816880841121495
230 0.00023729556074766355
231 0.00021599980529595015
232 0.00016428154205607476
233 0.00018709842289719626
234 0.00016884491822429906
235 0.00019470404984423675
236 0.00013994353582554516
237 0.00018709842289719626
238 0.00015819704049844236
239 0.00015211253894080996
240 0.00014298578660436136
241 0.00016123929127725856
242 0.00015819704049844236
243 0.00014907028816199376
244 0.00016123929127725856
245 0.00017188716900311526
246 0.00014907028816199376
247 0.00017949279595015576
248 0.00019622517523364485
249 0.00021752093068535825
250 0.00022664768302180685
251 0.00023425330996884735
252 0.00023425330996884735
253 0.00023577443535825545
254 0.0002585913161993769
255 0.0003133518302180685
256 0.0003650700934579439
257 0.00033616871105919
258 0.000427436234423676
259 0.0004228728582554517
260 0.0004806756230529595
261 0.0004517742406542056
262 0.0005476051401869155
263 0.0006023656542056068
264 0.0006616895443925224
265 0.0006829852998442359
266 0.0008548724688473507
267 0.0008852949766355129
268 0.0010039427570093442
269 0.0011180271612149515
270 0.0011910411799065405
271 0.0012807875778816176
272 0.001486139505451712
273 0.0015485056464174436
274 0.0018496884735202468
275 0.001912054614485979
276 0.0020839417834890937
277 0.0023410119742990625
278 0.0024870400116822396
279 0.0027288989485981276
280 0.0029738001362928338
281 0.0031243915498442346
282 0.0032795463395638605
283 0.0034955461448598095
284 0.0037100248247663517
285 0.003770869840342677
286 0.004041630159657318
287 0.004227207457165105
288 0.004294136974299061
289 0.004478193146417442
290 0.004382362246884731
291 0.00458467192367601
292 0.004628784559968846
293 0.004660728193146415
294 0.0045268691588785
295 0.004508615654205606
296 0.004441686137071647
297 0.004350418613707159
298 0.004295658099688471
299 0.003924503504672895
300 0.00386365848909657
301 0.0034894616433021786
302 0.003413405373831772
303 0.003103095794392521
304 0.0029251241238317733
305 0.0026148145443925207
306 0.0024550963785046702
307 0.002181293808411212
308 0.0020808995327102784
309 0.001813181464174452
310 0.0016488999221183779
311 0.0014055198598130817
312 0.001299041082554515
313 0.0011347595404984407
314 0.0009126752336448584
315 0.0008548724688473507
316 0.0007301401869158867
317 0.0005993234034267904
318 0.0004821967484423676
319 0.0004046193535825545
320 0.0003529010903426791
321 0.0003027039524922118
322 0.0002935772001557632
323 0.00019014067367601246
324 0.00018861954828660436
325 0.00011560552959501558
326 0.00011864778037383178
327 9.126752336448598e-05
328 6.692951713395638e-05
329 5.171826323987539e-05
330 5.628163940809969e-05
331 3.802813473520249e-05
332 4.107038551401869e-05
333 2.4338006230529594e-05
334 2.4338006230529594e-05
335 2.7380257009345794e-05
336 9.126752336448597e-06
337 9.126752336448597e-06
338 1.0647877725856697e-05
339 7.6056269470404984e-06
340 7.6056269470404984e-06
341 7.6056269470404984e-06
342 1.5211253894080996e-06
343 6.084501557632399e-06
344 6.084501557632399e-06
345 3.0422507788161993e-06
346 0.0
347 3.0422507788161993e-06
348 0.0
349 1.5211253894080996e-06
350 0.0
351 0.0
352 3.0422507788161993e-06
353 0.0
354 1.5211253894080996e-06
355 1.5211253894080996e-06
356 0.0
357 1.5211253894080996e-06
358 0.0
