0 0.03147325152350963
1 0.03141842928368024
2 0.031225630828224354
3 0.030656378045676457
4 0.030002137279412297
5 0.029600199408694055
6 0.028811145121161483
7 0.027576761973111895
8 0.02684209055242996
9 0.025845447331988937
10 0.02479932584928254
11 0.02346865129201191
12 0.02188803534049311
13 0.020397714306181956
14 0.01896746978672852
15 0.017250935511423825
16 0.015647471687631788
17 0.013825816707626028
18 0.012235122888239412
19 0.010398878891873237
20 0.009009569855647192
21 0.007389865942221922
22 0.006378021368759107
23 0.005171147775027465
24 0.00404488572925886
25 0.0032148204794921124
26 0.002412901539658532
27 0.0018135490733604842
28 0.00131300997777357
29 0.0009397780830039386
30 0.0006776851278668262
31 0.0004282650337872358
32 0.0002918238447440961
33 0.00021967255009528163
34 0.000130247400721887
35 8.783402335950935e-05
36 5.336843235698717e-05
37 2.355847594554473e-05
38 2.0420128667991247e-05
39 1.2562849331520583e-05
40 3.1362917835651966e-06
41 6.2713377545447e-06
42 0.0
43 0.0
44 0.0
45 0.0
46 0.0
47 0.0
48 0.0
49 0.0
50 0.0
51 0.0
52 0.0
53 0.0
54 0.0
55 0.0
56 0.0
57 0.0
58 0.0
59 0.0
60 0.0
61 0.0
62 0.0
63 0.0
64 0.0
65 0.0
66 0.0
67 0.0
68 0.0
69 0.0
70 0.0
71 0.0
72 0.0
73 0.0
74 0.0
75 0.0
76 0.0
77 0.0
78 0.0
79 0.0
80 0.0
81 0.0
82 0.0
83 0.0
84 0.0
85 0.0
86 0.0
87 0.0
88 0.0
89 0.0
90 0.0
91 0.0
92 0.0
93 0.0
94 0.0
95 0.0
96 0.0
97 0.0
98 0.0
99 0.0
100 0.0
101 0.0
102 0.0
103 0.0
104 0.0
105 0.0
106 0.0
107 0.0
108 0.0
109 0.0
110 0.0
111 0.0
112 0.0
113 0.0
114 0.0
115 0.0
116 0.0
117 0.0
118 0.0
119 0.0
120 0.0
121 0.0
122 0.0
123 0.0
124 0.0
125 0.0
126 0.0
127 0.0
128 0.0
129 0.0
130 0.0
131 0.0
132 0.0
133 0.0
134 0.0
135 0.0
136 0.0
137 0.0
138 0.0
139 0.0
140 0.0
141 0.0
142 0.0
143 0.0
144 0.0
145 0.0
146 0.0
147 0.0
148 0.0
149 0.0
150 0.0
151 0.0
152 0.0
153 0.0
154 0.0
155 0.0
156 0.0
157 0.0
158 0.0
159 0.0
160 0.0
161 0.0
162 0.0
163 0.0
164 0.0
165 0.0
166 0.0
167 0.0
168 0.0
169 0.0
170 0.0
171 0.0
172 0.0
173 0.0
174 0.0
175 0.0
176 0.0
177 0.0
178 0.0
179 0.0
180 0.0
181 0.0
182 0.0
183 0.0
184 0.0
185 0.0
186 0.0
187 0.0
188 0.0
189 0.0
190 0.0
191 0.0
192 0.0
193 0.0
194 0.0
195 0.0
196 0.0
197 0.0
198 0.0
199 0.0
200 0.0
201 0.0
202 0.0
203 0.0
204 0.0
205 0.0
206 0.0
207 0.0
208 0.0
209 0.0
210 0.0
211 0.0
212 0.0
213 0.0
214 0.0
215 0.0
216 0.0
217 0.0
218 0.0
219 0.0
220 0.0
221 0.0
222 0.0
223 0.0
224 0.0
225 0.0
226 0.0
227 0.0
228 0.0
229 0.0
230 0.0
231 0.0
232 0.0
233 0.0
234 0.0
235 0.0
236 0.0
237 0.0
238 0.0
239 0.0
240 0.0
241 0.0
242 0.0
243 0.0
244 0.0
245 0.0
246 0.0
247 0.0
248 0.0
249 0.0
250 0.0
251 0.0
252 0.0
253 0.0
254 0.0
255 0.0
256 0.0
257 0.0
258 0.0
259 0.0
260 0.0
261 0.0
262 0.0
263 0.0
264 0.0
265 0.0
266 0.0
267 0.0
268 0.0
269 0.0
270 0.0
271 0.0
272 0.0
273 0.0
274 0.0
275 0.0
276 0.0
277 0.0
278 0.0
279 0.0
280 0.0
281 0.0
282 0.0
283 0.0
284 0.0
285 0.0
286 0.0
287 0.0
288 0.0
289 0.0
290 0.0
291 0.0
292 0.0
293 0.0
294 0.0
295 0.0
296 0.0
297 0.0
298 0.0
299 0.0
300 0.0
301 0.0
302 0.0
303 0.0
304 0.0
305 0.0
306 0.0
307 0.0
308 0.0
309 0.0
310 0.0
311 0.0
312 0.0
313 0.0
314 0.0
315 0.0
316 1.5703517587939699e-06
317 3.135033238598634e-06
318 1.5640640640640641e-06
319 3.1382051690090195e-06
320 1.4125010563750505e-05
321 2.3554739101327753e-05
322 2.981943094024902e-05
323 4.8639241047360464e-05
324 8.787384593101967e-05
325 0.00013966034053716433
326 0.00020088176120291424
327 0.00035304944466376634
328 0.0004078945774528977
329 0.000666881713324226
330 0.0009131356934983952
331 0.0013163953880168436
332 0.0017777771289912642
333 0.002406681589826172
334 0.0029778600005668323
335 0.00421877030638721
336 0.00519657001073203
337 0.006081477157274136
338 0.007656655022710001
339 0.008958705148956789
340 0.010452146915047797
341 0.012483962211209261
342 0.013661561943730593
343 0.015449672894404349
344 0.01711839648936599
345 0.018956273772932086
346 0.020215756049714075
347 0.0219250569817523
348 0.023154665033380407
349 0.02454846344964956
350 0.02571056903213063
351 0.026861315410085945
352 0.02788548257761809
353 0.029197675760751492
354 0.02973958717605101
355 0.029953271697851613
356 0.03066770788807963
357 0.031009666744605743
358 0.03154966383568489
