0 0.0
1 0.0
2 0.0
3 0.0
4 0.0
5 0.0
6 0.0
7 0.0
8 0.0
9 0.0
10 0.0
11 0.0
12 0.0
13 0.0
14 0.0
15 0.0
16 0.0
17 0.0
18 0.0
19 0.0
20 0.0
21 0.0
22 0.0
23 0.0
24 0.0
25 0.0
26 0.0
27 0.0
28 0.0
29 0.0
30 0.0
31 0.0
32 0.0
33 0.0
34 0.0
35 0.0
36 0.0
37 0.0
38 0.0
39 0.0
40 0.0
41 0.0
42 0.0
43 0.0
44 0.0
45 0.0
46 0.0
47 0.0
48 0.0
49 0.0
50 0.0
51 0.0
52 0.0
53 0.0
54 0.0
55 0.0
56 0.0
57 0.0
58 0.0
59 0.0
60 0.0
61 0.0
62 0.0
63 0.0
64 0.0
65 0.0
66 0.0
67 0.0
68 0.0
69 0.0
70 0.0
71 0.0
72 0.0
73 0.0
74 0.0
75 0.0
76 0.0
77 0.0
78 0.0
79 0.0
80 0.0
81 0.0
82 0.0
83 0.0
84 0.0
85 0.0
86 0.0
87 0.0
88 0.0
89 0.0
90 0.0
91 0.0
92 0.0
93 0.0
94 0.0
95 0.0
96 0.0
97 0.0
98 0.0
99 0.0
100 0.0
101 0.0
102 0.0
103 0.0
104 0.0
105 0.0
106 0.0
107 0.0
108 0.0
109 0.0
110 0.0
111 0.0
112 0.0
113 0.0
114 0.0
115 0.0
116 0.0
117 0.0
118 0.0
119 0.0
120 0.0
121 0.0
122 0.0
123 0.0
124 0.0
125 0.0
126 0.0
127 0.0
128 0.0
129 0.0
130 0.0
131 0.0
132 0.0
133 0.0
134 0.0
135 0.0
136 0.0
137 0.0
138 0.0
139 0.0
140 0.0
141 0.0
142 0.0
143 0.0
144 0.0
145 0.0
146 1.5211253894080996e-06
147 0.0
148 0.0
149 0.0
150 0.0
151 0.0
152 0.0
153 0.0
154 0.0
155 0.0
156 0.0
157 0.0
158 0.0
159 0.0
160 0.0
161 0.0
162 0.0
163 0.0
164 0.0
165 0.0
166 0.0
167 1.5211253894080996e-06
168 0.0
169 3.0422507788161993e-06
170 0.0
171 1.5211253894080996e-06
172 3.0422507788161993e-06
173 1.0647877725856697e-05
174 4.563376168224299e-06
175 1.0647877725856697e-05
176 6.084501557632399e-06
177 9.126752336448597e-06
178 1.3690128504672895e-05
179 9.126752336448597e-06
180 1.3690128504672897e-05
181 1.8253504672897195e-05
182 3.194363317757009e-05
183 1.8253504672897195e-05
184 1.0647877725856697e-05
185 2.1295755451713395e-05
186 1.2169003115264797e-05
187 1.8253504672897195e-05
188 2.8901382398753894e-05
189 2.4338006230529594e-05
190 2.4338006230529594e-05
191 2.8901382398753894e-05
192 2.1295755451713395e-05
193 2.1295755451713395e-05
194 2.4338006230529594e-05
195 1.9774630062305295e-05
196 1.3690128504672897e-05
197 2.1295755451713395e-05
198 1.5211253894080997e-05
199 1.5211253894080997e-05
200 2.4338006230529594e-05
201 9.126752336448597e-06
202 1.9774630062305295e-05
203 2.1295755451713395e-05
204 1.9774630062305295e-05
205 1.0647877725856697e-05
206 2.4338006230529594e-05
207 1.9774630062305295e-05
208 1.9774630062305295e-05
209 3.802813473520249e-05
210 2.7380257009345794e-05
211 3.498588395638629e-05
212 2.7380257009345794e-05
213 4.107038551401869e-05
214 5.171826323987539e-05
215 5.323938862928349e-05
216 6.084501557632399e-05
217 7.757739485981308e-05
218 7.301401869158878e-05
219 8.214077102803738e-05
220 0.00012473228193146416
221 0.00011104215342679128
222 0.00015363366433021806
223 0.00015971816588785046
224 0.00019926742601246105
225 0.00019622517523364485
226 0.0002585913161993769
227 0.0003316053348909657
228 0.0003300842095015576
229 0.0004061404789719626
230 0.000489802375389408
231 0.0005293516355140184
232 0.0006708162967289713
233 0.0007514359423675996
234 0.0010024216316199361
235 0.0011545341705607452
236 0.0013750973520249199
237 0.0015515478971962586
238 0.0019303081191588763
239 0.002307547215732085
240 0.0027654059579439233
241 0.003305405471183798
242 0.00400968652647975
243 0.004548164914330218
244 0.005515600661993769
245 0.006166642328660435
246 0.007316613123052953
247 0.008784499123831776
248 0.010024216316199371
249 0.011630524727414326
250 0.0131273121105919
251 0.014411141939252333
252 0.016192379770249222
253 0.0177104629088785
254 0.01921941929517134
255 0.02105237538940809
256 0.022267754575545175
257 0.02362307729750777
258 0.024427752628504665
259 0.02570093457943926
260 0.026440201518691593
261 0.027424369645638623
262 0.028341608255451702
263 0.028934847157320868
264 0.029479410046728972
265 0.02929991725077881
266 0.029337945385514014
267 0.02970453660436136
268 0.029363804517133947
269 0.029041325934579428
270 0.02911433995327102
271 0.028586509443146436
272 0.02767991871105918
273 0.027077553056853592
274 0.026272877725856687
275 0.0250346816588785
276 0.024144823306074762
277 0.022940091997663555
278 0.02185248734423677
279 0.020685784170560755
280 0.01905970112928349
281 0.01798122322819315
282 0.01642663308021807
283 0.015392267815420553
284 0.013722072137850459
285 0.012436721183800615
286 0.011107257593457941
287 0.010069850077881614
288 0.008950301791277255
289 0.007599542445482863
290 0.00701847254672897
291 0.00593695239485981
292 0.005307206483644857
293 0.004713967581775698
294 0.004091827297507785
295 0.0034575180101246088
296 0.0031152647975077863
297 0.002734983450155759
298 0.002208674065420558
299 0.001915096865264795
300 0.0016321675428348898
301 0.0013340269665109016
302 0.0011682242990654187
303 0.00099177375389408
304 0.0007985908294392516
305 0.0007149289330218064
306 0.0005247882593457942
307 0.000412224980529595
308 0.0003285630841121495
309 0.0002768448208722741
310 0.00019318292445482865
311 0.00015363366433021806
312 0.00010952102803738318
313 9.278864875389408e-05
314 5.932389018691589e-05
315 5.323938862928349e-05
316 2.7380257009345794e-05
317 2.2816880841121494e-05
318 2.4338006230529594e-05
319 6.084501557632399e-06
320 6.084501557632399e-06
321 4.563376168224299e-06
322 3.0422507788161993e-06
323 3.0422507788161993e-06
324 6.084501557632399e-06
325 1.5211253894080996e-06
326 0.0
327 1.5211253894080996e-06
328 0.0
329 0.0
330 0.0
331 0.0
332 0.0
333 0.0
334 0.0
335 0.0
336 0.0
337 0.0
338 0.0
339 0.0
340 0.0
341 0.0
342 0.0
343 0.0
344 0.0
345 0.0
346 0.0
347 0.0
348 0.0
349 0.0
350 0.0
351 0.0
352 0.0
353 0.0
354 0.0
355 0.0
356 0.0
357 0.0
358 0.0
