0 5.324383284145853e-05
1 4.2595362199974055e-05
2 3.346653592867955e-05
3 1.825557860781055e-05
4 3.9554000332872206e-05
5 2.8902567537351017e-05
6 3.803139369331486e-05
7 3.650908328070775e-05
8 3.0423989038311234e-05
9 3.1944521858420766e-05
10 3.04248781808218e-05
11 4.5635835270894564e-05
12 4.867838273832087e-05
13 4.4114117773847794e-05
14 4.563376168224299e-05
15 7.301549982633992e-05
16 0.00010039605306263593
17 0.00010800227246357687
18 0.00012929773168834005
19 0.0001369027661814801
20 0.0001581985216331935
21 0.00019926979582806287
22 0.00026924156374083546
23 0.00027380642139007266
24 0.00033617285823649325
25 0.00034834008399005665
26 0.0004046237969868079
27 0.00046699023417949033
28 0.0005232727622684404
29 0.000578033572514082
30 0.0006114983310810601
31 0.00065561007892384
32 0.0007194979376174827
33 0.000771220348380923
34 0.0008624869826028977
35 0.0008518364388344897
36 0.0008077270611535054
37 0.0009096451281710016
38 0.0008989960658836054
39 0.0009187668447646946
40 0.0009005139326610961
41 0.0009355021864330842
42 0.0009248549012765933
43 0.0009552753354761036
44 0.0010054745465689606
45 0.0009278977442784462
46 0.0009020386125431103
47 0.0008670539136099232
48 0.0008792217317019892
49 0.0008062074170142466
50 0.0008305433494253283
51 0.0008092490752237643
52 0.0007210214328224927
53 0.0007073339703603717
54 0.0006206321933259742
55 0.0006175878686122446
56 0.0006191069202976029
57 0.0005962918170489792
58 0.0005628276511667653
59 0.0005080739517529085
60 0.0004593905328101723
61 0.00044570069983992586
62 0.0003909404821635827
63 0.00038789645460012327
64 0.0004183251844238214
65 0.00033922340487029353
66 0.0003498733561847343
67 0.0003148874730363371
68 0.00029207147995267914
69 0.00028750514082242904
70 0.0003620462102503521
71 0.00038639843883684055
72 0.00034227039608816757
73 0.00036509616454565003
74 0.0004076820462137028
75 0.000430508407586813
76 0.00048070732256805064
77 0.0004229018921896507
78 0.0004350726723203551
79 0.0004776641831084512
80 0.000506573861246791
81 0.0005461228256061786
82 0.0005233006109486442
83 0.0005856762327926267
84 0.000512655696531075
85 0.0006419703161562655
86 0.0005902470165965768
87 0.000654128652908421
88 0.0006054449368153472
89 0.0006860823580331621
90 0.0006313135485058163
91 0.0006739059476283661
92 0.0006282718913350837
93 0.0006663003221816358
94 0.0006054529362127874
95 0.0006100174968270176
96 0.0006160928156956572
97 0.000593285414462935
98 0.0006145782076454159
99 0.0005948023910593314
100 0.0005278663570479357
101 0.0006236951814916163
102 0.0005735045627115574
103 0.00051265332509963
104 0.0005522037712862248
105 0.0004776650705197203
106 0.0004426756327633859
107 0.0004502780013292372
108 0.0004746257832801228
109 0.00042442094375974587
110 0.0004092111703079599
111 0.0004335462136918617
112 0.0003833384101708085
113 0.00034987513343110496
114 0.00036660662414914167
115 0.0003681262679421387
116 0.00045331551120740305
117 0.000407678490797844
118 0.00041984956888680753
119 0.0004365795776622386
120 0.0004913400902958157
121 0.0005597966582815716
122 0.0006601915274751916
123 0.0007195160088463586
124 0.00085642232998197
125 0.0009400827456109935
126 0.0009887664611267393
127 0.0011545732750571373
128 0.001350807042372851
129 0.001434465974558689
130 0.0016474282700920067
131 0.00196535443791404
132 0.0021418117976903495
133 0.0024293056794650403
134 0.0026879094383503084
135 0.00298301043074595
136 0.003401350722051913
137 0.0037177427299218057
138 0.00405848488805747
139 0.0043703188525368334
140 0.004919467040176989
141 0.0052662880729433485
142 0.005841284430421302
143 0.005851947713795008
144 0.006232241208760564
145 0.006629257598668194
146 0.006729664024983547
147 0.006968483671774277
148 0.007646932256453211
149 0.007761025842424355
150 0.007993747365026822
151 0.008100248955684362
152 0.008208236415299915
153 0.008264519532034087
154 0.008153455754732386
155 0.00815346967497542
156 0.008054585268847773
157 0.0078020876375878125
158 0.007706249333189265
159 0.007611921780581357
160 0.007131255050107893
161 0.006820934208965932
162 0.0064376120988950776
163 0.006241369144620032
164 0.005891499640308634
165 0.0056739760427728025
166 0.005208497157570246
167 0.004855578295110795
168 0.004543748180774
169 0.004164979367999165
170 0.003971793482544212
171 0.0036553842939729348
172 0.00335116010431057
173 0.003122976185785734
174 0.00309863906985183
175 0.0028963264294062045
176 0.0028385298866438983
177 0.0027928940527579826
178 0.002783768188525731
179 0.0027837841872042014
180 0.002908517060550713
181 0.003221886666809427
182 0.003329888052554593
183 0.0036676134444312255
184 0.003921654712944033
185 0.004271515329522931
186 0.0046883051663170515
187 0.005029081990161454
188 0.005558449623777492
189 0.006099981816642815
190 0.006554834747798853
191 0.0074493059533653335
192 0.007701853657367463
193 0.008241829169530607
194 0.009198709774546487
195 0.009647460130492048
196 0.010335025691555732
197 0.01080203488610708
198 0.011069789988666263
199 0.011885159715754507
200 0.012088983399254242
201 0.012371894651032537
202 0.012565124388924888
203 0.012638154405487698
204 0.012572755200010366
205 0.012705072956338591
206 0.012756853736506365
207 0.012262426356817287
208 0.0120494688126876
209 0.01152465002996257
210 0.011164135017395056
211 0.010929884085321032
212 0.01025295336141862
213 0.009966933194063925
214 0.009218545139443467
215 0.008623763488310262
216 0.007978768993296373
217 0.007417429574208782
218 0.006662887393733289
219 0.0061517836304246995
220 0.005479416583418734
221 0.005184279446487905
222 0.004613837574676389
223 0.004148352170634083
224 0.003597645820233476
225 0.0033010281513928654
226 0.002963321130203408
227 0.0025708491535531095
228 0.0022057636534083985
229 0.001957789106603903
230 0.0017356967994294255
231 0.0015683682677715904
232 0.001331057302183662
233 0.00111657062345721
234 0.0009887786100096479
235 0.0008883804828968346
236 0.0007636455331915101
237 0.0006769369421293355
238 0.0006328248987521285
239 0.0005506802778125236
240 0.0005004783995229313
241 0.0004913495724437827
242 0.0004091999132220564
243 0.0003559637837818839
244 0.00028902952563160936
245 0.0002951152123278389
246 0.0002540433459100001
247 0.00024339191219115917
248 0.0002479567703021237
249 0.00023882912940015511
250 0.0002327452198346958
251 0.00020079536496791866
252 0.00017950257282442543
253 0.00019775607715112825
254 0.00018863021395712279
255 0.00018254452737635882
256 0.00019623376696931738
257 0.0001734162934434992
258 0.0001810254755756023
259 0.00019014896872307488
260 0.0001886305102995386
261 0.00016732794024299034
262 0.00017037611648399592
263 0.00017797937326930773
264 0.00019166920681667942
265 0.00020688194080672618
266 0.00019015104300418255
267 0.00015972586813475063
268 0.0002160086926815149
269 0.0001825471939959014
270 0.0001931929970944561
271 0.0002068846074263362
272 0.00021601135918565938
273 0.00020535903805561675
274 0.0002114465031524004
275 0.00022818451167112865
276 0.0002859872755453168
277 0.00030271906237490533
278 0.00028750632711534445
279 0.0003300966517258558
280 0.0003468355495026277
281 0.0003894264684139488
282 0.00048222074559522787
283 0.0005415461179556125
284 0.0005902265734746628
285 0.000686065473212465
286 0.0007469193766359461
287 0.0008473157256947353
288 0.0009264198742560115
289 0.0010876665724765394
290 0.0012337067579347703
291 0.0013508423004200886
292 0.0016276998605516
293 0.0019045686794999192
294 0.002169252495384652
295 0.0023715796508351687
296 0.0026636632793247644
297 0.0031245758248197447
298 0.003419712667601669
299 0.0037330727933282577
300 0.004130110512269169
301 0.004528682702162826
302 0.00504741282137879
303 0.005452065061693077
304 0.006132051956848129
305 0.006524542308687677
306 0.006932233238362466
307 0.007449428609904994
308 0.007665473153664302
309 0.008047301989680513
310 0.00842913083077572
311 0.008724251081385548
312 0.008943326319840992
313 0.008914409534103364
314 0.008769893139153705
315 0.008963080507704432
316 0.008789692658857992
317 0.008590419011849188
318 0.00835462620580369
319 0.008225326105222459
320 0.00784500505861245
321 0.007732441778987316
322 0.007274547188698241
323 0.0065900144005359455
324 0.006232511415865171
325 0.0059039441829598065
326 0.0053076094072332086
327 0.004901422112745874
328 0.004399430005164457
329 0.003949113186563378
330 0.0036875110289901003
331 0.0033299973816499654
332 0.003063786810332936
333 0.002572431903380485
334 0.002429428340389287
335 0.0020004309798968708
336 0.0018254968272937752
337 0.0014938769727807105
338 0.0013569650216018036
339 0.0011835229526048904
340 0.0009949010340413618
341 0.0009279682595652712
342 0.0007651921397538195
343 0.0006343623200861471
344 0.0005461379369891148
345 0.0004746320065851058
346 0.00038488146235617933
347 0.0003301135405861615
348 0.00027078342917169837
349 0.00024948708230493723
350 0.00019167809350958574
351 0.00017494660371500387
352 0.00015821392785823532
353 0.00012930899027448626
354 0.00013082922675218002
355 9.279783317433073e-05
356 6.845745712819933e-05
357 8.519576233574005e-05
358 6.0850644811630606e-05
