0 1.5211253894080996e-06
1 0.0
2 1.5211253894080996e-06
3 1.5211253894080996e-06
4 0.0
5 4.563376168224299e-06
6 1.5211253894080996e-06
7 0.0
8 1.5211253894080996e-06
9 3.0422507788161993e-06
10 1.5211253894080996e-06
11 3.0422507788161993e-06
12 0.0
13 7.6056269470404984e-06
14 3.0422507788161993e-06
15 3.0422507788161993e-06
16 4.563376168224299e-06
17 9.126752336448597e-06
18 4.563376168224299e-06
19 4.563376168224299e-06
20 9.126752336448597e-06
21 1.3690128504672897e-05
22 1.3690128504672897e-05
23 2.2816880841121494e-05
24 1.2169003115264797e-05
25 2.8901382398753894e-05
26 2.5859131619937694e-05
27 2.8901382398753894e-05
28 5.019743407741751e-05
29 4.563405790919321e-05
30 5.476051401869159e-05
31 6.99720641397228e-05
32 0.0001049579480961091
33 0.0001323385013324051
34 0.00012929595432663868
35 0.00019470434607118698
36 0.00020230997301822748
37 0.00028749329105203126
38 0.0003285639727930002
39 0.00036963376585311846
40 0.0004837187625126264
41 0.0005780282404289778
42 0.0006936343624778931
43 0.0007362252809274197
44 0.0008518322916571859
45 0.001101297447974014
46 0.001197127162598923
47 0.0013811842233981536
48 0.001612394393907334
49 0.0016549873859455122
50 0.0019820287522143527
51 0.0021539176985791706
52 0.00233645156040034
53 0.002585917605398019
54 0.00294642521136859
55 0.0032232703284678136
56 0.0033160592734486584
57 0.0037176363762523976
58 0.003816510415244774
59 0.003979272016819241
60 0.0041648481294192284
61 0.004456902426823881
62 0.0046896387585806274
63 0.004583155537917804
64 0.004752002233503805
65 0.004986256728380452
66 0.004943666106157877
67 0.004765691769554579
68 0.004920848929089808
69 0.0048432721266838934
70 0.004806766302245903
71 0.004648565707024055
72 0.0046516100313915235
73 0.004248506471113273
74 0.0043123949223762125
75 0.003954930752092261
76 0.003957975372686679
77 0.0035640015270143764
78 0.0034271005381945993
79 0.0031289617392323134
80 0.002867323728849866
81 0.002686310399964205
82 0.0025463674565925597
83 0.002310591836326502
84 0.002114365772412006
85 0.0018953246050180908
86 0.0017203948890092097
87 0.0015637189739001749
88 0.0014831008093962974
89 0.0012260291374515786
90 0.0011743114666656028
91 0.0010434932020417554
92 0.0009704788871232162
93 0.0008503105738138777
94 0.0007559999109897248
95 0.0006723380145722797
96 0.0005932391980961085
97 0.0005400001056937755
98 0.0005171826323987538
99 0.00045329566227056395
100 0.00037267631285888486
101 0.00037267631285888486
102 0.0003331264602803738
103 0.00030726762488738637
104 0.00028597216566262317
105 0.00028292961865685677
106 0.0002890138239875389
107 0.00023121135541698137
108 0.00023425330996884735
109 0.00021599980529595015
110 0.00017340859061947358
111 0.00015971816588785046
112 0.0001505920060053023
113 0.00017492941978193146
114 0.00013842270666308728
115 0.000146028629837078
116 0.00012777453271028036
117 0.00014907028816199376
118 0.00013690158127367918
119 0.00013842329911698776
120 0.00014298578660436136
121 0.00014146466121495326
122 0.00012473228193146416
123 0.00014298578660436136
124 0.00013385933049486298
125 0.00017188746523006548
126 0.00014754945899953588
127 0.00017949309217710598
128 0.00015819733672539258
129 0.00020230967679127725
130 0.00019774630062305295
131 0.00026315498859455147
132 0.0002692400826060843
133 0.00032247917500841756
134 0.00035594393357539576
135 0.00033616900728614026
136 0.00039549319370000635
137 0.0004228740431632526
138 0.0004913243894596669
139 0.0005689014880925291
140 0.0005689026730003301
141 0.0006571261682242979
142 0.0007909866836269617
143 0.0008989877711827374
144 0.0009856910296981481
145 0.0011971274588258745
146 0.0013461968583070166
147 0.0015393824488043975
148 0.0017264808717015931
149 0.0018983668557969078
150 0.002172170610798167
151 0.0024657475147269797
152 0.002861242782015637
153 0.0031198320246263646
154 0.0035518334125799658
155 0.0041100846531310345
156 0.004604455736773772
157 0.00489042553262079
158 0.005749867005948429
159 0.006402426835734997
160 0.007041300091740299
161 0.0077410204369105775
162 0.00848332873826088
163 0.009164797652346908
164 0.010033356694975534
165 0.010631165786232777
166 0.011548402618684162
167 0.012768343107400803
168 0.013332685070275454
169 0.014172346285228723
170 0.014805136817038097
171 0.015726939099246356
172 0.016061587573596985
173 0.017076179689466942
174 0.017634435077195323
175 0.0178762946065651
176 0.018318942391109816
177 0.018801134103694026
178 0.019055162339952126
179 0.01886198356267461
180 0.01909928060455703
181 0.019070377148569604
182 0.019219454546178412
183 0.01865662659924636
184 0.018136402012295744
185 0.017746992135245557
186 0.017258714439968962
187 0.016482935751739633
188 0.01567065538624961
189 0.015085023296235286
190 0.014335110256618797
191 0.013169919617750634
192 0.012576681604562332
193 0.011609247634260486
194 0.01083042699147929
195 0.010148965186840057
196 0.00919826004109828
197 0.008583722125280965
198 0.00798744097263299
199 0.007007836518081119
200 0.006350710349856822
201 0.005637301357316626
202 0.005200738370556499
203 0.00444778041411864
204 0.003986877051312381
205 0.0035503116947366554
206 0.003236960160745539
207 0.002894705763220914
208 0.002453580288973415
209 0.00226495837087121
210 0.0019272700155573623
211 0.0017386483936821064
212 0.001496789160539269
213 0.001372057767288656
214 0.0012305913287120017
215 0.001067830912045335
216 0.0009400575642428553
217 0.0007940280457249277
218 0.0007331830301486033
219 0.0006282268594141959
220 0.0005506482796465825
221 0.0005110993157489223
222 0.0004183103707680781
223 0.00038332389435779136
224 0.00035442251195903746
225 0.0003270419587227414
226 0.00030118341955670416
227 0.00029357779260966366
228 0.00021600010152290038
229 0.00023425360619579757
230 0.00020839417834890965
231 0.00018861954828660436
232 0.00021599980529595015
233 0.00015363396055716828
234 0.0001627610091205671
235 0.00017340829439252336
236 0.00017340859061947358
237 0.00016428154205607476
238 0.00012777453271028036
239 0.00011864778037383178
240 0.00016732379283489096
241 0.0001369018775006294
242 0.00014754916277258566
243 0.00015059141355140186
244 0.00015059141355140186
245 0.00017949368463100643
246 0.00017036604361370716
247 0.00020231056547212792
248 0.00018861954828660436
249 0.00015819704049844236
250 0.00022208519553443322
251 0.00020991530373831775
252 0.00023273218457943925
253 0.00026467641021090977
254 0.00027988766410499077
255 0.0003163952659046856
256 0.00031791579884019326
257 0.00034833801040140506
258 0.0003544222157320872
259 0.0004122258692104457
260 0.00047154946317041135
261 0.00048371817005872595
262 0.0006556059315157409
263 0.0006540859910341333
264 0.000705803365593158
265 0.0007499165943398937
266 0.0008381403857908119
267 0.0008989877711827375
268 0.0009720006049665251
269 0.001131719955762176
270 0.0012716626029068707
271 0.0013401144303380357
272 0.001569803475457809
273 0.0017127907431969212
274 0.0018983677444777583
275 0.002097635170490219
276 0.002292339220334456
277 0.0024657489958617297
278 0.002657412276061902
279 0.0028414666708185795
280 0.0031898034963121842
281 0.0033191018204544267
282 0.0034499159379009704
283 0.0038438897835732706
284 0.00393972009065208
285 0.004231779127687935
286 0.004418874588315631
287 0.004458425329574993
288 0.004701806280561137
289 0.0046881158558295145
290 0.004744397495237616
291 0.004966480913410349
292 0.0050303690684463396
293 0.00501059473461098
294 0.004888904703458335
295 0.004777861957577642
296 0.0046531287869653265
297 0.004601413485994955
298 0.004523836387362092
299 0.004307832138661888
300 0.004090311207976531
301 0.003933634700413596
302 0.0037465371661972503
303 0.0033662546339374255
304 0.003206535283141773
305 0.002877973976391326
306 0.002613295492591766
307 0.0023060287563852274
308 0.002156959356904086
309 0.0019363949905321105
310 0.0015941429628230895
311 0.0015074391118537775
312 0.0012670992267386474
313 0.0011727891563683942
314 0.0010663097866559267
315 0.0008700849076492327
316 0.0008350996161467464
317 0.0006267039566630866
318 0.0005126195524574797
319 0.0004243948723257105
320 0.0004061413676528133
321 0.0002950989179990718
322 0.00025402853248505307
323 0.00020383109840763558
324 0.00018557818618863882
325 0.00012321115654205606
326 9.88734465384767e-05
327 8.366189641744548e-05
328 7.909881647617142e-05
329 7.605626947040498e-05
330 5.171826323987539e-05
331 5.323938862928349e-05
332 4.411263629283489e-05
333 2.2816880841121494e-05
334 3.650700934579439e-05
335 1.5211253894080997e-05
336 1.3690128504672897e-05
337 1.3690128504672897e-05
338 1.3690424731623122e-05
339 1.3690128504672897e-05
340 1.6732379283489095e-05
341 3.0422507788161993e-06
342 9.126752336448597e-06
343 6.084501557632399e-06
344 1.5211253894080996e-06
345 4.563376168224299e-06
346 0.0
347 1.5211253894080996e-06
348 3.0422507788161993e-06
349 0.0
350 1.5211253894080996e-06
351 0.0
352 0.0
353 0.0
354 3.0422507788161993e-06
355 1.5211253894080996e-06
356 1.5211253894080996e-06
357 1.5211253894080996e-06
358 0.0
