0 0.0
1 0.0
2 1.5211253894080996e-06
3 0.0
4 1.5211253894080996e-06
5 0.0
6 0.0
7 0.0
8 0.0
9 1.5211253894080996e-06
10 0.0
11 0.0
12 0.0
13 0.0
14 0.0
15 0.0
16 1.5211253894080996e-06
17 0.0
18 1.5211253894080996e-06
19 3.0422507788161993e-06
20 1.5211253894080996e-06
21 0.0
22 0.0
23 1.5211253894080996e-06
24 1.5211253894080996e-06
25 0.0
26 0.0
27 0.0
28 1.5211253894080996e-06
29 1.5211253894080996e-06
30 4.563376168224299e-06
31 3.0422507788161993e-06
32 1.5211253894080996e-06
33 1.5211253894080996e-06
34 0.0
35 4.563376168224299e-06
36 1.5211253894080996e-06
37 4.563376168224299e-06
38 1.5211253894080996e-06
39 3.0422507788161993e-06
40 1.5211253894080996e-06
41 3.0422507788161993e-06
42 3.0422507788161993e-06
43 3.0422507788161993e-06
44 4.563376168224299e-06
45 3.0422507788161993e-06
46 1.2169003115264797e-05
47 4.563376168224299e-06
48 1.5211253894080997e-05
49 1.3690128504672897e-05
50 1.0647877725856697e-05
51 1.0647877725856697e-05
52 9.126752336448597e-06
53 1.9774630062305295e-05
54 2.5859131619937694e-05
55 2.5859131619937694e-05
56 2.8901382398753894e-05
57 3.346475856697819e-05
58 4.411263629283489e-05
59 5.932389018691589e-05
60 7.301401869158878e-05
61 6.997176791277258e-05
62 9.735202492211838e-05
63 0.00012777453271028036
64 0.00016123929127725856
65 0.00018861954828660436
66 0.00021143642912772585
67 0.00023273218457943925
68 0.0002768448208722741
69 0.0003833235981308411
70 0.0004441686137071651
71 0.0004609009929906542
72 0.0005552107671339562
73 0.0006814641744548277
74 0.0007864218263239863
75 0.0008792104750778801
76 0.0009765624999999982
77 0.0011286750389408076
78 0.0013081678348909637
79 0.0014739705023364468
80 0.0016108717873831752
81 0.001755378699376945
82 0.002032223520249218
83 0.0022117163161993734
84 0.0024033781152647945
85 0.0026376314252336414
86 0.002776053835669779
87 0.0029403353777258546
88 0.003227828076323985
89 0.003585292542834889
90 0.0036598276869158845
91 0.0039016866238317737
92 0.004140503309968844
93 0.004464503017912769
94 0.004791544976635509
95 0.005062305295950153
96 0.005106417932242986
97 0.005870022877725854
98 0.005970417153426787
99 0.006105797313084109
100 0.006434360397196259
101 0.0068739656347352
102 0.0071143034462616776
103 0.007521965050623053
104 0.007730359228971958
105 0.007839880257009343
106 0.008145626460280376
107 0.00808021806853582
108 0.008249062986760118
109 0.008270358742211834
110 0.00869018934968847
111 0.00860348520249221
112 0.008559372566199373
113 0.008621738707165105
114 0.008579147196261676
115 0.008580668321651084
116 0.008410302278037378
117 0.008390527647975071
118 0.008563935942367594
119 0.008270358742211836
120 0.008148668711059187
121 0.00814562646028037
122 0.00820190809968847
123 0.00821559822819314
124 0.007926584404205605
125 0.00813802083333333
126 0.007991992795950155
127 0.007900725272585665
128 0.007765345112928344
129 0.007838359131619937
130 0.007598021320093453
131 0.007464162285825541
132 0.007558472059968847
133 0.007687767718068533
134 0.007350077881619935
135 0.00705954293224299
136 0.007143204828660432
137 0.006749233352803735
138 0.006598641939252335
139 0.006189459209501551
140 0.005964332651869157
141 0.005853290498442364
142 0.0055946991822429905
143 0.005206812207943923
144 0.0050090659073208695
145 0.0047885027258566925
146 0.004482756522585666
147 0.004347376362928346
148 0.004003602024922116
149 0.003684165693146417
150 0.0033738561137071615
151 0.0033616871105918975
152 0.0030042226440809955
153 0.002979884637850466
154 0.0028658002336448573
155 0.002582870911214951
156 0.002342533099688472
157 0.0022360543224299034
158 0.0020839417834890945
159 0.0019455193730529567
160 0.0019150968652647954
161 0.0016914914330218049
162 0.001618477414330215
163 0.0015272098909657297
164 0.0014176888629283462
165 0.0014344212422118365
166 0.001388787480529593
167 0.0012944777063862909
168 0.0012747030763239856
169 0.001204731308411213
170 0.001201689057632397
171 0.0011378017912772574
172 0.0010769567757009327
173 0.0010632666471962597
174 0.0011286750389408078
175 0.0010784779010903408
176 0.0010663088979750758
177 0.0010617455218068514
178 0.0009948160046728957
179 0.0009841681269470385
180 0.0010145906347352011
181 0.001026759637850466
182 0.001046534267912771
183 0.0010434920171339549
184 0.001011548383956385
185 0.001081520151869157
186 0.0011301961643302163
187 0.001049576518691587
188 0.0011393229166666648
189 0.0011241116627725837
190 0.0012549284462616802
191 0.0011971256814641727
192 0.0013416325934579416
193 0.0013690128504672875
194 0.001422252239096571
195 0.001539378894080994
196 0.0015819704049844212
197 0.0016306464174454809
198 0.0016428154205607457
199 0.0019074912383177543
200 0.002013970015576322
201 0.002024617893302178
202 0.0022041106892523336
203 0.0023486176012461023
204 0.0024946456386292816
205 0.0026771806853582523
206 0.003017912772585667
207 0.003127433800623052
208 0.0034057997468847335
209 0.00360810942367601
210 0.003869742990654205
211 0.004107038551401867
212 0.004281967971183798
213 0.00461661555685358
214 0.004700277453271023
215 0.004995375778816198
216 0.005371093749999997
217 0.005438023267133956
218 0.005825910241433019
219 0.005958248150311524
220 0.006267036604361369
221 0.006613853193146411
222 0.006781176985981306
223 0.0069804444119937695
224 0.007096049941588782
225 0.007284669489875383
226 0.007587373442367595
227 0.007415486273364483
228 0.007777514116043611
229 0.007859654887071646
230 0.007818584501557627
231 0.007686246592679124
232 0.007754697235202489
233 0.00799351392133956
234 0.00782162675233645
235 0.008125851830218066
236 0.007973739291277253
237 0.008060443438473515
238 0.008166922215732082
239 0.008122809579439248
240 0.008086302570093453
241 0.008417907904984416
242 0.008387485397196257
243 0.008664330218068537
244 0.008705400603582554
245 0.008615654205607472
246 0.008490921923676011
247 0.008487879672897195
248 0.00840269665109034
249 0.008548724688473515
250 0.008501569801401864
251 0.0083585840147975
252 0.008096950447819308
253 0.008107598325545166
254 0.007739485981308409
255 0.007737964855918999
256 0.007316613123052952
257 0.007155373831775701
258 0.006965233158099684
259 0.0064739096573208695
260 0.006245740848909656
261 0.005885234131619935
262 0.0057133469626168215
263 0.005453234521028037
264 0.005069910922897195
265 0.004967995521806852
266 0.004554249415887847
267 0.004175489193925232
268 0.0039914330218068506
269 0.003743489583333331
270 0.0036461375584112108
271 0.003262813960280371
272 0.0030665887850467263
273 0.0027806172118380024
274 0.002531152647975076
275 0.0024718287577881605
276 0.002263434579439249
277 0.002082420658099685
278 0.001738646320093455
279 0.0015637169003115243
280 0.0014161677375389393
281 0.001349238220404983
282 0.0011469285436137054
283 0.0010145906347352005
284 0.0009415766160436117
285 0.0007210134345794381
286 0.0007103655568535813
287 0.0006114924065420554
288 0.0005384783878504669
289 0.0004152672313084112
290 0.0003483377141744548
291 0.0003072673286604361
292 0.0002540279400311526
293 0.00020839417834890965
294 0.00017645054517133956
295 0.00013385903426791276
296 0.00013994353582554516
297 0.00010799990264797508
298 8.518302180685358e-05
299 6.692951713395638e-05
300 5.323938862928349e-05
301 4.563376168224299e-05
302 3.650700934579439e-05
303 2.1295755451713395e-05
304 2.4338006230529594e-05
305 3.498588395638629e-05
306 2.4338006230529594e-05
307 2.2816880841121494e-05
308 1.3690128504672897e-05
309 1.0647877725856697e-05
310 7.6056269470404984e-06
311 1.2169003115264797e-05
312 6.084501557632399e-06
313 9.126752336448597e-06
314 9.126752336448597e-06
315 4.563376168224299e-06
316 4.563376168224299e-06
317 4.563376168224299e-06
318 3.0422507788161993e-06
319 3.0422507788161993e-06
320 0.0
321 0.0
322 4.563376168224299e-06
323 3.0422507788161993e-06
324 7.6056269470404984e-06
325 0.0
326 1.5211253894080996e-06
327 1.5211253894080996e-06
328 0.0
329 0.0
330 1.5211253894080996e-06
331 0.0
332 0.0
333 0.0
334 0.0
335 0.0
336 0.0
337 0.0
338 1.5211253894080996e-06
339 1.5211253894080996e-06
340 3.0422507788161993e-06
341 1.5211253894080996e-06
342 1.5211253894080996e-06
343 0.0
344 1.5211253894080996e-06
345 0.0
346 3.0422507788161993e-06
347 1.5211253894080996e-06
348 0.0
349 0.0
350 0.0
351 0.0
352 0.0
353 0.0
354 0.0
355 1.5211253894080996e-06
356 0.0
357 0.0
358 1.5211253894080996e-06
