0 0.0008687768740792635
1 0.0008840282612816183
2 0.0009388749956082085
3 0.0009648695091802426
4 0.0009936908980494002
5 0.0010059681201449154
6 0.001048582775803883
7 0.0011673625692561035
8 0.0011978919764497433
9 0.0011857497763648227
10 0.0013564027462540547
11 0.001362462501928396
12 0.001577257407507509
13 0.0017204986203241922
14 0.0018774178586365231
15 0.001968659028938353
16 0.002095253709461304
17 0.00250360614686048
18 0.002720040211483534
19 0.003163109398961768
20 0.0035287105864918946
21 0.0037784806253594225
22 0.004348159683157173
23 0.004983137753632975
24 0.005552720347844065
25 0.006468238364129769
26 0.007081648555071572
27 0.007935935966049794
28 0.008933264301736217
29 0.0102152968731721
30 0.01093214213091142
31 0.012003456900176708
32 0.01305255899520032
33 0.013866711997653026
34 0.01460593778445447
35 0.015470441552605279
36 0.016010655750496924
37 0.016571770849538297
38 0.01688611206443325
39 0.01691736401933516
40 0.01702965830875946
41 0.01675697603141928
42 0.016086203811690236
43 0.015635639901973704
44 0.014694420381862352
45 0.013849251686788779
46 0.013048537739402915
47 0.012185400037431935
48 0.011141031801984953
49 0.010306869638997218
50 0.0092490006498981
51 0.008743473896668198
52 0.007822654738144839
53 0.00700087519606966
54 0.006462160487635604
55 0.005918676351851998
56 0.005290013519727877
57 0.0049018191184687365
58 0.004472877196553863
59 0.004192803204213549
60 0.003998062832110233
61 0.003722473161782611
62 0.0035446260560574676
63 0.0035048557922059413
64 0.0035020368343676267
65 0.003360542172385401
66 0.003284452037384593
67 0.0033347877082071115
68 0.0034062988708828644
69 0.0035114346749785218
70 0.0035645927891804364
71 0.003374482317000982
72 0.0034931967825811636
73 0.003453725187111266
74 0.003403343476371863
75 0.0034429177449656736
76 0.003383498244888064
77 0.003397201566948336
78 0.003150517390319363
79 0.0031033565521807072
80 0.0028231000940754413
81 0.002579464754298221
82 0.0024394399131288567
83 0.0022763567705784016
84 0.0019748567829893527
85 0.001957940447790685
86 0.001626018010312306
87 0.0014326782599647365
88 0.0013518637962840468
89 0.0011767291564138472
90 0.0010076696636217982
91 0.0009056510490530522
92 0.0007320914949711104
93 0.0007213723326591179
94 0.0006680560843588061
95 0.0005843313591373915
96 0.0005645659143415189
97 0.0005645155577170261
98 0.0004655777237925853
99 0.00044578345292712945
100 0.00041078870610265067
101 0.00034231844933449245
102 0.0002875487898957475
103 0.00029970798078426687
104 0.00025710340197301776
105 0.00020842505058501207
106 0.00020081582738136472
107 0.00014908925904257215
108 0.00011258077052798098
109 0.00010952843752096317
110 9.889004933820646e-05
111 8.215796362291885e-05
112 7.759044051061885e-05
113 6.238275338252065e-05
114 5.782292845235321e-05
115 2.4343045552650885e-05
116 4.564502350210054e-05
117 3.195549288212816e-05
118 2.1303760393797894e-05
119 3.195965187021964e-05
120 1.9780557603144996e-05
121 1.674067860304817e-05
122 2.434986733028094e-05
123 2.1308806435044356e-05
124 2.5867428860508712e-05
125 1.2176424759947633e-05
126 1.9793912556234556e-05
127 2.5870394479052954e-05
128 2.2825772267914103e-05
129 2.8920365209369156e-05
130 2.4353717923752974e-05
131 2.7389739042184714e-05
132 1.6742159852657326e-05
133 2.1311473624870463e-05
134 3.3480764869012024e-05
135 3.9578023371516426e-05
136 4.261136919473457e-05
137 2.7388850823331256e-05
138 2.435582493783779e-05
139 4.10961829273749e-05
140 6.849869026349161e-05
141 5.022797168020447e-05
142 3.957239219172004e-05
143 4.718841057038118e-05
144 5.3266659995237174e-05
145 4.870506060009082e-05
146 6.240439111507729e-05
147 6.849571687856903e-05
148 5.783833674596673e-05
149 4.5660165343882405e-05
150 4.71860383438648e-05
151 4.109499083071792e-05
152 3.500812154540208e-05
153 5.632346546233028e-05
154 3.652627680215172e-05
155 3.653192943775874e-05
156 3.652983394911624e-05
157 2.740190897532589e-05
158 1.3697834908334196e-05
159 1.2173152139544834e-05
160 2.130672266167911e-05
161 1.5218366804584139e-05
162 1.826536252770962e-05
163 3.0440288330411064e-06
164 4.5642649644730866e-06
165 6.0880577816152655e-06
166 6.088354701561422e-06
167 3.0431395750649867e-06
168 0.0
169 6.0883542394291574e-06
170 0.0
171 1.5220144165205532e-06
172 0.0
173 1.5214216163583252e-06
174 0.0
175 0.0
176 4.565450449399432e-06
177 0.0
178 0.0
179 0.0
180 4.5642649644730866e-06
181 1.5220144165205532e-06
182 3.0437323752272145e-06
183 3.0437323752272145e-06
184 1.5211253894080996e-06
185 0.0
186 0.0
187 0.0
188 4.564561191423312e-06
189 1.5217179587066615e-06
190 3.043435917413323e-06
191 4.566340054042261e-06
192 6.089542150820604e-06
193 7.616632225500691e-06
194 7.610962149377858e-06
195 1.0657375037774236e-05
196 1.826862564562216e-05
197 1.6742460702147885e-05
198 2.7392706047666887e-05
199 2.4357871222081885e-05
200 2.282696041091247e-05
201 4.8732423050126784e-05
202 4.565866576410735e-05
203 5.174882399884966e-05
204 5.630803863752383e-05
205 5.478335344112059e-05
206 6.999965753712192e-05
207 7.91192788027232e-05
208 0.00010045718892529653
209 0.00010500810879888428
210 0.00011564289788198925
211 0.00011261014972322809
212 0.0001095489034127776
213 0.00011866260303872637
214 0.00015216803423887955
215 0.00018714863839722144
216 0.00014759160547602615
217 0.00017647634963484946
218 0.00020386077744753513
219 0.00020537209806143942
220 0.0002068849120863938
221 0.00020841375707908083
222 0.00023125705682863805
223 0.00017950287598261983
224 0.00027229865200338447
225 0.00026165998149542424
226 0.00023579402346602478
227 0.0002509937045055756
228 0.0002768525288952229
229 0.0002555633112681907
230 0.0002631713222640835
231 0.0002525210557342944
232 0.0003012003366466877
233 0.00026164721353657075
234 0.00024186486595987396
235 0.00026316210439446345
236 0.00023121313358673932
237 0.0002570734508073389
238 0.0002631626970784166
239 0.0002418604182814352
240 0.00022361521500924677
241 0.00016733565311785747
242 0.00019623348774440831
243 0.0001855847081481853
244 0.00018254691187346295
245 0.00014755331075774303
246 0.00014604227164175112
247 0.00014907503148897403
248 0.00013387623669447219
249 0.00012322896243397707
250 0.00012627120197148252
251 0.00013083873839283503
252 0.00011562034856467431
253 9.433232011407028e-05
254 0.00012629345381936247
255 0.00011259233273303421
256 0.00011411227716848468
257 0.0001521647174084629
258 0.0001537033561601805
259 0.00016737952346289475
260 0.00021002479998784033
261 0.00025716891687712343
262 0.000258691518656504
263 0.000395675289927093
264 0.00041544898520015335
265 0.0006117696361257663
266 0.0008096334162840013
267 0.0010287671296176249
268 0.001212929808746073
269 0.0015583820698557673
270 0.001823221938782821
271 0.002299598746203682
272 0.0027576367582666994
273 0.0032066969077458804
274 0.003888580796706995
275 0.004381658742205758
276 0.005031492830774363
277 0.005494386422133635
278 0.005969067975864839
279 0.0066114401963575055
280 0.006944865279376282
281 0.007278190055072651
282 0.00762807652469566
283 0.008039060267827337
284 0.00792952909476657
285 0.008119811548155642
286 0.007856601120889203
287 0.0077454479057729834
288 0.007576482632142015
289 0.007302634660010913
290 0.007132183451655595
291 0.0068323255528592464
292 0.006716634213594051
293 0.00633001186047668
294 0.006177727442428096
295 0.005730225208563897
296 0.005689218116056075
297 0.005462204181436125
298 0.005471366418836428
299 0.0052461319945651405
300 0.0052520255504787524
301 0.0053007983395112175
302 0.005344828396969698
303 0.005362936554263721
304 0.005486166403588124
305 0.005760007196440962
306 0.005782919397813396
307 0.006020281835020408
308 0.006303283622039199
309 0.006674568410896204
310 0.006858779362637117
311 0.00722855050259055
312 0.007517734686635456
313 0.007746001305058474
314 0.007992783428707968
315 0.008343007326001689
316 0.00845258228727139
317 0.008497035044919877
318 0.008482131192629912
319 0.008594984995023647
320 0.008467342714052794
321 0.008358226741427064
322 0.008053755127355343
323 0.007790819174668592
324 0.007757495461360074
325 0.0072125530735337885
326 0.006925380128974638
327 0.006129323255255177
328 0.005829595937058614
329 0.0053258102286139735
330 0.005128265981188224
331 0.004391354667378737
332 0.003968161127554228
333 0.003589128982183443
334 0.0031080350410115708
335 0.002893386031958639
336 0.0026300302973120775
337 0.0022784088840565194
338 0.001967791920148686
339 0.0018854379841824016
340 0.001570533355327015
341 0.0014881502007837721
342 0.0013268739878074796
343 0.001209537177392531
344 0.0011564073548155538
345 0.0011121968725691606
346 0.001020933762530975
347 0.0009950446360071535
348 0.0009660575877126301
349 0.0009416906656936546
350 0.000894601965102418
351 0.0008459221756690085
352 0.0008626201495164278
353 0.0008443513003567992
354 0.0008305851563337287
355 0.000870355931914307
356 0.0008717698826664081
357 0.0008459117019435656
358 0.000839794023904451
