0 0.0
1 0.0
2 0.0
3 0.0
4 0.0
5 0.0
6 0.0
7 0.0
8 0.0
9 0.0
10 0.0
11 0.0
12 0.0
13 0.0
14 0.0
15 0.0
16 0.0
17 0.0
18 0.0
19 0.0
20 0.0
21 0.0
22 0.0
23 0.0
24 0.0
25 0.0
26 0.0
27 0.0
28 1.5211253894080996e-06
29 0.0
30 0.0
31 0.0
32 0.0
33 0.0
34 0.0
35 0.0
36 0.0
37 0.0
38 1.5211253894080996e-06
39 0.0
40 0.0
41 1.5211253894080996e-06
42 3.0422507788161993e-06
43 1.5211253894080996e-06
44 0.0
45 0.0
46 0.0
47 0.0
48 1.5211253894080996e-06
49 0.0
50 0.0
51 0.0
52 0.0
53 0.0
54 0.0
55 0.0
56 0.0
57 0.0
58 0.0
59 0.0
60 0.0
61 0.0
62 0.0
63 0.0
64 0.0
65 1.5211253894080996e-06
66 0.0
67 0.0
68 1.5211253894080996e-06
69 0.0
70 0.0
71 0.0
72 3.0422507788161993e-06
73 1.5211253894080996e-06
74 4.563376168224299e-06
75 4.563376168224299e-06
76 1.8253504672897195e-05
77 3.498588395638629e-05
78 6.997176791277258e-05
79 0.00011408440420560748
80 0.00016732379283489096
81 0.0003757179711838006
82 0.0005658586448598127
83 0.0010693511487538932
84 0.0020383080218068523
85 0.0033008420950155753
86 0.005635769567757007
87 0.008751034365264797
88 0.013372213298286596
89 0.019011025116822435
90 0.025842399240654207
91 0.033727913259345786
92 0.04140503309968847
93 0.04755950642523365
94 0.05123606649143303
95 0.052311502141744556
96 0.05065955996884734
97 0.045472522390965726
98 0.03888452832943926
99 0.031231746495327103
100 0.024249780957943928
101 0.01721609715732087
102 0.012170524240654203
103 0.00817452784267913
104 0.005021234910436138
105 0.0030376874026479743
106 0.0018177448403426779
107 0.0010298018886292822
108 0.0006054079049844233
109 0.0003224785825545171
110 0.00013842241043613706
111 9.583089953271028e-05
112 5.476051401869159e-05
113 3.194363317757009e-05
114 1.2169003115264797e-05
115 3.0422507788161993e-06
116 3.0422507788161993e-06
117 1.5211253894080996e-06
118 3.0422507788161993e-06
119 1.5211253894080996e-06
120 0.0
121 0.0
122 0.0
123 0.0
124 0.0
125 0.0
126 0.0
127 0.0
128 1.5211253894080996e-06
129 0.0
130 0.0
131 0.0
132 0.0
133 0.0
134 0.0
135 0.0
136 0.0
137 0.0
138 0.0
139 0.0
140 0.0
141 0.0
142 0.0
143 0.0
144 0.0
145 0.0
146 0.0
147 0.0
148 0.0
149 0.0
150 0.0
151 0.0
152 0.0
153 0.0
154 0.0
155 0.0
156 0.0
157 0.0
158 0.0
159 0.0
160 0.0
161 0.0
162 0.0
163 0.0
164 0.0
165 0.0
166 0.0
167 0.0
168 0.0
169 0.0
170 0.0
171 0.0
172 0.0
173 0.0
174 0.0
175 0.0
176 0.0
177 0.0
178 0.0
179 0.0
180 0.0
181 0.0
182 0.0
183 0.0
184 0.0
185 0.0
186 0.0
187 0.0
188 0.0
189 0.0
190 0.0
191 0.0
192 0.0
193 0.0
194 0.0
195 0.0
196 0.0
197 0.0
198 0.0
199 0.0
200 0.0
201 0.0
202 0.0
203 0.0
204 0.0
205 0.0
206 0.0
207 0.0
208 0.0
209 0.0
210 0.0
211 0.0
212 0.0
213 0.0
214 0.0
215 0.0
216 0.0
217 0.0
218 0.0
219 0.0
220 0.0
221 0.0
222 0.0
223 0.0
224 0.0
225 0.0
226 0.0
227 0.0
228 0.0
229 0.0
230 0.0
231 0.0
232 0.0
233 0.0
234 0.0
235 0.0
236 0.0
237 0.0
238 0.0
239 0.0
240 0.0
241 0.0
242 0.0
243 4.563376168224299e-06
244 3.0422507788161993e-06
245 1.5211253894080997e-05
246 1.5211253894080997e-05
247 3.194363317757009e-05
248 5.019713785046729e-05
249 0.00012929565809968846
250 0.00022512655763239875
251 0.0004015771028037383
252 0.0007757739485981302
253 0.0012838298286604352
254 0.002237575447819314
255 0.0036643910630841116
256 0.005774191978193144
257 0.008865118769470404
258 0.013271819022585668
259 0.018273279302959498
260 0.023481612636292844
261 0.029846001265576322
262 0.03557608060747664
263 0.0399782174844237
264 0.04147804711838005
265 0.04189331434968846
266 0.04001624561915889
267 0.034804870035046724
268 0.02946876216900312
269 0.02385428835669782
270 0.018067927375389405
271 0.01369469188084112
272 0.009068949571651089
273 0.006137740946261679
274 0.00401729215342679
275 0.00249616676401869
276 0.001557632398753893
277 0.0010161117601246094
278 0.0006829852998442363
279 0.0003681123442367601
280 0.00021904205607476635
281 0.00012321115654205606
282 8.822527258566978e-05
283 3.650700934579439e-05
284 3.954926012461059e-05
285 1.6732379283489095e-05
286 4.563376168224299e-06
287 1.5211253894080996e-06
288 7.6056269470404984e-06
289 4.563376168224299e-06
290 0.0
291 1.5211253894080996e-06
292 3.0422507788161993e-06
293 3.0422507788161993e-06
294 0.0
295 0.0
296 0.0
297 0.0
298 0.0
299 0.0
300 0.0
301 0.0
302 1.5211253894080996e-06
303 0.0
304 0.0
305 1.5211253894080996e-06
306 0.0
307 0.0
308 1.5211253894080996e-06
309 1.5211253894080996e-06
310 1.5211253894080996e-06
311 3.0422507788161993e-06
312 1.5211253894080996e-06
313 0.0
314 3.0422507788161993e-06
315 1.5211253894080996e-06
316 3.0422507788161993e-06
317 3.0422507788161993e-06
318 3.0422507788161993e-06
319 4.563376168224299e-06
320 9.126752336448597e-06
321 1.5211253894080996e-06
322 4.563376168224299e-06
323 0.0
324 1.5211253894080996e-06
325 0.0
326 0.0
327 1.5211253894080996e-06
328 0.0
329 0.0
330 0.0
331 0.0
332 0.0
333 0.0
334 0.0
335 0.0
336 0.0
337 0.0
338 0.0
339 0.0
340 0.0
341 0.0
342 0.0
343 0.0
344 0.0
345 0.0
346 0.0
347 0.0
348 0.0
349 0.0
350 0.0
351 0.0
352 0.0
353 0.0
354 0.0
355 0.0
356 0.0
357 0.0
358 0.0
