0 0.0002800237302578629
1 0.0002545804871960834
2 0.00016870752512383012
3 0.00019991243977765115
4 0.0001795866727229673
5 0.00019046463518350738
6 0.00017783457380262705
7 0.0001914372898538852
8 0.00015078071965556747
9 0.00016290394208998748
10 0.00017959143052746356
11 0.0001206792814906065
12 0.0001464952993954363
13 0.00014635618183757038
14 0.00016092592413175394
15 0.0001439604968054962
16 0.00012566002769793445
17 0.00018770452349047847
18 0.00023606155693629973
19 0.0002880583514034591
20 0.00034268300624533914
21 0.0004779270109604907
22 0.0005234231364504151
23 0.0006875723742838769
24 0.0008260432307510219
25 0.0011409738155403614
26 0.0013052562460464906
27 0.0017052851058856268
28 0.002062705865996726
29 0.002570773891363991
30 0.0029221731111844238
31 0.0036127803306887593
32 0.004040231080117599
33 0.004519391502204757
34 0.00524194176197117
35 0.0056268024822083255
36 0.0061455216433363045
37 0.006726600725356451
38 0.006896974174413118
39 0.007327448512553706
40 0.007450671814400724
41 0.007566273493045385
42 0.007522167670203202
43 0.0076484151529850695
44 0.007459796197383161
45 0.007385255720870866
46 0.0070003961861185016
47 0.006737248900001648
48 0.006436046225923974
49 0.0061804820522365625
50 0.005888438123352159
51 0.005573534655907216
52 0.005400139692304445
53 0.005089809673436423
54 0.0048570730449911375
55 0.004689745993659793
56 0.004525461193453463
57 0.004300324564566348
58 0.0041892815226895015
59 0.00403412495583897
60 0.0039611115301782735
61 0.0040341379905171676
62 0.0040447722431880915
63 0.0040432517094447975
64 0.004184719926306339
65 0.004321624765845675
66 0.004453973637890892
67 0.004651728232291563
68 0.004893608501356002
69 0.005141535941035453
70 0.00551575826557871
71 0.00596754228449183
72 0.006417819989016858
73 0.00679355573497165
74 0.007473510042045957
75 0.00788272536230037
76 0.008302556266003956
77 0.008908015423905277
78 0.009227453829385024
79 0.009656409708640349
80 0.009762917223028836
81 0.010018469250026507
82 0.010027586817711927
83 0.009911962328553518
84 0.009510376631821678
85 0.009417587689379588
86 0.00888514136399268
87 0.008196036602733166
88 0.007306166401543806
89 0.0068528316316613085
90 0.006004027074969984
91 0.0051171783850955865
92 0.004610625260774432
93 0.003977813991809165
94 0.0034986464592366194
95 0.0030133890927905417
96 0.002467288784587586
97 0.002176754427087549
98 0.0018801281627023195
99 0.0015789402996259634
100 0.0015089673468053897
101 0.001379672577386553
102 0.0011788795824650316
103 0.001148455001088218
104 0.0010952170935936859
105 0.001063271683054414
106 0.0009537497663361808
107 0.0010298066282604863
108 0.0009065928056758779
109 0.0009598333792129621
110 0.0009035499624431614
111 0.0009385382162151496
112 0.0009522268635850712
113 0.0008883387085490805
114 0.0009461411771196379
115 0.0009111555893902014
116 0.0009111564780710527
117 0.0009050725689673206
118 0.0009659163996358437
119 0.0008913806631009459
120 0.0009993799732950204
121 0.0009674375250252512
122 0.0009993805657489213
123 0.0010313233102456404
124 0.0011104221267218117
125 0.0010693520374347432
126 0.00112867652007556
127 0.001203211071702656
128 0.0012123375278121548
129 0.0012868729681201018
130 0.001486140394132562
131 0.0015074364458112254
132 0.001624561915887848
133 0.0018207870911214935
134 0.0019166179906542037
135 0.0021234910436137054
136 0.002316674264295484
137 0.0023394908489096566
138 0.0027152094125473566
139 0.0029661948055727423
140 0.0031426453507440812
141 0.0034270955023364465
142 0.0037876022196261664
143 0.004385404497663551
144 0.004814362153703585
145 0.005044052383731156
146 0.005734642718068531
147 0.006242698598130839
148 0.0067674874499305355
149 0.007377458138629282
150 0.007864219151920725
151 0.008483316296728969
152 0.009189118773641276
153 0.009567878995603895
154 0.010249343170058718
155 0.011087482963395639
156 0.011365848909657318
157 0.012038186331775698
158 0.012658805490654202
159 0.012710524050121033
160 0.013317453376721813
161 0.013210974007009347
162 0.013886353679906543
163 0.013886354568587393
164 0.01435638201768755
165 0.014208832262461054
166 0.014657564844790352
167 0.014543479848130841
168 0.01420426888629284
169 0.014415705315420557
170 0.01389395930685358
171 0.013460438570872268
172 0.012902185552959501
173 0.012246580510124607
174 0.011231990171616356
175 0.010594638337227414
176 0.009467484719902962
177 0.008767766744548287
178 0.007772950739875389
179 0.00719796534267913
180 0.0066001630646417425
181 0.006084501557632397
182 0.005466924649532707
183 0.005051657418224297
184 0.004879770249221182
185 0.004692671826323985
186 0.00442495375778816
187 0.0041541937347004685
188 0.004292615848909655
189 0.004199827496382713
190 0.003926024630062304
191 0.003967095311803273
192 0.003708503995603896
193 0.0036689550317062355
194 0.003309968847352024
195 0.003052898656542054
196 0.002970758181740967
197 0.0027395483074587365
198 0.002415547414607011
199 0.002204110689252335
200 0.0018938017022669834
201 0.0016549856085838126
202 0.0014983093972478277
203 0.0012990419712353666
204 0.0011651823445135534
205 0.0009583095877810024
206 0.0008852961615433141
207 0.0007377475912246297
208 0.00067233771834533
209 0.0005704232059358382
210 0.0005415218235370844
211 0.0004685078048454956
212 0.0004243951685526607
213 0.0004243957610065612
214 0.0003726766090858351
215 0.0003574662438726048
216 0.0003392121467458071
217 0.0002981405763239875
218 0.00029053554183084746
219 0.000313352422671969
220 0.0003148729556074766
221 0.0002449023726025049
222 0.00028445281763491646
223 0.0002890147126683896
224 0.00026315587727540217
225 0.0002890158975761905
226 0.00026467670643786
227 0.0002540285324850531
228 0.0002525077033225952
229 0.00023121135541698137
230 0.0002266482754757073
231 0.00025554936164751097
232 0.00022969023002757327
233 0.0002661975356003179
234 0.00019622606391449552
235 0.00020231056547212792
236 0.00020230997301822748
237 0.00019318381313567932
238 0.0001794933884040562
239 0.0001551553821735266
240 0.00012777512516418083
241 0.00015667798869768585
242 0.000118648076600782
243 0.00010952280539908453
244 0.00011560730695671693
245 9.12690044992371e-05
246 7.301579605329013e-05
247 7.301549982633991e-05
248 6.236732587353299e-05
249 6.540928042539896e-05
250 5.780513461310959e-05
251 5.0198026531317964e-05
252 4.259328826512815e-05
253 5.019980389301932e-05
254 5.324175844488529e-05
255 4.8677197368860094e-05
256 5.932655622946792e-05
257 7.30175734149915e-05
258 6.693070204175729e-05
259 7.757946844846467e-05
260 7.910089006482299e-05
261 6.541046533319986e-05
262 5.171974437462652e-05
263 6.0848274072776475e-05
264 6.388963617074199e-05
265 6.99753226361753e-05
266 6.541016910624965e-05
267 4.7155775752501765e-05
268 4.5634946590043895e-05
269 4.715636820640222e-05
270 4.411411742758602e-05
271 3.650760179969484e-05
272 2.7380849463246247e-05
273 3.346535102087864e-05
274 1.5211253894080997e-05
275 1.5211846347981448e-05
276 6.084501557632399e-06
277 7.605923173990724e-06
278 6.084501557632399e-06
279 7.6056269470404984e-06
280 1.5211253894080996e-06
281 4.563376168224299e-06
282 3.0422507788161993e-06
283 3.0422507788161993e-06
284 3.0422507788161993e-06
285 0.0
286 3.0422507788161993e-06
287 0.0
288 1.5214216163583252e-06
289 0.0
290 1.5214216163583252e-06
291 0.0
292 1.5211253894080996e-06
293 0.0
294 1.5211253894080996e-06
295 0.0
296 1.5214216163583252e-06
297 4.563672395174524e-06
298 1.5211253894080996e-06
299 1.5211253894080996e-06
300 0.0
301 3.0422507788161993e-06
302 1.5211253894080996e-06
303 0.0
304 4.6094523836306425e-06
305 3.0422507788161993e-06
306 0.0
307 3.0422507788161993e-06
308 0.0
309 0.0
310 1.5211253894080996e-06
311 6.084797784582624e-06
312 7.60621940094095e-06
313 4.563376168224299e-06
314 9.126752336448597e-06
315 9.126752336448597e-06
316 2.1295755451713395e-05
317 7.6056269470404984e-06
318 2.1296347905613847e-05
319 3.042280401511222e-05
320 2.286354951042829e-05
321 3.194452185842077e-05
322 2.290932949888441e-05
323 4.282248443435896e-05
324 4.1117942864176165e-05
325 3.498618018333652e-05
326 3.96437824864232e-05
327 4.877023848052346e-05
328 5.052056003916237e-05
329 6.891288581217905e-05
330 8.140412620833803e-05
331 7.048156855174463e-05
332 8.476891049499864e-05
333 0.00010177952443262716
334 0.00010375963461439734
335 8.813399100860946e-05
336 0.00013939147438272122
337 0.00016764717936938942
338 0.00015732183515137712
339 0.0001543247719071166
340 0.0001681995015003651
341 0.00019645550282938165
342 0.00021277110475846376
343 0.0002469284878066863
344 0.0003001675623819213
345 0.0002532427778720519
346 0.00029214813817707443
347 0.0002754142777588342
348 0.0003003973508896545
349 0.0003204945144598042
350 0.0002801619587886838
351 0.0003192965153783353
352 0.0003190658378435571
353 0.00033801018952059927
354 0.00034584619754467145
355 0.00030035186724354675
356 0.00030044431601670773
357 0.000266148704206868
358 0.00026117093832693684
