0 0.00012630083030586414
1 9.891197855907833e-05
2 0.00010955956005670191
3 0.00011108008998882149
4 0.00010500181474124777
5 0.00010498758603204914
6 0.00012477466640245857
7 0.00013694337017171698
8 0.000126292527867789
9 0.0001323791056689037
10 0.00014607041457842266
11 0.00017650448399329796
12 0.00018715443623119286
13 0.0002114912516644349
14 0.0002312688438803041
15 0.0002723436749928275
16 0.0002601723025228105
17 0.00029819894792561046
18 0.00036818998063423635
19 0.0003986121891942878
20 0.0004761961017391921
21 0.0005400970006534486
22 0.0006617891013528455
23 0.0008063398682115636
24 0.0009675942637130269
25 0.0011242722518328449
26 0.0012809872775578106
27 0.0016445670577314507
28 0.0019548831431944456
29 0.0022226183930075675
30 0.0026105495163190706
31 0.0029802069880635242
32 0.0035947570407559443
33 0.004198685292238918
34 0.004830018112814244
35 0.00521637477060707
36 0.00602870193891489
37 0.006746695049165753
38 0.007534679478076837
39 0.007942339589180244
40 0.008579731720708089
41 0.009128829838837222
42 0.009735795599504353
43 0.009833129851618053
44 0.009989786509899169
45 0.010062790750099361
46 0.010106917308019873
47 0.009933476127817592
48 0.009668813047473445
49 0.009309791013193807
50 0.008940161692015529
51 0.008530961481065065
52 0.008366655647824107
53 0.007925497287190603
54 0.0076699482268489045
55 0.007592393344082249
56 0.007084299535774402
57 0.006944361335265244
58 0.006702494103186828
59 0.00662340743582497
60 0.006777040800581016
61 0.006942875462843062
62 0.007180186132205793
63 0.007399237368313911
64 0.007600030367275584
65 0.007965133637227551
66 0.008331752997057913
67 0.008937172752043534
68 0.009592840598570154
69 0.010099401425484943
70 0.010622702631080252
71 0.011156644299494199
72 0.011976576803947578
73 0.01232948796312066
74 0.013067289471920233
75 0.013325889676312895
76 0.013172246825485548
77 0.013464291050251116
78 0.013039894994632501
79 0.012633723411716041
80 0.01212102653906149
81 0.011777255159401225
82 0.01074584771654739
83 0.00977074412746876
84 0.00906034924564728
85 0.007995490375362412
86 0.00691543150526881
87 0.005990546982682036
88 0.004908945954393172
89 0.004169622135873651
90 0.0034622570572983803
91 0.0028127030411063663
92 0.0022559367854489885
93 0.0018178277875814807
94 0.0014770746678944063
95 0.0012412889755658478
96 0.0009492216430214031
97 0.0007940561885545786
98 0.0006008703014840537
99 0.0004517923114213543
100 0.00035899566407821167
101 0.0003133619025113668
102 0.00022665331144925926
103 0.00017949783215450392
104 0.00015972112815735272
105 0.00012169358599144878
106 0.00011712813623457292
107 8.82288274244706e-05
108 8.062142300033064e-05
109 8.366426623304729e-05
110 6.236762210048321e-05
111 4.1072163106516265e-05
112 4.259299203817792e-05
113 2.2817473295021947e-05
114 2.8902271079604573e-05
115 3.3466239817127434e-05
116 1.0648173952806924e-05
117 3.04236926959629e-05
118 1.2169595569165248e-05
119 1.2169299342215024e-05
120 1.6732971737389548e-05
121 2.73814419171467e-05
122 7.605923173990724e-06
123 1.673326796433977e-05
124 1.217018813846381e-05
125 4.563672395174524e-06
126 6.084797784582624e-06
127 1.0647877725856697e-05
128 7.6056269470404984e-06
129 6.086279611992248e-06
130 7.605923173990724e-06
131 4.563376168224299e-06
132 1.0647877725856697e-05
133 7.607108774450122e-06
134 3.0428432327166505e-06
135 1.0648766406707375e-05
136 4.563672395174524e-06
137 1.0648173952806924e-05
138 9.127048563398824e-06
139 7.605626947040498e-06
140 1.5211550121031222e-05
141 4.56396862212475e-06
142 3.042547005766425e-06
143 1.21701880230657e-05
144 9.127048563398824e-06
145 2.1298125959973695e-05
146 1.5213921091288845e-05
147 1.2171669850475324e-05
148 1.5212735144230236e-05
149 1.3691609754822136e-05
150 1.673415676058856e-05
151 1.2170484250015924e-05
152 1.6735046596095053e-05
153 1.3691906559032746e-05
154 6.08509401153285e-06
155 1.0648766406707375e-05
156 7.60621940094095e-06
157 4.5642648490749755e-06
158 6.08509401153285e-06
159 7.606219516339061e-06
160 6.08509401153285e-06
161 1.0649952469164096e-05
162 1.21701880230657e-05
163 6.085686580831412e-06
164 6.08509401153285e-06
165 3.042547005766425e-06
166 3.042547005766425e-06
167 1.5214216163583252e-06
168 1.5211253894080996e-06
169 6.084501557632399e-06
170 0.0
171 0.0
172 3.0428432327166505e-06
173 0.0
174 1.5214216163583252e-06
175 0.0
176 1.5214216163583252e-06
177 1.5211253894080996e-06
178 0.0
179 1.5214216163583252e-06
180 0.0
181 0.0
182 0.0
183 0.0
184 0.0
185 3.042547005766425e-06
186 3.0422507788161993e-06
187 1.5211253894080996e-06
188 3.042547005766425e-06
189 3.0422507788161993e-06
190 1.5211253894080996e-06
191 4.563672395174524e-06
192 6.084797784582624e-06
193 7.605626947040498e-06
194 7.605923173990724e-06
195 9.127344790349049e-06
196 9.12853085280577e-06
197 1.673297185278766e-05
198 1.3690424731623123e-05
199 1.2170781631621969e-05
200 1.3691017300921685e-05
201 7.60621940094095e-06
202 1.9777297374911256e-05
203 1.977788982881171e-05
204 3.0423100357460555e-05
205 1.0647877725856697e-05
206 3.0427249035478815e-05
207 3.346623981712743e-05
208 2.586031664313671e-05
209 1.9778780241578587e-05
210 2.8902567421952908e-05
211 2.7382923282694046e-05
212 2.2818954545171185e-05
213 2.4340079934579285e-05
214 1.5211253894080995e-05
215 1.673386111089872e-05
216 1.0648173952806924e-05
217 2.1296347905613844e-05
218 1.8253504672897195e-05
219 1.3691609870220246e-05
220 2.5860020416186485e-05
221 1.2170484942674422e-05
222 1.5211846463379558e-05
223 2.129605167866362e-05
224 2.4338006230529594e-05
225 2.129605167866362e-05
226 1.977492628925552e-05
227 1.2169003115264797e-05
228 1.5211253894080997e-05
229 3.498588395638629e-05
230 2.890286468816084e-05
231 3.346475856697819e-05
232 5.323998119858205e-05
233 4.7156369361058036e-05
234 3.194422563147054e-05
235 4.867660503035775e-05
236 7.45354403079471e-05
237 7.453573653489733e-05
238 9.126930118784721e-05
239 9.583356684531623e-05
240 0.0001019168829177523
241 0.00013233820510545488
242 0.00014755064459999527
243 0.00018405735714157906
244 0.00018253504672897196
245 0.00020535222379704368
246 0.00023577858496026834
247 0.0003057485742412857
248 0.0003011849018461111
249 0.0003392165923435692
250 0.00037724294937087604
251 0.00037724413508693604
252 0.0003985413719039943
253 0.0003772479868452781
254 0.0004061541111842099
255 0.0004107168935130817
256 0.0004715622042773007
257 0.0004898290459752926
258 0.0004867921306291374
259 0.00047310111021078014
260 0.0005081083315129531
261 0.0005811327217277732
262 0.0006800266146212669
263 0.0006952615792558317
264 0.0007683001959845184
265 0.0010056499890095788
266 0.0012140655044735466
267 0.0014605461953945574
268 0.001731383861002236
269 0.002201512365515949
270 0.002595585499635519
271 0.003123554405242145
272 0.003595208474506604
273 0.004124666799986643
274 0.004644991242433914
275 0.005372256317879386
276 0.005900215752542458
277 0.006490457408992286
278 0.006857142000872183
279 0.007246604614747205
280 0.007651354665836898
281 0.007908477309251224
282 0.008135146339550007
283 0.008042333360691904
284 0.008008876309453659
285 0.008084941185903494
286 0.007569171800906196
287 0.007502230132691706
288 0.007214616205915697
289 0.006917974849905111
290 0.006765836233402959
291 0.006207473870682043
292 0.006209024631004947
293 0.006062996315639937
294 0.005740391165547906
295 0.005563912191828276
296 0.005369156870359629
297 0.005245881100438633
298 0.005165277488471363
299 0.005264083044651451
300 0.005280822234272544
301 0.005464925837219338
302 0.005648992982437779
303 0.005668769979314321
304 0.006004952037683078
305 0.006359456628055156
306 0.006497802284539392
307 0.0070546782148253225
308 0.007314852905064342
309 0.007609996287590014
310 0.008125723869599498
311 0.008507596576879875
312 0.008770842860760885
313 0.009316984664290031
314 0.009452387641854746
315 0.009636510221697198
316 0.00973237163456046
317 0.009940834845445942
318 0.009805497092202256
319 0.009432725616586679
320 0.009330872185826438
321 0.009254879919154127
322 0.008447070770924894
323 0.008098638523294198
324 0.00736687971607452
325 0.006629013857435266
326 0.005903301905200703
327 0.0054453447767253685
328 0.004666391368161686
329 0.004153692668375106
330 0.0036729017600446653
331 0.003052174167561204
332 0.0026505081547597413
333 0.0023051415571732547
334 0.001965833688141355
335 0.0014911195748465152
336 0.0013040110793066547
337 0.0011609698727481487
338 0.0009723349293263297
339 0.0007653774061927746
340 0.0007075595266615344
341 0.0005690962173917033
342 0.00047476717798859366
343 0.0004473833703025414
344 0.0004230376577804397
345 0.00032715992344285863
346 0.000330208401109264
347 0.00028151015753676034
348 0.00023284007769972716
349 0.00022064557354533855
350 0.00020392180297690329
351 0.00017499729304945797
352 0.00015065840437409654
353 0.00018262249245552537
354 0.0001354391440378248
355 0.00012934753061083753
356 0.00010804377010164257
357 0.00011718979555185407
358 0.00013846953419234377
