0 0.0
1 0.0
2 0.0
3 0.0
4 0.0
5 0.0
6 0.0
7 0.0
8 0.0
9 0.0
10 0.0
11 0.0
12 0.0
13 0.0
14 0.0
15 0.0
16 0.0
17 0.0
18 0.0
19 0.0
20 0.0
21 0.0
22 0.0
23 0.0
24 0.0
25 0.0
26 0.0
27 0.0
28 0.0
29 0.0
30 0.0
31 0.0
32 0.0
33 1.5211253894080996e-06
34 0.0
35 3.0422507788161993e-06
36 4.563376168224299e-06
37 6.084501557632399e-06
38 1.5211253894080996e-06
39 1.3690128504672897e-05
40 2.1295755451713395e-05
41 2.5859131619937694e-05
42 1.8253504672897195e-05
43 3.802813473520249e-05
44 5.323938862928349e-05
45 5.628163940809969e-05
46 7.149289330218068e-05
47 9.735202492211838e-05
48 0.00012016890576323988
49 0.00015211253894080996
50 0.00017645054517133956
51 0.0002509856892523364
52 0.00024338006230529595
53 0.0002935772001557632
54 0.000351379964953271
55 0.0003985348520249221
56 0.0004943657515576323
57 0.0006236614096573204
58 0.0006814641744548281
59 0.0008427034657320863
60 0.0008731259735202482
61 0.0011423651674454826
62 0.0014602803738317748
63 0.0016808435552959486
64 0.0019181391160436126
65 0.002476392133956385
66 0.002900786117601247
67 0.003477292640186915
68 0.0042454609618380055
69 0.005196164330218066
70 0.005982586156542054
71 0.007176669587227412
72 0.008633907710280372
73 0.010465342679127722
74 0.01213401723130841
75 0.014450691199376945
76 0.016067647488317762
77 0.018714405665887855
78 0.02139767085280373
79 0.02368088006230529
80 0.026111638434579452
81 0.027717946845794386
82 0.028992649922118374
83 0.030223240362149524
84 0.03068262022975078
85 0.03034493039330218
86 0.02921777647975077
87 0.027036482671339557
88 0.02539518837616823
89 0.02287316248052959
90 0.020025615751557632
91 0.016963590342679125
92 0.0143107476635514
93 0.011677679614485981
94 0.009184555101246104
95 0.007254246982087226
96 0.005339150116822429
97 0.00423329195872274
98 0.0028992649922118356
99 0.0021584769275700922
100 0.0015485056464174442
101 0.001063266647196261
102 0.0007696894470404978
103 0.0005171826323987538
104 0.000397013726635514
105 0.00024185893691588785
106 0.00018253504672897196
107 0.00011864778037383178
108 9.583089953271028e-05
109 7.301401869158878e-05
110 5.476051401869158e-05
111 4.259151090342679e-05
112 3.346475856697819e-05
113 2.1295755451713395e-05
114 1.9774630062305295e-05
115 2.4338006230529594e-05
116 2.1295755451713395e-05
117 2.7380257009345794e-05
118 1.9774630062305295e-05
119 2.2816880841121494e-05
120 1.3690128504672897e-05
121 9.126752336448597e-06
122 1.8253504672897195e-05
123 9.126752336448597e-06
124 1.2169003115264797e-05
125 9.126752336448597e-06
126 1.3690128504672897e-05
127 1.5211253894080997e-05
128 1.3690128504672897e-05
129 1.5211253894080997e-05
130 1.3690128504672897e-05
131 1.3690128504672897e-05
132 1.5211253894080997e-05
133 6.084501557632399e-06
134 1.0647877725856697e-05
135 7.6056269470404984e-06
136 3.0422507788161993e-06
137 6.084501557632399e-06
138 6.084501557632399e-06
139 4.563376168224299e-06
140 4.563376168224299e-06
141 3.0422507788161993e-06
142 4.563376168224299e-06
143 4.563376168224299e-06
144 6.084501557632399e-06
145 1.5211253894080996e-06
146 4.563376168224299e-06
147 1.5211253894080996e-06
148 0.0
149 3.0422507788161993e-06
150 0.0
151 0.0
152 0.0
153 0.0
154 1.5211253894080996e-06
155 0.0
156 0.0
157 1.5211253894080996e-06
158 0.0
159 0.0
160 0.0
161 1.5211253894080996e-06
162 0.0
163 1.5211253894080996e-06
164 0.0
165 0.0
166 0.0
167 0.0
168 0.0
169 0.0
170 0.0
171 0.0
172 0.0
173 0.0
174 0.0
175 0.0
176 0.0
177 0.0
178 0.0
179 0.0
180 0.0
181 0.0
182 0.0
183 0.0
184 0.0
185 0.0
186 0.0
187 0.0
188 0.0
189 0.0
190 0.0
191 0.0
192 0.0
193 3.0422507788161993e-06
194 0.0
195 0.0
196 3.0422507788161993e-06
197 1.5211253894080996e-06
198 0.0
199 0.0
200 0.0
201 1.5211253894080996e-06
202 4.563376168224299e-06
203 0.0
204 1.5211253894080996e-06
205 9.126752336448597e-06
206 9.126752336448597e-06
207 6.084501557632399e-06
208 4.563376168224299e-06
209 1.0647877725856697e-05
210 1.2169003115264797e-05
211 1.3690128504672897e-05
212 1.6732379283489095e-05
213 1.0647877725856697e-05
214 2.1295755451713395e-05
215 1.6732379283489095e-05
216 1.2169003115264797e-05
217 1.0647877725856697e-05
218 6.084501557632399e-06
219 6.084501557632399e-06
220 7.605626947040498e-06
221 3.0422507788161993e-06
222 4.563376168224299e-06
223 6.084501557632399e-06
224 3.0422507788161993e-06
225 4.563376168224299e-06
226 6.084501557632399e-06
227 0.0
228 1.5211253894080996e-06
229 0.0
230 0.0
231 1.5211253894080996e-06
232 3.0422507788161993e-06
233 1.5211253894080996e-06
234 1.5211253894080996e-06
235 1.5211253894080996e-06
236 6.084501557632399e-06
237 1.5211253894080996e-06
238 6.084501557632399e-06
239 1.5211253894080996e-06
240 0.0
241 4.563376168224299e-06
242 0.0
243 4.563376168224299e-06
244 1.0647877725856697e-05
245 7.6056269470404984e-06
246 7.6056269470404984e-06
247 1.5211253894080997e-05
248 2.5859131619937694e-05
249 3.650700934579439e-05
250 3.0422507788161994e-05
251 8.061964563862928e-05
252 8.670414719626168e-05
253 0.00014298578660436136
254 0.00018253504672897196
255 0.0002722814447040498
256 0.0004015771028037383
257 0.0005932389018691585
258 0.0008594358450155756
259 0.0011971256814641738
260 0.0016565055490654194
261 0.002299941588785046
262 0.0030939690420560733
263 0.004129855432242989
264 0.005581009053738317
265 0.007118866822429906
266 0.00894269616433022
267 0.010828891647196259
268 0.013360044295171344
269 0.015310127044392522
270 0.017508153232087223
271 0.0195129964953271
272 0.02151327638239876
273 0.02287924698208722
274 0.02362307729750778
275 0.024315189349688477
276 0.023968372760903422
277 0.023489218263239867
278 0.022541557145638637
279 0.021508713006230536
280 0.01994195385514018
281 0.018344772196261672
282 0.01602657710280374
283 0.014205790011682247
284 0.012613171728971966
285 0.010991652063862928
286 0.009426414038161992
287 0.008189739096573207
288 0.007035204926012462
289 0.006044952297507788
290 0.0051429249415887845
291 0.0042530665887850466
292 0.0037374050817757004
293 0.0030574620327102776
294 0.0025539695288161984
295 0.0021782515576323977
296 0.001828392718068535
297 0.0016154351635514006
298 0.0013188157126168215
299 0.0010663088979750769
300 0.0009613512461059182
301 0.0008548724688473515
302 0.0006845064252336445
303 0.0005369572624610591
304 0.0004685066199376947
305 0.0004289573598130841
306 0.0003483377141744548
307 0.0002844504478193146
308 0.00021904205607476635
309 0.00019774630062305295
310 0.00015819704049844236
311 0.00010952102803738318
312 0.00011104215342679128
313 9.887315031152648e-05
314 5.628163940809969e-05
315 5.171826323987539e-05
316 4.411263629283489e-05
317 3.0422507788161994e-05
318 2.4338006230529594e-05
319 2.7380257009345794e-05
320 4.563376168224299e-06
321 9.126752336448597e-06
322 7.6056269470404984e-06
323 7.6056269470404984e-06
324 1.5211253894080996e-06
325 0.0
326 4.563376168224299e-06
327 3.0422507788161993e-06
328 0.0
329 1.5211253894080996e-06
330 0.0
331 0.0
332 0.0
333 0.0
334 0.0
335 0.0
336 0.0
337 0.0
338 0.0
339 0.0
340 0.0
341 0.0
342 0.0
343 0.0
344 0.0
345 0.0
346 0.0
347 0.0
348 0.0
349 0.0
350 0.0
351 0.0
352 0.0
353 0.0
354 0.0
355 0.0
356 0.0
357 0.0
358 0.0
