gamma 0.03585768572470517 -1.0 1.3784394284294023e-11 2.9853118203633256e-09
beta1 -0.16270964501471502 -1.0 9.413319674709623e-10 1.8758900856000324e-07
beta2 -0.1988841174704472 -1.0 9.392064352658774e-10 1.89516809335617e-07
alpha1 -0.0004488852588976598 -1.0 1.121585389180648e-09 2.251398248259718e-07
alpha2 0.06662465142043192 -1.0 1.0988700791745994e-09 2.1984671122597474e-07
g1_1 -0.2570967765642893 -1.0 1.1170231847842665e-09 2.0758297245933328e-07
g1_2 0.07882233117838033 -1.0 1.307296085077221e-09 2.6430112425593154e-07
g2 -0.2821417360840247 -1.0 1.1633802435182128e-09 2.1838303178059328e-07
g3_1 -0.08108933364237246 -1.0 1.0504244633930318e-09 1.9647765298118605e-07
g3_2 -0.10569053136640578 -1.0 1.051287838684951e-09 2.0600201682351222e-07
