0.5 0.0
1.5 0.0
2.5 0.0
3.5 0.0
4.5 0.0
5.5 0.0
6.5 0.0
7.5 0.0
8.5 0.0
9.5 0.0
10.5 0.0
11.5 0.0
12.5 0.0
13.5 0.0
14.5 0.0
15.5 0.0
16.5 0.0
17.5 0.0
18.5 0.0
19.5 0.0
20.5 0.0
21.5 0.0
22.5 0.0
23.5 0.0
24.5 0.0
25.5 0.0
26.5 0.0
27.5 0.0
28.5 0.0
29.5 0.0
30.5 1.5208292777885927e-06
31.5 0.0
32.5 0.0
33.5 1.5208292777885927e-06
34.5 0.0
35.5 3.0416585555771853e-06
36.5 0.0
37.5 1.5208292777885927e-06
38.5 1.5208292777885927e-06
39.5 1.5208292777885927e-06
40.5 1.5208292777885927e-06
41.5 3.0416585555771853e-06
42.5 0.0
43.5 0.0
44.5 0.0
45.5 4.562487833365778e-06
46.5 1.5208292777885927e-06
47.5 0.0
48.5 0.0
49.5 1.5208292777885927e-06
50.5 0.0
51.5 0.0
52.5 1.5208292777885927e-06
53.5 0.0
54.5 0.0
55.5 0.0
56.5 0.0
57.5 0.0
58.5 0.0
59.5 0.0
60.5 0.0
61.5 0.0
62.5 0.0
63.5 0.0
64.5 0.0
65.5 0.0
66.5 0.0
67.5 0.0
68.5 0.0
69.5 0.0
70.5 3.0416585555771853e-06
71.5 0.0
72.5 0.0
73.5 1.5208292777885927e-06
74.5 4.562487833365778e-06
75.5 7.6041463889429636e-06
76.5 1.8249951333463108e-05
77.5 3.802073194471482e-05
78.5 4.866653688923497e-05
79.5 0.00013991629355655056
80.5 0.00021291609889040293
81.5 0.0003634781973914736
82.5 0.0006402691259489974
83.5 0.00114518444617481
84.5 0.0018949532801245863
85.5 0.0033944909480241375
86.5 0.005076528129258323
87.5 0.007940249659334242
88.5 0.011868551683862178
89.5 0.017050017033287915
90.5 0.023600228732723372
91.5 0.029797608039711893
92.5 0.036242882518979946
93.5 0.041244890013626606
94.5 0.04443102735059373
95.5 0.04484469291415223
96.5 0.0433694885146973
97.5 0.0388222089741094
98.5 0.033738076698462134
99.5 0.02725934397508273
100.5 0.0207167364220362
101.5 0.014849377068327818
102.5 0.010332514113295698
103.5 0.006793544383881641
104.5 0.00441952988125365
105.5 0.0026295138212964744
106.5 0.0016120790344559077
107.5 0.0008972892738952695
108.5 0.00047297790539225235
109.5 0.00027374927000194663
110.5 0.0001505620985010707
111.5 8.364561027837264e-05
112.5 4.5624878333657795e-05
113.5 2.5854097722406068e-05
114.5 1.672912205567452e-05
115.5 1.0645804944520148e-05
116.5 4.562487833365778e-06
117.5 1.5208292777885927e-06
118.5 1.5208292777885927e-06
119.5 1.5208292777885927e-06
120.5 0.0
121.5 0.0
122.5 0.0
123.5 0.0
124.5 0.0
125.5 0.0
126.5 0.0
127.5 0.0
128.5 0.0
129.5 0.0
130.5 0.0
131.5 0.0
132.5 0.0
133.5 0.0
134.5 0.0
135.5 0.0
136.5 0.0
137.5 0.0
138.5 0.0
139.5 0.0
140.5 0.0
141.5 0.0
142.5 0.0
143.5 0.0
144.5 0.0
145.5 0.0
146.5 0.0
147.5 0.0
148.5 0.0
149.5 0.0
150.5 0.0
151.5 0.0
152.5 0.0
153.5 0.0
154.5 0.0
155.5 0.0
156.5 0.0
157.5 0.0
158.5 0.0
159.5 0.0
160.5 0.0
161.5 0.0
162.5 0.0
163.5 0.0
164.5 0.0
165.5 0.0
166.5 0.0
167.5 0.0
168.5 0.0
169.5 0.0
170.5 0.0
171.5 0.0
172.5 0.0
173.5 0.0
174.5 0.0
175.5 0.0
176.5 0.0
177.5 0.0
178.5 0.0
179.5 0.0
180.5 0.0
181.5 0.0
182.5 0.0
183.5 0.0
184.5 0.0
185.5 0.0
186.5 0.0
187.5 0.0
188.5 0.0
189.5 0.0
190.5 0.0
191.5 0.0
192.5 0.0
193.5 0.0
194.5 0.0
195.5 0.0
196.5 0.0
197.5 0.0
198.5 0.0
199.5 0.0
200.5 0.0
201.5 0.0
202.5 0.0
203.5 0.0
204.5 0.0
205.5 0.0
206.5 0.0
207.5 0.0
208.5 0.0
209.5 0.0
210.5 0.0
211.5 0.0
212.5 0.0
213.5 0.0
214.5 0.0
215.5 0.0
216.5 0.0
217.5 0.0
218.5 0.0
219.5 0.0
220.5 0.0
221.5 0.0
222.5 0.0
223.5 0.0
224.5 0.0
225.5 0.0
226.5 0.0
227.5 0.0
228.5 0.0
229.5 0.0
230.5 0.0
231.5 0.0
232.5 0.0
233.5 0.0
234.5 0.0
235.5 0.0
236.5 0.0
237.5 0.0
238.5 0.0
239.5 1.5208292777885927e-06
240.5 0.0
241.5 1.5208292777885927e-06
242.5 4.562487833365778e-06
243.5 9.124975666731556e-06
244.5 1.672912205567452e-05
245.5 1.9770780611251703e-05
246.5 3.345824411134903e-05
247.5 5.322902472260077e-05
248.5 8.820809811173844e-05
249.5 0.0002159577574459801
250.5 0.0003330616118357018
251.5 0.0005855192719486078
252.5 0.000953559957173447
253.5 0.0017307037181234176
254.5 0.0027937633832976444
255.5 0.004694799980533386
256.5 0.007243709850107065
257.5 0.011135511971968073
258.5 0.015752749659334236
259.5 0.02205202452793459
260.5 0.028653944422814877
261.5 0.03559196758808642
262.5 0.04251782411913568
263.5 0.04696016643955617
264.5 0.04948778469924081
265.5 0.049043702550126536
266.5 0.046014210628771646
267.5 0.03989135195639477
268.5 0.03340501508662645
269.5 0.02596968074751801
270.5 0.01972819739147363
271.5 0.0137589424761534
272.5 0.009585786937901497
273.5 0.005964692427486858
274.5 0.0036423861203036785
275.5 0.0023451187463500085
276.5 0.0013885171306209842
277.5 0.0007558521510609303
278.5 0.00043799883200311456
279.5 0.00021291609889040287
280.5 0.00015512458633443643
281.5 8.060395172279545e-05
282.5 3.802073194471482e-05
283.5 2.8895756277983255e-05
284.5 1.2166634222308741e-05
285.5 3.0416585555771853e-06
286.5 3.0416585555771853e-06
287.5 1.5208292777885927e-06
288.5 3.0416585555771853e-06
289.5 0.0
290.5 1.5208292777885927e-06
291.5 1.5208292777885927e-06
292.5 0.0
293.5 1.5208292777885927e-06
294.5 1.5208292777885927e-06
295.5 0.0
296.5 0.0
297.5 0.0
298.5 0.0
299.5 1.5208292777885927e-06
300.5 0.0
301.5 0.0
302.5 0.0
303.5 0.0
304.5 0.0
305.5 0.0
306.5 0.0
307.5 1.5208292777885927e-06
308.5 0.0
309.5 0.0
310.5 0.0
311.5 3.0416585555771853e-06
312.5 3.0416585555771853e-06
313.5 1.5208292777885927e-06
314.5 0.0
315.5 0.0
316.5 0.0
317.5 1.5208292777885927e-06
318.5 1.5208292777885927e-06
319.5 6.083317111154371e-06
320.5 1.5208292777885927e-06
321.5 1.5208292777885927e-06
322.5 3.0416585555771853e-06
323.5 1.5208292777885927e-06
324.5 0.0
325.5 0.0
326.5 0.0
327.5 0.0
328.5 3.0416585555771853e-06
329.5 0.0
330.5 0.0
331.5 0.0
332.5 0.0
333.5 0.0
334.5 0.0
335.5 0.0
336.5 0.0
337.5 0.0
338.5 0.0
339.5 0.0
340.5 0.0
341.5 0.0
342.5 0.0
343.5 0.0
344.5 0.0
345.5 0.0
346.5 0.0
347.5 0.0
348.5 0.0
349.5 0.0
350.5 0.0
351.5 0.0
352.5 0.0
353.5 0.0
354.5 0.0
355.5 0.0
356.5 0.0
357.5 0.0
358.5 0.0
359.5 0.0
