0.5 0.0
1.5 0.0
2.5 0.0
3.5 0.0
4.5 0.0
5.5 0.0
6.5 1.5208292777885927e-06
7.5 0.0
8.5 0.0
9.5 0.0
10.5 0.0
11.5 0.0
12.5 4.562487833365778e-06
13.5 1.5208292777885927e-06
14.5 1.5208292777885927e-06
15.5 1.5208292777885927e-06
16.5 1.5208292777885927e-06
17.5 1.5208292777885927e-06
18.5 6.083317111154371e-06
19.5 1.5208292777885927e-06
20.5 0.0
21.5 7.6041463889429636e-06
22.5 6.083317111154371e-06
23.5 1.0645804944520148e-05
24.5 1.0645804944520148e-05
25.5 1.0645804944520148e-05
26.5 7.6041463889429636e-06
27.5 2.2812439166828884e-05
28.5 1.97707806112517e-05
29.5 3.0416585555771844e-05
30.5 3.802073194471482e-05
31.5 2.7374927000194663e-05
32.5 4.2583219778080604e-05
33.5 5.170819544481216e-05
34.5 7.75622931672183e-05
35.5 8.060395172279546e-05
36.5 0.00011558302511193316
37.5 0.00016120790344559087
38.5 0.00015512458633443652
39.5 0.0002007494646680942
40.5 0.0002554993186684834
41.5 0.00027983258711310085
42.5 0.0003695615145026281
43.5 0.00041062390500291976
44.5 0.0005003528323924467
45.5 0.0005490193692816814
46.5 0.0006463524430601516
47.5 0.0008288519563947822
48.5 0.0008334144442281482
49.5 0.001075226299396534
50.5 0.0010813096165076883
51.5 0.0012546841541755888
52.5 0.0013748296671208871
53.5 0.0016029540587891755
54.5 0.0016744330348452392
55.5 0.0018751824995133339
56.5 0.0020713694763480612
57.5 0.0021337234767373936
58.5 0.0022934105509051952
59.5 0.0024470143079618444
60.5 0.002629513821296477
61.5 0.0025808472844072393
62.5 0.00288349231068717
63.5 0.00286220070079813
64.5 0.0030842417753552624
65.5 0.0030675126532995903
66.5 0.003129866653688922
67.5 0.0031405124586334427
68.5 0.0030857626046330525
69.5 0.0031283458244111325
70.5 0.003186137336967099
71.5 0.0030158044578547784
72.5 0.002970179579521119
73.5 0.002866763188631496
74.5 0.0027405343585750427
75.5 0.0027420551878528303
76.5 0.002716201090130423
77.5 0.002413556063850496
78.5 0.002273639770293944
79.5 0.002237139867627018
80.5 0.002106348549737199
81.5 0.0018402034261241953
82.5 0.0017352662059567838
83.5 0.0015603708390110951
84.5 0.0014752043994549343
85.5 0.0014022045941210809
86.5 0.001204496788008564
87.5 0.0011771218610083702
88.5 0.0010007056647848935
89.5 0.0009474766400622925
90.5 0.0008881642982285372
91.5 0.0008212478100058395
92.5 0.000742164687560833
93.5 0.0007117481020050612
94.5 0.00063722746739342
95.5 0.000570310979170722
96.5 0.0005216444422814871
97.5 0.0004379988320031146
98.5 0.00044256131983648017
99.5 0.0003938947829472454
100.5 0.00036956151450262775
101.5 0.0003041658555577184
102.5 0.0003041658555577184
103.5 0.00026614512361300364
104.5 0.0002585409772240608
105.5 0.00022508273311271172
106.5 0.00024181185516838614
107.5 0.00021443692816819148
108.5 0.00019162448900136264
109.5 0.00021595775744598
110.5 0.00019466614755693975
111.5 0.00016881204983453375
112.5 0.00015968707416780223
113.5 0.00015360375705664788
114.5 0.00017033287911232233
115.5 0.00014599961066770494
116.5 0.00015664541561222504
117.5 0.00013991629355655062
118.5 0.0001490412692232821
119.5 0.00015208292777885924
120.5 0.00013383297644539623
121.5 0.000164249562001168
122.5 0.0001459996106677049
123.5 0.0001657703912789566
124.5 0.00016120790344559076
125.5 0.0001520829277788593
126.5 0.00018097868405684246
127.5 0.00019618697683472842
128.5 0.00019618697683472825
129.5 0.00022204107455713452
130.5 0.000249416001557329
131.5 0.000241811855168386
132.5 0.00026614512361300364
133.5 0.0003056866848355071
134.5 0.0003148116605022384
135.5 0.00041974888066965163
136.5 0.0004440821491142688
137.5 0.00045016546622542305
138.5 0.0005338110765037957
139.5 0.0005900817597819737
140.5 0.0006934981506715977
141.5 0.0007649771267276617
142.5 0.0008805601518395946
143.5 0.0009839765427292191
144.5 0.0011482261047303863
145.5 0.0013991629355655042
146.5 0.0014934543507883976
147.5 0.0017261412302900523
148.5 0.0019329740120692994
149.5 0.0022158482577379775
150.5 0.002547389040295891
151.5 0.002929117189020828
152.5 0.0034020950944130784
153.5 0.003662156900914929
154.5 0.0042811344169748885
155.5 0.004573133638310297
156.5 0.005217965252092659
157.5 0.005861276036597234
158.5 0.006671878041658558
159.5 0.007143335117773019
160.5 0.00810145756277983
161.5 0.009036767568619816
162.5 0.009982723379404321
163.5 0.01063515913957563
164.5 0.011739281195250141
165.5 0.012635049639867625
166.5 0.01358100545065212
167.5 0.014662315067159816
168.5 0.01565845824411135
169.5 0.016751934494841348
170.5 0.017538203231458053
171.5 0.01829557621179676
172.5 0.018823303971189413
173.5 0.019893967782752587
174.5 0.02080190286159236
175.5 0.021206443449484132
176.5 0.021353963889429638
177.5 0.021787400233599385
178.5 0.021869525014599964
179.5 0.022389648627603665
180.5 0.022558460677438198
181.5 0.022260378138991635
182.5 0.021828462624099668
183.5 0.021431526182596854
184.5 0.020960069106482383
185.5 0.020324362468366757
186.5 0.019910696904808255
187.5 0.01921415709558106
188.5 0.018208888942962815
189.5 0.017571661475569395
190.5 0.01621051927194861
191.5 0.015769478781389915
192.5 0.014411378236324697
193.5 0.01364031779248588
194.5 0.012487529199922132
195.5 0.011392532119914344
196.5 0.010940845824411133
197.5 0.009918848549737201
198.5 0.009003309324508468
199.5 0.008261144636947632
200.5 0.007369938680163519
201.5 0.006398128771656609
202.5 0.006051379696320811
203.5 0.005350277399260265
204.5 0.0046917583219778045
205.5 0.004176197196807471
206.5 0.0036621569009149266
207.5 0.0032317622153007573
208.5 0.00295801294529881
209.5 0.0025184932840179065
210.5 0.002351202063461163
211.5 0.0019162448900136243
212.5 0.0016957246447342799
213.5 0.0015512458633443632
214.5 0.0013276839595094403
215.5 0.0011497469340081754
216.5 0.0010204764453961449
217.5 0.0009337891765621955
218.5 0.0007588938096165076
219.5 0.0006904564921160208
220.5 0.0006220191746155339
221.5 0.0005277277593926415
222.5 0.00046385292972552026
223.5 0.00038476980728051384
224.5 0.0003573948802803192
225.5 0.0003178533190578158
226.5 0.00031177000194666137
227.5 0.0002813534163908896
228.5 0.00024637434300175194
229.5 0.00022356190383492303
230.5 0.000197707806112517
231.5 0.0001733745376678996
232.5 0.00020683278177924857
233.5 0.00016881204983453378
234.5 0.00013991629355655056
235.5 0.0001748953669456881
236.5 0.0001353538057231848
237.5 0.00012927048861203046
238.5 0.00014143712283433914
239.5 0.00014752043994549347
240.5 0.00013687463500097343
241.5 0.0001368746350009734
242.5 0.0001444787813899163
243.5 0.00012927048861203046
244.5 0.00013991629355655056
245.5 0.00017033287911232223
246.5 0.00014904126922328205
247.5 0.00016729122055674512
248.5 0.00016120790344559076
249.5 0.0001764161962234767
250.5 0.00016120790344559076
251.5 0.00020683278177924852
252.5 0.0002235619038349231
253.5 0.00022508273311271158
254.5 0.00025854097722406065
255.5 0.0002950408798909868
256.5 0.0002950408798909869
257.5 0.00033762409966906723
258.5 0.0003376240996690675
259.5 0.0003467490753357989
260.5 0.0004030197586139768
261.5 0.0003999781000583998
262.5 0.00043191551489196045
263.5 0.0005155611251703327
264.5 0.0005414152228927384
265.5 0.000640269125948997
266.5 0.000688935662838232
267.5 0.0007421646875608329
268.5 0.0008927267860619035
269.5 0.000850143566283823
270.5 0.0010797887872298995
271.5 0.00105849717734086
272.5 0.0011908093245084673
273.5 0.0013261631302316525
274.5 0.001437183667510219
275.5 0.0015679749854000385
276.5 0.0017641619622347656
277.5 0.0018265159626240982
278.5 0.001960348939069495
279.5 0.0021063485497372
280.5 0.0021610984037375896
281.5 0.0022660356239050023
282.5 0.0024713475764064612
283.5 0.002561076503795989
284.5 0.002793763383297643
285.5 0.0028637215300759194
286.5 0.003158762409966905
287.5 0.0030036378236324678
288.5 0.0032408871909674905
289.5 0.0030583876776328583
290.5 0.0032834704107455688
291.5 0.0033549493868016314
292.5 0.003230241386022968
293.5 0.0032728246058010475
294.5 0.0031861373369670987
295.5 0.003333657776912593
296.5 0.0030675126532995877
297.5 0.002951929628187656
298.5 0.0028743673350204377
299.5 0.002895658944909478
300.5 0.002535222406073582
301.5 0.0024683059178508848
302.5 0.0023329521121276996
303.5 0.002275160599571734
304.5 0.0018873491337356423
305.5 0.0017808910842904407
306.5 0.0015618916682888831
307.5 0.0015056209850107059
308.5 0.0013961212770099275
309.5 0.0011421427876192325
310.5 0.0010311222503406648
311.5 0.000889685127506326
312.5 0.0007497688339497756
313.5 0.0006433107845045741
314.5 0.0005976859061709164
315.5 0.0005033944909480239
316.5 0.00038476980728051384
317.5 0.0004106239050029198
318.5 0.0002889575627798325
319.5 0.0002509368308351178
320.5 0.00021747858672376867
321.5 0.00019314531827915128
322.5 0.00016272873272337948
323.5 9.733307377847001e-05
324.5 0.0001110205372785674
325.5 8.212478100058404e-05
326.5 7.299980533385249e-05
327.5 5.170819544481217e-05
328.5 6.235400038933234e-05
329.5 3.0416585555771844e-05
330.5 3.0416585555771844e-05
331.5 1.824995133346311e-05
332.5 2.1291609889040292e-05
333.5 1.672912205567452e-05
334.5 1.0645804944520148e-05
335.5 9.124975666731556e-06
336.5 6.083317111154371e-06
337.5 1.0645804944520148e-05
338.5 4.562487833365778e-06
339.5 4.562487833365778e-06
340.5 1.5208292777885927e-06
341.5 1.5208292777885927e-06
342.5 1.5208292777885927e-06
343.5 0.0
344.5 1.5208292777885927e-06
345.5 1.5208292777885927e-06
346.5 3.0416585555771853e-06
347.5 3.0416585555771853e-06
348.5 0.0
349.5 1.5208292777885927e-06
350.5 0.0
351.5 0.0
352.5 3.0416585555771853e-06
353.5 0.0
354.5 1.5208292777885927e-06
355.5 0.0
356.5 1.5208292777885927e-06
357.5 0.0
358.5 1.5208292777885927e-06
359.5 0.0
