0.5 0.0
1.5 0.0
2.5 0.0
3.5 1.5208292777885927e-06
4.5 0.0
5.5 1.5208292777885927e-06
6.5 0.0
7.5 0.0
8.5 0.0
9.5 1.5208292777885927e-06
10.5 1.5208292777885927e-06
11.5 3.0416585555771853e-06
12.5 4.562487833365778e-06
13.5 3.0416585555771853e-06
14.5 0.0
15.5 0.0
16.5 7.6041463889429636e-06
17.5 3.0416585555771853e-06
18.5 4.562487833365778e-06
19.5 1.0645804944520148e-05
20.5 9.124975666731556e-06
21.5 7.6041463889429636e-06
22.5 9.124975666731556e-06
23.5 6.083317111154371e-06
24.5 7.6041463889429636e-06
25.5 2.8895756277983252e-05
26.5 2.737492700019466e-05
27.5 3.802073194471482e-05
28.5 2.737492700019466e-05
29.5 3.954156122250341e-05
30.5 4.866653688923498e-05
31.5 7.299980533385249e-05
32.5 9.88539030562586e-05
33.5 0.00010645804944520157
34.5 0.0001505620985010707
35.5 0.00017945785477905377
36.5 0.00021139526961261432
37.5 0.0002661451236130036
38.5 0.00028287424566867823
39.5 0.0003589157095581075
40.5 0.00043039468561417157
41.5 0.00047601956394782924
42.5 0.0005459777107261046
43.5 0.0006600399065602489
44.5 0.0007649771267276617
45.5 0.0008607893712283426
46.5 0.0010873929336188426
47.5 0.0013352881058983843
48.5 0.0013641838621763671
49.5 0.0016531414249562
50.5 0.0017322245474012058
51.5 0.0020242237687366155
52.5 0.0022812439166828877
53.5 0.0024302851859061697
54.5 0.002600618065018492
55.5 0.0028880547985205376
56.5 0.0030705543118551676
57.5 0.0031694082149114236
58.5 0.0036104487054701173
59.5 0.0037564483161378203
60.5 0.003932864512361297
61.5 0.003917656219583412
62.5 0.00428721773408604
63.5 0.004326759295308544
64.5 0.004525987930698849
65.5 0.00467655002919992
66.5 0.004565529491921355
67.5 0.004682633346311076
68.5 0.004510779637920965
69.5 0.004478842223087404
70.5 0.004460592271753942
71.5 0.004285696904808252
72.5 0.004288738563363829
73.5 0.0041473014405294896
74.5 0.0036819276815261794
75.5 0.0036743235351372376
76.5 0.003537448900136265
77.5 0.00323784553241191
78.5 0.0030507835312439157
79.5 0.002930638018298616
80.5 0.002748138504963984
81.5 0.002503284991240021
82.5 0.0021869525014599944
83.5 0.002171744208682109
84.5 0.0018873491337356425
85.5 0.0017352662059567827
86.5 0.0016333706443449473
87.5 0.0014554336188436815
88.5 0.0013626630328985774
89.5 0.0011786426902861585
90.5 0.0010493722016741275
91.5 0.000942914152228927
92.5 0.0008988101031730575
93.5 0.0007984353708390103
94.5 0.0007178314191162153
95.5 0.0006402691259489971
96.5 0.0005490193692816815
97.5 0.000536852735059373
98.5 0.0004866653688923497
99.5 0.0004075822464473427
100.5 0.0004273530270585943
101.5 0.0003558740510025305
102.5 0.00034522824605801055
103.5 0.0002950408798909869
104.5 0.00027070761144636936
105.5 0.0002783117578353124
106.5 0.000246374343001752
107.5 0.0002235619038349231
108.5 0.00019770780611251684
109.5 0.00016120790344559082
110.5 0.0002311660502238659
111.5 0.00017641619622347674
112.5 0.0001642495620011679
113.5 0.00016272873272337948
114.5 0.00015816624489001365
115.5 0.0001520829277788593
116.5 0.0001520829277788593
117.5 0.00016272873272337934
118.5 0.00013991629355655064
119.5 0.00015056209850107072
120.5 0.0001277496593342419
121.5 0.00015056209850107063
122.5 0.000164249562001168
123.5 0.00015360375705664788
124.5 0.00015664541561222507
125.5 0.000138395464278762
126.5 0.00013839546427876193
127.5 0.0001657703912789566
128.5 0.00019922863539030558
129.5 0.00019010365972357403
130.5 0.0002326868795016545
131.5 0.00022660356239050022
132.5 0.00024941600155732916
133.5 0.00029656170916877544
134.5 0.0002950408798909869
135.5 0.00037716566089157074
136.5 0.00042126970994744024
137.5 0.000465373759003309
138.5 0.0004851445396145606
139.5 0.0005277277593926412
140.5 0.0006189775160599571
141.5 0.0007376021997274675
142.5 0.0008060395172279535
143.5 0.0009520391278956587
144.5 0.0010934762507299968
145.5 0.0012546841541755881
146.5 0.0013276839595094407
147.5 0.0015451625462332096
148.5 0.0018158701576795784
149.5 0.0019420989877360316
150.5 0.002428764356628381
151.5 0.002612784699240801
152.5 0.0030431793848549713
153.5 0.00334734524041269
154.5 0.0038188023165271518
155.5 0.004311551002530655
156.5 0.004667425053533189
157.5 0.005255985984037376
158.5 0.005821734475374731
159.5 0.00648177438193498
160.5 0.007295418045551878
161.5 0.007978270391278953
162.5 0.008510560638504963
163.5 0.009657265913957559
164.5 0.010326430796184538
165.5 0.01132257397313607
166.5 0.012003905489585362
167.5 0.013114110862371032
168.5 0.013623588670430212
169.5 0.01471402326260463
170.5 0.015722333073778464
171.5 0.016233331711115438
172.5 0.01716712088767763
173.5 0.017693327817792485
174.5 0.01837009684640841
175.5 0.018581492116021035
176.5 0.019153323924469532
177.5 0.01927651109597042
178.5 0.020038446564142495
179.5 0.019709947440140155
180.5 0.01972667656219584
181.5 0.01965519758613977
182.5 0.01981640548958536
183.5 0.01936471919408215
184.5 0.01909401158263578
185.5 0.018348805236519362
186.5 0.01781803581857115
187.5 0.01702264210628771
188.5 0.016254623321004472
189.5 0.01551854195055479
190.5 0.014641023457270776
191.5 0.013833463110765035
192.5 0.012863174031535913
193.5 0.011965884757640646
194.5 0.01115528275257933
195.5 0.010309701674128872
196.5 0.009590349425734867
197.5 0.008910538738563364
198.5 0.007841395756277984
199.5 0.00709923106871715
200.5 0.006422462040101229
201.5 0.005843026085263771
202.5 0.005301610862371032
203.5 0.0049168410550905215
204.5 0.004498613003698657
205.5 0.0036773651936928137
206.5 0.003318449484134708
207.5 0.0030340544091882376
208.5 0.0026264721627408984
209.5 0.0023755353319057817
210.5 0.001986203036791901
211.5 0.0016272873272337928
212.5 0.0015634124975666722
213.5 0.001335288105898383
214.5 0.0012029759587307758
215.5 0.001123892836285769
216.5 0.0009109767373953665
217.5 0.0008759976640062289
218.5 0.000733039711894101
219.5 0.0006402691259489968
220.5 0.0005748734670040882
221.5 0.0004912278567257155
222.5 0.00037564483161378257
223.5 0.0004334363441697488
224.5 0.0003513115631691647
225.5 0.0003452282460580104
226.5 0.00030720751411329554
227.5 0.00022356190383492308
228.5 0.00024485351372396333
229.5 0.0002129160988904028
230.5 0.00018249951333463104
231.5 0.00018706200116799687
232.5 0.0001733745376678995
233.5 0.00015360375705664785
234.5 0.00014752043994549353
235.5 0.0001520829277788593
236.5 0.00012318717150087613
237.5 0.0001399162935565506
238.5 0.00017033287911232233
239.5 0.0001262288300564533
240.5 0.0001247080007786647
241.5 0.00015360375705664785
242.5 0.00013839546427876198
243.5 0.0001536037570566478
244.5 0.0001490412692232821
245.5 0.00011254136655635593
246.5 0.00017033287911232225
247.5 0.00014447878138991633
248.5 0.00018249951333463107
249.5 0.00018402034261241963
250.5 0.0001946661475569398
251.5 0.00018554117189020832
252.5 0.00022356190383492297
253.5 0.0002387701966128089
254.5 0.00024333268444617483
255.5 0.00029808253844656416
256.5 0.00027679092855752385
257.5 0.00035131156316916466
258.5 0.00043191551489196
259.5 0.0003786864901693595
260.5 0.0004091030757251312
261.5 0.0004638529297255204
262.5 0.0005733526377262992
263.5 0.000580956784115242
264.5 0.0006433107845045743
265.5 0.0007391230290052556
266.5 0.0007710604438388157
267.5 0.0008714351761728627
268.5 0.0009718099085069099
269.5 0.0011071637142300945
270.5 0.001161913568230484
271.5 0.0013413714230095374
272.5 0.0014447878138991615
273.5 0.00156493332684446
274.5 0.0017504744987346691
275.5 0.0019512239634027638
276.5 0.0021169943546817194
277.5 0.0022766814288495228
278.5 0.0024941600155732905
279.5 0.0026675345532411908
280.5 0.002804409188242162
281.5 0.003008200311465833
282.5 0.0032986787035234545
283.5 0.0034933448510803956
284.5 0.00369409431574849
285.5 0.003832489780027252
286.5 0.003937427000194664
287.5 0.004122968172084872
288.5 0.004395196612809031
289.5 0.004320675978197388
290.5 0.0045320712478100055
291.5 0.004533592077087793
292.5 0.00442713402764259
293.5 0.004533592077087795
294.5 0.004535112906365583
295.5 0.004553362857699045
296.5 0.004332842612419697
297.5 0.004059093342417752
298.5 0.00411232236714035
299.5 0.0041138431964181385
300.5 0.00382184397508273
301.5 0.0034781365583025086
302.5 0.0034538032898578934
303.5 0.0031754915320225795
304.5 0.002907825579131788
305.5 0.0027374927000194645
306.5 0.002542826552462526
307.5 0.0022036816235156687
308.5 0.00205159869573681
309.5 0.001852370060346505
310.5 0.0015710166439556153
311.5 0.0013839546427876182
312.5 0.0012835799104535708
313.5 0.0010828304457854772
314.5 0.0009124975666731551
315.5 0.0008166853221724737
316.5 0.0006904564921160207
317.5 0.0005824776133930306
318.5 0.0004836237103367725
319.5 0.0004136655635584968
320.5 0.00034218658750243333
321.5 0.0002463743430017518
322.5 0.00022356190383492297
323.5 0.00017793702550126538
324.5 0.0001627287327233794
325.5 0.00012927048861203046
326.5 0.00012470800077866472
327.5 7.299980533385247e-05
328.5 8.516643955616125e-05
329.5 3.649990266692622e-05
330.5 5.474985400038936e-05
331.5 6.387482966712094e-05
332.5 3.345824411134904e-05
333.5 2.4333268444617476e-05
334.5 7.6041463889429636e-06
335.5 1.3687463500097332e-05
336.5 2.1291609889040292e-05
337.5 1.216663422230874e-05
338.5 3.0416585555771853e-06
339.5 7.6041463889429636e-06
340.5 6.083317111154371e-06
341.5 1.5208292777885927e-06
342.5 3.0416585555771853e-06
343.5 3.0416585555771853e-06
344.5 1.5208292777885927e-06
345.5 0.0
346.5 1.5208292777885927e-06
347.5 0.0
348.5 0.0
349.5 1.5208292777885927e-06
350.5 3.0416585555771853e-06
351.5 1.5208292777885927e-06
352.5 1.5208292777885927e-06
353.5 1.5208292777885927e-06
354.5 0.0
355.5 3.0416585555771853e-06
356.5 4.562487833365778e-06
357.5 0.0
358.5 0.0
359.5 0.0
