0.5 4.4104049055869186e-05
1.5 4.7145707611446384e-05
2.5 3.345824411134903e-05
3.5 1.97707806112517e-05
4.5 2.2812439166828884e-05
5.5 2.2812439166828884e-05
6.5 3.0416585555771844e-05
7.5 3.193741483356044e-05
8.5 3.193741483356044e-05
9.5 4.4104049055869206e-05
10.5 3.649990266692623e-05
11.5 3.345824411134904e-05
12.5 3.0416585555771847e-05
13.5 5.6270683278177936e-05
14.5 6.84373175004867e-05
15.5 7.299980533385246e-05
16.5 7.14789760560639e-05
17.5 9.429141522289277e-05
18.5 0.00011254136655635591
19.5 0.0001809786840568424
20.5 0.00015208292777885927
21.5 0.0001840203426124196
22.5 0.0002372493673350203
23.5 0.00023572853805723173
24.5 0.0002631034650574264
25.5 0.0003421865875024333
26.5 0.00038933229511387983
27.5 0.0004303946856141717
28.5 0.0004760195639478295
29.5 0.0005170819544481214
30.5 0.0005368527350593731
31.5 0.0006493941016157288
32.5 0.0007147897605606384
33.5 0.000763456297449873
34.5 0.0008455810784504567
35.5 0.0008653518590617085
36.5 0.0009216225423398868
37.5 0.0009550807864512357
38.5 0.0010007056647848933
39.5 0.000999184835507105
40.5 0.0010204764453961453
41.5 0.001025038933229511
42.5 0.000990059859840373
43.5 0.0010448097138407624
44.5 0.0010949970800077863
45.5 0.0010037473233404709
46.5 0.0010341639088962422
47.5 0.001043288884562974
48.5 0.001088913762896632
49.5 0.0009383516643955613
50.5 0.0009322683472844071
51.5 0.0009854973720070076
52.5 0.0009246642008954636
53.5 0.0008258102978392052
54.5 0.0007208730776717926
55.5 0.0006889356628382317
56.5 0.0007071856141716947
57.5 0.0006402691259489974
58.5 0.0006311441502822654
59.5 0.000588560930504185
60.5 0.0005429360521705274
61.5 0.0004790612225034067
62.5 0.00047145707611446374
63.5 0.00040758224644734276
64.5 0.0004121447342807087
65.5 0.0003345824411134903
66.5 0.000316332489780027
67.5 0.0003665198559470507
68.5 0.00029199922133540967
69.5 0.0002919992213354096
70.5 0.0003011241970021414
71.5 0.00031481166050223853
72.5 0.0002722284407241581
73.5 0.00033306161183570173
74.5 0.0002935200506131983
75.5 0.00030112419700214127
76.5 0.0003102491726688729
77.5 0.00028895756277983267
78.5 0.0003467490753357989
79.5 0.0003406657582246447
80.5 0.00035587405100253065
81.5 0.0003680406852248394
82.5 0.0003847698072805139
83.5 0.00039389478294724544
84.5 0.00038476980728051373
85.5 0.00041214473428070864
86.5 0.000395415612225034
87.5 0.00041974888066965147
88.5 0.0004319155148919603
89.5 0.00038629063655830245
90.5 0.0004060614171695541
91.5 0.0004668945882810978
92.5 0.00046233210044773187
93.5 0.0004379988320031145
94.5 0.0004562487833365778
95.5 0.0004942695152812924
96.5 0.0005155611251703327
97.5 0.0004805820517811952
98.5 0.000495790344559081
99.5 0.0005201236130036987
100.5 0.00045168629550321204
101.5 0.0004821028810589836
102.5 0.0004014989293361884
103.5 0.0004684154175588868
104.5 0.0004197488806696514
105.5 0.0004136655635584973
106.5 0.00044256131983648055
107.5 0.0003893322951138798
108.5 0.0004243113685030172
109.5 0.0004045405878917656
110.5 0.00036651985594705075
111.5 0.000346749075335799
112.5 0.0003756448316137822
113.5 0.00044712380766984616
114.5 0.0003878114658360912
115.5 0.0004258321977808058
116.5 0.000428873856336383
117.5 0.0004714570761144638
118.5 0.0004973111738368699
119.5 0.0005064361495036012
120.5 0.0006357066381156313
121.5 0.0005839984426708192
122.5 0.0006539565894490945
123.5 0.0007163105898384267
124.5 0.0008744768347284405
125.5 0.0009961431769515273
126.5 0.0010615388358964372
127.5 0.0012562049834533772
128.5 0.0013869963013431953
129.5 0.0016455372785672562
130.5 0.0018447659139575617
131.5 0.0021093902082927767
132.5 0.0023162229900720254
133.5 0.0025565140159626233
134.5 0.00281809665174226
135.5 0.0032089497761339284
136.5 0.0034461991434689494
137.5 0.0038279272921938863
138.5 0.004317634319641814
139.5 0.004556404516254623
140.5 0.005059799007202645
141.5 0.005394381448316136
142.5 0.005926671695542146
143.5 0.00607267130620985
144.5 0.006553253357991046
145.5 0.007000377165660894
146.5 0.007163105898384274
147.5 0.0078079375121666355
148.5 0.007803375024333268
149.5 0.008121228343391088
150.5 0.008318936149503605
151.5 0.008524248102005059
152.5 0.008480144052949192
153.5 0.008509039809227183
154.5 0.008539456394782945
155.5 0.008480144052949196
156.5 0.008446685808837843
157.5 0.008306769515281297
158.5 0.008055832684446174
159.5 0.007893103951722798
160.5 0.007558521510609308
161.5 0.007234584874440336
162.5 0.006693169651547592
163.5 0.006617128187658169
164.5 0.0061061295503211975
165.5 0.005643797449873464
166.5 0.005430881350983065
167.5 0.004967028421257545
168.5 0.004580737784699241
169.5 0.004387592466420089
170.5 0.003897885438972161
171.5 0.003754927486860035
172.5 0.003604365388358962
173.5 0.0032119914346895053
174.5 0.003227199727467392
175.5 0.002878929822853805
176.5 0.0029367213354097713
177.5 0.0031055333852443023
178.5 0.0029230338719096736
179.5 0.0029838670430212175
180.5 0.0031435541171890183
181.5 0.0033154078255791287
182.5 0.0037062609499707976
183.5 0.004018030951917458
184.5 0.004214217928752187
185.5 0.0047282582246447324
186.5 0.004968549250535332
187.5 0.0055327769125949
188.5 0.006186733502043994
189.5 0.006840690091493087
190.5 0.007254355655051586
191.5 0.008075603465057427
192.5 0.00891662205567452
193.5 0.009264891960288103
194.5 0.010238222698072801
195.5 0.010759867140354292
196.5 0.011395573778469921
197.5 0.012178800856531048
198.5 0.012426696028810592
199.5 0.013051756861981702
200.5 0.013290527058594511
201.5 0.013570359645707604
202.5 0.014022045941210821
203.5 0.01416500389332295
204.5 0.014377919992213349
205.5 0.014158920576211797
206.5 0.013716359256375318
207.5 0.013847150574265124
208.5 0.013396985108039723
209.5 0.013127798325871133
210.5 0.01252250827331127
211.5 0.011993259684640836
212.5 0.011447281973914739
213.5 0.010940845824411136
214.5 0.010588013431964183
215.5 0.009654224255401985
216.5 0.008825372299007202
217.5 0.008226165563558492
218.5 0.007404917753552653
219.5 0.007021668775549932
220.5 0.006309920673544872
221.5 0.005766984621374345
222.5 0.005140402958925445
223.5 0.004512300467198754
224.5 0.004197488806696512
225.5 0.003707781779248585
226.5 0.0031846165076893115
227.5 0.0027724717734086014
228.5 0.0024911183570177128
229.5 0.002167181720848743
230.5 0.0019329740120693
231.5 0.0017094121082343765
232.5 0.0013687463500097325
233.5 0.001294225715398092
234.5 0.001125413665563558
235.5 0.001008309811173836
236.5 0.0008744768347284402
237.5 0.0007421646875608328
238.5 0.000650914930893517
239.5 0.0006144150282265911
240.5 0.00048058205178119496
241.5 0.0003938947829472454
242.5 0.00041366556355849687
243.5 0.0003589157095581079
244.5 0.0003345824411134905
245.5 0.00028895756277983256
246.5 0.00027983258711310107
247.5 0.00024181185516838614
248.5 0.0002448535137239632
249.5 0.00021747858672376873
250.5 0.0002098744403348259
251.5 0.00024333268444617467
252.5 0.00018097868405684246
253.5 0.00019162448900136264
254.5 0.00018402034261241965
255.5 0.0001733745376678996
256.5 0.0002007494646680942
257.5 0.00021899941600155725
258.5 0.0001612079034455908
259.5 0.000197707806112517
260.5 0.00020074946466809424
261.5 0.0001733745376678995
262.5 0.00017641619622347674
263.5 0.00017793702550126527
264.5 0.00019314531827915128
265.5 0.00019618697683472842
266.5 0.00018249951333463113
267.5 0.00021139526961261437
268.5 0.00020683278177924862
269.5 0.0001901036597235741
270.5 0.00020835361105703723
271.5 0.0001946661475569398
272.5 0.0002326868795016546
273.5 0.00020531195250146
274.5 0.00022508273311271155
275.5 0.00022356190383492305
276.5 0.0002418118551683862
277.5 0.00029047839205762106
278.5 0.0002904783920576211
279.5 0.0003056866848355072
280.5 0.0003437074167802218
281.5 0.00037260317305820524
282.5 0.0003589157095581078
283.5 0.0004638529297255207
284.5 0.0005292485886704299
285.5 0.0006113733696710137
286.5 0.0007102272727272722
287.5 0.0007664979560054504
288.5 0.0008592685419505545
289.5 0.0009048934202842119
290.5 0.0010554555187852828
291.5 0.0011421427876192323
292.5 0.0013307256180650187
293.5 0.0015542875218999411
294.5 0.0017991410356239044
295.5 0.0020333487444033475
296.5 0.002281243916682888
297.5 0.0025595556745181994
298.5 0.002784638407630913
299.5 0.003137470800077865
300.5 0.0034887823632470303
301.5 0.0038111981701382126
302.5 0.003999781000583997
303.5 0.004585300272532601
304.5 0.004880341152423592
305.5 0.0053457149114269
306.5 0.005513006131983646
307.5 0.006019442281487248
308.5 0.006306879014989294
309.5 0.00657758662643566
310.5 0.006585190772824607
311.5 0.00700493965349426
312.5 0.00703839789760561
313.5 0.007268043118551683
314.5 0.0074794383881643
315.5 0.007126605995717343
316.5 0.007046002043994552
317.5 0.006823960969437416
318.5 0.0069030440918824215
319.5 0.006662753065991826
320.5 0.006253649990266692
321.5 0.005970775744598014
322.5 0.005605776717928753
323.5 0.0052529443254818
324.5 0.00477692476153397
325.5 0.004413446564142494
326.5 0.004075822464473427
327.5 0.003754927486860034
328.5 0.0033868868016351935
329.5 0.0030583876776328583
330.5 0.002743576017130619
331.5 0.0024698267471286737
332.5 0.002193035818571149
333.5 0.0019466614755693985
334.5 0.0016348914736227364
335.5 0.001621204010122639
336.5 0.0013672255207319445
337.5 0.0011649552267860618
338.5 0.000994622347673739
339.5 0.0008851226396729602
340.5 0.000708706443449484
341.5 0.0006463524430601516
342.5 0.0005900817597819737
343.5 0.0004592904418921549
344.5 0.00041366556355849703
345.5 0.000343707416780222
346.5 0.00034066575822464467
347.5 0.0002615826357796379
348.5 0.00019618697683472844
349.5 0.00016729122055674517
350.5 0.00015208292777885933
351.5 0.00012622883005645322
352.5 0.00013839546427876193
353.5 9.733307377846997e-05
354.5 8.668726883394982e-05
355.5 7.299980533385249e-05
356.5 4.866653688923496e-05
357.5 5.779151255596655e-05
358.5 3.649990266692623e-05
359.5 4.562487833365778e-05
