0.5 3.0416585555771853e-06
1.5 0.0
2.5 1.5208292777885927e-06
3.5 3.0416585555771853e-06
4.5 0.0
5.5 0.0
6.5 0.0
7.5 0.0
8.5 1.5208292777885927e-06
9.5 1.5208292777885927e-06
10.5 1.5208292777885927e-06
11.5 3.0416585555771853e-06
12.5 3.0416585555771853e-06
13.5 3.0416585555771853e-06
14.5 3.0416585555771853e-06
15.5 4.562487833365778e-06
16.5 6.083317111154371e-06
17.5 4.562487833365778e-06
18.5 0.0
19.5 4.562487833365778e-06
20.5 3.0416585555771853e-06
21.5 4.562487833365778e-06
22.5 7.6041463889429636e-06
23.5 1.216663422230874e-05
24.5 1.3687463500097332e-05
25.5 2.585409772240607e-05
26.5 2.737492700019466e-05
27.5 2.4333268444617476e-05
28.5 4.8666536889234986e-05
29.5 4.5624878333657795e-05
30.5 5.0187366167023574e-05
31.5 7.14789760560639e-05
32.5 9.124975666731563e-05
33.5 0.00010341639088962442
34.5 0.00013687463500097345
35.5 0.00018858283044578548
36.5 0.0002098744403348257
37.5 0.0002326868795016546
38.5 0.0003208949776133928
39.5 0.00035435322172474193
40.5 0.0003893322951138795
41.5 0.0004942695152812925
42.5 0.0006113733696710139
43.5 0.0007558521510609301
44.5 0.0007771437609499705
45.5 0.0009672474206735446
46.5 0.0011026012263967285
47.5 0.0013079131788981885
48.5 0.0014128503990656017
49.5 0.0015786207903445589
50.5 0.0017048496204010118
51.5 0.002088098598403735
52.5 0.0021945566478489375
53.5 0.0024607017714619412
54.5 0.0027283677243527334
55.5 0.0029184713840763065
56.5 0.0032059081175783515
57.5 0.0036363028031925204
58.5 0.0037959898773603246
59.5 0.003672802705859448
60.5 0.003975447732139378
61.5 0.004109280708584776
62.5 0.004372384173642201
63.5 0.00448340471092077
64.5 0.004624841833755107
65.5 0.004632445980144053
66.5 0.0047252165660891556
67.5 0.004741945688144831
68.5 0.004754112322367139
69.5 0.004375425832197778
70.5 0.004586821101810392
71.5 0.004573133638310297
72.5 0.00435565505158653
73.5 0.00412448900136266
74.5 0.004109280708584775
75.5 0.0037792607553046504
76.5 0.0035937195834144426
77.5 0.003307803679190187
78.5 0.0032119914346895053
79.5 0.002982346213743428
80.5 0.0027663884562974484
81.5 0.0025048058205178092
82.5 0.002334472941405488
83.5 0.0021398067938485487
84.5 0.001995328012458632
85.5 0.0018523700603465046
86.5 0.001724620401012263
87.5 0.001508662643566282
88.5 0.0013459339108429038
89.5 0.0011664760560638498
90.5 0.0011193303484524036
91.5 0.0010387263967296088
92.5 0.0008790393225618058
93.5 0.000856226883394977
94.5 0.0007893103951722788
95.5 0.0007330397118941007
96.5 0.0005900817597819733
97.5 0.0005763942962818765
98.5 0.000514040295892544
99.5 0.0005292485886704302
100.5 0.0004273530270585945
101.5 0.0004060614171695541
102.5 0.00038020731944714807
103.5 0.00030112419700214127
104.5 0.0003528323924469533
105.5 0.00031177000194666137
106.5 0.00024789517227954044
107.5 0.00026158263577963787
108.5 0.00022660356239050022
109.5 0.00019922863539030553
110.5 0.00020227029394588277
111.5 0.00020683278177924844
112.5 0.00019770780611251697
113.5 0.00016729122055674517
114.5 0.00019618697683472828
115.5 0.0001855411718902082
116.5 0.0001490412692232821
117.5 0.00015816624489001357
118.5 0.0001292704886120305
119.5 0.00013535380572318484
120.5 0.00015056209850107072
121.5 0.00013383297644539623
122.5 0.00015208292777885927
123.5 0.0001581662448900136
124.5 0.00013535380572318484
125.5 0.0001733745376678995
126.5 0.0001961869768347283
127.5 0.0001901036597235741
128.5 0.00017337453766789958
129.5 0.00020379112322367135
130.5 0.00024029102589059748
131.5 0.0002554993186684835
132.5 0.00025549931866848343
133.5 0.00027983258711310085
134.5 0.00033154078255791334
135.5 0.000331540782557913
136.5 0.0003938947829472454
137.5 0.0004486446369476345
138.5 0.00045624878333657754
139.5 0.0006113733696710141
140.5 0.0006463524430601515
141.5 0.0007634562974498731
142.5 0.0008425394198948799
143.5 0.0009398724936733492
144.5 0.0010782679579521115
145.5 0.0011999343001751984
146.5 0.0013915587891765613
147.5 0.0015360375705664776
148.5 0.0017337453766789947
149.5 0.002053119525014598
150.5 0.0022675564531827895
151.5 0.002535222406073582
152.5 0.0028895756277983234
153.5 0.003281949581467778
154.5 0.003608927876192326
155.5 0.004224863733696707
156.5 0.004705445785477902
157.5 0.005148007105314385
158.5 0.005902338427097524
159.5 0.006355545551878529
160.5 0.006960835604438387
161.5 0.0077866459022775955
162.5 0.008677851859061713
163.5 0.009450433132178308
164.5 0.010140889624294333
165.5 0.01111726202063461
166.5 0.011833572610473032
167.5 0.012782570079813118
168.5 0.013483672376873658
169.5 0.014472211407436235
170.5 0.015196126143663613
171.5 0.016309373175004867
172.5 0.01678539273895269
173.5 0.017544286548569203
174.5 0.01795643128284991
175.5 0.018421805041853218
176.5 0.01890390792291222
177.5 0.019459010609305043
178.5 0.01948334387774967
179.5 0.01986659285575238
180.5 0.019612614366361688
181.5 0.019643030951917467
182.5 0.01929780270585945
183.5 0.018992116021023936
184.5 0.018476554895853613
185.5 0.018029431088183768
186.5 0.017554932353513724
187.5 0.016834059275841935
188.5 0.016058436344169747
189.5 0.015517021121277001
190.5 0.014568023651936919
191.5 0.013672255207319448
192.5 0.012864694860813701
193.5 0.011985655538251896
194.5 0.011135511971968074
195.5 0.010040514891960286
196.5 0.009451953961456106
197.5 0.008513602297060541
198.5 0.007701479462721432
199.5 0.007009502141327622
200.5 0.006455920284212573
201.5 0.005753297157874247
202.5 0.005281840081759782
203.5 0.004630925150866262
204.5 0.004195967977418723
205.5 0.003748844169748878
206.5 0.003123783336577767
207.5 0.00290326309129842
208.5 0.0024257226980728035
209.5 0.002354243722016741
210.5 0.0020363904029589235
211.5 0.0017884952306793844
212.5 0.0015345167412886896
213.5 0.0013596213743430005
214.5 0.0012257883978976057
215.5 0.0010402472260073964
216.5 0.0008577477126727655
217.5 0.0008045186879501654
218.5 0.0007467271753941986
219.5 0.0006585190772824599
220.5 0.0005931234183375514
221.5 0.0005246861008370642
222.5 0.00043343634416974873
223.5 0.0003497907338913763
224.5 0.00036195736811368503
225.5 0.00034218658750243306
226.5 0.00027983258711310107
227.5 0.00028439507494646673
228.5 0.00023572853805723173
229.5 0.00022204107455713447
230.5 0.00019466614755693978
231.5 0.00021291609889040295
232.5 0.0002129160988904029
233.5 0.00018402034261241963
234.5 0.00014143712283433914
235.5 0.00017337453766789958
236.5 0.0001703328791123223
237.5 0.0001399162935565506
238.5 0.0001353538057231848
239.5 0.00014904126922328203
240.5 0.00014599961066770492
241.5 0.0001277496593342419
242.5 0.00016424956200116795
243.5 0.0001475204399454935
244.5 0.00020531195250146002
245.5 0.00014904126922328208
246.5 0.00017793702550126524
247.5 0.000156645415612225
248.5 0.00017945785477905385
249.5 0.00019314531827915123
250.5 0.00019010365972357398
251.5 0.00023572853805723182
252.5 0.00024029102589059748
253.5 0.00024181185516838614
254.5 0.00028287424566867785
255.5 0.00029504087989098683
256.5 0.00035435322172474177
257.5 0.00037868649016935946
258.5 0.0004456029783920574
259.5 0.00042431136850301686
260.5 0.0005064361495036009
261.5 0.0005292485886704302
262.5 0.0005703109791707219
263.5 0.0006281024917266887
264.5 0.0006646023943936146
265.5 0.0007588938096165074
266.5 0.0008334144442281483
267.5 0.0009353100058399834
268.5 0.001025038933229511
269.5 0.0010524138602297055
270.5 0.0012607674712867424
271.5 0.0013657046914541545
272.5 0.0015025793264551288
273.5 0.00171701625462332
274.5 0.0018538908896242937
275.5 0.0020272654272921924
276.5 0.0021687025501265322
277.5 0.0024485351372396337
278.5 0.002559555674518199
279.5 0.0027572634806307178
280.5 0.002941283823243137
281.5 0.0033443035818571136
282.5 0.003426428362857698
283.5 0.003601323729803385
284.5 0.003802073194471479
285.5 0.004066697488806696
286.5 0.004165551391862954
287.5 0.004227905392252286
288.5 0.004460592271753941
289.5 0.00456705032119914
290.5 0.004556404516254623
291.5 0.0046233210044773175
292.5 0.004617237687366167
293.5 0.004586821101810391
294.5 0.004678070858477711
295.5 0.004620279345921744
296.5 0.004319155148919602
297.5 0.004340446758808641
298.5 0.004164030562585165
299.5 0.004151863928362855
300.5 0.0038507397313607135
301.5 0.0035268030951917445
302.5 0.0035374489001362623
303.5 0.0031237833365777667
304.5 0.002901742262020632
305.5 0.002777034261241968
306.5 0.002474389234962038
307.5 0.0022553898189604806
308.5 0.0020987444033482567
309.5 0.0018234743040685217
310.5 0.0016196831808448502
311.5 0.0014584752773992595
312.5 0.0012759757640646283
313.5 0.0010600180066186484
314.5 0.0009018517617286352
315.5 0.0008182061514502621
316.5 0.0006433107845045744
317.5 0.0005718318084485101
318.5 0.0004912278567257153
319.5 0.00040910307572513126
320.5 0.00035131156316916466
321.5 0.0002965617091687755
322.5 0.00024029102589059756
323.5 0.00019922863539030558
324.5 0.00015208292777885933
325.5 0.00012774965933424188
326.5 0.0001079788787229902
327.5 9.277058594510423e-05
328.5 7.452063461164108e-05
329.5 6.0833171111543736e-05
330.5 5.018736616702358e-05
331.5 3.649990266692623e-05
332.5 2.2812439166828884e-05
333.5 1.8249951333463108e-05
334.5 1.6729122055674516e-05
335.5 2.4333268444617476e-05
336.5 1.216663422230874e-05
337.5 3.0416585555771853e-06
338.5 6.083317111154371e-06
339.5 6.083317111154371e-06
340.5 3.0416585555771853e-06
341.5 1.5208292777885927e-06
342.5 6.083317111154371e-06
343.5 4.562487833365778e-06
344.5 3.0416585555771853e-06
345.5 3.0416585555771853e-06
346.5 1.5208292777885927e-06
347.5 1.5208292777885927e-06
348.5 1.5208292777885927e-06
349.5 3.0416585555771853e-06
350.5 1.5208292777885927e-06
351.5 0.0
352.5 0.0
353.5 1.5208292777885927e-06
354.5 0.0
355.5 4.562487833365778e-06
356.5 1.5208292777885927e-06
357.5 0.0
358.5 0.0
359.5 1.5208292777885927e-06
