0.5 0.0
1.5 0.0
2.5 1.5208292777885927e-06
3.5 1.5208292777885927e-06
4.5 0.0
5.5 1.5208292777885927e-06
6.5 3.0416585555771853e-06
7.5 1.5208292777885927e-06
8.5 1.5208292777885927e-06
9.5 0.0
10.5 0.0
11.5 0.0
12.5 1.5208292777885927e-06
13.5 1.5208292777885927e-06
14.5 0.0
15.5 0.0
16.5 3.0416585555771853e-06
17.5 0.0
18.5 0.0
19.5 0.0
20.5 1.5208292777885927e-06
21.5 0.0
22.5 1.5208292777885927e-06
23.5 0.0
24.5 1.5208292777885927e-06
25.5 0.0
26.5 3.0416585555771853e-06
27.5 7.6041463889429636e-06
28.5 4.562487833365778e-06
29.5 4.562487833365778e-06
30.5 3.0416585555771853e-06
31.5 0.0
32.5 9.124975666731556e-06
33.5 1.5208292777885927e-06
34.5 1.5208292777885925e-05
35.5 1.0645804944520148e-05
36.5 4.562487833365778e-06
37.5 1.5208292777885927e-05
38.5 7.6041463889429636e-06
39.5 1.3687463500097333e-05
40.5 2.1291609889040295e-05
41.5 1.672912205567452e-05
42.5 1.5208292777885925e-05
43.5 9.124975666731556e-06
44.5 3.4979073389137634e-05
45.5 3.345824411134904e-05
46.5 3.649990266692623e-05
47.5 3.193741483356044e-05
48.5 3.497907338913763e-05
49.5 3.649990266692622e-05
50.5 3.4979073389137634e-05
51.5 6.23540003893323e-05
52.5 6.995814677827527e-05
53.5 4.8666536889234965e-05
54.5 5.4749854000389334e-05
55.5 5.4749854000389334e-05
56.5 4.714570761144637e-05
57.5 5.3229024722600745e-05
58.5 6.08331711115437e-05
59.5 4.562487833365778e-05
60.5 5.0187366167023554e-05
61.5 4.8666536889234965e-05
62.5 4.4104049055869186e-05
63.5 3.802073194471481e-05
64.5 2.7374927000194667e-05
65.5 3.649990266692622e-05
66.5 3.193741483356044e-05
67.5 1.2166634222308741e-05
68.5 1.9770780611251703e-05
69.5 2.7374927000194667e-05
70.5 2.2812439166828887e-05
71.5 1.3687463500097333e-05
72.5 1.2166634222308741e-05
73.5 1.3687463500097333e-05
74.5 9.124975666731556e-06
75.5 6.083317111154371e-06
76.5 6.083317111154371e-06
77.5 6.083317111154371e-06
78.5 3.0416585555771853e-06
79.5 1.5208292777885927e-06
80.5 4.562487833365778e-06
81.5 0.0
82.5 0.0
83.5 3.0416585555771853e-06
84.5 0.0
85.5 0.0
86.5 1.5208292777885927e-06
87.5 0.0
88.5 1.5208292777885927e-06
89.5 0.0
90.5 0.0
91.5 0.0
92.5 0.0
93.5 0.0
94.5 0.0
95.5 0.0
96.5 0.0
97.5 0.0
98.5 0.0
99.5 0.0
100.5 0.0
101.5 0.0
102.5 0.0
103.5 0.0
104.5 0.0
105.5 0.0
106.5 0.0
107.5 0.0
108.5 0.0
109.5 0.0
110.5 0.0
111.5 0.0
112.5 0.0
113.5 0.0
114.5 0.0
115.5 0.0
116.5 0.0
117.5 0.0
118.5 0.0
119.5 0.0
120.5 0.0
121.5 0.0
122.5 0.0
123.5 0.0
124.5 0.0
125.5 0.0
126.5 0.0
127.5 3.0416585555771853e-06
128.5 0.0
129.5 0.0
130.5 0.0
131.5 1.5208292777885927e-06
132.5 0.0
133.5 1.5208292777885927e-06
134.5 0.0
135.5 1.5208292777885927e-06
136.5 0.0
137.5 7.6041463889429636e-06
138.5 7.6041463889429636e-06
139.5 6.083317111154371e-06
140.5 7.6041463889429636e-06
141.5 1.824995133346311e-05
142.5 2.2812439166828887e-05
143.5 2.433326844461748e-05
144.5 2.1291609889040295e-05
145.5 1.5208292777885925e-05
146.5 5.170819544481216e-05
147.5 5.4749854000389334e-05
148.5 6.53956589449095e-05
149.5 6.995814677827527e-05
150.5 0.00013383297644539615
151.5 0.00015816624489001357
152.5 0.0001733745376678995
153.5 0.00021595775744598006
154.5 0.00027983258711310107
155.5 0.0003315407825579133
156.5 0.00046385292972552075
157.5 0.0005976859061709164
158.5 0.0007026231263383294
159.5 0.0008486227370060343
160.5 0.0010311222503406655
161.5 0.001175601031730582
162.5 0.0014919335215106088
163.5 0.0017869744014015955
164.5 0.002183910842904419
165.5 0.0026447221140743615
166.5 0.0030553460190772814
167.5 0.0037305942184154162
168.5 0.004195967977418726
169.5 0.005138882129647655
170.5 0.005861276036597237
171.5 0.006830044286548571
172.5 0.007639125462332105
173.5 0.00889380961650769
174.5 0.010075493965349428
175.5 0.011015366459022768
176.5 0.012011509635974306
177.5 0.013182548179871521
178.5 0.01394600447732139
179.5 0.014490461358769711
180.5 0.015580895950944132
181.5 0.01623181088183765
182.5 0.016464497761339306
183.5 0.016850788397897606
184.5 0.016656122250340664
185.5 0.01640670624878334
186.5 0.016251581662448895
187.5 0.01555047936538836
188.5 0.014730752384660303
189.5 0.014227357893712279
190.5 0.013468464084095775
191.5 0.012416050223866073
192.5 0.011648031438582828
193.5 0.010851116897021609
194.5 0.009537120401012266
195.5 0.008566831321783142
196.5 0.007704521121277008
197.5 0.006922814872493675
198.5 0.006046817208487444
199.5 0.005365485692038156
200.5 0.00457009197975472
201.5 0.004007385146972941
202.5 0.0036591152423593527
203.5 0.0031465957757445978
204.5 0.0026492846019077264
205.5 0.002339035429238854
206.5 0.0018888699630134314
207.5 0.0016014332295113864
208.5 0.001368746350009733
209.5 0.0012227467393420277
210.5 0.0009581224450068127
211.5 0.0008927267860619032
212.5 0.0007239147362273698
213.5 0.0006372274673934201
214.5 0.00050795697878139
215.5 0.00047297790539225213
216.5 0.0003938947829472454
217.5 0.00028591590422425545
218.5 0.0002661451236130037
219.5 0.0002068327817792485
220.5 0.00019922863539030553
221.5 0.0001779370255012653
222.5 0.00015968707416780223
223.5 0.00013839546427876198
224.5 0.00013231214716760763
225.5 0.00010189556161183578
226.5 0.00010189556161183576
227.5 9.27705859451042e-05
228.5 8.060395172279545e-05
229.5 7.452063461164108e-05
230.5 6.691648822269809e-05
231.5 5.322902472260076e-05
232.5 6.84373175004867e-05
233.5 6.387482966712091e-05
234.5 3.802073194471481e-05
235.5 4.410404905586919e-05
236.5 4.5624878333657795e-05
237.5 5.627068327817795e-05
238.5 5.170819544481216e-05
239.5 4.1062390500292e-05
240.5 4.2583219778080604e-05
241.5 6.691648822269809e-05
242.5 5.0187366167023574e-05
243.5 5.322902472260075e-05
244.5 6.235400038933233e-05
245.5 5.3229024722600765e-05
246.5 9.58122445006814e-05
247.5 8.212478100058404e-05
248.5 0.00010949970800077872
249.5 0.00012622883005645327
250.5 0.0001323121471676076
251.5 0.00013535380572318484
252.5 0.00015056209850107072
253.5 0.00017185370839011094
254.5 0.0001809786840568425
255.5 0.0002524576601129063
256.5 0.00028895756277983245
257.5 0.0003361032703912789
258.5 0.00038172814872493657
259.5 0.00046537375900330925
260.5 0.0005064361495036012
261.5 0.0005839984426708193
262.5 0.0007528104925053528
263.5 0.0008744768347284407
264.5 0.00104785137239634
265.5 0.0012242675686198173
266.5 0.001385475472065407
267.5 0.0016135998637336955
268.5 0.0019086407436246827
269.5 0.0021763066965154753
270.5 0.002568680650184933
271.5 0.0029504087989098674
272.5 0.0033808034845240393
273.5 0.003870510511971964
274.5 0.004554883686976833
275.5 0.005196673642203619
276.5 0.005896255109986373
277.5 0.006598878236324703
278.5 0.007360813704496786
279.5 0.008169894880280316
280.5 0.009146267276620598
281.5 0.010124160502238657
282.5 0.011356032217247422
283.5 0.01223507153980923
284.5 0.01329052705859451
285.5 0.014558898676270195
286.5 0.01584704107455713
287.5 0.01662114317695153
288.5 0.017211224936733504
289.5 0.018519138115631693
290.5 0.019017970118746348
291.5 0.019538093731750045
292.5 0.020239196028810587
293.5 0.020922048374537684
294.5 0.02080038203231458
295.5 0.0206117992018688
296.5 0.020773007105314382
297.5 0.020403445590811763
298.5 0.019566989488028035
299.5 0.018464388261631295
300.5 0.018041597722406086
301.5 0.01683710093439751
302.5 0.016021936441502824
303.5 0.01468360667704886
304.5 0.013544505547985211
305.5 0.012624403834923107
306.5 0.011094449581467781
307.5 0.009976640062293162
308.5 0.008991142690286157
309.5 0.007783604243722018
310.5 0.006830044286548569
311.5 0.0059114634027642625
312.5 0.00521796525209266
313.5 0.004379988320031144
314.5 0.0037701357796379193
315.5 0.0031435541171890196
316.5 0.0026432012847965726
317.5 0.002215848257737978
318.5 0.001905599085069106
319.5 0.0015269125948997474
320.5 0.0011801635195639473
321.5 0.0010174347868405675
322.5 0.0008349352735059372
323.5 0.0006661232236714029
324.5 0.0006022483940042822
325.5 0.000495790344559081
326.5 0.00038781146583609117
327.5 0.00025397848939069477
328.5 0.0002235619038349231
329.5 0.00017033287911232233
330.5 0.00013383297644539618
331.5 0.00012318717150087603
332.5 0.00010037473233404715
333.5 9.277058594510416e-05
334.5 6.995814677827528e-05
335.5 5.474985400038935e-05
336.5 5.4749854000389354e-05
337.5 2.8895756277983255e-05
338.5 3.345824411134904e-05
339.5 2.7374927000194663e-05
340.5 7.6041463889429636e-06
341.5 1.3687463500097332e-05
342.5 1.3687463500097332e-05
343.5 1.0645804944520148e-05
344.5 1.0645804944520148e-05
345.5 6.083317111154371e-06
346.5 1.0645804944520148e-05
347.5 7.6041463889429636e-06
348.5 7.6041463889429636e-06
349.5 1.5208292777885927e-06
350.5 4.562487833365778e-06
351.5 0.0
352.5 1.5208292777885927e-06
353.5 0.0
354.5 0.0
355.5 1.5208292777885927e-06
356.5 3.0416585555771853e-06
357.5 0.0
358.5 0.0
359.5 0.0
