0.5 8.212478100058404e-05
1.5 0.00010797887872299017
2.5 0.0001216663422230875
3.5 0.00020227029394588272
4.5 0.00025397848939069493
5.5 0.00025549931866848343
6.5 0.00031481166050223864
7.5 0.00031785331905781586
8.5 0.00029199922133540967
9.5 0.00026006180650184926
10.5 0.00020379112322367138
11.5 0.00018402034261241963
12.5 0.00012318717150087608
13.5 0.00012318717150087608
14.5 7.147897605606389e-05
15.5 6.083317111154372e-05
16.5 2.585409772240607e-05
17.5 2.1291609889040292e-05
18.5 1.6729122055674516e-05
19.5 1.0645804944520148e-05
20.5 6.083317111154371e-06
21.5 3.0416585555771853e-06
22.5 0.0
23.5 6.083317111154371e-06
24.5 3.0416585555771853e-06
25.5 0.0
26.5 1.5208292777885927e-06
27.5 0.0
28.5 0.0
29.5 0.0
30.5 1.5208292777885927e-06
31.5 1.5208292777885927e-06
32.5 0.0
33.5 0.0
34.5 0.0
35.5 0.0
36.5 0.0
37.5 0.0
38.5 0.0
39.5 0.0
40.5 0.0
41.5 1.5208292777885927e-06
42.5 1.5208292777885927e-06
43.5 1.5208292777885927e-06
44.5 3.0416585555771853e-06
45.5 1.5208292777885927e-06
46.5 6.083317111154371e-06
47.5 9.124975666731556e-06
48.5 9.124975666731556e-06
49.5 1.97707806112517e-05
50.5 2.7374927000194663e-05
51.5 2.433326844461748e-05
52.5 5.931234183375515e-05
53.5 8.516643955616121e-05
54.5 0.00011862468366751031
55.5 0.00017033287911232233
56.5 0.0002874367335020439
57.5 0.00038476980728051406
58.5 0.0005611860035039905
59.5 0.0006539565894490947
60.5 0.0007862687366167022
61.5 0.0008364561027837256
62.5 0.0009368308351177722
63.5 0.0010052681526182589
64.5 0.000996143176951528
65.5 0.000917060054506521
66.5 0.0008638310297839199
67.5 0.0009778932256180649
68.5 0.0016075165466225422
69.5 0.0026508054311855165
70.5 0.004278092758419309
71.5 0.006866544189215499
72.5 0.01026711845435079
73.5 0.014263857796379207
74.5 0.018636241970021408
75.5 0.023001021997274662
76.5 0.026509575141132953
77.5 0.028206820615145015
78.5 0.028640256959314787
79.5 0.02764107212380767
80.5 0.024607017714619435
81.5 0.02085513188631496
82.5 0.01720514161962235
83.5 0.013573401304263185
84.5 0.010060285672571539
85.5 0.007374501167996887
86.5 0.005310735838037766
87.5 0.003432511679968851
88.5 0.0024013894296281866
89.5 0.001488891862955031
90.5 0.0010189556161183564
91.5 0.0006478732723379402
92.5 0.00041670722211407425
93.5 0.0002813534163908897
94.5 0.00020987444033482563
95.5 0.00010037473233404719
96.5 6.083317111154374e-05
97.5 4.562487833365778e-05
98.5 3.649990266692622e-05
99.5 1.0645804944520148e-05
100.5 1.0645804944520148e-05
101.5 1.3687463500097332e-05
102.5 7.6041463889429636e-06
103.5 4.562487833365778e-06
104.5 1.0645804944520148e-05
105.5 3.0416585555771853e-06
106.5 9.124975666731556e-06
107.5 0.0
108.5 0.0
109.5 1.5208292777885927e-06
110.5 3.0416585555771853e-06
111.5 3.0416585555771853e-06
112.5 1.5208292777885927e-06
113.5 4.562487833365778e-06
114.5 3.0416585555771853e-06
115.5 1.5208292777885927e-06
116.5 3.0416585555771853e-06
117.5 3.0416585555771853e-06
118.5 3.0416585555771853e-06
119.5 6.083317111154371e-06
120.5 4.562487833365778e-06
121.5 6.083317111154371e-06
122.5 7.6041463889429636e-06
123.5 1.5208292777885924e-05
124.5 9.124975666731556e-06
125.5 1.8249951333463108e-05
126.5 1.824995133346311e-05
127.5 1.6729122055674516e-05
128.5 3.0416585555771853e-06
129.5 2.2812439166828887e-05
130.5 2.2812439166828884e-05
131.5 4.1062390500291995e-05
132.5 3.4979073389137634e-05
133.5 4.2583219778080604e-05
134.5 5.627068327817793e-05
135.5 3.954156122250341e-05
136.5 4.1062390500292e-05
137.5 5.931234183375516e-05
138.5 6.083317111154373e-05
139.5 4.106239050029201e-05
140.5 5.018736616702356e-05
141.5 5.474985400038934e-05
142.5 5.1708195444812156e-05
143.5 5.6270683278177936e-05
144.5 3.497907338913762e-05
145.5 5.474985400038936e-05
146.5 4.7145707611446384e-05
147.5 5.9312341833755127e-05
148.5 4.7145707611446384e-05
149.5 7.147897605606392e-05
150.5 5.9312341833755127e-05
151.5 8.212478100058406e-05
152.5 7.299980533385247e-05
153.5 8.060395172279544e-05
154.5 9.885390305625857e-05
155.5 9.733307377846998e-05
156.5 0.00010797887872299014
157.5 0.00011254136655635591
158.5 0.00013079131788981902
159.5 0.00011710385438972168
160.5 0.00014447878138991633
161.5 0.00013839546427876198
162.5 0.00013231214716760763
163.5 9.733307377847e-05
164.5 9.429141522289281e-05
165.5 7.147897605606388e-05
166.5 8.364561027837264e-05
167.5 9.733307377847e-05
168.5 7.604146388942966e-05
169.5 6.995814677827528e-05
170.5 6.69164882226981e-05
171.5 6.53956589449095e-05
172.5 6.539565894490952e-05
173.5 5.1708195444812156e-05
174.5 4.714570761144639e-05
175.5 4.2583219778080604e-05
176.5 5.018736616702357e-05
177.5 2.8895756277983252e-05
178.5 3.193741483356044e-05
179.5 2.4333268444617476e-05
180.5 2.7374927000194663e-05
181.5 2.2812439166828884e-05
182.5 3.193741483356044e-05
183.5 3.0416585555771844e-05
184.5 3.0416585555771847e-05
185.5 4.41040490558692e-05
186.5 4.25832197780806e-05
187.5 1.9770780611251703e-05
188.5 4.2583219778080604e-05
189.5 3.0416585555771844e-05
190.5 2.5854097722406068e-05
191.5 2.585409772240607e-05
192.5 3.345824411134903e-05
193.5 3.497907338913763e-05
194.5 6.84373175004867e-05
195.5 3.1937414833560436e-05
196.5 3.0416585555771847e-05
197.5 3.345824411134903e-05
198.5 2.1291609889040292e-05
199.5 3.497907338913763e-05
200.5 3.954156122250341e-05
201.5 3.345824411134903e-05
202.5 5.627068327817795e-05
203.5 2.1291609889040292e-05
204.5 4.106239050029201e-05
205.5 6.995814677827531e-05
206.5 7.147897605606388e-05
207.5 8.364561027837264e-05
208.5 0.00010645804944520156
209.5 0.00014447878138991636
210.5 0.00016424956200116798
211.5 0.00025702014794627204
212.5 0.00031633248978002725
213.5 0.00042887385633638307
214.5 0.000552061027837259
215.5 0.000685894004282655
216.5 0.0008106020050613192
217.5 0.0009201017130620982
218.5 0.0009733307377846989
219.5 0.0011619135682304845
220.5 0.0012881423982869379
221.5 0.0012227467393420277
222.5 0.0012470800077866453
223.5 0.001158871909674907
224.5 0.0010995595678411519
225.5 0.001063059665174226
226.5 0.0008896851275063262
227.5 0.00075585215106093
228.5 0.000670685711504769
229.5 0.0005855192719486082
230.5 0.0004258321977808059
231.5 0.00035283239244695343
232.5 0.00024789517227954066
233.5 0.0002144369281681916
234.5 0.0001505620985010707
235.5 0.00012166634222308751
236.5 9.733307377846998e-05
237.5 6.387482966712093e-05
238.5 6.083317111154373e-05
239.5 4.1062390500292015e-05
240.5 4.1062390500292015e-05
241.5 2.1291609889040292e-05
242.5 1.6729122055674516e-05
243.5 1.8249951333463108e-05
244.5 1.3687463500097332e-05
245.5 6.083317111154371e-06
246.5 1.2166634222308741e-05
247.5 7.6041463889429636e-06
248.5 7.6041463889429636e-06
249.5 7.6041463889429636e-06
250.5 1.0645804944520148e-05
251.5 6.083317111154371e-06
252.5 9.124975666731556e-06
253.5 6.083317111154371e-06
254.5 4.562487833365778e-06
255.5 4.562487833365778e-06
256.5 7.6041463889429636e-06
257.5 1.0645804944520148e-05
258.5 1.9770780611251703e-05
259.5 9.124975666731556e-06
260.5 2.8895756277983255e-05
261.5 2.8895756277983252e-05
262.5 3.8020731944714825e-05
263.5 5.779151255596656e-05
264.5 8.516643955616122e-05
265.5 0.00012622883005645327
266.5 0.00015360375705664788
267.5 0.00028439507494646657
268.5 0.00042583219778080596
269.5 0.0006524357601713061
270.5 0.000987018201284796
271.5 0.001571016643955615
272.5 0.0024348476737395363
273.5 0.003724510901304263
274.5 0.005227090227759395
275.5 0.007453584290441893
276.5 0.010005535818571155
277.5 0.013041111057037176
278.5 0.016771705275452593
279.5 0.020523591103757056
280.5 0.02342077087794433
281.5 0.02562597333073778
282.5 0.026000097333073784
283.5 0.025264015962624096
284.5 0.02310291755888651
285.5 0.019810322172474207
286.5 0.016539018395950945
287.5 0.013173423204204783
288.5 0.011707343780416588
289.5 0.011591760755304652
290.5 0.013617505353319055
291.5 0.01710172522873272
292.5 0.022785064239828706
293.5 0.028523153104925047
294.5 0.03410611738368698
295.5 0.037740899357601734
296.5 0.03994610181039518
297.5 0.039039687560833175
298.5 0.03532582246447342
299.5 0.030234086042437224
300.5 0.024422997372007003
301.5 0.018671221043410548
302.5 0.013897337940432157
303.5 0.00955384952306794
304.5 0.0064194203815456504
305.5 0.0041609889040295864
306.5 0.0025534723574070447
307.5 0.0015238709363441692
308.5 0.000851664395561611
309.5 0.0005201236130036984
310.5 0.00028135341639088957
311.5 0.0001505620985010707
312.5 0.00012622883005645327
313.5 6.387482966712091e-05
314.5 2.5854097722406068e-05
315.5 1.672912205567452e-05
316.5 1.6729122055674516e-05
317.5 6.083317111154371e-06
318.5 3.0416585555771853e-06
319.5 1.5208292777885927e-06
320.5 1.5208292777885927e-06
321.5 3.0416585555771853e-06
322.5 3.0416585555771853e-06
323.5 1.5208292777885927e-06
324.5 0.0
325.5 1.5208292777885927e-06
326.5 0.0
327.5 1.5208292777885927e-06
328.5 0.0
329.5 0.0
330.5 0.0
331.5 0.0
332.5 0.0
333.5 0.0
334.5 0.0
335.5 1.5208292777885927e-06
336.5 3.0416585555771853e-06
337.5 0.0
338.5 0.0
339.5 4.562487833365778e-06
340.5 4.562487833365778e-06
341.5 1.0645804944520148e-05
342.5 3.0416585555771853e-06
343.5 7.6041463889429636e-06
344.5 1.0645804944520148e-05
345.5 1.3687463500097332e-05
346.5 1.672912205567452e-05
347.5 3.0416585555771847e-05
348.5 4.41040490558692e-05
349.5 3.649990266692622e-05
350.5 6.083317111154373e-05
351.5 6.539565894490951e-05
352.5 5.474985400038934e-05
353.5 6.083317111154373e-05
354.5 5.0187366167023574e-05
355.5 4.1062390500292e-05
356.5 3.954156122250342e-05
357.5 3.954156122250342e-05
358.5 4.2583219778080604e-05
359.5 5.7791512555966545e-05
