0.5 0.0
1.5 0.0
2.5 0.0
3.5 0.0
4.5 0.0
5.5 1.5208292777885927e-06
6.5 3.0416585555771853e-06
7.5 0.0
8.5 0.0
9.5 1.5208292777885927e-06
10.5 1.5208292777885927e-06
11.5 0.0
12.5 4.562487833365778e-06
13.5 6.083317111154371e-06
14.5 3.0416585555771853e-06
15.5 3.0416585555771853e-06
16.5 1.0645804944520148e-05
17.5 7.6041463889429636e-06
18.5 7.6041463889429636e-06
19.5 6.083317111154371e-06
20.5 3.0416585555771853e-06
21.5 1.0645804944520148e-05
22.5 1.0645804944520148e-05
23.5 1.0645804944520148e-05
24.5 1.6729122055674516e-05
25.5 1.97707806112517e-05
26.5 2.5854097722406068e-05
27.5 3.0416585555771847e-05
28.5 3.9541561222503406e-05
29.5 5.322902472260075e-05
30.5 5.3229024722600765e-05
31.5 7.299980533385249e-05
32.5 8.668726883394986e-05
33.5 0.00010341639088962438
34.5 0.00011710385438972174
35.5 0.00014143712283433912
36.5 0.00020835361105703713
37.5 0.0002585409772240606
38.5 0.00030264502627993004
39.5 0.00033610327039127895
40.5 0.0004501654662254231
41.5 0.0004866653688923495
42.5 0.0005748734670040876
43.5 0.0006980606385049639
44.5 0.00079843537083901
45.5 0.000904893420284212
46.5 0.0010752262993965335
47.5 0.0013124756667315539
48.5 0.001408287911232236
49.5 0.001569495814677826
50.5 0.0017945785477905384
51.5 0.002033348744403348
52.5 0.0022858064045162547
53.5 0.0025032849912400225
54.5 0.002871325676464862
55.5 0.0029412838232431367
56.5 0.003198303971189409
57.5 0.0034127408993575997
58.5 0.0036819276815261807
59.5 0.0037229900720264723
60.5 0.004025635098306401
61.5 0.004267446953474787
62.5 0.004393675783531243
63.5 0.004430175686198171
64.5 0.004650695931477512
65.5 0.004652216760755303
66.5 0.0045898627603659726
67.5 0.0046248418337551086
68.5 0.004697841639088961
69.5 0.004614196028810589
70.5 0.004668945882810978
71.5 0.004241592855752384
72.5 0.004367821685808837
73.5 0.004220301245863342
74.5 0.004042364220362078
75.5 0.003958718610083705
76.5 0.0034979073389137592
77.5 0.003400574265135292
78.5 0.0032119914346895044
79.5 0.003049262701966127
80.5 0.002954971286743233
81.5 0.002577805625851662
82.5 0.002463743430017518
83.5 0.002221931574849133
84.5 0.002066806988514696
85.5 0.001847807572513139
86.5 0.001753516157290246
87.5 0.0015253917656219583
88.5 0.0013854754720654062
89.5 0.0012820590811757823
90.5 0.0011634343975082723
91.5 0.0010037473233404702
92.5 0.0008334144442281482
93.5 0.0008592685419505543
94.5 0.0007771437609499701
95.5 0.0007604146388942956
96.5 0.0006433107845045743
97.5 0.0006326649795600541
98.5 0.0005505401985594703
99.5 0.00047297790539225213
100.5 0.0004227905392252287
101.5 0.00041670722211407436
102.5 0.0003771656608915709
103.5 0.00035739488028031915
104.5 0.00030112419700214127
105.5 0.00029199922133540956
106.5 0.00023420770877944323
107.5 0.00026462429433521503
108.5 0.00024333268444617475
109.5 0.00021899941600155714
110.5 0.00017641619622347655
111.5 0.00020531195250145993
112.5 0.0001824995133346311
113.5 0.00016577039127895653
114.5 0.0001688120498345337
115.5 0.00014904126922328213
116.5 0.00015208292777885922
117.5 0.00013535380572318482
118.5 0.00014295795211212773
119.5 0.0001809786840568424
120.5 0.0001490412692232821
121.5 0.000156645415612225
122.5 0.0001551245863344364
123.5 0.00017185370839011094
124.5 0.00015208292777885927
125.5 0.0001931453182791512
126.5 0.00017033287911232228
127.5 0.000212916098890403
128.5 0.00019010365972357406
129.5 0.00020683278177924854
130.5 0.00024637434300175194
131.5 0.0002646242943352149
132.5 0.0002828742456686783
133.5 0.00031481166050223853
134.5 0.0003619573681136849
135.5 0.0003573948802803194
136.5 0.0004075822464473426
137.5 0.0004425613198364803
138.5 0.0005003528323924467
139.5 0.0005855192719486076
140.5 0.0006326649795600537
141.5 0.0007208730776717923
142.5 0.0008258102978392055
143.5 0.0008972892738952695
144.5 0.001055455518785283
145.5 0.001107163714230095
146.5 0.0014295795211212755
147.5 0.0015329959120108996
148.5 0.0018082660112906344
149.5 0.0019603489390694943
150.5 0.002217369087015767
151.5 0.0025702014794627202
152.5 0.002953450457465445
153.5 0.003219595581078449
154.5 0.0036636777301927177
155.5 0.004122968172084872
156.5 0.00463396680942184
157.5 0.005061319836480436
158.5 0.005817171987541366
159.5 0.006510670138212965
160.5 0.00724370985010707
161.5 0.007699958633443645
162.5 0.008764539127895661
163.5 0.009307475180066187
164.5 0.01032947245474012
165.5 0.011133991142690284
166.5 0.011877676659528906
167.5 0.012840361592369082
168.5 0.013497359840373762
169.5 0.014324690967490755
170.5 0.015413604730387385
171.5 0.01595045746544676
172.5 0.017042412886898964
173.5 0.0174925783531244
174.5 0.018021826941794813
175.5 0.01836097187074168
176.5 0.018846116410356238
177.5 0.019433156511582637
178.5 0.019498552170527546
179.5 0.01958523943936148
180.5 0.019863551197196804
181.5 0.019299323535137244
182.5 0.019408823243138033
183.5 0.019170053046525214
184.5 0.01832599279735254
185.5 0.017831723282071252
186.5 0.017635536305236517
187.5 0.01666068473817404
188.5 0.0162500608331711
189.5 0.015173313704496788
190.5 0.01440985740704691
191.5 0.013676817695152808
192.5 0.01256661232236714
193.5 0.011518760949970794
194.5 0.011205470118746345
195.5 0.010080056453182797
196.5 0.009149308935176171
197.5 0.008422352540393226
198.5 0.007751666828888457
199.5 0.006912169067549153
200.5 0.006420941210823438
201.5 0.005728963889429631
202.5 0.005275756764648627
203.5 0.00465373759003309
204.5 0.004042364220362075
205.5 0.00354049055869184
206.5 0.0031040125559665148
207.5 0.0028074508467977404
208.5 0.0025367432353513705
209.5 0.0021671817208487433
210.5 0.0020196612809032497
211.5 0.0017550369865680345
212.5 0.001647058107845044
213.5 0.0013869963013431956
214.5 0.0011923301537862558
215.5 0.0010098306404516244
216.5 0.0009337891765621954
217.5 0.0008151644928946849
218.5 0.0007436855168386214
219.5 0.0006220191746155342
220.5 0.0005946442476153393
221.5 0.0004988320031146582
222.5 0.00044712380766984594
223.5 0.00039085312439166817
224.5 0.0003163324897800273
225.5 0.0003117700019466613
226.5 0.0002965617091687756
227.5 0.0002357285380572317
228.5 0.0002296452209460773
229.5 0.00023420770877944318
230.5 0.0002098744403348257
231.5 0.00019010365972357403
232.5 0.0001703328791123224
233.5 0.00017033287911232233
234.5 0.0001551245863344364
235.5 0.0001870620011679968
236.5 0.00016577039127895653
237.5 0.0001429579521121277
238.5 0.00013687463500097334
239.5 0.00014599961066770497
240.5 0.00011710385438972174
241.5 0.00015056209850107066
242.5 0.00017489536694568813
243.5 0.00017489536694568813
244.5 0.00016729122055674517
245.5 0.0001520829277788593
246.5 0.00017641619622347674
247.5 0.00018858283044578545
248.5 0.0001779370255012653
249.5 0.0002068327817792486
250.5 0.00020531195250145993
251.5 0.0002159577574459801
252.5 0.00023877019661280887
253.5 0.00026158263577963787
254.5 0.00031177000194666137
255.5 0.00029504087989098694
256.5 0.00038476980728051373
257.5 0.0004106239050029196
258.5 0.00042126970994743997
259.5 0.00043039468561417173
260.5 0.0005033944909480241
261.5 0.0004988320031146582
262.5 0.0005566235156706244
263.5 0.0006265816624488995
264.5 0.0007406438582830443
265.5 0.0008394977613393026
266.5 0.000866872688339497
267.5 0.0009018517617286344
268.5 0.001035684738174031
269.5 0.0011071637142300943
270.5 0.0013413714230095378
271.5 0.0013672255207319447
272.5 0.001569495814677826
273.5 0.0016805163519563935
274.5 0.0018432450846797722
275.5 0.0021063485497372
276.5 0.002328389624294335
277.5 0.0024819933813509817
278.5 0.0026629720654078246
279.5 0.002843950749464666
280.5 0.0031329083122444987
281.5 0.0032895537278567217
282.5 0.0035024698267471267
283.5 0.0036743235351372385
284.5 0.004010426805528516
285.5 0.004062135000973329
286.5 0.004106239050029198
287.5 0.004329800953864121
288.5 0.004401279929920184
289.5 0.0045853002725326055
290.5 0.004585300272532605
291.5 0.004696320809811171
292.5 0.004702404126922326
293.5 0.004708487444033481
294.5 0.00460050856531049
295.5 0.004404321588475763
296.5 0.004366300856531048
297.5 0.004422571539809225
298.5 0.004262884465641422
299.5 0.004019551781195247
300.5 0.003937427000194665
301.5 0.0037792607553046496
302.5 0.0033366994354681713
303.5 0.0031374708000778636
304.5 0.0027937633832976413
305.5 0.0027648676270196587
306.5 0.0024774308935176163
307.5 0.002266035623905002
308.5 0.00204095289079229
309.5 0.0017930577185127495
310.5 0.0016972454740120674
311.5 0.0012942257153980917
312.5 0.0013063923496204003
313.5 0.0010767471286743232
314.5 0.0008912059567841147
315.5 0.0008166853221724741
316.5 0.0007147897605606381
317.5 0.0006037692232820706
318.5 0.0005459777107261045
319.5 0.0004045405878917654
320.5 0.00033001995328012446
321.5 0.0003178533190578158
322.5 0.00021443692816819143
323.5 0.00019466614755693975
324.5 0.00017489536694568813
325.5 0.00017641619622347664
326.5 8.972892738952703e-05
327.5 7.908312244500687e-05
328.5 5.779151255596656e-05
329.5 4.714570761144639e-05
330.5 5.322902472260077e-05
331.5 3.4979073389137634e-05
332.5 2.737492700019466e-05
333.5 2.1291609889040292e-05
334.5 3.649990266692622e-05
335.5 2.4333268444617476e-05
336.5 9.124975666731556e-06
337.5 1.3687463500097332e-05
338.5 6.083317111154371e-06
339.5 1.0645804944520148e-05
340.5 6.083317111154371e-06
341.5 1.5208292777885927e-06
342.5 6.083317111154371e-06
343.5 7.6041463889429636e-06
344.5 1.5208292777885927e-06
345.5 4.562487833365778e-06
346.5 1.5208292777885927e-06
347.5 6.083317111154371e-06
348.5 0.0
349.5 3.0416585555771853e-06
350.5 0.0
351.5 0.0
352.5 1.5208292777885927e-06
353.5 3.0416585555771853e-06
354.5 3.0416585555771853e-06
355.5 1.5208292777885927e-06
356.5 0.0
357.5 0.0
358.5 0.0
359.5 3.0416585555771853e-06
