0.5 2.2812439166828887e-05
1.5 3.041658555577185e-05
2.5 2.433326844461748e-05
3.5 4.410404905586919e-05
4.5 4.7145707611446384e-05
5.5 5.322902472260076e-05
6.5 6.53956589449095e-05
7.5 9.277058594510421e-05
8.5 9.885390305625855e-05
9.5 0.00013079131788981902
10.5 0.0001794578547790539
11.5 0.00017033287911232233
12.5 0.000238770196612809
13.5 0.0003041658555577184
14.5 0.0003345824411134904
15.5 0.00043647800272532595
16.5 0.0005201236130036986
17.5 0.0006433107845045744
18.5 0.0007877895658944912
19.5 0.0008638310297839201
20.5 0.001066101323729803
21.5 0.0012881423982869377
22.5 0.001313996496009343
23.5 0.0016500997664006228
24.5 0.0019390573291804554
25.5 0.002094181915514891
26.5 0.0024743892349620386
27.5 0.0027952842125754324
28.5 0.003034054409188241
29.5 0.003347345240412691
30.5 0.0035678654856920364
31.5 0.0038507397313607156
32.5 0.004171634708974109
33.5 0.004515342125754331
34.5 0.00465982090714425
35.5 0.005029382421646874
36.5 0.005255985984037374
37.5 0.0053654856920381565
38.5 0.0053959022775939254
39.5 0.00554494354681721
40.5 0.005662047401206934
41.5 0.005657484913373563
42.5 0.005312256667315551
43.5 0.005408068911816235
44.5 0.005303131691648822
45.5 0.005106944714814093
46.5 0.004690237492700017
47.5 0.0046491751021997246
48.5 0.00445755061319836
49.5 0.004095593245084679
50.5 0.003844656414249561
51.5 0.0035252822659139556
52.5 0.0031922206540782533
53.5 0.0028622007007981305
54.5 0.0026112638699630113
55.5 0.0022629939653494246
56.5 0.0021626192330153776
57.5 0.0018067451820128469
58.5 0.001659224742067354
59.5 0.001539079229122054
60.5 0.001183205178119524
61.5 0.0010676221530075917
62.5 0.0009946223476737393
63.5 0.0008090811757835313
64.5 0.0008075603465057426
65.5 0.0006782898578937118
66.5 0.0005779151255596647
67.5 0.000514040295892544
68.5 0.0004349571734475373
69.5 0.00040454058789176543
70.5 0.0003862906365583023
71.5 0.00030264502627992993
72.5 0.000290478392057621
73.5 0.0002813534163908897
74.5 0.0002524576601129063
75.5 0.0002889575627798326
76.5 0.00023724936733502026
77.5 0.0002326868795016546
78.5 0.0002402910258905976
79.5 0.00022052024527934575
80.5 0.0002600618065018492
81.5 0.0002554993186684834
82.5 0.000246374343001752
83.5 0.00024941600155732905
84.5 0.0002631034650574265
85.5 0.0003072075141132956
86.5 0.0003072075141132956
87.5 0.00027831175783531235
88.5 0.00025093683083511766
89.5 0.00032697829472454746
90.5 0.0003239366361689703
91.5 0.00031937414833560447
92.5 0.00036499902666926214
93.5 0.0003589157095581077
94.5 0.0003193741483356043
95.5 0.00036956151450262786
96.5 0.0003543532217247421
97.5 0.00031329083122445003
98.5 0.00039389478294724544
99.5 0.0003938947829472455
100.5 0.00039085312439166817
101.5 0.00039237395366945683
102.5 0.00041062390500292003
103.5 0.0004075822464473428
104.5 0.00038933229511387983
105.5 0.0003923739536694568
106.5 0.0003969364415028225
107.5 0.0003634781973914736
108.5 0.0004045405878917655
109.5 0.0003999781000583996
110.5 0.0003756448316137823
111.5 0.0003893322951138797
112.5 0.00038020731944714807
113.5 0.0003954156122250341
114.5 0.0004227905392252286
115.5 0.00042583219778080585
116.5 0.0004912278567257149
117.5 0.00047601956394782935
118.5 0.0005520610278372588
119.5 0.0006250608331711113
120.5 0.0007071856141716954
121.5 0.0007695396145610274
122.5 0.0008562268833949771
123.5 0.0009550807864512359
124.5 0.00115583025111933
125.5 0.0012957465446758805
126.5 0.0014432669846213733
127.5 0.001745912010901304
128.5 0.0020272654272921924
129.5 0.0021915149892933606
130.5 0.0025610765037959895
131.5 0.0030386168970216064
132.5 0.003472053241191355
133.5 0.0037412400233599345
134.5 0.004500133832976444
135.5 0.004822549639867626
136.5 0.005506922814872493
137.5 0.0060863587697099495
138.5 0.006635378138991627
139.5 0.007438375997664007
140.5 0.007859645707611447
141.5 0.008705226786061906
142.5 0.009345495912010896
143.5 0.01010438972162741
144.5 0.010814616994354681
145.5 0.011555260852637722
146.5 0.012198571637142306
147.5 0.01276127846992408
148.5 0.013418276717928753
149.5 0.013714838427097533
150.5 0.01425929530854584
151.5 0.014409857407046922
152.5 0.014823522970605402
153.5 0.014872189507494644
154.5 0.014957355947050803
155.5 0.014758127311660502
156.5 0.014645585945104142
157.5 0.01431708682110181
158.5 0.014218232918045555
159.5 0.013707234280708589
160.5 0.013529297255207316
161.5 0.012504258321977813
162.5 0.012218342417753542
163.5 0.01158111495036013
164.5 0.011013845629744988
165.5 0.010504367821685805
166.5 0.009596432742846021
167.5 0.009067184154175591
168.5 0.008159249075335797
169.5 0.007856604049055865
170.5 0.007084022775939261
171.5 0.006524357601713061
172.5 0.006090921257543311
173.5 0.005450652131594318
174.5 0.005143444617481021
175.5 0.00498071588475764
176.5 0.004500133832976444
177.5 0.0043374051002530644
178.5 0.00398457270780611
179.5 0.0037746982674712825
180.5 0.0036743235351372394
181.5 0.003598282071247808
182.5 0.003522240607358377
183.5 0.0036058862176367515
184.5 0.0037047401206930074
185.5 0.0037016984621374314
186.5 0.0038720313412497548
187.5 0.004129051489196028
188.5 0.004282655246252675
189.5 0.004522946272143273
190.5 0.0048103830056453155
191.5 0.00515104876386996
192.5 0.005499318668483552
193.5 0.005561672668872885
194.5 0.006118296184543511
195.5 0.006329691454156122
196.5 0.00660039906560249
197.5 0.00703383540977224
198.5 0.00712052267860619
199.5 0.0073334387774965926
200.5 0.007427730192719488
201.5 0.007748625170332878
202.5 0.007830749951333467
203.5 0.007674104535721239
204.5 0.0076604170722211415
205.5 0.00772733356044384
206.5 0.0077501459996106685
207.5 0.0076756253649990286
208.5 0.007280209752773991
209.5 0.006991252189994162
210.5 0.006947148140938289
211.5 0.006629294821880474
212.5 0.006544128382324312
213.5 0.005970775744598013
214.5 0.005514526961261437
215.5 0.005362444033482576
216.5 0.0049229243722016735
217.5 0.004553362857699045
218.5 0.004203572123807668
219.5 0.0038507397313607148
220.5 0.0035982820712478067
221.5 0.003277387093634414
222.5 0.0029564921160210225
223.5 0.0025899722600739718
224.5 0.0022918897216274076
225.5 0.0020455153786256555
226.5 0.0018325992797352535
227.5 0.0016059957173447529
228.5 0.001399162935565504
229.5 0.0013504963986762698
230.5 0.0011421427876192331
231.5 0.0009231433716176746
232.5 0.0008805601518395946
233.5 0.0008273311271169934
234.5 0.0007436855168386213
235.5 0.0006767690286159232
236.5 0.0006144150282265912
237.5 0.0006068108818376482
238.5 0.0005824776133930305
239.5 0.0005201236130036983
240.5 0.0005414152228927386
241.5 0.00048514453961456084
242.5 0.0005231652715592756
243.5 0.0004866653688923496
244.5 0.0005079569787813899
245.5 0.0005596651742262019
246.5 0.0005353319057815844
247.5 0.0005596651742262019
248.5 0.0005581443449484134
249.5 0.0005733526377262989
250.5 0.0005946442476153399
251.5 0.0005490193692816817
252.5 0.0006159358575043796
253.5 0.0005611860035039905
254.5 0.0005657484913373566
255.5 0.0005763942962818762
256.5 0.0006493941016157288
257.5 0.0006235400038933228
258.5 0.0006022483940042826
259.5 0.0006128941989488027
260.5 0.0006189775160599573
261.5 0.0006128941989488026
262.5 0.0006189775160599568
263.5 0.0006448316137823627
264.5 0.0005748734670040879
265.5 0.0006524357601713059
266.5 0.0005976859061709168
267.5 0.0006782898578937123
268.5 0.0006113733696710139
269.5 0.0006281024917266886
270.5 0.0005976859061709168
271.5 0.0006052900525598594
272.5 0.0005353319057815845
273.5 0.0006022483940042822
274.5 0.0005322902472260071
275.5 0.0005505401985594702
276.5 0.00048362371033677245
277.5 0.0005170819544481213
278.5 0.0005018736616702355
279.5 0.00048058205178119523
280.5 0.00041822805139186275
281.5 0.00041974888066965136
282.5 0.0003923739536694568
283.5 0.0003634781973914733
284.5 0.000336103270391279
285.5 0.00032849912400233607
286.5 0.00034674907533579894
287.5 0.00028287424566867823
288.5 0.0002950408798909869
289.5 0.0002965617091687755
290.5 0.00031177000194666153
291.5 0.0002965617091687755
292.5 0.000272228440724158
293.5 0.0003011241970021412
294.5 0.00035131156316916493
295.5 0.00032849912400233596
296.5 0.00039085312439166833
297.5 0.0003999781000584
298.5 0.0004714570761144639
299.5 0.0005155611251703327
300.5 0.00048514453961456106
301.5 0.0006311441502822658
302.5 0.0007436855168386216
303.5 0.000796914541561222
304.5 0.0008106020050613194
305.5 0.0009079350788397891
306.5 0.0009991848355071047
307.5 0.0011436636168970212
308.5 0.0011467052754525985
309.5 0.0012516424956200117
310.5 0.0014219753747323329
311.5 0.0015253917656219591
312.5 0.0017154954253455323
313.5 0.001683558010511972
314.5 0.0018614950360132368
315.5 0.0018295576211796764
316.5 0.002028786256569982
317.5 0.002100265232626046
318.5 0.0020683278177924857
319.5 0.002101786061903835
320.5 0.0021656608915709545
321.5 0.00223713986762702
322.5 0.0021185151839595087
323.5 0.0021398067938485496
324.5 0.0022569106482382703
325.5 0.00198772386606969
326.5 0.001957307280513918
327.5 0.0018599742067354481
328.5 0.0018052243527350593
329.5 0.0016789955226786059
330.5 0.0015223501070663805
331.5 0.0014736835701771455
332.5 0.001277496593342417
333.5 0.0011740802024527927
334.5 0.0010600180066186484
335.5 0.0010235181039517228
336.5 0.0007908312244500679
337.5 0.0007467271753941985
338.5 0.0006813315164492896
339.5 0.0005338110765037961
340.5 0.000492748686003504
341.5 0.0004106239050029199
342.5 0.00035739488028031915
343.5 0.0002874367335020439
344.5 0.00022508273311271166
345.5 0.00017793702550126535
346.5 0.00015208292777885935
347.5 0.00012318717150087605
348.5 0.00010797887872299013
349.5 9.581224450068139e-05
350.5 7.147897605606388e-05
351.5 4.8666536889234965e-05
352.5 4.25832197780806e-05
353.5 4.562487833365778e-05
354.5 2.8895756277983255e-05
355.5 2.585409772240607e-05
356.5 2.1291609889040295e-05
357.5 2.1291609889040295e-05
358.5 4.258321977808059e-05
359.5 3.0416585555771847e-05
