0.5 0.0
1.5 1.5208292777885927e-06
2.5 0.0
3.5 4.562487833365778e-06
4.5 0.0
5.5 1.5208292777885927e-06
6.5 0.0
7.5 1.5208292777885927e-06
8.5 3.0416585555771853e-06
9.5 0.0
10.5 4.562487833365778e-06
11.5 1.5208292777885927e-06
12.5 4.562487833365778e-06
13.5 7.6041463889429636e-06
14.5 3.0416585555771853e-06
15.5 1.5208292777885927e-06
16.5 1.5208292777885927e-06
17.5 1.0645804944520148e-05
18.5 9.124975666731556e-06
19.5 6.083317111154371e-06
20.5 6.083317111154371e-06
21.5 9.124975666731556e-06
22.5 9.124975666731556e-06
23.5 1.216663422230874e-05
24.5 2.2812439166828884e-05
25.5 3.649990266692622e-05
26.5 3.0416585555771847e-05
27.5 3.649990266692623e-05
28.5 3.649990266692622e-05
29.5 4.5624878333657795e-05
30.5 5.018736616702358e-05
31.5 8.516643955616126e-05
32.5 0.00010493722016741296
33.5 0.0001247080007786647
34.5 0.00017793702550126533
35.5 0.000190103659723574
36.5 0.00023724936733502042
37.5 0.00031481166050223853
38.5 0.00034522824605801044
39.5 0.00039845727078061105
40.5 0.00046081127116994364
41.5 0.0006296233210044769
42.5 0.0006767690286159233
43.5 0.0008334144442281481
44.5 0.0009778932256180647
45.5 0.001066101323729803
46.5 0.0012531633248978001
47.5 0.0014037254233988702
48.5 0.0015390792291220552
49.5 0.0017915368892349604
50.5 0.002045515378625656
51.5 0.0021291609889040283
52.5 0.002451576795795211
53.5 0.002670576211796766
54.5 0.003055346019077282
55.5 0.003027971092077085
56.5 0.0034294700214132744
57.5 0.003583073778469923
58.5 0.0038324897800272512
59.5 0.00395263529297255
60.5 0.003995218512750629
61.5 0.004308509343975081
62.5 0.004670466712088769
63.5 0.004567050321199141
64.5 0.0046704667120887645
65.5 0.004687195834144443
66.5 0.004769320615145025
67.5 0.004974632567646486
68.5 0.004754112322367139
69.5 0.004790612225034068
70.5 0.004681112517033287
71.5 0.0044560297839205745
72.5 0.0043769466614755675
73.5 0.004303946856141714
74.5 0.00418988466030757
75.5 0.0036925734864707
76.5 0.0038096773408604224
77.5 0.003563302997858669
78.5 0.003297157874245665
79.5 0.003137470800077866
80.5 0.0028987006034650554
81.5 0.0026812220167412876
82.5 0.002561076503795988
83.5 0.0023451187463500085
84.5 0.0021033068911816225
85.5 0.0019329740120692998
86.5 0.0018037035234572695
87.5 0.0015770999610667693
88.5 0.001446308643176951
89.5 0.001324642300953863
90.5 0.0011223720070079799
91.5 0.0011026012263967292
92.5 0.0009535599571734468
93.5 0.0008759976640062287
94.5 0.0008136436636168966
95.5 0.0007376021997274671
96.5 0.0007071856141716951
97.5 0.0005916025890597622
98.5 0.0005079569787813898
99.5 0.00042583219778080574
100.5 0.00043647800272532595
101.5 0.00039237395366945694
102.5 0.00036195736811368487
103.5 0.00032545746544675874
104.5 0.0003148116605022385
105.5 0.00028287424566867823
106.5 0.0002707076114463694
107.5 0.00025549931866848327
108.5 0.00022204107455713442
109.5 0.0001824995133346311
110.5 0.0001764161962234767
111.5 0.00017641619622347677
112.5 0.00016424956200116798
113.5 0.00014447878138991633
114.5 0.00012166634222308754
115.5 0.00014904126922328208
116.5 9.88539030562586e-05
117.5 0.00011406219583414455
118.5 0.00014143712283433912
119.5 0.00012014551294529897
120.5 0.0001247080007786647
121.5 0.00012318717150087608
122.5 0.00014295795211212773
123.5 0.00011406219583414456
124.5 0.00011862468366751036
125.5 0.00012774965933424188
126.5 0.0001262288300564533
127.5 0.00013231214716760763
128.5 0.00012014551294529893
129.5 0.00013535380572318484
130.5 0.0001444787813899164
131.5 0.0001931453182791512
132.5 0.00016729122055674512
133.5 0.00020835361105703718
134.5 0.00024941600155732905
135.5 0.00021899941600155717
136.5 0.00031024917266887287
137.5 0.00031177000194666126
138.5 0.00032393663616897
139.5 0.00038781146583609095
140.5 0.000457769612614366
141.5 0.00048666536889234934
142.5 0.0006068108818376482
143.5 0.0006265816624488997
144.5 0.0006737273700603462
145.5 0.0008562268833949771
146.5 0.0009566016157290241
147.5 0.0010508930309519168
148.5 0.0012546841541755886
149.5 0.0014493503017325277
150.5 0.0016272873272337933
151.5 0.0018721408409577563
152.5 0.0022325773797936526
153.5 0.0025200141132956967
154.5 0.0028880547985205346
155.5 0.0033290952890792256
156.5 0.003856823048471869
157.5 0.004284176075530464
158.5 0.004865132859645703
159.5 0.005474985400038931
160.5 0.006249087502433328
161.5 0.0071220435078839794
162.5 0.007730375218999417
163.5 0.008629185322172474
164.5 0.00958426610862371
165.5 0.010397909772240612
166.5 0.011692135487638696
167.5 0.012487529199922128
168.5 0.013323985302705855
169.5 0.014764210628771654
170.5 0.015374063169164879
171.5 0.016599851567062483
172.5 0.017630973817403153
173.5 0.01851609645707612
174.5 0.019504635487638686
175.5 0.01991525939264163
176.5 0.0204657995912011
177.5 0.02122013091298423
178.5 0.021261193303484523
179.5 0.02119579764453962
180.5 0.021274880766984628
181.5 0.021160818571150472
182.5 0.020842965252092664
183.5 0.020544882713646104
184.5 0.019530489585361112
185.5 0.019480302219194074
186.5 0.018511533969242745
187.5 0.017542765719291427
188.5 0.016616580689118164
189.5 0.015547437706832777
190.5 0.014429628187658167
191.5 0.013641838621763673
192.5 0.012470800077866459
193.5 0.011445761144636949
194.5 0.010603221724742068
195.5 0.009637495133346313
196.5 0.008658081078450458
197.5 0.007953937122834338
198.5 0.006951710628771657
199.5 0.006156316916488222
200.5 0.005610339205762116
201.5 0.004824070469145412
202.5 0.004296342709752772
203.5 0.00394198948802803
204.5 0.0033549493868016323
205.5 0.0028530757251313973
206.5 0.002618868016351955
207.5 0.0022097649406268224
208.5 0.0019314531827915114
209.5 0.001665308059178508
210.5 0.0014645585945104133
211.5 0.0012501216663422226
212.5 0.0010645804944520141
213.5 0.0009292266887288295
214.5 0.0008881642982285376
215.5 0.0007588938096165071
216.5 0.0006919773213938091
217.5 0.00052924858867043
218.5 0.00045776961261436637
219.5 0.00042126970994743997
220.5 0.00038020731944714796
221.5 0.0003862906365583023
222.5 0.0002813534163908895
223.5 0.00024485351372396344
224.5 0.0002053119525014599
225.5 0.00021747858672376867
226.5 0.0001992286353903056
227.5 0.0002053119525014599
228.5 0.0001551245863344365
229.5 0.0001657703912789566
230.5 0.00014904126922328205
231.5 0.00013079131788981907
232.5 0.00012166634222308751
233.5 0.00013231214716760763
234.5 0.0001353538057231848
235.5 0.00012470800077866466
236.5 0.00014295795211212775
237.5 0.000104937220167413
238.5 0.00011710385438972173
239.5 0.00013383297644539618
240.5 0.00011862468366751033
241.5 0.00011406219583414455
242.5 0.0001414371228343391
243.5 0.000130791317889819
244.5 0.00012774965933424183
245.5 0.0001353538057231848
246.5 0.00016729122055674523
247.5 0.00017337453766789953
248.5 0.00014904126922328213
249.5 0.00018706200116799684
250.5 0.000197707806112517
251.5 0.00019770780611251708
252.5 0.00020987444033482576
253.5 0.0002509368308351176
254.5 0.00024789517227954044
255.5 0.0003193741483356044
256.5 0.00031481166050223864
257.5 0.00037564483161378213
258.5 0.0003817281487249367
259.5 0.0004729779053922518
260.5 0.000447123807669846
261.5 0.0005429360521705271
262.5 0.0005961650768931277
263.5 0.0006874148335604434
264.5 0.0006661232236714032
265.5 0.0008288519563947831
266.5 0.0009550807864512355
267.5 0.0010402472260073968
268.5 0.0010235181039517224
269.5 0.0012516424956200113
270.5 0.0011908093245084671
271.5 0.001482808545843877
272.5 0.0016257664979560048
273.5 0.001786974401401595
274.5 0.0019390573291804545
275.5 0.0020804944520147932
276.5 0.0023283896242943334
277.5 0.002422681039517227
278.5 0.0025625973330737754
279.5 0.0030279710920770877
280.5 0.0030827209460774765
281.5 0.003359511874634997
282.5 0.003528323924469532
283.5 0.0037518858283044553
284.5 0.003759489974693399
285.5 0.004154905586918432
286.5 0.004195967977418726
287.5 0.00447123807669846
288.5 0.004605071053143858
289.5 0.004547279540587892
290.5 0.0046613417364220365
291.5 0.004719133248978001
292.5 0.004764758127311658
293.5 0.004862091201090128
294.5 0.004624841833755108
295.5 0.00467807085847771
296.5 0.004480363052365192
297.5 0.004358696710142105
298.5 0.004361738368697684
299.5 0.004075822464473425
300.5 0.004039322561806498
301.5 0.0037549274868600335
302.5 0.0035389697294140507
303.5 0.003446199143468948
304.5 0.0030979292388553605
305.5 0.002886533969242748
306.5 0.0025808472844072393
307.5 0.002529139088962427
308.5 0.002224973233404709
309.5 0.001913203231458049
310.5 0.0017839327428460184
311.5 0.0015451625462332096
312.5 0.0014599961066770484
313.5 0.0011786426902861585
314.5 0.0010569763480630713
315.5 0.0008836018103951716
316.5 0.000793872883005645
317.5 0.000666123223671403
318.5 0.0005961650768931281
319.5 0.00046081127116994315
320.5 0.00040454058789176554
321.5 0.00036651985594705053
322.5 0.0002996033677243526
323.5 0.0002250827331127117
324.5 0.00020835361105703718
325.5 0.00020835361105703715
326.5 0.00016120790344559087
327.5 0.00011102053727856736
328.5 8.972892738952702e-05
329.5 7.908312244500688e-05
330.5 6.083317111154374e-05
331.5 4.106239050029201e-05
332.5 4.1062390500292e-05
333.5 3.1937414833560436e-05
334.5 2.5854097722406068e-05
335.5 3.193741483356044e-05
336.5 1.5208292777885924e-05
337.5 1.672912205567452e-05
338.5 1.0645804944520148e-05
339.5 1.216663422230874e-05
340.5 7.6041463889429636e-06
341.5 4.562487833365778e-06
342.5 4.562487833365778e-06
343.5 1.216663422230874e-05
344.5 3.0416585555771853e-06
345.5 3.0416585555771853e-06
346.5 4.562487833365778e-06
347.5 0.0
348.5 3.0416585555771853e-06
349.5 1.5208292777885927e-06
350.5 1.5208292777885927e-06
351.5 3.0416585555771853e-06
352.5 1.5208292777885927e-06
353.5 3.0416585555771853e-06
354.5 1.5208292777885927e-06
355.5 0.0
356.5 0.0
357.5 1.5208292777885927e-06
358.5 1.5208292777885927e-06
359.5 3.0416585555771853e-06
