0.5 0.0
1.5 0.0
2.5 0.0
3.5 0.0
4.5 0.0
5.5 0.0
6.5 0.0
7.5 0.0
8.5 0.0
9.5 0.0
10.5 0.0
11.5 0.0
12.5 0.0
13.5 0.0
14.5 0.0
15.5 0.0
16.5 0.0
17.5 0.0
18.5 0.0
19.5 0.0
20.5 0.0
21.5 0.0
22.5 0.0
23.5 0.0
24.5 0.0
25.5 0.0
26.5 0.0
27.5 0.0
28.5 0.0
29.5 0.0
30.5 0.0
31.5 0.0
32.5 0.0
33.5 0.0
34.5 0.0
35.5 0.0
36.5 0.0
37.5 0.0
38.5 0.0
39.5 0.0
40.5 0.0
41.5 0.0
42.5 0.0
43.5 0.0
44.5 0.0
45.5 0.0
46.5 0.0
47.5 0.0
48.5 0.0
49.5 0.0
50.5 0.0
51.5 0.0
52.5 0.0
53.5 0.0
54.5 0.0
55.5 0.0
56.5 0.0
57.5 0.0
58.5 0.0
59.5 0.0
60.5 0.0
61.5 0.0
62.5 0.0
63.5 0.0
64.5 0.0
65.5 0.0
66.5 0.0
67.5 0.0
68.5 0.0
69.5 0.0
70.5 0.0
71.5 0.0
72.5 0.0
73.5 0.0
74.5 0.0
75.5 0.0
76.5 0.0
77.5 0.0
78.5 0.0
79.5 0.0
80.5 0.0
81.5 0.0
82.5 0.0
83.5 0.0
84.5 0.0
85.5 0.0
86.5 0.0
87.5 0.0
88.5 0.0
89.5 0.0
90.5 0.0
91.5 0.0
92.5 0.0
93.5 0.0
94.5 0.0
95.5 0.0
96.5 0.0
97.5 0.0
98.5 0.0
99.5 0.0
100.5 0.0
101.5 0.0
102.5 0.0
103.5 0.0
104.5 0.0
105.5 0.0
106.5 0.0
107.5 0.0
108.5 0.0
109.5 0.0
110.5 0.0
111.5 0.0
112.5 0.0
113.5 0.0
114.5 0.0
115.5 0.0
116.5 0.0
117.5 0.0
118.5 0.0
119.5 0.0
120.5 1.5208292777885927e-06
121.5 1.5208292777885927e-06
122.5 0.0
123.5 1.5208292777885927e-06
124.5 0.0
125.5 1.5208292777885927e-06
126.5 3.0416585555771853e-06
127.5 6.083317111154371e-06
128.5 6.083317111154371e-06
129.5 7.6041463889429636e-06
130.5 2.1291609889040292e-05
131.5 2.433326844461748e-05
132.5 2.2812439166828884e-05
133.5 3.649990266692622e-05
134.5 6.691648822269812e-05
135.5 7.756229316721829e-05
136.5 0.00011254136655635594
137.5 0.0001779370255012652
138.5 0.0002524576601129063
139.5 0.00029199922133540967
140.5 0.00040910307572513137
141.5 0.0005459777107261048
142.5 0.0007163105898384269
143.5 0.0009991848355071049
144.5 0.0012790174226202057
145.5 0.0016135998637336966
146.5 0.0019618697683472836
147.5 0.0024409309908506897
148.5 0.0029017422620206306
149.5 0.003727552559859839
150.5 0.00453815456492116
151.5 0.005403506423982872
152.5 0.006122858672376876
153.5 0.00730454302121861
154.5 0.008458852443060154
155.5 0.009305954350788395
156.5 0.010466347089741099
157.5 0.011407740412692234
158.5 0.012593987249367328
159.5 0.013789359061709167
160.5 0.014336857601713056
161.5 0.015404479754720654
162.5 0.016183144344948414
163.5 0.016735205372785663
164.5 0.017145829277788592
165.5 0.018012701966128083
166.5 0.01820584728440724
167.5 0.018187597333073777
168.5 0.018446138310297837
169.5 0.0182773262604633
170.5 0.018307742846019073
171.5 0.01846286743235351
172.5 0.018608867043021216
173.5 0.018490242359353714
174.5 0.018516096457076123
175.5 0.019379927486860033
176.5 0.019668885049639866
177.5 0.02045819544481215
178.5 0.02142696369476348
179.5 0.02247937755499319
180.5 0.02309379258321977
181.5 0.02405343585750438
182.5 0.024713475764064637
183.5 0.025809993673350205
184.5 0.026521741775355257
185.5 0.02684111592369087
186.5 0.02706011533969244
187.5 0.026897386606969054
188.5 0.02634988806696514
189.5 0.02618868016351958
190.5 0.02554689020829278
191.5 0.02440018493284017
192.5 0.02304056355849718
193.5 0.021945566478489397
194.5 0.020722819739147372
195.5 0.019101615729024725
196.5 0.01739068279151255
197.5 0.016199873467004088
198.5 0.01457714862760365
199.5 0.013022861105703722
200.5 0.011661718902082924
201.5 0.009970556745182008
202.5 0.008837538933229513
203.5 0.007447500973330738
204.5 0.006259733307377848
205.5 0.005379173155538251
206.5 0.004419529881253648
207.5 0.00385682304847187
208.5 0.0030538251897994926
209.5 0.0025154516254623322
210.5 0.0020515986957368106
211.5 0.001715495425345532
212.5 0.0012592466420089544
213.5 0.0009839765427292191
214.5 0.0007953937122834338
215.5 0.0005839984426708192
216.5 0.0004714570761144637
217.5 0.0003269782947245474
218.5 0.0003026450262799299
219.5 0.0002098744403348257
220.5 0.0001596870741678022
221.5 0.00012014551294529888
222.5 7.756229316721824e-05
223.5 6.235400038933232e-05
224.5 4.866653688923496e-05
225.5 3.649990266692623e-05
226.5 1.9770780611251703e-05
227.5 1.9770780611251703e-05
228.5 9.124975666731556e-06
229.5 1.2166634222308741e-05
230.5 7.6041463889429636e-06
231.5 4.562487833365778e-06
232.5 0.0
233.5 0.0
234.5 0.0
235.5 3.0416585555771853e-06
236.5 3.0416585555771853e-06
237.5 0.0
238.5 0.0
239.5 1.5208292777885927e-06
240.5 0.0
241.5 0.0
242.5 0.0
243.5 0.0
244.5 0.0
245.5 0.0
246.5 0.0
247.5 0.0
248.5 0.0
249.5 0.0
250.5 0.0
251.5 0.0
252.5 0.0
253.5 0.0
254.5 0.0
255.5 0.0
256.5 0.0
257.5 0.0
258.5 0.0
259.5 0.0
260.5 0.0
261.5 0.0
262.5 0.0
263.5 0.0
264.5 0.0
265.5 0.0
266.5 0.0
267.5 0.0
268.5 0.0
269.5 0.0
270.5 0.0
271.5 0.0
272.5 0.0
273.5 0.0
274.5 0.0
275.5 0.0
276.5 0.0
277.5 0.0
278.5 0.0
279.5 0.0
280.5 0.0
281.5 0.0
282.5 0.0
283.5 0.0
284.5 0.0
285.5 0.0
286.5 0.0
287.5 0.0
288.5 0.0
289.5 0.0
290.5 0.0
291.5 0.0
292.5 0.0
293.5 0.0
294.5 0.0
295.5 0.0
296.5 0.0
297.5 0.0
298.5 0.0
299.5 0.0
300.5 0.0
301.5 0.0
302.5 0.0
303.5 0.0
304.5 0.0
305.5 0.0
306.5 0.0
307.5 0.0
308.5 0.0
309.5 0.0
310.5 0.0
311.5 0.0
312.5 0.0
313.5 0.0
314.5 0.0
315.5 0.0
316.5 0.0
317.5 0.0
318.5 0.0
319.5 0.0
320.5 0.0
321.5 0.0
322.5 0.0
323.5 0.0
324.5 0.0
325.5 0.0
326.5 0.0
327.5 0.0
328.5 0.0
329.5 0.0
330.5 0.0
331.5 0.0
332.5 0.0
333.5 0.0
334.5 0.0
335.5 0.0
336.5 0.0
337.5 0.0
338.5 0.0
339.5 0.0
340.5 0.0
341.5 0.0
342.5 0.0
343.5 0.0
344.5 0.0
345.5 0.0
346.5 0.0
347.5 0.0
348.5 0.0
349.5 0.0
350.5 0.0
351.5 0.0
352.5 0.0
353.5 0.0
354.5 0.0
355.5 0.0
356.5 0.0
357.5 0.0
358.5 0.0
359.5 0.0
