0.5 0.0
1.5 0.0
2.5 0.0
3.5 0.0
4.5 0.0
5.5 0.0
6.5 0.0
7.5 0.0
8.5 1.5208292777885927e-06
9.5 0.0
10.5 0.0
11.5 0.0
12.5 0.0
13.5 0.0
14.5 0.0
15.5 3.0416585555771853e-06
16.5 1.5208292777885927e-06
17.5 0.0
18.5 0.0
19.5 0.0
20.5 3.0416585555771853e-06
21.5 3.0416585555771853e-06
22.5 0.0
23.5 0.0
24.5 0.0
25.5 3.0416585555771853e-06
26.5 1.5208292777885927e-06
27.5 0.0
28.5 3.0416585555771853e-06
29.5 3.0416585555771853e-06
30.5 1.5208292777885927e-06
31.5 0.0
32.5 1.5208292777885927e-06
33.5 0.0
34.5 1.5208292777885927e-06
35.5 1.5208292777885927e-06
36.5 1.5208292777885927e-06
37.5 1.5208292777885927e-06
38.5 1.5208292777885927e-06
39.5 4.562487833365778e-06
40.5 4.562487833365778e-06
41.5 1.5208292777885927e-06
42.5 4.562487833365778e-06
43.5 7.6041463889429636e-06
44.5 4.562487833365778e-06
45.5 1.5208292777885924e-05
46.5 1.5208292777885927e-06
47.5 1.3687463500097332e-05
48.5 6.083317111154371e-06
49.5 1.3687463500097332e-05
50.5 1.3687463500097332e-05
51.5 1.0645804944520148e-05
52.5 6.083317111154371e-06
53.5 1.6729122055674516e-05
54.5 3.345824411134903e-05
55.5 3.345824411134904e-05
56.5 2.1291609889040292e-05
57.5 4.1062390500292e-05
58.5 4.7145707611446384e-05
59.5 6.387482966712091e-05
60.5 8.364561027837265e-05
61.5 6.99581467782753e-05
62.5 9.429141522289281e-05
63.5 0.00010493722016741299
64.5 0.00014447878138991625
65.5 0.00016272873272337943
66.5 0.00021595775744597995
67.5 0.0002448535137239633
68.5 0.00029352005061319833
69.5 0.0003604365388358963
70.5 0.00036804068522483914
71.5 0.00046841541755888625
72.5 0.0005338110765037958
73.5 0.0006448316137823628
74.5 0.0007908312244500676
75.5 0.0009231433716176753
76.5 0.0009931015183959504
77.5 0.001172559373175004
78.5 0.0012759757640646286
79.5 0.0013809129842320416
80.5 0.0015725374732334038
81.5 0.0018858283044578534
82.5 0.002016619622347673
83.5 0.0020470362079034426
84.5 0.0022858064045162534
85.5 0.002523055771851273
86.5 0.002881971481409381
87.5 0.0028606798715203404
88.5 0.0033306161183570162
89.5 0.0035328864123028983
90.5 0.0037610108039711865
91.5 0.003992176854195053
92.5 0.004279613587697097
93.5 0.0045746544675880855
94.5 0.004726737395366947
95.5 0.005053715690091492
96.5 0.00542936052170527
97.5 0.005598172571539808
98.5 0.005911463402764259
99.5 0.00615783774576601
100.5 0.0065380450652131605
101.5 0.00677529443254818
102.5 0.006998856336383101
103.5 0.0074475009733307364
104.5 0.007566125656998252
105.5 0.007847479073389136
106.5 0.007727333560443837
107.5 0.007955457952112126
108.5 0.008220082246447342
109.5 0.008159249075335799
110.5 0.008209436441502821
111.5 0.008604852053727852
112.5 0.008115145026279929
113.5 0.0083721651742262
114.5 0.00840562341833755
115.5 0.008446685808837846
116.5 0.008551623029005254
117.5 0.008095374245668677
118.5 0.008350873564337157
119.5 0.008245936344169745
120.5 0.008212478100058403
121.5 0.008029978586723769
122.5 0.008221603075725135
123.5 0.0080664784893907
124.5 0.008001082830445785
125.5 0.007887020634611639
126.5 0.00811666585555772
127.5 0.007794250048666535
128.5 0.00769387531633249
129.5 0.007675625364999026
130.5 0.007581333949776133
131.5 0.007626958828109794
132.5 0.007453584290441895
133.5 0.007549396534942573
134.5 0.007351688728830057
135.5 0.006971481409382909
136.5 0.0070095021413276205
137.5 0.006754002822659136
138.5 0.006363149698267472
139.5 0.006287108234378044
140.5 0.006086358769709945
141.5 0.00577915125559665
142.5 0.005581443449484132
143.5 0.005294006715982091
144.5 0.005041549055869184
145.5 0.004755633151644928
146.5 0.004510779637920964
147.5 0.004313071831808447
148.5 0.00408190578158458
149.5 0.0038172814872493637
150.5 0.0036728027058594488
151.5 0.0033960117773019264
152.5 0.0032135122639672946
153.5 0.0029823462137434256
154.5 0.002752700992797351
155.5 0.0026219096749075326
156.5 0.0025641181623515656
157.5 0.0022553898189604806
158.5 0.0020820152812925825
159.5 0.0019360156706248776
160.5 0.0017778494257348636
161.5 0.0018402034261241957
162.5 0.0016379331321783133
163.5 0.0015770999610667696
164.5 0.0015375583998442665
165.5 0.0015117043021218599
166.5 0.001417412886898968
167.5 0.0013155173252871316
168.5 0.001320079813120498
169.5 0.0012577258127311653
170.5 0.0011679968853416382
171.5 0.0011330178119525005
172.5 0.0010615388358964368
173.5 0.001076747128674323
174.5 0.0010600180066186481
175.5 0.0010721846408409572
176.5 0.0011010803971189399
177.5 0.0011254136655635576
178.5 0.0010539346895074941
179.5 0.0011086845435078834
180.5 0.0010904345921744208
181.5 0.0010554555187852826
182.5 0.0010737054701187457
183.5 0.0010904345921744203
184.5 0.0011056428849523059
185.5 0.0011193303484524038
186.5 0.0011086845435078834
187.5 0.0010782679579521117
188.5 0.0011117262020634603
189.5 0.0012242675686198157
190.5 0.0012470800077866453
191.5 0.0012835799104535712
192.5 0.0013185589838427092
193.5 0.0014356628382324308
194.5 0.0014873710336772432
195.5 0.0015466833755109972
196.5 0.001578620790344558
197.5 0.0017002871325676454
198.5 0.001797620206346115
199.5 0.0018371617675686186
200.5 0.0019998905002919978
201.5 0.0020090154759587297
202.5 0.0023283896242943347
203.5 0.002497201674128867
204.5 0.0025823681136850282
205.5 0.0028089716760755275
206.5 0.0029732212380766945
207.5 0.0031116167023554574
208.5 0.0033944909480241353
209.5 0.00357546963208098
210.5 0.0039632810979170685
211.5 0.0041579472454740096
212.5 0.004275051099863731
213.5 0.004507737979365388
214.5 0.004740424858867043
215.5 0.005097819739147363
216.5 0.005438485497372006
217.5 0.005648359937706831
218.5 0.005812609499708003
219.5 0.006052900525598597
220.5 0.006457441113490363
221.5 0.006392045454545453
222.5 0.0067555236519369274
223.5 0.006825481798715204
224.5 0.007000377165660891
225.5 0.007369938680163522
226.5 0.007265001459996107
227.5 0.007537229900720264
228.5 0.007563083998442669
229.5 0.007709083609110373
230.5 0.007864208195444814
231.5 0.007914395561611831
232.5 0.007826187463500098
233.5 0.007880937317500484
234.5 0.008037582733112713
235.5 0.008075603465057427
236.5 0.008052791025890597
237.5 0.008133394977613393
238.5 0.008302207027447925
239.5 0.008589643760949972
240.5 0.008437560833171109
241.5 0.008633747810005844
242.5 0.00845428995522679
243.5 0.008449727467393421
244.5 0.008463414930893516
245.5 0.008617018687950164
246.5 0.008822330640451627
247.5 0.008475581565115823
248.5 0.008530331419116214
249.5 0.008358477710726103
250.5 0.008379769320615143
251.5 0.008458852443060152
252.5 0.00819270731944715
253.5 0.008102978392057621
254.5 0.007943291317889817
255.5 0.00731518882616313
256.5 0.0073501678995522655
257.5 0.007389709460774768
258.5 0.0067631277983258705
259.5 0.006521315943157486
260.5 0.006439191162156901
261.5 0.006074192135487636
262.5 0.005693984816040487
263.5 0.005280319252481993
264.5 0.005053715690091492
265.5 0.004925966030757251
266.5 0.004513821296476544
267.5 0.004171634708974107
268.5 0.0039784893906949555
269.5 0.003841614755693982
270.5 0.003554178022191939
271.5 0.0031891789955226773
272.5 0.002982346213743428
273.5 0.0028302632859645706
274.5 0.0026097430406852246
275.5 0.00241811855168386
276.5 0.002264514794627214
277.5 0.0020181404516254604
278.5 0.0017413495230679378
279.5 0.0016926829861787023
280.5 0.0014143712283433904
281.5 0.0013915587891765618
282.5 0.0011558302511193294
283.5 0.0010007056647848933
284.5 0.0008988101031730573
285.5 0.0007497688339497761
286.5 0.0006281024917266884
287.5 0.0005018736616702353
288.5 0.00044560297839205744
289.5 0.0004699362468366748
290.5 0.0003437074167802219
291.5 0.000272228440724158
292.5 0.00023724936733502032
293.5 0.00021291609889040284
294.5 0.00021291609889040287
295.5 0.00015208292777885933
296.5 0.00012622883005645327
297.5 0.00010949970800077878
298.5 8.516643955616125e-05
299.5 8.364561027837264e-05
300.5 5.7791512555966545e-05
301.5 6.235400038933232e-05
302.5 3.954156122250341e-05
303.5 2.1291609889040292e-05
304.5 3.345824411134903e-05
305.5 2.8895756277983252e-05
306.5 1.9770780611251703e-05
307.5 1.8249951333463108e-05
308.5 1.8249951333463108e-05
309.5 1.5208292777885924e-05
310.5 9.124975666731556e-06
311.5 1.3687463500097332e-05
312.5 1.5208292777885927e-06
313.5 7.6041463889429636e-06
314.5 1.216663422230874e-05
315.5 7.6041463889429636e-06
316.5 3.0416585555771853e-06
317.5 0.0
318.5 7.6041463889429636e-06
319.5 3.0416585555771853e-06
320.5 3.0416585555771853e-06
321.5 6.083317111154371e-06
322.5 7.6041463889429636e-06
323.5 0.0
324.5 1.5208292777885927e-06
325.5 6.083317111154371e-06
326.5 3.0416585555771853e-06
327.5 3.0416585555771853e-06
328.5 0.0
329.5 0.0
330.5 1.5208292777885927e-06
331.5 4.562487833365778e-06
332.5 0.0
333.5 0.0
334.5 0.0
335.5 0.0
336.5 3.0416585555771853e-06
337.5 1.5208292777885927e-06
338.5 0.0
339.5 1.5208292777885927e-06
340.5 3.0416585555771853e-06
341.5 1.5208292777885927e-06
342.5 0.0
343.5 0.0
344.5 1.5208292777885927e-06
345.5 0.0
346.5 0.0
347.5 3.0416585555771853e-06
348.5 1.5208292777885927e-06
349.5 1.5208292777885927e-06
350.5 0.0
351.5 0.0
352.5 0.0
353.5 1.5208292777885927e-06
354.5 1.5208292777885927e-06
355.5 0.0
356.5 0.0
357.5 0.0
358.5 0.0
359.5 0.0
