0.5 0.0
1.5 0.0
2.5 0.0
3.5 1.5208292777885927e-06
4.5 0.0
5.5 0.0
6.5 0.0
7.5 3.0416585555771853e-06
8.5 1.5208292777885927e-06
9.5 0.0
10.5 0.0
11.5 0.0
12.5 1.5208292777885927e-06
13.5 1.5208292777885927e-06
14.5 3.0416585555771853e-06
15.5 3.0416585555771853e-06
16.5 7.6041463889429636e-06
17.5 4.562487833365778e-06
18.5 4.562487833365778e-06
19.5 1.0645804944520148e-05
20.5 1.0645804944520148e-05
21.5 1.216663422230874e-05
22.5 6.083317111154371e-06
23.5 1.5208292777885924e-05
24.5 2.2812439166828884e-05
25.5 1.5208292777885924e-05
26.5 2.2812439166828884e-05
27.5 4.41040490558692e-05
28.5 3.193741483356044e-05
29.5 5.7791512555966545e-05
30.5 5.018736616702356e-05
31.5 7.299980533385249e-05
32.5 9.124975666731562e-05
33.5 0.00012927048861203046
34.5 0.00012318717150087608
35.5 0.00014447878138991636
36.5 0.00019466614755693967
37.5 0.00020227029394588266
38.5 0.0002752700992797352
39.5 0.00036499902666926225
40.5 0.00038476980728051373
41.5 0.0004942695152812922
42.5 0.0005322902472260073
43.5 0.0006281024917266884
44.5 0.0007543313217831415
45.5 0.0009292266887288291
46.5 0.0010691429822853797
47.5 0.0011968926416196218
48.5 0.0013778713256764642
49.5 0.001552766692622152
50.5 0.0017763285964570751
51.5 0.0019116824021802596
52.5 0.0022067232820712447
53.5 0.0023420770877944316
54.5 0.0026036597235740678
55.5 0.002755742651352927
56.5 0.003069033482577378
57.5 0.0031861373369671004
58.5 0.0033853659723574047
59.5 0.00370321929141522
60.5 0.0038324897800272512
61.5 0.003969364415028226
62.5 0.0042142179287521855
63.5 0.004186843001751994
64.5 0.004463633930309517
65.5 0.004483404710920768
66.5 0.004469717247420672
67.5 0.004652216760755303
68.5 0.004471238076698463
69.5 0.004474279735254037
70.5 0.004449946466809419
71.5 0.004227905392252285
72.5 0.00423398870936344
73.5 0.004036280903250922
74.5 0.003980010219972744
75.5 0.003757969145415611
76.5 0.003481178216858087
77.5 0.0033230119719680723
78.5 0.0031785331905781564
79.5 0.0029123880669651527
80.5 0.002707076114463693
81.5 0.002437889332295112
82.5 0.0022736397702939446
83.5 0.002113952696126142
84.5 0.0018478075725131392
85.5 0.0018219534747907326
86.5 0.0016014332295113867
87.5 0.0014980168386217617
88.5 0.0013368089351761712
89.5 0.0011406219583414436
90.5 0.0010508930309519166
91.5 0.0009581224450068128
92.5 0.0008638310297839197
93.5 0.0007893103951722791
94.5 0.000729998053338524
95.5 0.0005916025890597621
96.5 0.0006128941989488024
97.5 0.0005231652715592756
98.5 0.00045016546622542316
99.5 0.00042126970994743997
100.5 0.0003634781973914734
101.5 0.0003497907338913763
102.5 0.0003117700019466613
103.5 0.000279832587113101
104.5 0.0002615826357796378
105.5 0.00025245766011290627
106.5 0.0002448535137239632
107.5 0.00021443692816819143
108.5 0.00021139526961261426
109.5 0.00018249951333463107
110.5 0.0001931453182791511
111.5 0.00015816624489001368
112.5 0.00017033287911232236
113.5 0.0001566454156122251
114.5 0.0001596870741678022
115.5 0.00014904126922328216
116.5 0.00012927048861203052
117.5 0.00011710385438972174
118.5 0.00016424956200116803
119.5 0.00011406219583414455
120.5 0.00014447878138991633
121.5 0.00016120790344559076
122.5 0.00013687463500097343
123.5 0.00015968707416780226
124.5 0.00013535380572318484
125.5 0.00013079131788981907
126.5 0.00018097868405684246
127.5 0.000171853708390111
128.5 0.00017033287911232233
129.5 0.00018249951333463113
130.5 0.00022660356239050016
131.5 0.00024181185516838625
132.5 0.00024029102589059756
133.5 0.00026310346505742637
134.5 0.0003452282460580105
135.5 0.0003847698072805138
136.5 0.00039085312439166817
137.5 0.00043039468561417157
138.5 0.0004881861981701378
139.5 0.0005535818571150476
140.5 0.0005976859061709166
141.5 0.0006934981506715978
142.5 0.0007786645902277588
143.5 0.000942914152228927
144.5 0.001029601421062877
145.5 0.0011421427876192325
146.5 0.001292704886120303
147.5 0.0015907874245668673
148.5 0.0017383078645123603
149.5 0.0018554117189020821
150.5 0.0023724936733502044
151.5 0.002596055577185126
152.5 0.00289413811563169
153.5 0.003316928654856918
154.5 0.0037975107066381126
155.5 0.004346530075919794
156.5 0.0047145707611446356
157.5 0.005249902666926217
158.5 0.005885609305041852
159.5 0.006557815845824409
160.5 0.007318230484718707
161.5 0.007873333171111543
162.5 0.008658081078450458
163.5 0.009356141716955419
164.5 0.010279285088573096
165.5 0.011185699338135097
166.5 0.012107321880474985
167.5 0.013015256959314764
168.5 0.013974900233599373
169.5 0.014399211602102393
170.5 0.01569343731750049
171.5 0.016528372591006417
172.5 0.01720057913178898
173.5 0.017729827720459414
174.5 0.018145014113295693
175.5 0.019110740704691462
176.5 0.0192780319252482
177.5 0.019566989488028024
178.5 0.019842259587307776
179.5 0.020100800564531833
180.5 0.020119050515865284
181.5 0.020047571539809225
182.5 0.0195031146583609
183.5 0.019338865096359743
184.5 0.019135073973136074
185.5 0.018228659723574066
186.5 0.017687244500681328
187.5 0.01691466322756472
188.5 0.016318498150671587
189.5 0.015621958341444414
190.5 0.014812877165660897
191.5 0.013821296476542724
192.5 0.013068485984037367
193.5 0.012183363344364402
194.5 0.011273907436246835
195.5 0.010449617967685417
196.5 0.009658786743235349
197.5 0.0086261436636169
198.5 0.008019332781779248
199.5 0.007219376581662445
200.5 0.006650586431769513
201.5 0.0057624221335409774
202.5 0.0052225277399260295
203.5 0.004632445980144048
204.5 0.004240072026474592
205.5 0.0036667193887482937
206.5 0.003205908117578352
207.5 0.0029808253844656398
208.5 0.002615826357796378
209.5 0.0023557645512945293
210.5 0.002069848647070273
211.5 0.0017611203036791878
212.5 0.0015329959120109003
213.5 0.0013155173252871319
214.5 0.0012501216663422224
215.5 0.0010478513723963397
216.5 0.0008836018103951718
217.5 0.0008136436636168964
218.5 0.0007406438582830441
219.5 0.0006083317111154367
220.5 0.0005505401985594702
221.5 0.0005201236130036988
222.5 0.00047906122250340646
223.5 0.00043799883200311445
224.5 0.00033154078255791307
225.5 0.0003148116605022387
226.5 0.0003254574654467587
227.5 0.0002463743430017519
228.5 0.000264624294335215
229.5 0.0002098744403348257
230.5 0.00020531195250145993
231.5 0.00017945785477905388
232.5 0.0001733745376678995
233.5 0.0001931453182791512
234.5 0.00016577039127895656
235.5 0.00016120790344559084
236.5 0.00013383297644539626
237.5 0.00012927048861203043
238.5 0.0001475204399454935
239.5 0.00012318717150087613
240.5 0.0001323121471676076
241.5 0.00014143712283433914
242.5 0.00014599961066770497
243.5 0.00016272873272337945
244.5 0.00011862468366751032
245.5 0.00016120790344559082
246.5 0.00014752043994549355
247.5 0.00017793702550126535
248.5 0.00015360375705664783
249.5 0.0001672912205567451
250.5 0.0001931453182791512
251.5 0.00020683278177924857
252.5 0.00020074946466809422
253.5 0.00024333268444617473
254.5 0.00023116605022386585
255.5 0.00024637434300175194
256.5 0.0002813534163908894
257.5 0.00031481166050223853
258.5 0.0003482699046135875
259.5 0.0004760195639478292
260.5 0.0004410404905586917
261.5 0.0004440821491142687
262.5 0.0005444568814483157
263.5 0.0005885609305041852
264.5 0.0006341858088378425
265.5 0.00073456054117189
266.5 0.0007497688339497756
267.5 0.0008440602491726684
268.5 0.0010645804944520141
269.5 0.0010995595678411519
270.5 0.0012212259100642395
271.5 0.0013352881058983836
272.5 0.001491933521510609
273.5 0.001529954253455323
274.5 0.0018386825968464081
275.5 0.001908640743624682
276.5 0.002162619233015376
277.5 0.002294931380182984
278.5 0.0025154516254623305
279.5 0.0026888261631302303
280.5 0.0030507835312439126
281.5 0.0031678873856336356
282.5 0.0033397410940237474
283.5 0.0034903031925248205
284.5 0.0037336358769709923
285.5 0.003964801927194861
286.5 0.004167072221140742
287.5 0.00421117627019661
288.5 0.004297863539030561
289.5 0.004392154954253452
290.5 0.004407363247031339
291.5 0.004608112711699433
292.5 0.004466675588865094
293.5 0.004658300077866456
294.5 0.004452988125364996
295.5 0.0044149673934202795
296.5 0.0043161134903640245
297.5 0.004258321977808055
298.5 0.004227905392252286
299.5 0.004051489196028807
300.5 0.0037290733891376274
301.5 0.003628698656803578
302.5 0.0033351786061903825
303.5 0.0031678873856336347
304.5 0.002850034066575821
305.5 0.0026705762117967663
306.5 0.0025078474790733865
307.5 0.002279723087405099
308.5 0.0019132032314580485
309.5 0.0017748077671792862
310.5 0.001514745960677437
311.5 0.0013550588865096351
312.5 0.001163434397508273
313.5 0.001110205372785671
314.5 0.0009170600545065206
315.5 0.0007649771267276615
316.5 0.0006828523457270774
317.5 0.0006250608331711112
318.5 0.0005231652715592755
319.5 0.00036804068522483925
320.5 0.0003163324897800273
321.5 0.0002661451236130036
322.5 0.00024181185516838606
323.5 0.00017641619622347672
324.5 0.00016881204983453386
325.5 0.0001444787813899163
326.5 0.00010189556161183581
327.5 0.00010797887872299018
328.5 6.387482966712091e-05
329.5 5.627068327817795e-05
330.5 4.562487833365779e-05
331.5 3.802073194471482e-05
332.5 3.1937414833560436e-05
333.5 2.737492700019466e-05
334.5 1.6729122055674516e-05
335.5 1.8249951333463108e-05
336.5 9.124975666731556e-06
337.5 6.083317111154371e-06
338.5 1.2166634222308741e-05
339.5 6.083317111154371e-06
340.5 7.6041463889429636e-06
341.5 3.0416585555771853e-06
342.5 1.5208292777885927e-06
343.5 4.562487833365778e-06
344.5 4.562487833365778e-06
345.5 1.0645804944520148e-05
346.5 3.0416585555771853e-06
347.5 3.0416585555771853e-06
348.5 6.083317111154371e-06
349.5 3.0416585555771853e-06
350.5 3.0416585555771853e-06
351.5 1.5208292777885927e-06
352.5 1.5208292777885927e-06
353.5 3.0416585555771853e-06
354.5 3.0416585555771853e-06
355.5 0.0
356.5 3.0416585555771853e-06
357.5 0.0
358.5 3.0416585555771853e-06
359.5 1.5208292777885927e-06
