0.5 0.0
1.5 4.562487833365778e-06
2.5 4.562487833365778e-06
3.5 4.562487833365778e-06
4.5 6.083317111154371e-06
5.5 6.083317111154371e-06
6.5 1.5208292777885927e-06
7.5 3.0416585555771853e-06
8.5 7.6041463889429636e-06
9.5 0.0
10.5 6.083317111154371e-06
11.5 6.083317111154371e-06
12.5 3.0416585555771853e-06
13.5 9.124975666731556e-06
14.5 1.8249951333463108e-05
15.5 9.124975666731556e-06
16.5 9.124975666731556e-06
17.5 1.216663422230874e-05
18.5 2.1291609889040295e-05
19.5 3.193741483356044e-05
20.5 2.7374927000194663e-05
21.5 4.1062390500291995e-05
22.5 3.6499902666926216e-05
23.5 5.779151255596654e-05
24.5 6.69164882226981e-05
25.5 6.38748296671209e-05
26.5 8.364561027837264e-05
27.5 9.58122445006814e-05
28.5 0.00012774965933424188
29.5 0.00010797887872299017
30.5 0.00018706200116799682
31.5 0.00019314531827915128
32.5 0.0002783117578353124
33.5 0.00029504087989098705
34.5 0.00037868649016935957
35.5 0.00043495717344753756
36.5 0.00048818619817013806
37.5 0.0005885609305041849
38.5 0.000714789760560638
39.5 0.0008349352735059367
40.5 0.0009064142495620002
41.5 0.0010235181039517222
42.5 0.0011725593731750042
43.5 0.0013246423009538632
44.5 0.0014964960093439743
45.5 0.0016805163519563935
46.5 0.0018538908896242933
47.5 0.0020804944520147937
48.5 0.0022097649406268237
49.5 0.0024302851859061697
50.5 0.0027861592369087
51.5 0.002924554701187462
52.5 0.0029914711894101606
53.5 0.003330616118357017
54.5 0.003364074362468365
55.5 0.0036439069495814666
56.5 0.003721469242748684
57.5 0.004022593439750826
58.5 0.004063655830251118
59.5 0.004189884660307571
60.5 0.004139697294140546
61.5 0.0045670503211991415
62.5 0.00447275890597625
63.5 0.004530550418532218
64.5 0.004548800369865677
65.5 0.00446211310103173
66.5 0.004525987930698849
67.5 0.00445146729608721
68.5 0.004345009246642009
69.5 0.004217259587307766
70.5 0.004267446953474789
71.5 0.00421421792875219
72.5 0.004084947440140158
73.5 0.0040180309519174595
74.5 0.0038111981701382113
75.5 0.003669761047303873
76.5 0.003569386314969824
77.5 0.00341426172863539
78.5 0.0031724498734670035
79.5 0.0029306380182986154
80.5 0.0027724717734086027
81.5 0.0026416804555187833
82.5 0.0024895975277399243
83.5 0.0023831394782947235
84.5 0.002173265037959899
85.5 0.0019740364025695916
86.5 0.001879744987346699
87.5 0.0016865996690675485
88.5 0.0015588500097333065
89.5 0.001423496204010122
90.5 0.0013261631302316516
91.5 0.0012105801051197186
92.5 0.001113247031341249
93.5 0.0010478513723963395
94.5 0.0008972892738952694
95.5 0.0008820809811173833
96.5 0.0008577477126727655
97.5 0.0007421646875608328
98.5 0.0006813315164492891
99.5 0.000663081565115826
100.5 0.0005459777107261046
101.5 0.0005094778080591781
102.5 0.0004851445396145608
103.5 0.000469936246836675
104.5 0.0003756448316137823
105.5 0.00038476980728051384
106.5 0.00033154078255791307
107.5 0.00028895756277983256
108.5 0.00026158263577963776
109.5 0.0002631034650574264
110.5 0.000272228440724158
111.5 0.0002554993186684834
112.5 0.00019466614755693978
113.5 0.00018097868405684254
114.5 0.00021899941600155728
115.5 0.0001809786840568424
116.5 0.0001946661475569398
117.5 0.00016881204983453373
118.5 0.00018554117189020823
119.5 0.00016272873272337934
120.5 0.00016577039127895656
121.5 0.0001596870741678022
122.5 0.0001748953669456881
123.5 0.0001703328791123224
124.5 0.0001581662448900136
125.5 0.0001885828304457854
126.5 0.00016120790344559084
127.5 0.00015360375705664785
128.5 0.00019618697683472847
129.5 0.00021291609889040282
130.5 0.0002509368308351176
131.5 0.0002539784893906949
132.5 0.0002266035623905002
133.5 0.0003193741483356044
134.5 0.00025702014794627215
135.5 0.0003117700019466615
136.5 0.0003102491726688728
137.5 0.00040758224644734265
138.5 0.0004060614171695538
139.5 0.00045168629550321193
140.5 0.0005474985400038927
141.5 0.0005246861008370643
142.5 0.0006706857115047686
143.5 0.0007862687366167022
144.5 0.0008455810784504568
145.5 0.0009398724936733495
146.5 0.0010676221530075912
147.5 0.0012105801051197186
148.5 0.0013459339108429043
149.5 0.0015147459606774376
150.5 0.0016881204983453366
151.5 0.001936015670624878
152.5 0.0022158482577379775
153.5 0.0025838889429628162
154.5 0.0027861592369086995
155.5 0.0031952623126338315
156.5 0.003710823437804163
157.5 0.004200530465252091
158.5 0.004576175296865872
159.5 0.005327464960093439
160.5 0.00568485984037376
161.5 0.006405732918045551
162.5 0.0071920016546622575
163.5 0.008008686976834725
164.5 0.008428435857504378
165.5 0.009204058789176564
166.5 0.010271680942184152
167.5 0.011290636558302512
168.5 0.012362821199143467
169.5 0.012854049055869187
170.5 0.014041816721822076
171.5 0.014753564823827139
172.5 0.015339084095775746
173.5 0.016288081565115825
174.5 0.017205141619622343
175.5 0.01773439020829277
176.5 0.018301659528907922
177.5 0.018698595970410743
178.5 0.018617992018687947
179.5 0.018931282849912398
180.5 0.0191457197780806
181.5 0.019037740899357603
182.5 0.018771595775744603
183.5 0.01859061709168775
184.5 0.018015743624683667
185.5 0.017595994744014014
186.5 0.016908579910453567
187.5 0.016283519077282458
188.5 0.015580895950944125
189.5 0.014882835312439167
190.5 0.013977941892154948
191.5 0.013392422620206342
192.5 0.012274613101031732
193.5 0.01133626143663617
194.5 0.010334034942573485
195.5 0.00939264161962235
196.5 0.00850751897994939
197.5 0.007999562001167996
198.5 0.007181355849717735
199.5 0.006463524430601518
200.5 0.005893213451430797
201.5 0.005379173155538251
202.5 0.004630925150866263
203.5 0.004343488417364222
204.5 0.003710823437804164
205.5 0.0034857407046914525
206.5 0.0030568668483550677
207.5 0.0027116386022970583
208.5 0.0023679311855168378
209.5 0.002045515378625657
210.5 0.0018371617675686182
211.5 0.0016470581078450444
212.5 0.0013611422036207896
213.5 0.001256204983453377
214.5 0.0011801635195639467
215.5 0.0010493722016741284
216.5 0.0008912059567841149
217.5 0.0008075603465057423
218.5 0.000793872883005645
219.5 0.0006235400038933227
220.5 0.0005885609305041848
221.5 0.0004821028810589838
222.5 0.0005414152228927385
223.5 0.00045776961261436637
224.5 0.00043191551489196
225.5 0.0003908531243916685
226.5 0.0003558740510025307
227.5 0.000320894977613393
228.5 0.00030568668483550704
229.5 0.0002813534163908895
230.5 0.00027831175783531224
231.5 0.00023268687950165463
232.5 0.0002570201479462721
233.5 0.00025854097722406065
234.5 0.00024485351372396333
235.5 0.00022052024527934586
236.5 0.00023572853805723173
237.5 0.0002266035623905002
238.5 0.0002129160988904029
239.5 0.00019922863539030553
240.5 0.0002478951722795406
241.5 0.0002342077087794432
242.5 0.00023116605022386596
243.5 0.00021139526961261423
244.5 0.00024789517227954034
245.5 0.0002691867821685809
246.5 0.00026310346505742653
247.5 0.0002874367335020438
248.5 0.0002904783920576211
249.5 0.00031633248978002714
250.5 0.00031785331905781564
251.5 0.00036804068522483947
252.5 0.0004106239050029199
253.5 0.00043191551489196034
254.5 0.00046233210044773203
255.5 0.0004836237103367723
256.5 0.0005094778080591782
257.5 0.0005505401985594704
258.5 0.0006083317111154365
259.5 0.0007087064434494838
260.5 0.0006980606385049638
261.5 0.0008334144442281483
262.5 0.0008349352735059368
263.5 0.0008516643955616117
264.5 0.0009596432742846014
265.5 0.0010813096165076888
266.5 0.0011132470313412492
267.5 0.0012972673739536681
268.5 0.0013352881058983832
269.5 0.001459996106677049
270.5 0.001586224936733501
271.5 0.0017063704496788007
272.5 0.0017763285964570745
273.5 0.001969473914736226
274.5 0.0022021607942378806
275.5 0.002339035429238853
276.5 0.0024683059178508843
277.5 0.0026523262604633033
278.5 0.002783117578353124
279.5 0.002929117189020828
280.5 0.003166366556355848
281.5 0.0033519077282460567
282.5 0.0035435322172474187
283.5 0.003525282265913957
284.5 0.003846177243527348
285.5 0.003957197780805915
286.5 0.00419140548958536
287.5 0.004296342709752772
288.5 0.004317634319641812
289.5 0.004536633735643368
290.5 0.0044773213938096145
291.5 0.0046430917850885725
292.5 0.004801258029978583
293.5 0.0047860497372006995
294.5 0.004670466712088765
295.5 0.004761716468756084
296.5 0.004734341541755888
297.5 0.004769320615145023
298.5 0.004659820907144246
299.5 0.004629404321588475
300.5 0.004343488417364219
301.5 0.004361738368697681
302.5 0.0041138431964181385
303.5 0.004022593439750827
304.5 0.003821843975082731
305.5 0.003575469632080978
306.5 0.003494865680358183
307.5 0.0033701576795795185
308.5 0.0030127627992992
309.5 0.0029671379209655407
310.5 0.0026416804555187846
311.5 0.0023846603075725107
312.5 0.0022903688923496183
313.5 0.002086577769125947
314.5 0.0018538908896242935
315.5 0.0015983915709558093
316.5 0.0014645585945104148
317.5 0.001228830056453182
318.5 0.0010934762507299977
319.5 0.0010235181039517222
320.5 0.0008364561027837256
321.5 0.0006995814677827522
322.5 0.0006128941989488021
323.5 0.0005809567841152418
324.5 0.0004197488806696516
325.5 0.0003802073194471481
326.5 0.00031177000194666153
327.5 0.0002509368308351177
328.5 0.0002433326844461747
329.5 0.00020835361105703704
330.5 0.00017337453766789953
331.5 0.00011102053727856733
332.5 0.00011254136655635597
333.5 9.124975666731562e-05
334.5 8.668726883394982e-05
335.5 6.99581467782753e-05
336.5 5.0187366167023574e-05
337.5 4.2583219778080604e-05
338.5 4.1062390500292e-05
339.5 3.649990266692622e-05
340.5 2.4333268444617476e-05
341.5 2.585409772240607e-05
342.5 1.6729122055674516e-05
343.5 9.124975666731556e-06
344.5 1.5208292777885924e-05
345.5 1.3687463500097332e-05
346.5 9.124975666731556e-06
347.5 7.6041463889429636e-06
348.5 1.0645804944520148e-05
349.5 4.562487833365778e-06
350.5 3.0416585555771853e-06
351.5 4.562487833365778e-06
352.5 1.5208292777885927e-06
353.5 1.5208292777885927e-06
354.5 3.0416585555771853e-06
355.5 3.0416585555771853e-06
356.5 3.0416585555771853e-06
357.5 6.083317111154371e-06
358.5 4.562487833365778e-06
359.5 4.562487833365778e-06
