0.5 0.0001475204399454935
1.5 0.0001399162935565505
2.5 0.000123187171500876
3.5 0.00010797887872299009
4.5 9.885390305625853e-05
5.5 6.995814677827525e-05
6.5 9.429141522289274e-05
7.5 7.756229316721823e-05
8.5 5.779151255596652e-05
9.5 6.387482966712089e-05
10.5 5.474985400038934e-05
11.5 5.627068327817792e-05
12.5 5.170819544481215e-05
13.5 6.53956589449095e-05
14.5 6.53956589449095e-05
15.5 7.147897605606388e-05
16.5 6.23540003893323e-05
17.5 8.51664395561612e-05
18.5 8.36456102783726e-05
19.5 9.277058594510417e-05
20.5 8.820809811173839e-05
21.5 8.212478100058404e-05
22.5 0.0001034163908896243
23.5 0.0001094997080007787
24.5 9.885390305625855e-05
25.5 9.277058594510419e-05
26.5 0.00010493722016741291
27.5 0.00011558302511193308
28.5 0.00012166634222308743
29.5 0.00011102053727856728
30.5 9.733307377846997e-05
31.5 9.277058594510417e-05
32.5 9.429141522289275e-05
33.5 8.66872688339498e-05
34.5 7.299980533385247e-05
35.5 5.7791512555966524e-05
36.5 5.779151255596653e-05
37.5 5.931234183375512e-05
38.5 3.649990266692623e-05
39.5 4.25832197780806e-05
40.5 2.585409772240607e-05
41.5 2.433326844461748e-05
42.5 2.5854097722406075e-05
43.5 1.9770780611251707e-05
44.5 2.1291609889040295e-05
45.5 1.3687463500097333e-05
46.5 1.672912205567452e-05
47.5 4.562487833365778e-06
48.5 7.6041463889429636e-06
49.5 3.0416585555771853e-06
50.5 1.5208292777885927e-06
51.5 4.562487833365778e-06
52.5 0.0
53.5 4.562487833365778e-06
54.5 0.0
55.5 0.0
56.5 1.5208292777885927e-06
57.5 0.0
58.5 1.5208292777885927e-06
59.5 0.0
60.5 0.0
61.5 0.0
62.5 0.0
63.5 0.0
64.5 0.0
65.5 0.0
66.5 0.0
67.5 1.5208292777885927e-06
68.5 0.0
69.5 0.0
70.5 0.0
71.5 0.0
72.5 0.0
73.5 0.0
74.5 3.0416585555771853e-06
75.5 1.5208292777885927e-06
76.5 1.5208292777885927e-06
77.5 3.0416585555771853e-06
78.5 6.083317111154371e-06
79.5 3.0416585555771853e-06
80.5 4.562487833365778e-06
81.5 1.0645804944520148e-05
82.5 6.083317111154371e-06
83.5 1.216663422230874e-05
84.5 1.216663422230874e-05
85.5 1.672912205567452e-05
86.5 1.5208292777885924e-05
87.5 2.585409772240607e-05
88.5 3.193741483356044e-05
89.5 1.672912205567452e-05
90.5 3.193741483356044e-05
91.5 6.235400038933232e-05
92.5 4.714570761144638e-05
93.5 3.649990266692623e-05
94.5 5.6270683278177936e-05
95.5 7.908312244500683e-05
96.5 6.235400038933232e-05
97.5 7.756229316721824e-05
98.5 6.843731750048667e-05
99.5 7.452063461164107e-05
100.5 9.277058594510419e-05
101.5 0.00010189556161183572
102.5 0.00010797887872299009
103.5 0.00010189556161183573
104.5 8.66872688339498e-05
105.5 8.82080981117384e-05
106.5 7.452063461164105e-05
107.5 7.908312244500684e-05
108.5 8.212478100058402e-05
109.5 7.756229316721824e-05
110.5 7.147897605606386e-05
111.5 6.995814677827528e-05
112.5 6.387482966712091e-05
113.5 7.299980533385247e-05
114.5 5.6270683278177936e-05
115.5 5.627068327817794e-05
116.5 6.23540003893323e-05
117.5 6.995814677827527e-05
118.5 6.691648822269809e-05
119.5 8.364561027837261e-05
120.5 6.843731750048667e-05
121.5 7.908312244500685e-05
122.5 7.452063461164104e-05
123.5 8.668726883394979e-05
124.5 0.00010037473233404716
125.5 7.299980533385247e-05
126.5 9.733307377846996e-05
127.5 0.00011102053727856729
128.5 0.0001262288300564532
129.5 0.00014599961066770492
130.5 0.00012166634222308743
131.5 0.00012318717150087603
132.5 0.00014295795211212767
133.5 0.0001277496593342418
134.5 0.0001399162935565505
135.5 0.00016424956200116798
136.5 0.00020227029394588277
137.5 0.00018554117189020823
138.5 0.00020987444033482573
139.5 0.00024181185516838612
140.5 0.0002478951722795406
141.5 0.00031481166050223864
142.5 0.00040301975861397693
143.5 0.00041670722211407436
144.5 0.0004532071247810004
145.5 0.000533811076503796
146.5 0.0006204983453377457
147.5 0.0007147897605606384
148.5 0.0008471019077282458
149.5 0.0009642057621179674
150.5 0.0010661013237298037
151.5 0.001277496593342417
152.5 0.0014767252287327236
153.5 0.00170789127895659
154.5 0.00208505693984816
155.5 0.0023618478684056836
156.5 0.0026933886509635965
157.5 0.0030507835312439157
158.5 0.0034096992408020246
159.5 0.0037746982674712864
160.5 0.004255280319252481
161.5 0.004559446174810202
162.5 0.0050476323729803365
163.5 0.0052924858867043015
164.5 0.0056863806696515464
165.5 0.0060011923301537835
166.5 0.006413337064434497
167.5 0.006483295211212771
168.5 0.006608003211991434
169.5 0.006699252968658751
170.5 0.006452878625657
171.5 0.0065106701382129616
172.5 0.00647417023554604
173.5 0.006569982480046721
174.5 0.006369233015378626
175.5 0.006373795503211992
176.5 0.006395087113101032
177.5 0.006322087307767178
178.5 0.006595836577769125
179.5 0.006919773213938096
180.5 0.007252834825773799
181.5 0.0074338135098306396
182.5 0.007867249854000386
183.5 0.008248978002725322
184.5 0.008758455810784502
185.5 0.009604036889234965
186.5 0.0104252846992408
187.5 0.010829825287132566
188.5 0.011147678606190382
189.5 0.011724072902472262
190.5 0.01205105119719681
191.5 0.012756715982090718
192.5 0.013080652618259685
193.5 0.01327531876581662
194.5 0.013176464862760362
195.5 0.013269235448705473
196.5 0.013247943838816426
197.5 0.013270756277983261
198.5 0.012825153299591198
199.5 0.012201613295697874
200.5 0.011509635974304069
201.5 0.0112921573875803
202.5 0.010735533871909673
203.5 0.010048119038349231
204.5 0.00949605801051197
205.5 0.008711310103173059
206.5 0.007903749756667314
207.5 0.00720568911816235
208.5 0.006443753649990266
209.5 0.005992067354487052
210.5 0.005348756569982477
211.5 0.004883382810979169
212.5 0.004436259003309322
213.5 0.003745802511193303
214.5 0.003563302997858671
215.5 0.003123783336577769
216.5 0.0027907217247420658
217.5 0.0025549931866848336
218.5 0.0022173690870157673
219.5 0.0020303070858477706
220.5 0.0018219534747907335
221.5 0.0016926829861787032
222.5 0.0014721627408993577
223.5 0.0013337672766205958
224.5 0.0012455591785088566
225.5 0.0011026012263967294
226.5 0.0010843512750632657
227.5 0.0010280805917850886
228.5 0.0010417680552851855
229.5 0.0008668726883394971
230.5 0.0007391230290052556
231.5 0.0007923520537278564
232.5 0.0008075603465057421
233.5 0.0007330397118941018
234.5 0.0007345605411718903
235.5 0.0006722065407825575
236.5 0.0006691648822269806
237.5 0.0006357066381156317
238.5 0.0006022483940042824
239.5 0.0006919773213938092
240.5 0.0006782898578937119
241.5 0.0007163105898384269
242.5 0.0006737273700603463
243.5 0.0006433107845045745
244.5 0.0006858940042826549
245.5 0.0006767690286159236
246.5 0.0006919773213938094
247.5 0.000693498150671598
248.5 0.0007269563947829468
249.5 0.0007877895658944904
250.5 0.0007969145415612222
251.5 0.000809081175783531
252.5 0.000897289273895269
253.5 0.0009931015183959504
254.5 0.001151267763285964
255.5 0.0011725593731750042
256.5 0.001371788008565311
257.5 0.001516266789955227
258.5 0.001770245279345922
259.5 0.0020424737200700795
260.5 0.0024226810395172275
261.5 0.0028591590422425536
262.5 0.003192220654078254
263.5 0.003989135195639478
264.5 0.0046218001751995325
265.5 0.005607297547206541
266.5 0.006504586821101809
267.5 0.007664979560054506
268.5 0.008927267860619035
269.5 0.01049524284601908
270.5 0.011605448218804753
271.5 0.012698924469534741
272.5 0.013862358867043012
273.5 0.015457708779443255
274.5 0.01624854000389332
275.5 0.016952683959509437
276.5 0.017221870741678028
277.5 0.01740741191356823
278.5 0.01738612030367919
279.5 0.016973975569398485
280.5 0.016437122834339107
281.5 0.015707124781000583
282.5 0.014799189702160792
283.5 0.013570359645707611
284.5 0.012671549542534548
285.5 0.01164042729219388
286.5 0.01074161718902083
287.5 0.009287704399454933
288.5 0.0086793726883395
289.5 0.007672583706443448
290.5 0.00702471043410551
291.5 0.006157837745766012
292.5 0.005446089643760952
293.5 0.005036986568035819
294.5 0.00444234232042048
295.5 0.0041229681720848736
296.5 0.003861385536305236
297.5 0.0033838451430796184
298.5 0.0029914711894101606
299.5 0.002872846505742651
300.5 0.0027937633832976452
301.5 0.002714680260852638
302.5 0.0023223063071831796
303.5 0.0024576601129063656
304.5 0.00224626484329375
305.5 0.0022295357212380753
306.5 0.0022782022581273108
307.5 0.002342077087794432
308.5 0.002314702160794238
309.5 0.002291889721627409
310.5 0.002136765135292972
311.5 0.002313181331516448
312.5 0.00221432742846019
313.5 0.002185431672182207
314.5 0.0022812439166828877
315.5 0.002272118941016156
316.5 0.0023268687950165454
317.5 0.0023223063071831805
318.5 0.0022614731360716366
319.5 0.002224973233404711
320.5 0.0022310565505158646
321.5 0.0021200360132372976
322.5 0.0020090154759587306
323.5 0.0018052243527350593
324.5 0.0017519953280124582
325.5 0.0015968707416780222
326.5 0.0015436417169554211
327.5 0.001332246447342807
328.5 0.0012379550321199146
329.5 0.0011467052754525987
330.5 0.0010022264940626824
331.5 0.0008349352735059371
332.5 0.0008060395172279539
333.5 0.0006387482966712084
334.5 0.000593123418337551
335.5 0.0005505401985594706
336.5 0.0005033944909480241
337.5 0.0004684154175588864
338.5 0.00043343634416974884
339.5 0.0004182280513918629
340.5 0.0004060614171695543
341.5 0.00041214473428070864
342.5 0.00044104049055869183
343.5 0.0004532071247810006
344.5 0.0004364780027253261
345.5 0.0004091030757251314
346.5 0.00042583219778080596
347.5 0.00044256131983648044
348.5 0.0004395196612809032
349.5 0.0004121447342807086
350.5 0.0004075822464473428
351.5 0.00036043653883589653
352.5 0.00035891570955810787
353.5 0.00034066575822464483
354.5 0.0002798325871131011
355.5 0.00026614512361300364
356.5 0.00022812439166828885
357.5 0.00018858283044578548
358.5 0.0001946661475569398
359.5 0.0001748953669456881
