0.5 0.0
1.5 0.0
2.5 1.5208292777885927e-06
3.5 1.5208292777885927e-06
4.5 1.5208292777885927e-06
5.5 0.0
6.5 0.0
7.5 0.0
8.5 0.0
9.5 0.0
10.5 0.0
11.5 1.5208292777885927e-06
12.5 1.5208292777885927e-06
13.5 1.5208292777885927e-06
14.5 1.5208292777885927e-06
15.5 0.0
16.5 6.083317111154371e-06
17.5 3.0416585555771853e-06
18.5 6.083317111154371e-06
19.5 3.0416585555771853e-06
20.5 7.6041463889429636e-06
21.5 1.6729122055674516e-05
22.5 2.1291609889040292e-05
23.5 2.1291609889040292e-05
24.5 2.2812439166828887e-05
25.5 2.2812439166828884e-05
26.5 5.0187366167023554e-05
27.5 4.714570761144638e-05
28.5 5.779151255596652e-05
29.5 8.516643955616122e-05
30.5 8.668726883394982e-05
31.5 0.00011710385438972168
32.5 0.00016881204983453375
33.5 0.00021291609889040287
34.5 0.0002539784893906948
35.5 0.00032393663616897013
36.5 0.0003756448316137824
37.5 0.0004973111738368698
38.5 0.0005946442476153395
39.5 0.0006950189799493864
40.5 0.0009261850301732522
41.5 0.001044809713840763
42.5 0.001279017422620206
43.5 0.00139307961845435
44.5 0.0016288081565115824
45.5 0.0019588281097917062
46.5 0.0021823900136266295
47.5 0.002512409966906754
48.5 0.002872846505742652
49.5 0.003029491921354876
50.5 0.003420345045746545
51.5 0.0037305942184154167
52.5 0.0038629063655830245
53.5 0.0043556550515865275
54.5 0.004603550223866069
55.5 0.004922924372201674
56.5 0.005035465738758032
57.5 0.0051540904224255365
58.5 0.0054993186684835485
59.5 0.005579922620206348
60.5 0.00564227662059568
61.5 0.00582477613393031
62.5 0.0057289638894296255
63.5 0.005777630426318862
64.5 0.005689422328207125
65.5 0.005487152034261241
66.5 0.005255985984037375
67.5 0.005046111543702548
68.5 0.004915320225812734
69.5 0.004831674615534357
70.5 0.004402800759197976
71.5 0.004191405489585361
72.5 0.003913093731750047
73.5 0.003587636266303287
74.5 0.0033686368503017326
75.5 0.0030340544091882423
76.5 0.0028956589449094807
77.5 0.0024135560638504946
78.5 0.0022325773797936517
79.5 0.0021230776717928745
80.5 0.0018341201090130421
81.5 0.0016957246447342803
82.5 0.0015010584971773397
83.5 0.0014402253260657966
84.5 0.001207538446564141
85.5 0.0010083098111738362
86.5 0.000947476640062293
87.5 0.0009246642008954636
88.5 0.0007680187852832389
89.5 0.0006433107845045745
90.5 0.0005916025890597625
91.5 0.0005079569787813898
92.5 0.0004410404905586916
93.5 0.00038781146583609117
94.5 0.0003589157095581078
95.5 0.000380207319447148
96.5 0.0002661451236130037
97.5 0.00026006180650184915
98.5 0.0001992286353903055
99.5 0.0002205202452793458
100.5 0.0001840203426124197
101.5 0.0001718537083901109
102.5 0.00014143712283433917
103.5 0.00013991629355655053
104.5 0.00011102053727856738
105.5 0.0001003747323340472
106.5 9.429141522289285e-05
107.5 0.00010797887872299017
108.5 8.060395172279546e-05
109.5 6.539565894490951e-05
110.5 6.235400038933232e-05
111.5 5.1708195444812177e-05
112.5 5.018736616702359e-05
113.5 5.3229024722600765e-05
114.5 5.018736616702359e-05
115.5 6.387482966712091e-05
116.5 3.954156122250342e-05
117.5 4.25832197780806e-05
118.5 4.258321977808061e-05
119.5 4.25832197780806e-05
120.5 3.345824411134904e-05
121.5 4.1062390500292e-05
122.5 3.954156122250342e-05
123.5 3.954156122250341e-05
124.5 7.29998053338525e-05
125.5 6.691648822269812e-05
126.5 6.843731750048669e-05
127.5 8.060395172279548e-05
128.5 6.995814677827531e-05
129.5 9.277058594510424e-05
130.5 9.429141522289282e-05
131.5 0.00012470800077866472
132.5 0.00012014551294529893
133.5 0.00013839546427876198
134.5 0.00015360375705664785
135.5 0.0001840203426124196
136.5 0.0002463743430017519
137.5 0.0002326868795016545
138.5 0.0002859159042242551
139.5 0.0003011241970021413
140.5 0.0003908531243916681
141.5 0.00046385292972552053
142.5 0.0005870401012263967
143.5 0.0006098525403932255
144.5 0.0007695396145610268
145.5 0.0009185808837843088
146.5 0.0010508930309519168
147.5 0.0012075384465641418
148.5 0.0014873710336772432
149.5 0.001689641327623126
150.5 0.0018812658166244877
151.5 0.0022143274284601886
152.5 0.002684263675296864
153.5 0.003049262701966126
154.5 0.0035237614366361676
155.5 0.004025635098306401
156.5 0.0046811125170332845
157.5 0.00510086139770294
158.5 0.006051379696320812
159.5 0.006706857115047697
160.5 0.007610229706054119
161.5 0.008563789663227564
162.5 0.009543203718123415
163.5 0.010223014405294916
164.5 0.011275428265524627
165.5 0.012469279248588674
166.5 0.013626630328985785
167.5 0.014479815553825189
168.5 0.015655416585555776
169.5 0.016613539030562584
170.5 0.01769941113490364
171.5 0.018935845337745786
172.5 0.019764697294140557
173.5 0.020649819933813506
174.5 0.02075475715398092
175.5 0.0217858794043216
176.5 0.022351627895658945
177.5 0.022476335896437605
178.5 0.022812439166828877
179.5 0.02258279394588281
180.5 0.022400294432548186
181.5 0.022334898773603278
182.5 0.021854316721822073
183.5 0.021752421160210245
184.5 0.0207167364220362
185.5 0.019974571734475376
186.5 0.019153323924469532
187.5 0.018141972454740127
188.5 0.017194495814677822
189.5 0.016198352637726298
190.5 0.015448583803776526
191.5 0.014256253649990273
192.5 0.013117152520926606
193.5 0.011873114171695546
194.5 0.01113703280124586
195.5 0.009949265135292974
196.5 0.009179725520731945
197.5 0.008388894296281884
198.5 0.007476396729608718
199.5 0.006569982480046719
200.5 0.00583694276815262
201.5 0.005122153007591976
202.5 0.00468719583414444
203.5 0.003911572902472258
204.5 0.003545053046525208
205.5 0.0031116167023554583
206.5 0.00258084728440724
207.5 0.0023481604049055862
208.5 0.00199836967101421
209.5 0.0017535161572902458
210.5 0.0014356628382324304
211.5 0.001309434008175977
212.5 0.001125413665563558
213.5 0.0009444349815067155
214.5 0.0008927267860619031
215.5 0.0007269563947829464
216.5 0.0006311441502822654
217.5 0.0005125194666147553
218.5 0.0004744987346700407
219.5 0.00038629063655830234
220.5 0.0003741240023359937
221.5 0.00031785331905781586
222.5 0.000279832587113101
223.5 0.00027070761144636936
224.5 0.00024029102589059762
225.5 0.00019770780611251692
226.5 0.00018249951333463118
227.5 0.00017337453766789947
228.5 0.0001505620985010707
229.5 0.00011862468366751032
230.5 0.00010493722016741299
231.5 0.00011406219583414453
232.5 0.00011862468366751031
233.5 9.733307377846998e-05
234.5 8.516643955616125e-05
235.5 9.581224450068139e-05
236.5 8.364561027837267e-05
237.5 8.364561027837264e-05
238.5 8.060395172279546e-05
239.5 8.972892738952703e-05
240.5 7.908312244500687e-05
241.5 8.212478100058406e-05
242.5 9.429141522289282e-05
243.5 8.060395172279546e-05
244.5 0.00010037473233404719
245.5 9.885390305625861e-05
246.5 8.972892738952705e-05
247.5 0.00011102053727856733
248.5 0.00012470800077866466
249.5 0.0001247080007786647
250.5 0.00012166634222308753
251.5 0.00012470800077866472
252.5 0.00013687463500097337
253.5 0.0001444787813899163
254.5 0.00017489536694568803
255.5 0.00017185370839011094
256.5 0.000171853708390111
257.5 0.0002022702939458828
258.5 0.0002509368308351177
259.5 0.00022812439166828883
260.5 0.000310249172668873
261.5 0.0002615826357796378
262.5 0.00034674907533579905
263.5 0.0003345824411134904
264.5 0.00036804068522483925
265.5 0.00045472795405878915
266.5 0.00047754039322561796
267.5 0.0004608112711699433
268.5 0.00045624878333657754
269.5 0.0006128941989488025
270.5 0.0005976859061709163
271.5 0.0006159358575043799
272.5 0.0007071856141716953
273.5 0.0007664979560054502
274.5 0.00075585215106093
275.5 0.0008486227370060342
276.5 0.0008759976640062287
277.5 0.0009626849328401788
278.5 0.001050893030951916
279.5 0.001107163714230094
280.5 0.0012379550321199148
281.5 0.0013079131788981896
282.5 0.0012425175199532797
283.5 0.0014463086431769513
284.5 0.0014904126922328203
285.5 0.0015588500097333067
286.5 0.001662266400622931
287.5 0.0018614950360132372
288.5 0.0018660575238466026
289.5 0.001981640548958536
290.5 0.002101786061903834
291.5 0.0021595775744598002
292.5 0.0023055771851275054
293.5 0.0023800978197391458
294.5 0.0023953061125170333
295.5 0.002612784699240801
296.5 0.0026127846992407998
297.5 0.002658409577574458
298.5 0.002705555285185905
299.5 0.002693388650963596
300.5 0.002593013918629549
301.5 0.0026355971384076303
302.5 0.0025610765037959895
303.5 0.0025078474790733883
304.5 0.0023238271364609676
305.5 0.002551951528129257
306.5 0.002331431282849911
307.5 0.0020880985984037376
308.5 0.001961869768347284
309.5 0.0018432450846797737
310.5 0.0017915368892349617
311.5 0.0015451625462332092
312.5 0.0014523919602881048
313.5 0.0012409966906754908
314.5 0.0011512677632859645
315.5 0.0010037473233404704
316.5 0.0009277058594510407
317.5 0.0007634562974498729
318.5 0.0006630815651158259
319.5 0.0005672693206151448
320.5 0.00046993624683667497
321.5 0.0003665198559470508
322.5 0.0003665198559470508
323.5 0.0002570201479462721
324.5 0.00023420770877944318
325.5 0.00017489536694568816
326.5 0.00015056209850107074
327.5 0.00010797887872299015
328.5 8.516643955616122e-05
329.5 8.060395172279545e-05
330.5 8.516643955616124e-05
331.5 5.1708195444812156e-05
332.5 3.1937414833560436e-05
333.5 3.1937414833560436e-05
334.5 1.9770780611251703e-05
335.5 2.2812439166828884e-05
336.5 1.5208292777885924e-05
337.5 1.3687463500097333e-05
338.5 6.083317111154371e-06
339.5 4.562487833365778e-06
340.5 4.562487833365778e-06
341.5 4.562487833365778e-06
342.5 6.083317111154371e-06
343.5 3.0416585555771853e-06
344.5 4.562487833365778e-06
345.5 1.5208292777885927e-06
346.5 9.124975666731556e-06
347.5 1.5208292777885927e-06
348.5 1.5208292777885927e-06
349.5 0.0
350.5 0.0
351.5 3.0416585555771853e-06
352.5 0.0
353.5 0.0
354.5 0.0
355.5 0.0
356.5 0.0
357.5 3.0416585555771853e-06
358.5 0.0
359.5 3.0416585555771853e-06
