0.5 0.0
1.5 1.5208292777885927e-06
2.5 0.0
3.5 1.5208292777885927e-06
4.5 1.5208292777885927e-06
5.5 0.0
6.5 0.0
7.5 0.0
8.5 0.0
9.5 1.5208292777885927e-06
10.5 0.0
11.5 0.0
12.5 0.0
13.5 0.0
14.5 0.0
15.5 0.0
16.5 1.5208292777885927e-06
17.5 3.0416585555771853e-06
18.5 1.5208292777885927e-06
19.5 0.0
20.5 1.5208292777885927e-06
21.5 0.0
22.5 1.5208292777885927e-06
23.5 1.5208292777885927e-06
24.5 0.0
25.5 3.0416585555771853e-06
26.5 0.0
27.5 1.5208292777885927e-06
28.5 0.0
29.5 0.0
30.5 1.5208292777885927e-06
31.5 3.0416585555771853e-06
32.5 3.0416585555771853e-06
33.5 0.0
34.5 0.0
35.5 1.5208292777885927e-06
36.5 1.5208292777885927e-06
37.5 0.0
38.5 1.5208292777885927e-06
39.5 6.083317111154371e-06
40.5 0.0
41.5 3.0416585555771853e-06
42.5 4.562487833365778e-06
43.5 3.0416585555771853e-06
44.5 6.083317111154371e-06
45.5 3.0416585555771853e-06
46.5 4.562487833365778e-06
47.5 4.562487833365778e-06
48.5 1.216663422230874e-05
49.5 7.6041463889429636e-06
50.5 9.124975666731556e-06
51.5 1.3687463500097332e-05
52.5 1.5208292777885924e-05
53.5 2.1291609889040292e-05
54.5 3.1937414833560436e-05
55.5 2.4333268444617476e-05
56.5 2.5854097722406068e-05
57.5 3.954156122250341e-05
58.5 5.779151255596655e-05
59.5 5.322902472260077e-05
60.5 5.474985400038937e-05
61.5 9.429141522289283e-05
62.5 8.972892738952702e-05
63.5 0.00013079131788981907
64.5 0.00013687463500097343
65.5 0.00017793702550126533
66.5 0.00019466614755693978
67.5 0.0002570201479462721
68.5 0.0003269782947245474
69.5 0.0003726031730582051
70.5 0.000380207319447148
71.5 0.0004562487833365777
72.5 0.0005535818571150472
73.5 0.0006554774187268831
74.5 0.0007284772240607351
75.5 0.0009277058594510411
76.5 0.0010250389332295106
77.5 0.0011330178119525005
78.5 0.0012744549347868397
79.5 0.0014387044967880064
80.5 0.0015801416196223467
81.5 0.0017732869379014982
82.5 0.001981640548958535
83.5 0.0020896194276815248
84.5 0.0023162229900720245
85.5 0.0024728684056842505
86.5 0.0027466176756861978
87.5 0.0030842417753552632
88.5 0.0032545746544675857
89.5 0.00334886606969048
90.5 0.003783823243138018
91.5 0.0039784893906949555
92.5 0.004056051683862172
93.5 0.004592904418921548
94.5 0.004825591298423204
95.5 0.004921403542923885
96.5 0.00539286061903835
97.5 0.005573839303095192
98.5 0.00580044286548569
99.5 0.0063038373564337155
100.5 0.00631296233210045
101.5 0.006804190188826165
102.5 0.007109876873661671
103.5 0.0071266059957173465
104.5 0.007388188631496982
105.5 0.00759654224255402
106.5 0.007815541658555577
107.5 0.007940249659334243
108.5 0.008043666050223868
109.5 0.008335665271559276
110.5 0.008428435857504378
111.5 0.008505998150671601
112.5 0.008402581759781974
113.5 0.008390415125559663
114.5 0.008448206638115633
115.5 0.00844212332100448
116.5 0.008283957076114463
117.5 0.008490789857893711
118.5 0.008472539906560248
119.5 0.008471019077282461
120.5 0.00814860327039128
121.5 0.008061916001557324
122.5 0.008172936538835895
123.5 0.008112103367724353
124.5 0.008066478489390693
125.5 0.007987395366945687
126.5 0.008110582538446558
127.5 0.008124270001946658
128.5 0.008077124294335214
129.5 0.00801933278177925
130.5 0.00782314580494452
131.5 0.007817062487833365
132.5 0.007772958438777495
133.5 0.007544834047109207
134.5 0.007351688728830057
135.5 0.007415563558497176
136.5 0.007059689507494648
137.5 0.006828523457270778
138.5 0.006690127992992016
139.5 0.006398128771656609
140.5 0.0062232334047109174
141.5 0.00598446320809811
142.5 0.005645318279151256
143.5 0.005500839497761339
144.5 0.005160173739536695
145.5 0.004932049347868406
146.5 0.004688716663422229
147.5 0.004630925150866262
148.5 0.0041396972941405465
149.5 0.004045405878917654
150.5 0.003727552559859839
151.5 0.0035055114853027045
152.5 0.003207428946856139
153.5 0.00305686684835507
154.5 0.00286372153007592
155.5 0.0025914930893517615
156.5 0.0025686806501849313
157.5 0.002351202063461162
158.5 0.002174785867237686
159.5 0.001990765524625266
160.5 0.00194361981701382
161.5 0.0019466614755693976
162.5 0.001744391181623515
163.5 0.0015983915709558093
164.5 0.0016942038154564908
165.5 0.0015223501070663796
166.5 0.0014250170332879104
167.5 0.0014158920576211784
168.5 0.0013307256180650174
169.5 0.001233392544286548
170.5 0.0011512677632859638
171.5 0.0011360594705080783
172.5 0.001202975958730776
173.5 0.0011801635195639471
174.5 0.00111172620206346
175.5 0.0011026012263967288
176.5 0.0010904345921744195
177.5 0.0010782679579521115
178.5 0.0010828304457854772
179.5 0.0010858721043410541
180.5 0.0010524138602297055
181.5 0.0010828304457854779
182.5 0.0011467052754525983
183.5 0.0011223720070079814
184.5 0.0010630596651742253
185.5 0.0011421427876192323
186.5 0.0011406219583414443
187.5 0.0011649552267860614
188.5 0.0012318717150087595
189.5 0.0012333925442865473
190.5 0.0011786426902861578
191.5 0.0013048715203426116
192.5 0.0013657046914541551
193.5 0.0014250170332879104
194.5 0.001581662448900135
195.5 0.001564933326844461
196.5 0.0015755791317889802
197.5 0.0016942038154564919
198.5 0.0017626411329569771
199.5 0.0019451406462916091
200.5 0.00205159869573681
201.5 0.002132202647459606
202.5 0.0023451187463500093
203.5 0.0025215349425734847
204.5 0.00265688874829667
205.5 0.002752700992797352
206.5 0.003040137726299394
207.5 0.00327282460580105
208.5 0.003440115826357793
209.5 0.003659115242359351
210.5 0.0039009270975277387
211.5 0.004229426221530073
212.5 0.0043480509051975836
213.5 0.004779966420089543
214.5 0.004825591298423203
215.5 0.005135840471092076
216.5 0.005506922814872493
217.5 0.005788276231263381
218.5 0.005716797255207316
219.5 0.00604073389137629
220.5 0.006227795892544284
221.5 0.006547170040879892
222.5 0.006790502725326066
223.5 0.007049043702550126
224.5 0.00704296038543897
225.5 0.007585896437609499
226.5 0.007474875900330932
227.5 0.007631521315943155
228.5 0.00764520877944325
229.5 0.00782770829277789
230.5 0.007769916780221918
231.5 0.007832270780611253
232.5 0.008131874148335605
233.5 0.008084728440724158
234.5 0.007832270780611252
235.5 0.007981312049834535
236.5 0.008001082830445788
237.5 0.008037582733112713
238.5 0.00812579083122445
239.5 0.007937208000778663
240.5 0.008448206638115633
241.5 0.00826874878333658
242.5 0.008217040587891767
243.5 0.008445164979560054
244.5 0.008440602491726686
245.5 0.008571393809616506
246.5 0.008321977808059182
247.5 0.008262665466225425
248.5 0.008145561611835703
249.5 0.008124270001946661
250.5 0.007953937122834341
251.5 0.008140999124002334
252.5 0.007741021023943939
253.5 0.007663458730776721
254.5 0.007596542242554016
255.5 0.00703079375121666
256.5 0.007114439361495031
257.5 0.006944106482382711
258.5 0.006816356823048474
259.5 0.006107650379598989
260.5 0.006194337648432937
261.5 0.005957088281097915
262.5 0.0054917145220946114
263.5 0.005328985789371229
264.5 0.005073486470702745
265.5 0.004595946077477126
266.5 0.004376946661475568
267.5 0.004176197196807473
268.5 0.0038811563169164863
269.5 0.00361805285185906
270.5 0.00344467831419116
271.5 0.003350386898968267
272.5 0.0029078255791317874
273.5 0.002722284407241578
274.5 0.002603659723574069
275.5 0.002316222990072025
276.5 0.0020227029394588266
277.5 0.0018706200116799677
278.5 0.0018614950360132355
279.5 0.0015770999610667685
280.5 0.001441746155343585
281.5 0.0011862468366751013
282.5 0.0011345386412302894
283.5 0.0009839765427292191
284.5 0.0009018517617286342
285.5 0.0007984353708390105
286.5 0.0006600399065602486
287.5 0.0005551026863928358
288.5 0.0004471238076698462
289.5 0.000403019758613977
290.5 0.00032849912400233585
291.5 0.0003102491726688729
292.5 0.00024941600155732916
293.5 0.000190103659723574
294.5 0.00016729122055674512
295.5 0.0001612079034455908
296.5 0.00012318717150087608
297.5 6.84373175004867e-05
298.5 7.756229316721827e-05
299.5 6.843731750048671e-05
300.5 5.018736616702357e-05
301.5 4.1062390500292e-05
302.5 5.322902472260078e-05
303.5 3.497907338913763e-05
304.5 4.2583219778080604e-05
305.5 2.8895756277983255e-05
306.5 1.8249951333463108e-05
307.5 1.97707806112517e-05
308.5 1.216663422230874e-05
309.5 1.3687463500097335e-05
310.5 6.083317111154371e-06
311.5 9.124975666731556e-06
312.5 1.97707806112517e-05
313.5 4.562487833365778e-06
314.5 7.6041463889429636e-06
315.5 6.083317111154371e-06
316.5 3.0416585555771853e-06
317.5 1.5208292777885927e-06
318.5 3.0416585555771853e-06
319.5 1.5208292777885927e-06
320.5 1.5208292777885927e-06
321.5 1.5208292777885927e-06
322.5 1.5208292777885927e-06
323.5 1.5208292777885927e-06
324.5 4.562487833365778e-06
325.5 1.5208292777885927e-06
326.5 0.0
327.5 4.562487833365778e-06
328.5 0.0
329.5 0.0
330.5 0.0
331.5 0.0
332.5 0.0
333.5 1.5208292777885927e-06
334.5 3.0416585555771853e-06
335.5 1.5208292777885927e-06
336.5 0.0
337.5 0.0
338.5 0.0
339.5 1.5208292777885927e-06
340.5 1.5208292777885927e-06
341.5 3.0416585555771853e-06
342.5 0.0
343.5 0.0
344.5 0.0
345.5 0.0
346.5 1.5208292777885927e-06
347.5 0.0
348.5 1.5208292777885927e-06
349.5 0.0
350.5 1.5208292777885927e-06
351.5 0.0
352.5 1.5208292777885927e-06
353.5 0.0
354.5 0.0
355.5 0.0
356.5 1.5208292777885927e-06
357.5 0.0
358.5 0.0
359.5 0.0
