0.5 0.0001672912205567452
1.5 0.00017793702550126535
2.5 0.00021443692816819156
3.5 0.00017033287911232236
4.5 0.0001657703912789566
5.5 0.0001885828304457855
6.5 0.0001657703912789566
7.5 0.00019010365972357406
8.5 0.00017641619622347674
9.5 0.00013383297644539613
10.5 0.00019770780611251705
11.5 0.00013231214716760754
12.5 0.00014752043994549347
13.5 0.0001672912205567452
14.5 0.0001459996106677049
15.5 0.0001596870741678022
16.5 0.00014295795211212773
17.5 0.00018097868405684252
18.5 0.00013231214716760757
19.5 0.00012927048861203038
20.5 0.00015512458633443643
21.5 0.00015664541561222504
22.5 0.0001657703912789566
23.5 0.00015512458633443643
24.5 0.00015360375705664785
25.5 0.000123187171500876
26.5 0.00019466614755693983
27.5 0.0001399162935565505
28.5 0.0001596870741678022
29.5 0.00017641619622347674
30.5 0.00018097868405684252
31.5 0.00017185370839011097
32.5 0.00016881204983453375
33.5 0.00020835361105703718
34.5 0.0001824995133346311
35.5 0.00018706200116799687
36.5 0.0001840203426124197
37.5 0.0001672912205567452
38.5 0.00019618697683472844
39.5 0.0001855411718902083
40.5 0.00017185370839011097
41.5 0.0001992286353903056
42.5 0.0001885828304457855
43.5 0.00020531195250146
44.5 0.00019010365972357406
45.5 0.0002022702939458828
46.5 0.00020227029394588283
47.5 0.00017793702550126533
48.5 0.0002098744403348258
49.5 0.0001627287327233794
50.5 0.00017641619622347674
51.5 0.00013839546427876193
52.5 0.00015056209850107066
53.5 0.00014143712283433912
54.5 0.00013231214716760757
55.5 0.0001216663422230874
56.5 0.0001262288300564532
57.5 0.00011254136655635584
58.5 0.000123187171500876
59.5 0.00011558302511193304
60.5 7.756229316721822e-05
61.5 8.972892738952697e-05
62.5 6.691648822269808e-05
63.5 6.995814677827525e-05
64.5 6.691648822269808e-05
65.5 5.779151255596652e-05
66.5 4.1062390500291995e-05
67.5 2.889575627798326e-05
68.5 2.7374927000194667e-05
69.5 2.4333268444617483e-05
70.5 2.4333268444617483e-05
71.5 1.9770780611251707e-05
72.5 9.124975666731556e-06
73.5 1.3687463500097333e-05
74.5 1.216663422230874e-05
75.5 6.083317111154371e-06
76.5 1.5208292777885927e-06
77.5 1.0645804944520148e-05
78.5 1.0645804944520148e-05
79.5 6.083317111154371e-06
80.5 6.083317111154371e-06
81.5 9.124975666731556e-06
82.5 1.5208292777885927e-06
83.5 1.5208292777885927e-06
84.5 3.0416585555771853e-06
85.5 3.0416585555771853e-06
86.5 6.083317111154371e-06
87.5 4.562487833365778e-06
88.5 4.562487833365778e-06
89.5 1.5208292777885927e-06
90.5 7.6041463889429636e-06
91.5 3.0416585555771853e-06
92.5 3.0416585555771853e-06
93.5 1.5208292777885927e-06
94.5 6.083317111154371e-06
95.5 1.0645804944520148e-05
96.5 1.824995133346311e-05
97.5 7.6041463889429636e-06
98.5 1.5208292777885925e-05
99.5 2.2812439166828887e-05
100.5 2.2812439166828887e-05
101.5 3.649990266692623e-05
102.5 3.345824411134904e-05
103.5 6.539565894490952e-05
104.5 7.908312244500685e-05
105.5 0.00010645804944520153
106.5 0.00012318717150087603
107.5 0.00015512458633443646
108.5 0.00016272873272337932
109.5 0.00025397848939069493
110.5 0.00026766595289079225
111.5 0.0003528323924469535
112.5 0.0004729779053922524
113.5 0.0005459777107261046
114.5 0.0006144150282265912
115.5 0.0007756229316721819
116.5 0.0009048934202842123
117.5 0.0010813096165076894
118.5 0.001184726007397314
119.5 0.0014067670819544486
120.5 0.0015740583025111929
121.5 0.0017337453766789954
122.5 0.002039432061514503
123.5 0.002240181526182597
124.5 0.0024500559665174225
125.5 0.0025337015767957958
126.5 0.002732930212186101
127.5 0.003055346019077283
128.5 0.003262178800856529
129.5 0.0035024698267471263
130.5 0.003526803095191743
131.5 0.003966322756472649
132.5 0.004103197391473623
133.5 0.004173155538251897
134.5 0.004691758321977806
135.5 0.004679591687755499
136.5 0.00499136168970216
137.5 0.005195152812925832
138.5 0.005406548082538445
139.5 0.00555711018103952
140.5 0.006034650574265134
141.5 0.006051379696320808
142.5 0.006741836188436828
143.5 0.006872627506326647
144.5 0.007328876289663229
145.5 0.007960020439945493
146.5 0.00824897800272533
147.5 0.009086954934786845
148.5 0.009552328693790151
149.5 0.01035532655246253
150.5 0.011074678800856537
151.5 0.011518760949970798
152.5 0.012397800272532608
153.5 0.012978757056647848
154.5 0.013939921160210235
155.5 0.014361190870157674
156.5 0.015545916877554999
157.5 0.016157290247225998
158.5 0.017010475472065405
159.5 0.017708536110570366
160.5 0.018373138504964
161.5 0.018593658750243332
162.5 0.01897234524041269
163.5 0.019817926318863154
164.5 0.020044529881253638
165.5 0.02030002919992214
166.5 0.02003236324703134
167.5 0.020663507397313617
168.5 0.020341091590422418
169.5 0.02059202842125754
170.5 0.020216383589643762
171.5 0.020114488028031924
172.5 0.019635426805528516
173.5 0.019579156122250353
174.5 0.019480302219194084
175.5 0.019010365972357404
176.5 0.018519138115631696
177.5 0.018274284601907734
178.5 0.018037035234572715
179.5 0.01740741191356824
180.5 0.016998308837843097
181.5 0.016838621763675295
182.5 0.016131436149503603
183.5 0.016041707222114086
184.5 0.015221980241386029
185.5 0.014882835312439162
186.5 0.014417461553435863
187.5 0.013806088183764841
188.5 0.013173423204204792
189.5 0.01238867529686588
190.5 0.011705822951138799
191.5 0.011267824119135681
192.5 0.010513492797352544
193.5 0.00992341103757057
194.5 0.009155392252287325
195.5 0.00858964376094997
196.5 0.007887020634611639
197.5 0.0073562512166634245
198.5 0.006574544967880088
199.5 0.006166962721432742
200.5 0.0055434227175394195
201.5 0.005146486276036598
202.5 0.004571612809032507
203.5 0.004142738952696125
204.5 0.0037093026085263767
205.5 0.0034507616313023152
206.5 0.0027755134319641817
207.5 0.002681222016741289
208.5 0.0023572853805723173
209.5 0.0020820152812925834
210.5 0.0018645366945688141
211.5 0.0015375583998442665
212.5 0.001391558789176562
213.5 0.0011938509830640444
214.5 0.0011147678606190379
215.5 0.0009626849328401786
216.5 0.0008258102978392054
217.5 0.0007117481020050609
218.5 0.0006478732723379407
219.5 0.0005459777107261047
220.5 0.00043799883200311467
221.5 0.00039693644150282266
222.5 0.0003269782947245474
223.5 0.0002828742456686782
224.5 0.0002266035623905003
225.5 0.00022812439166828877
226.5 0.0002037911232236714
227.5 0.0001703328791123224
228.5 0.0001444787813899163
229.5 9.885390305625855e-05
230.5 9.885390305625853e-05
231.5 7.299980533385247e-05
232.5 7.604146388942966e-05
233.5 4.562487833365778e-05
234.5 6.083317111154371e-05
235.5 4.562487833365779e-05
236.5 3.041658555577185e-05
237.5 5.931234183375512e-05
238.5 4.25832197780806e-05
239.5 3.95415612225034e-05
240.5 2.8895756277983255e-05
241.5 2.585409772240607e-05
242.5 2.7374927000194663e-05
243.5 3.0416585555771847e-05
244.5 2.433326844461748e-05
245.5 1.6729122055674516e-05
246.5 3.649990266692622e-05
247.5 1.672912205567452e-05
248.5 2.2812439166828887e-05
249.5 2.433326844461748e-05
250.5 3.041658555577185e-05
251.5 2.5854097722406075e-05
252.5 1.5208292777885927e-05
253.5 1.2166634222308741e-05
254.5 1.824995133346311e-05
255.5 1.5208292777885927e-05
256.5 1.0645804944520148e-05
257.5 1.5208292777885927e-05
258.5 3.802073194471482e-05
259.5 1.672912205567452e-05
260.5 2.1291609889040295e-05
261.5 1.824995133346311e-05
262.5 1.9770780611251703e-05
263.5 2.2812439166828884e-05
264.5 1.9770780611251703e-05
265.5 1.672912205567452e-05
266.5 1.824995133346311e-05
267.5 1.5208292777885924e-05
268.5 1.5208292777885927e-05
269.5 1.2166634222308741e-05
270.5 2.7374927000194667e-05
271.5 1.3687463500097333e-05
272.5 1.672912205567452e-05
273.5 1.3687463500097332e-05
274.5 1.3687463500097332e-05
275.5 1.9770780611251703e-05
276.5 1.672912205567452e-05
277.5 1.0645804944520148e-05
278.5 3.041658555577185e-05
279.5 2.433326844461748e-05
280.5 3.041658555577185e-05
281.5 2.7374927000194667e-05
282.5 3.802073194471482e-05
283.5 4.5624878333657775e-05
284.5 5.931234183375511e-05
285.5 6.539565894490948e-05
286.5 7.452063461164104e-05
287.5 8.212478100058399e-05
288.5 8.820809811173837e-05
289.5 0.00010797887872299007
290.5 0.00011710385438972163
291.5 0.000123187171500876
292.5 0.00012927048861203038
293.5 0.00017185370839011097
294.5 0.00017793702550126533
295.5 0.00020074946466809422
296.5 0.0002007494646680942
297.5 0.0002037911232236714
298.5 0.00023116605022386604
299.5 0.00023877019661280903
300.5 0.000238770196612809
301.5 0.0002600618065018493
302.5 0.0002752700992797353
303.5 0.0002494160015573292
304.5 0.0003056866848355071
305.5 0.0002737492700019467
306.5 0.000295040879890987
307.5 0.00025549931866848354
308.5 0.00027374927000194663
309.5 0.00025093683083511777
310.5 0.00019314531827915125
311.5 0.00021139526961261437
312.5 0.0002068327817792486
313.5 0.00018858283044578548
314.5 0.00020835361105703718
315.5 0.00016729122055674517
316.5 0.00015056209850107066
317.5 0.0001383954642787619
318.5 0.00011102053727856726
319.5 0.0001216663422230874
320.5 0.00011254136655635584
321.5 0.000123187171500876
322.5 8.060395172279541e-05
323.5 7.908312244500683e-05
324.5 9.277058594510416e-05
325.5 6.691648822269808e-05
326.5 7.299980533385244e-05
327.5 6.843731750048666e-05
328.5 5.018736616702355e-05
329.5 4.258321977808059e-05
330.5 3.4979073389137634e-05
331.5 3.345824411134903e-05
332.5 4.714570761144637e-05
333.5 4.258321977808059e-05
334.5 4.258321977808059e-05
335.5 3.649990266692622e-05
336.5 4.258321977808059e-05
337.5 3.497907338913763e-05
338.5 5.170819544481215e-05
339.5 3.9541561222503406e-05
340.5 4.714570761144637e-05
341.5 6.235400038933229e-05
342.5 5.3229024722600745e-05
343.5 6.083317111154371e-05
344.5 7.299980533385244e-05
345.5 8.2124781000584e-05
346.5 7.604146388942964e-05
347.5 7.299980533385244e-05
348.5 0.00010645804944520149
349.5 7.756229316721823e-05
350.5 0.0001459996106677049
351.5 0.00011862468366751023
352.5 9.581224450068134e-05
353.5 0.0001399162935565505
354.5 0.00013535380572318473
355.5 0.00012927048861203035
356.5 0.00015056209850107066
357.5 0.00013687463500097334
358.5 0.00015664541561222504
359.5 0.00014904126922328205
