0.5 0.0
1.5 0.0
2.5 0.0
3.5 0.0
4.5 0.0
5.5 0.0
6.5 0.0
7.5 0.0
8.5 0.0
9.5 0.0
10.5 0.0
11.5 0.0
12.5 0.0
13.5 0.0
14.5 0.0
15.5 0.0
16.5 0.0
17.5 0.0
18.5 0.0
19.5 0.0
20.5 0.0
21.5 0.0
22.5 0.0
23.5 0.0
24.5 0.0
25.5 0.0
26.5 0.0
27.5 0.0
28.5 0.0
29.5 0.0
30.5 0.0
31.5 0.0
32.5 0.0
33.5 0.0
34.5 0.0
35.5 0.0
36.5 0.0
37.5 0.0
38.5 0.0
39.5 0.0
40.5 0.0
41.5 0.0
42.5 0.0
43.5 0.0
44.5 0.0
45.5 0.0
46.5 0.0
47.5 0.0
48.5 0.0
49.5 0.0
50.5 0.0
51.5 0.0
52.5 0.0
53.5 0.0
54.5 0.0
55.5 0.0
56.5 0.0
57.5 0.0
58.5 0.0
59.5 0.0
60.5 0.0
61.5 0.0
62.5 0.0
63.5 0.0
64.5 0.0
65.5 0.0
66.5 0.0
67.5 0.0
68.5 0.0
69.5 0.0
70.5 0.0
71.5 0.0
72.5 0.0
73.5 0.0
74.5 0.0
75.5 0.0
76.5 0.0
77.5 0.0
78.5 0.0
79.5 0.0
80.5 0.0
81.5 0.0
82.5 0.0
83.5 0.0
84.5 0.0
85.5 0.0
86.5 0.0
87.5 0.0
88.5 0.0
89.5 0.0
90.5 0.0
91.5 0.0
92.5 0.0
93.5 0.0
94.5 0.0
95.5 0.0
96.5 0.0
97.5 0.0
98.5 0.0
99.5 0.0
100.5 0.0
101.5 0.0
102.5 0.0
103.5 0.0
104.5 0.0
105.5 0.0
106.5 1.5208292777885927e-06
107.5 0.0
108.5 1.5208292777885927e-06
109.5 3.0416585555771853e-06
110.5 1.5208292777885927e-06
111.5 3.0416585555771853e-06
112.5 7.6041463889429636e-06
113.5 9.124975666731556e-06
114.5 1.5208292777885924e-05
115.5 1.8249951333463108e-05
116.5 1.6729122055674516e-05
117.5 2.7374927000194663e-05
118.5 1.3687463500097332e-05
119.5 3.649990266692623e-05
120.5 3.345824411134904e-05
121.5 2.8895756277983252e-05
122.5 5.1708195444812156e-05
123.5 8.212478100058407e-05
124.5 5.018736616702358e-05
125.5 5.931234183375515e-05
126.5 8.972892738952705e-05
127.5 9.277058594510421e-05
128.5 9.58122445006814e-05
129.5 0.00011254136655635597
130.5 0.00013383297644539615
131.5 0.00014295795211212778
132.5 0.00017793702550126533
133.5 0.0002372493673350203
134.5 0.00026462429433521503
135.5 0.0003437074167802217
136.5 0.00047754039322561785
137.5 0.0006661232236714034
138.5 0.0008501435662838222
139.5 0.0011467052754525987
140.5 0.0014432669846213741
141.5 0.0019116824021802596
142.5 0.0025397848939069474
143.5 0.0033808034845240384
144.5 0.004322196807475178
145.5 0.005456735448705467
146.5 0.006881752481993379
147.5 0.00862158117578353
148.5 0.010981908214911426
149.5 0.013352881058983843
150.5 0.015494208682110181
151.5 0.01865601275063267
152.5 0.02112127700992798
153.5 0.0242633102978392
154.5 0.02700384465641425
155.5 0.029498004671987533
156.5 0.031900914930893524
157.5 0.03352516059957174
158.5 0.03445742894685614
159.5 0.03550223866069689
160.5 0.03536080153786256
161.5 0.03540338475764065
162.5 0.033976846895074936
163.5 0.03220964327428461
164.5 0.030559543507883983
165.5 0.028538361397702938
166.5 0.02631795065213161
167.5 0.02432566429822855
168.5 0.02166877554993186
169.5 0.019776863928362858
170.5 0.01791384806307183
171.5 0.015628041658555573
172.5 0.013730046719875407
173.5 0.011883759976640061
174.5 0.010417680552851858
175.5 0.00945347479073389
176.5 0.008423873369671014
177.5 0.007852041561222505
178.5 0.007312147167607558
179.5 0.007096189410161571
180.5 0.006956273116605021
181.5 0.00700950214132762
182.5 0.007505292485886702
183.5 0.007709083609110377
184.5 0.008486227370060346
185.5 0.008913580397118944
186.5 0.00971201576795795
187.5 0.010475472065407825
188.5 0.011321053143858286
189.5 0.011644989780027254
190.5 0.012309592174420871
191.5 0.01265634124975667
192.5 0.012919444714814095
193.5 0.012954423788203231
194.5 0.012726299396534952
195.5 0.012587903932256183
196.5 0.012140780124586336
197.5 0.011661718902082924
198.5 0.010606263383297645
199.5 0.01011351469729414
200.5 0.008942476153396921
201.5 0.007943291317889819
202.5 0.00704296038543897
203.5 0.006130462818765815
204.5 0.005225569398481605
205.5 0.004305467685419503
206.5 0.0035937195834144435
207.5 0.002848513237298032
208.5 0.0022888480630718308
209.5 0.0017808910842904409
210.5 0.0014767252287327234
211.5 0.0011162886898968263
212.5 0.0007649771267276619
213.5 0.0006113733696710142
214.5 0.00044560297839205755
215.5 0.000380207319447148
216.5 0.0002418118551683861
217.5 0.0001840203426124197
218.5 0.00012014551294529885
219.5 9.277058594510421e-05
220.5 9.12497566673156e-05
221.5 4.714570761144637e-05
222.5 4.866653688923497e-05
223.5 4.562487833365779e-05
224.5 2.433326844461748e-05
225.5 2.5854097722406068e-05
226.5 3.1937414833560436e-05
227.5 1.216663422230874e-05
228.5 2.7374927000194663e-05
229.5 1.672912205567452e-05
230.5 1.8249951333463108e-05
231.5 1.8249951333463108e-05
232.5 1.824995133346311e-05
233.5 1.5208292777885924e-05
234.5 1.97707806112517e-05
235.5 2.2812439166828887e-05
236.5 2.433326844461748e-05
237.5 9.124975666731556e-06
238.5 7.6041463889429636e-06
239.5 1.0645804944520148e-05
240.5 4.562487833365778e-06
241.5 7.6041463889429636e-06
242.5 3.0416585555771853e-06
243.5 1.064580494452015e-05
244.5 7.6041463889429636e-06
245.5 6.083317111154371e-06
246.5 4.562487833365778e-06
247.5 6.083317111154371e-06
248.5 7.6041463889429636e-06
249.5 0.0
250.5 3.0416585555771853e-06
251.5 0.0
252.5 0.0
253.5 0.0
254.5 0.0
255.5 0.0
256.5 0.0
257.5 1.5208292777885927e-06
258.5 0.0
259.5 0.0
260.5 0.0
261.5 0.0
262.5 0.0
263.5 0.0
264.5 0.0
265.5 0.0
266.5 0.0
267.5 0.0
268.5 0.0
269.5 0.0
270.5 0.0
271.5 0.0
272.5 0.0
273.5 0.0
274.5 0.0
275.5 0.0
276.5 0.0
277.5 0.0
278.5 0.0
279.5 0.0
280.5 0.0
281.5 0.0
282.5 0.0
283.5 0.0
284.5 0.0
285.5 0.0
286.5 0.0
287.5 0.0
288.5 0.0
289.5 0.0
290.5 0.0
291.5 0.0
292.5 0.0
293.5 0.0
294.5 0.0
295.5 0.0
296.5 0.0
297.5 0.0
298.5 0.0
299.5 0.0
300.5 0.0
301.5 0.0
302.5 0.0
303.5 0.0
304.5 0.0
305.5 0.0
306.5 0.0
307.5 0.0
308.5 0.0
309.5 0.0
310.5 0.0
311.5 0.0
312.5 0.0
313.5 0.0
314.5 0.0
315.5 0.0
316.5 0.0
317.5 0.0
318.5 0.0
319.5 0.0
320.5 0.0
321.5 0.0
322.5 0.0
323.5 0.0
324.5 0.0
325.5 0.0
326.5 0.0
327.5 0.0
328.5 0.0
329.5 0.0
330.5 0.0
331.5 0.0
332.5 0.0
333.5 0.0
334.5 0.0
335.5 0.0
336.5 0.0
337.5 0.0
338.5 0.0
339.5 0.0
340.5 0.0
341.5 0.0
342.5 0.0
343.5 0.0
344.5 0.0
345.5 0.0
346.5 0.0
347.5 0.0
348.5 0.0
349.5 0.0
350.5 0.0
351.5 0.0
352.5 0.0
353.5 0.0
354.5 0.0
355.5 0.0
356.5 0.0
357.5 0.0
358.5 0.0
359.5 0.0
