0.5 1.5208292777885927e-06
1.5 0.0
2.5 0.0
3.5 0.0
4.5 0.0
5.5 0.0
6.5 0.0
7.5 0.0
8.5 0.0
9.5 1.5208292777885927e-06
10.5 0.0
11.5 0.0
12.5 0.0
13.5 0.0
14.5 0.0
15.5 0.0
16.5 0.0
17.5 0.0
18.5 0.0
19.5 0.0
20.5 0.0
21.5 1.5208292777885927e-06
22.5 0.0
23.5 1.5208292777885927e-06
24.5 0.0
25.5 0.0
26.5 3.0416585555771853e-06
27.5 0.0
28.5 0.0
29.5 1.5208292777885927e-06
30.5 1.5208292777885927e-06
31.5 0.0
32.5 0.0
33.5 0.0
34.5 1.5208292777885927e-06
35.5 1.5208292777885927e-06
36.5 4.562487833365778e-06
37.5 1.5208292777885927e-06
38.5 1.5208292777885927e-06
39.5 0.0
40.5 3.0416585555771853e-06
41.5 0.0
42.5 1.5208292777885927e-06
43.5 4.562487833365778e-06
44.5 6.083317111154371e-06
45.5 0.0
46.5 0.0
47.5 4.562487833365778e-06
48.5 0.0
49.5 6.083317111154371e-06
50.5 0.0
51.5 4.562487833365778e-06
52.5 0.0
53.5 0.0
54.5 0.0
55.5 1.5208292777885927e-06
56.5 0.0
57.5 1.5208292777885927e-06
58.5 0.0
59.5 3.0416585555771853e-06
60.5 1.5208292777885927e-06
61.5 1.5208292777885927e-06
62.5 0.0
63.5 0.0
64.5 0.0
65.5 0.0
66.5 1.5208292777885927e-06
67.5 1.5208292777885927e-06
68.5 0.0
69.5 0.0
70.5 4.562487833365778e-06
71.5 0.0
72.5 1.5208292777885927e-06
73.5 3.0416585555771853e-06
74.5 6.083317111154371e-06
75.5 1.5208292777885927e-06
76.5 3.0416585555771853e-06
77.5 9.124975666731556e-06
78.5 1.0645804944520148e-05
79.5 2.5854097722406075e-05
80.5 2.1291609889040295e-05
81.5 1.9770780611251703e-05
82.5 3.497907338913763e-05
83.5 3.802073194471481e-05
84.5 4.714570761144637e-05
85.5 5.627068327817792e-05
86.5 6.843731750048667e-05
87.5 7.908312244500681e-05
88.5 8.060395172279541e-05
89.5 0.0001018955616118357
90.5 0.00010949970800077867
91.5 0.00011406219583414444
92.5 0.00010645804944520148
93.5 0.0001262288300564532
94.5 0.00010797887872299007
95.5 0.00015208292777885924
96.5 0.00012774965933424177
97.5 0.0001459996106677049
98.5 0.00013079131788981896
99.5 0.00015056209850107066
100.5 0.00013535380572318473
101.5 0.00012774965933424177
102.5 0.00010797887872299007
103.5 9.429141522289274e-05
104.5 9.277058594510414e-05
105.5 9.581224450068134e-05
106.5 9.277058594510414e-05
107.5 6.995814677827525e-05
108.5 6.995814677827525e-05
109.5 7.299980533385244e-05
110.5 3.9541561222503406e-05
111.5 5.0187366167023554e-05
112.5 3.649990266692622e-05
113.5 3.497907338913763e-05
114.5 2.4333268444617483e-05
115.5 3.193741483356044e-05
116.5 1.0645804944520148e-05
117.5 2.5854097722406075e-05
118.5 2.1291609889040295e-05
119.5 1.0645804944520148e-05
120.5 7.604146388942963e-06
121.5 1.2166634222308741e-05
122.5 6.083317111154371e-06
123.5 3.0416585555771853e-06
124.5 1.5208292777885927e-06
125.5 3.0416585555771853e-06
126.5 3.0416585555771853e-06
127.5 4.562487833365778e-06
128.5 0.0
129.5 3.0416585555771853e-06
130.5 3.0416585555771853e-06
131.5 1.5208292777885927e-06
132.5 3.0416585555771853e-06
133.5 0.0
134.5 1.5208292777885927e-06
135.5 1.5208292777885927e-06
136.5 1.5208292777885927e-06
137.5 1.5208292777885927e-06
138.5 0.0
139.5 3.0416585555771853e-06
140.5 0.0
141.5 0.0
142.5 0.0
143.5 0.0
144.5 0.0
145.5 0.0
146.5 0.0
147.5 0.0
148.5 0.0
149.5 0.0
150.5 0.0
151.5 0.0
152.5 0.0
153.5 0.0
154.5 0.0
155.5 0.0
156.5 0.0
157.5 0.0
158.5 0.0
159.5 0.0
160.5 0.0
161.5 0.0
162.5 0.0
163.5 0.0
164.5 0.0
165.5 1.5208292777885927e-06
166.5 3.0416585555771853e-06
167.5 3.0416585555771853e-06
168.5 3.0416585555771853e-06
169.5 3.0416585555771853e-06
170.5 3.0416585555771853e-06
171.5 7.6041463889429636e-06
172.5 4.562487833365778e-06
173.5 1.5208292777885927e-06
174.5 4.562487833365778e-06
175.5 6.083317111154371e-06
176.5 7.6041463889429636e-06
177.5 1.5208292777885925e-05
178.5 1.824995133346311e-05
179.5 1.672912205567452e-05
180.5 1.6729122055674516e-05
181.5 1.6729122055674516e-05
182.5 2.585409772240607e-05
183.5 1.9770780611251703e-05
184.5 2.1291609889040295e-05
185.5 2.8895756277983252e-05
186.5 2.8895756277983255e-05
187.5 2.433326844461748e-05
188.5 1.9770780611251703e-05
189.5 2.585409772240607e-05
190.5 3.4979073389137634e-05
191.5 3.345824411134903e-05
192.5 3.193741483356044e-05
193.5 3.193741483356044e-05
194.5 1.216663422230874e-05
195.5 3.1937414833560436e-05
196.5 2.585409772240607e-05
197.5 3.345824411134904e-05
198.5 1.97707806112517e-05
199.5 1.8249951333463108e-05
200.5 2.1291609889040295e-05
201.5 1.8249951333463108e-05
202.5 2.5854097722406068e-05
203.5 2.8895756277983252e-05
204.5 2.1291609889040292e-05
205.5 2.2812439166828887e-05
206.5 3.497907338913763e-05
207.5 3.1937414833560436e-05
208.5 2.7374927000194663e-05
209.5 2.5854097722406068e-05
210.5 3.345824411134904e-05
211.5 3.345824411134904e-05
212.5 3.4979073389137634e-05
213.5 4.41040490558692e-05
214.5 5.170819544481217e-05
215.5 6.387482966712093e-05
216.5 7.756229316721823e-05
217.5 6.387482966712093e-05
218.5 6.387482966712094e-05
219.5 0.00012622883005645327
220.5 0.00011254136655635594
221.5 0.00014295795211212775
222.5 0.00015208292777885927
223.5 0.00019314531827915128
224.5 0.00021139526961261434
225.5 0.0002448535137239632
226.5 0.00030112419700214127
227.5 0.00036043653883589653
228.5 0.0004197488806696515
229.5 0.00045320712478100065
230.5 0.0005353319057815841
231.5 0.0006083317111154371
232.5 0.000774102102394393
233.5 0.0009109767373953665
234.5 0.001137580299785867
235.5 0.001320079813120497
236.5 0.0016014332295113869
237.5 0.0018067451820128466
238.5 0.0021443692816819145
239.5 0.0025017641619622345
240.5 0.0029640962624099664
241.5 0.0035359280708584765
242.5 0.004209655440918823
243.5 0.004973111738368697
244.5 0.005777630426318862
245.5 0.0067281487249367345
246.5 0.008154686587502433
247.5 0.00920710044773214
248.5 0.010352284893906947
249.5 0.012184884173642201
250.5 0.013641838621763679
251.5 0.015047084874440344
252.5 0.016876642495620015
253.5 0.01834120109013043
254.5 0.020220946077477122
255.5 0.021758504477321385
256.5 0.022807876678995517
257.5 0.024695225812731172
258.5 0.025659431574849133
259.5 0.026801574362468352
260.5 0.02837867432353514
261.5 0.02882427730192719
262.5 0.029899503601323735
263.5 0.03051239780027254
264.5 0.031190687658166245
265.5 0.031186125170332868
266.5 0.031067500486665362
267.5 0.030808959509441295
268.5 0.030626459996106678
269.5 0.03003029491921354
270.5 0.02927292193887482
271.5 0.028748235838037768
272.5 0.027134635974304072
273.5 0.026133930309519167
274.5 0.025181891181623495
275.5 0.02391960288105899
276.5 0.02268925199532802
277.5 0.021347880572318473
278.5 0.02018292534553241
279.5 0.018624075335799104
280.5 0.017431745182012848
281.5 0.01595045746544675
282.5 0.014659273408604245
283.5 0.013260110473038735
284.5 0.012121009343975078
285.5 0.010987991532022585
286.5 0.009774369768347278
287.5 0.008877080494452013
288.5 0.0076360838037765255
289.5 0.006843731750048666
290.5 0.005917546719875415
291.5 0.005192111154370253
292.5 0.004643091785088576
293.5 0.004034760073973135
294.5 0.0035252822659139556
295.5 0.003047741872688338
296.5 0.0026766595289079214
297.5 0.00219303581857115
298.5 0.0020318279151255608
299.5 0.0016166415222892742
300.5 0.0014189337161767568
301.5 0.0012029759587307764
302.5 0.000968768249951333
303.5 0.0008562268833949775
304.5 0.0006965398092271753
305.5 0.0005109986373369671
306.5 0.00034979073389137627
307.5 0.00027374927000194663
308.5 0.00024637434300175194
309.5 0.00020987444033482576
310.5 0.00014752043994549344
311.5 0.00010645804944520152
312.5 7.147897605606386e-05
313.5 5.779151255596652e-05
314.5 3.954156122250342e-05
315.5 2.2812439166828884e-05
316.5 1.824995133346311e-05
317.5 1.5208292777885925e-05
318.5 1.5208292777885925e-05
319.5 7.6041463889429636e-06
320.5 1.5208292777885927e-06
321.5 1.5208292777885927e-06
322.5 1.5208292777885927e-06
323.5 0.0
324.5 0.0
325.5 0.0
326.5 0.0
327.5 0.0
328.5 0.0
329.5 0.0
330.5 0.0
331.5 0.0
332.5 0.0
333.5 0.0
334.5 0.0
335.5 0.0
336.5 0.0
337.5 0.0
338.5 0.0
339.5 0.0
340.5 0.0
341.5 0.0
342.5 0.0
343.5 0.0
344.5 0.0
345.5 0.0
346.5 0.0
347.5 0.0
348.5 0.0
349.5 0.0
350.5 0.0
351.5 0.0
352.5 0.0
353.5 0.0
354.5 0.0
355.5 0.0
356.5 0.0
357.5 0.0
358.5 0.0
359.5 0.0
