0.5 0.0
1.5 0.0
2.5 0.0
3.5 0.0
4.5 0.0
5.5 0.0
6.5 0.0
7.5 0.0
8.5 0.0
9.5 0.0
10.5 0.0
11.5 0.0
12.5 0.0
13.5 0.0
14.5 0.0
15.5 0.0
16.5 0.0
17.5 0.0
18.5 0.0
19.5 0.0
20.5 0.0
21.5 0.0
22.5 0.0
23.5 0.0
24.5 0.0
25.5 0.0
26.5 0.0
27.5 0.0
28.5 0.0
29.5 0.0
30.5 1.5208292777885927e-06
31.5 0.0
32.5 0.0
33.5 0.0
34.5 0.0
35.5 6.083317111154371e-06
36.5 1.5208292777885927e-06
37.5 6.083317111154371e-06
38.5 6.083317111154371e-06
39.5 6.083317111154371e-06
40.5 1.3687463500097333e-05
41.5 2.2812439166828884e-05
42.5 2.8895756277983252e-05
43.5 3.954156122250342e-05
44.5 3.9541561222503406e-05
45.5 5.170819544481216e-05
46.5 4.714570761144637e-05
47.5 6.23540003893323e-05
48.5 0.00010493722016741291
49.5 0.00012166634222308747
50.5 0.00014752043994549347
51.5 0.0001916244890013627
52.5 0.00020379112322367138
53.5 0.00025397848939069493
54.5 0.00029199922133540967
55.5 0.0003528323924469533
56.5 0.000395415612225034
57.5 0.0004501654662254234
58.5 0.0005931234183375512
59.5 0.0006889356628382324
60.5 0.0008927267860619035
61.5 0.0010858721043410548
62.5 0.0011908093245084678
63.5 0.0014174128868989682
64.5 0.0017793702550126535
65.5 0.0021154735254039327
66.5 0.002504805820517812
67.5 0.003070554311855167
68.5 0.003692573486470702
69.5 0.004343488417364219
70.5 0.005294006715982091
71.5 0.006209545941210823
72.5 0.007354730387385634
73.5 0.008948559470508077
74.5 0.010118077185127507
75.5 0.011936989001362662
76.5 0.013863879696320807
77.5 0.01565693741483356
78.5 0.018265159626241003
79.5 0.020003467490753355
80.5 0.022164565894490954
81.5 0.02359870790344559
82.5 0.025159078742456684
83.5 0.0261704302121861
84.5 0.026425929530854583
85.5 0.02620540928557524
86.5 0.025467807085847775
87.5 0.023980436052170526
88.5 0.02257975228732723
89.5 0.02044298715203427
90.5 0.018278847089741087
91.5 0.015483562877165666
92.5 0.013027423593537082
93.5 0.01096974158068912
94.5 0.008782789079229122
95.5 0.006808752676659529
96.5 0.005292485886704301
97.5 0.004226384562974498
98.5 0.003157241580689119
99.5 0.002253868989682694
100.5 0.0015953499124002333
101.5 0.001126934494841347
102.5 0.0007695396145610277
103.5 0.0005459777107261045
104.5 0.0004288738563363829
105.5 0.00030568668483550715
106.5 0.00016577039127895656
107.5 0.00013231214716760757
108.5 0.00011558302511193309
109.5 5.3229024722600765e-05
110.5 5.7791512555966524e-05
111.5 3.8020731944714825e-05
112.5 3.8020731944714825e-05
113.5 2.5854097722406068e-05
114.5 2.2812439166828887e-05
115.5 1.0645804944520148e-05
116.5 1.5208292777885925e-05
117.5 9.124975666731556e-06
118.5 1.8249951333463108e-05
119.5 1.9770780611251703e-05
120.5 6.083317111154371e-06
121.5 1.5208292777885927e-05
122.5 4.562487833365778e-06
123.5 4.562487833365778e-06
124.5 4.562487833365778e-06
125.5 7.6041463889429636e-06
126.5 1.5208292777885927e-06
127.5 3.0416585555771853e-06
128.5 4.562487833365778e-06
129.5 6.083317111154371e-06
130.5 3.0416585555771853e-06
131.5 1.5208292777885927e-06
132.5 1.5208292777885927e-06
133.5 3.0416585555771853e-06
134.5 4.562487833365778e-06
135.5 1.5208292777885927e-06
136.5 3.0416585555771853e-06
137.5 0.0
138.5 1.5208292777885927e-06
139.5 0.0
140.5 0.0
141.5 0.0
142.5 1.5208292777885927e-06
143.5 0.0
144.5 0.0
145.5 1.5208292777885927e-06
146.5 0.0
147.5 3.0416585555771853e-06
148.5 0.0
149.5 1.5208292777885927e-06
150.5 0.0
151.5 1.5208292777885927e-06
152.5 0.0
153.5 0.0
154.5 0.0
155.5 3.0416585555771853e-06
156.5 1.5208292777885927e-06
157.5 1.5208292777885927e-06
158.5 1.5208292777885927e-06
159.5 1.5208292777885927e-06
160.5 0.0
161.5 0.0
162.5 0.0
163.5 0.0
164.5 0.0
165.5 1.5208292777885927e-06
166.5 0.0
167.5 0.0
168.5 0.0
169.5 0.0
170.5 0.0
171.5 0.0
172.5 0.0
173.5 0.0
174.5 0.0
175.5 0.0
176.5 0.0
177.5 0.0
178.5 0.0
179.5 0.0
180.5 0.0
181.5 0.0
182.5 1.5208292777885927e-06
183.5 0.0
184.5 0.0
185.5 0.0
186.5 0.0
187.5 0.0
188.5 0.0
189.5 0.0
190.5 0.0
191.5 0.0
192.5 0.0
193.5 0.0
194.5 0.0
195.5 1.5208292777885927e-06
196.5 0.0
197.5 0.0
198.5 1.5208292777885927e-06
199.5 1.5208292777885927e-06
200.5 0.0
201.5 0.0
202.5 1.5208292777885927e-06
203.5 0.0
204.5 0.0
205.5 3.0416585555771853e-06
206.5 0.0
207.5 0.0
208.5 0.0
209.5 3.0416585555771853e-06
210.5 0.0
211.5 0.0
212.5 0.0
213.5 1.5208292777885927e-06
214.5 3.0416585555771853e-06
215.5 1.5208292777885927e-06
216.5 3.0416585555771853e-06
217.5 7.604146388942963e-06
218.5 1.5208292777885927e-06
219.5 3.0416585555771853e-06
220.5 6.083317111154371e-06
221.5 4.562487833365778e-06
222.5 4.562487833365778e-06
223.5 1.5208292777885927e-06
224.5 0.0
225.5 4.562487833365778e-06
226.5 1.5208292777885927e-06
227.5 6.083317111154371e-06
228.5 6.083317111154371e-06
229.5 1.216663422230874e-05
230.5 7.604146388942963e-06
231.5 6.083317111154371e-06
232.5 1.0645804944520148e-05
233.5 1.0645804944520148e-05
234.5 9.124975666731556e-06
235.5 9.124975666731556e-06
236.5 1.0645804944520148e-05
237.5 6.083317111154371e-06
238.5 1.216663422230874e-05
239.5 7.6041463889429636e-06
240.5 1.3687463500097332e-05
241.5 1.3687463500097333e-05
242.5 1.3687463500097332e-05
243.5 9.124975666731556e-06
244.5 1.5208292777885925e-05
245.5 1.6729122055674516e-05
246.5 2.585409772240607e-05
247.5 4.106239050029201e-05
248.5 3.0416585555771847e-05
249.5 5.018736616702357e-05
250.5 7.147897605606386e-05
251.5 8.516643955616122e-05
252.5 0.00013231214716760757
253.5 0.00013839546427876198
254.5 0.00022052024527934592
255.5 0.000343707416780222
256.5 0.000472977905392252
257.5 0.0007467271753941987
258.5 0.0010752262993965354
259.5 0.0015421208876776331
260.5 0.002043994549347868
261.5 0.002875888164298227
262.5 0.003808156511582635
263.5 0.005067403153591591
264.5 0.006655148919602884
265.5 0.008609414541561222
266.5 0.010829825287132574
267.5 0.013149089935760168
268.5 0.015851603562390494
269.5 0.018470471578742452
270.5 0.02103002725326066
271.5 0.023244354681720845
272.5 0.025321807475180078
273.5 0.026898907436246844
274.5 0.027784030075919796
275.5 0.02824636217636754
276.5 0.028127737492700013
277.5 0.02723501070663811
278.5 0.025951430796184543
279.5 0.024541622055674523
280.5 0.022678606190383494
281.5 0.02019357115047694
282.5 0.01794274381934982
283.5 0.016134477808059183
284.5 0.013740692524819938
285.5 0.01224115485692038
286.5 0.010294493381350982
287.5 0.008832976445396146
288.5 0.007537229900720266
289.5 0.0060954837453766775
290.5 0.005243819349815069
291.5 0.004413446564142495
292.5 0.003657594413081564
293.5 0.0031846165076893124
294.5 0.0027770342612419693
295.5 0.0022645147946272143
296.5 0.0018782241580689114
297.5 0.0015755791317889815
298.5 0.0013048715203426119
299.5 0.001167996885341639
300.5 0.0009596432742846018
301.5 0.0007984353708390107
302.5 0.0006995814677827523
303.5 0.0005916025890597627
304.5 0.00048514453961456106
305.5 0.00041974888066965163
306.5 0.00035587405100253054
307.5 0.0003239366361689702
308.5 0.00027374927000194663
309.5 0.0002296452209460774
310.5 0.00019314531827915123
311.5 0.00013079131788981904
312.5 0.00010645804944520154
313.5 9.733307377846997e-05
314.5 7.299980533385246e-05
315.5 5.474985400038936e-05
316.5 4.410404905586919e-05
317.5 2.737492700019466e-05
318.5 1.0645804944520148e-05
319.5 1.3687463500097332e-05
320.5 1.3687463500097332e-05
321.5 1.216663422230874e-05
322.5 3.0416585555771853e-06
323.5 3.0416585555771853e-06
324.5 4.562487833365778e-06
325.5 1.5208292777885927e-06
326.5 0.0
327.5 0.0
328.5 0.0
329.5 0.0
330.5 0.0
331.5 0.0
332.5 0.0
333.5 0.0
334.5 0.0
335.5 0.0
336.5 0.0
337.5 0.0
338.5 0.0
339.5 0.0
340.5 0.0
341.5 0.0
342.5 0.0
343.5 0.0
344.5 0.0
345.5 0.0
346.5 0.0
347.5 0.0
348.5 0.0
349.5 0.0
350.5 0.0
351.5 0.0
352.5 0.0
353.5 0.0
354.5 0.0
355.5 0.0
356.5 0.0
357.5 0.0
358.5 0.0
359.5 0.0
