gamma 0.024490987205179525 -1.0 1.5584319423361056e-11 3.6710620410325136e-09
beta1 -0.0938659552870717 -1.0 9.116030507514392e-10 2.449703824740851e-07
beta2 -0.18666058298921206 -1.0 8.82733375264545e-10 2.389621213521771e-07
alpha1 -0.04539197468252305 -1.0 1.0137819108338192e-09 2.7726392981350664e-07
alpha2 0.11174517266952431 -1.0 9.99123497202108e-10 2.726936702016624e-07
g1_1 -0.2217410350285329 -1.0 9.850057743418601e-10 2.509733918929757e-07
g1_2 0.06840290461602204 -1.0 1.0737587227859566e-09 2.787211778780997e-07
g2 -0.24673050711804712 -1.0 1.036045847468447e-09 2.694697146152015e-07
g3_1 -0.09496062560483948 -1.0 9.885272080846191e-10 2.590128253412841e-07
g3_2 -0.13931476868758258 -1.0 9.468187239714955e-10 2.4967242681548346e-07
