0 0.0
1 0.0
2 0.0
3 0.0
4 1.4998080245728546e-06
5 1.4998080245728546e-06
6 1.4998080245728546e-06
7 1.4998080245728546e-06
8 1.4998080245728546e-06
9 2.9996160491457093e-06
10 0.0
11 0.0
12 2.9996160491457093e-06
13 5.9992320982914186e-06
14 2.9996160491457093e-06
15 0.0
16 0.0
17 2.9996160491457093e-06
18 5.9992320982914186e-06
19 5.9992320982914186e-06
20 1.0498656172009984e-05
21 1.1998464196582839e-05
22 5.9992320982914186e-06
23 1.1998464196582839e-05
24 1.3498272221155692e-05
25 1.0498656172009984e-05
26 3.5995392589748515e-05
27 4.049481666346707e-05
28 3.1495968516029945e-05
29 4.049481666346707e-05
30 4.64940487617585e-05
31 6.149212900748707e-05
32 9.898732962180838e-05
33 0.0001019869456709541
34 0.00013198310616241118
35 0.0001514806104818583
36 0.000206973507391054
37 0.0002444687080053753
38 0.000268465636398541
39 0.00033895661355346515
40 0.00041544682280668057
41 0.0004709397197158763
42 0.0005909243616817049
43 0.000649416874640046
44 0.0008083965252447686
45 0.0009223819351123055
46 0.0010543650412747172
47 0.001225343156076023
48 0.0013303297177961223
49 0.0015388030332117494
50 0.0018297657899788843
51 0.0019302529276252645
52 0.002170222211556922
53 0.002359198022653102
54 0.0025556728738721445
55 0.0028571342868112903
56 0.0031420978114801313
57 0.003305576886158574
58 0.003338572662699176
59 0.003742021021309273
60 0.003781016029948169
61 0.004055480898444999
62 0.004131971107698214
63 0.0044409315607602225
64 0.004364441351507009
65 0.004472427529276254
66 0.004464928489153389
67 0.004472427529276253
68 0.004502423689767709
69 0.004527920426185449
70 0.004461928873104241
71 0.004322446726818964
72 0.004127471683624497
73 0.004016485889806105
74 0.004016485889806106
75 0.003793014494144752
76 0.00349305288923018
77 0.0032980778460357085
78 0.003116601075062394
79 0.002891629871376465
80 0.002701154252255713
81 0.00263666250719908
82 0.002243712804760991
83 0.0021207285467460175
84 0.001922753887502401
85 0.0017622744288731053
86 0.0016077942023421023
87 0.001504307448646573
88 0.0013708245344595897
89 0.001228342772125168
90 0.001090360433864465
91 0.0009193823190631602
92 0.00089838500671914
93 0.0007559032443847191
94 0.0006644149548857745
95 0.0006434176425417546
96 0.0006104218660011515
97 0.000547429928969092
98 0.0004724395277404493
99 0.0004154468228066805
100 0.0003764518141677863
101 0.0003254583413323094
102 0.0003419562296026108
103 0.0002804641005951238
104 0.0002534675561528125
105 0.00028496352466884223
106 0.00022947062775964685
107 0.00020247408331733557
108 0.00017697734689959695
109 0.0001934752351698983
110 0.00015148061048185838
111 0.00017247792282587825
112 0.00015448022653100397
113 0.000164978882703014
114 0.00012298425801497402
115 0.00015897965060472259
116 0.00014098195430984833
117 0.00015598003455557683
118 0.00011398540986753692
119 0.00013498272221155693
120 0.00013648253023612971
121 0.0001184848339412555
122 0.0001514806104818583
123 0.00014248176233442117
124 0.00017097811480130552
125 0.00014398157035899398
126 0.00017997696294874254
127 0.000143981570358994
128 0.0001889758110961798
129 0.00018447638702246116
130 0.00020997312344019973
131 0.0002549673641773854
132 0.00025796698022653106
133 0.00026396621232482236
134 0.000319459109234018
135 0.00033745680552889226
136 0.000391449894413515
137 0.00046644029564215766
138 0.0005099347283547707
139 0.0005564287771165289
140 0.0006284195622960261
141 0.0006509166826646189
142 0.0008218947974659243
143 0.0008413923017853715
144 0.0010138702246112498
145 0.0012283427721251684
146 0.0013528268381647155
147 0.001487809560376272
148 0.0017382775004799393
149 0.00211172969859858
150 0.002276708581301596
151 0.002702654060280286
152 0.0029936168170474195
153 0.00345105826454214
154 0.003740521213284701
155 0.00412447206757535
156 0.004776888558264545
157 0.005222331541562684
158 0.005652776444615094
159 0.006539162987137649
160 0.007181080821654828
161 0.008020973315415627
162 0.008919358322134764
163 0.009630267325782304
164 0.010410167498560193
165 0.011391041946630844
166 0.012155944039162996
167 0.0131338188711845
168 0.013643753599539264
169 0.014824102514878085
170 0.015568007295066218
171 0.016235421866001135
172 0.016952330101746963
173 0.01795570167018621
174 0.018576622192359376
175 0.0187191039546938
176 0.019392517757727018
177 0.01987245632559034
178 0.019816963428681143
179 0.020067431368784815
180 0.02008542906507969
181 0.01998794154348245
182 0.019545498176233453
183 0.019130051353426766
184 0.018885582645421388
185 0.018528628335573047
186 0.017577750047993845
187 0.01718929976962948
188 0.01616493088884621
189 0.01569999040122863
190 0.014953086004991348
191 0.013915218851986945
192 0.013199810424265698
193 0.012326922153964312
194 0.01114357362257632
195 0.010201694183144563
196 0.009633266941831446
197 0.008815871568439238
198 0.008158955653676326
199 0.007239573334613171
200 0.006521165290842777
201 0.00583425321558841
202 0.005322818679209066
203 0.004664402956421579
204 0.004070478978690728
205 0.0037285227490881172
206 0.003413563063927819
207 0.002795642157803804
208 0.002585669034363605
209 0.0022782083893261667
210 0.0020382391053945102
211 0.0017097811480130556
212 0.0015627999616049152
213 0.0013033331733538112
214 0.0011278556344787873
215 0.0010843612017661743
216 0.000926881359186024
217 0.0008458917258590898
218 0.0006704141869840661
219 0.0006329189863697448
220 0.0005174337684776348
221 0.0004604410635438662
222 0.0004649404876175848
223 0.000419946246880399
224 0.00035095507775004806
225 0.0003224587252831636
226 0.0002819639086196967
227 0.00025646717220195834
228 0.00020997312344019968
229 0.0002549673641773854
230 0.00021147293146477257
231 0.0002234713956613554
232 0.00017847715492416973
233 0.00013798233826070269
234 0.00017397773085045117
235 0.00014098195430984833
236 0.00013198310616241123
237 0.00013798233826070255
238 0.00015148061048185835
239 0.00014998080245728543
240 0.00012148444999040113
241 0.00015747984258014978
242 0.0001274836820886926
243 0.00012448406603954691
244 0.00013798233826070258
245 0.00015448022653100405
246 0.00013348291418698404
247 0.0001484809944327126
248 0.0001379823382607026
249 0.00019647485121904412
250 0.00018597619504703402
251 0.00018597619504703402
252 0.00021147293146477265
253 0.00020847331541562684
254 0.0002369696678825111
255 0.00028646333269341523
256 0.00030296122096371665
257 0.0003629535419466308
258 0.0003674529660203494
259 0.00038845027836436935
260 0.0004544418314455749
261 0.0004364441351507007
262 0.000496436456133615
263 0.0005834253215588401
264 0.0006614153388366289
265 0.0007319063159915531
266 0.0008353930696870798
267 0.0009058840468420045
268 0.0009718755999232091
269 0.0010558648492992894
270 0.001246340468420043
271 0.001295834133230947
272 0.0015223051449414478
273 0.0016632870992512958
274 0.001726279036283356
275 0.001904756191207526
276 0.0021882199078517967
277 0.0023546985985793815
278 0.0024821822806680755
279 0.002615665194855061
280 0.0028541346707621454
281 0.0029786187368016923
282 0.0034015645997312357
283 0.003526048665770783
284 0.0037705173737761573
285 0.0038275100787099254
286 0.004056980706469574
287 0.0042384574774428875
288 0.004265454021885197
289 0.004326946150892688
290 0.004328445958917259
291 0.004736393741601073
292 0.0045819135150700725
293 0.004478426761374544
294 0.004463428681128817
295 0.004461928873104242
296 0.00418746400460741
297 0.00413947014782108
298 0.00414996880399309
299 0.0038605058552505303
300 0.003686528124400079
301 0.0035020517373776185
302 0.003184092436168173
303 0.0030776060664234983
304 0.0029231258398924945
305 0.002524176905356116
306 0.0022692095411787293
307 0.0021597235553849118
308 0.0019512502399692852
309 0.0017142805720867732
310 0.0016347907467844126
311 0.0014353162795162223
312 0.0011998464196582837
313 0.0011098579381839124
314 0.0009898732962180842
315 0.0007664019005567288
316 0.0006359186024188902
317 0.0006089220579765786
318 0.000524932808600499
319 0.0004094475907083893
320 0.00034195622960261077
321 0.0002954621808408524
322 0.00022647101171050104
323 0.00019047561912075245
324 0.0001799769629487426
325 0.00012298425801497402
326 0.00010348675369552695
327 9.898732962180838e-05
328 6.149212900748707e-05
329 6.89911691303513e-05
330 4.799385678633136e-05
331 2.9996160491457088e-05
332 3.149596851602994e-05
333 3.749520061432137e-05
334 2.5496736417738524e-05
335 1.6497888270301404e-05
336 1.7997696294874257e-05
337 2.099731234401996e-05
338 1.1998464196582839e-05
339 5.9992320982914186e-06
340 4.4994240737185635e-06
341 4.4994240737185635e-06
342 4.4994240737185635e-06
343 2.9996160491457093e-06
344 2.9996160491457093e-06
345 5.9992320982914186e-06
346 0.0
347 1.4998080245728546e-06
348 4.4994240737185635e-06
349 1.4998080245728546e-06
350 2.9996160491457093e-06
351 1.4998080245728546e-06
352 0.0
353 0.0
354 0.0
355 0.0
356 0.0
357 0.0
358 2.9996160491457093e-06
