0 0.0
1 0.0
2 2.9996160491457093e-06
3 0.0
4 0.0
5 1.4998080245728546e-06
6 4.4994240737185635e-06
7 1.4998080245728546e-06
8 1.4998080245728546e-06
9 2.9996160491457093e-06
10 2.9996160491457093e-06
11 0.0
12 5.9992320982914186e-06
13 0.0
14 5.9992320982914186e-06
15 4.4994240737185635e-06
16 4.4994240737185635e-06
17 1.4998080245728546e-06
18 0.0
19 8.998848147437129e-06
20 1.1998464196582837e-05
21 1.1998464196582839e-05
22 8.998848147437129e-06
23 8.998848147437129e-06
24 1.1998464196582839e-05
25 2.9996160491457095e-05
26 2.999616049145708e-05
27 2.8496352466884234e-05
28 3.2995776540602795e-05
29 4.64940487617585e-05
30 5.849251295834135e-05
31 4.6494048761758505e-05
32 9.298809752351693e-05
33 0.00011248560184296409
34 0.00010498656172009976
35 0.000133482914186984
36 0.0001919754271453254
37 0.00022197158763678256
38 0.00022797081973507382
39 0.00030746064503743515
40 0.0003539546937991937
41 0.00045744144749472064
42 0.000599923209829142
43 0.0006554161067383377
44 0.0007484042042618541
45 0.0008113961412939145
46 0.000979374640046074
47 0.001145853330773661
48 0.001312332021501248
49 0.0014368160875407948
50 0.001687284027644462
51 0.0017877711652908425
52 0.002078733922057977
53 0.002285707429449031
54 0.002545174217700136
55 0.002690655596083703
56 0.002959121232482244
57 0.003073106642349781
58 0.003281579957765407
59 0.003590540410827414
60 0.0039055000959877157
61 0.003968492033019774
62 0.004130471299673643
63 0.0042324582453446
64 0.004247456325590324
65 0.004368940775580725
66 0.004169466308312536
67 0.004419934248416201
68 0.004301449414474949
69 0.004188963812631982
70 0.004214460549049724
71 0.004125971875599924
72 0.004020985313879825
73 0.003951994144749473
74 0.0037195239009406816
75 0.0036595315799577673
76 0.0034405596083701318
77 0.0032650820694951075
78 0.0029561216164330963
79 0.0028991289114993304
80 0.002584169226339031
81 0.0024896813207909395
82 0.0022677097331541577
83 0.0020862329621808414
84 0.001856762334421195
85 0.0016347907467844116
86 0.0014848099443271264
87 0.00143981570358994
88 0.0012343420042234597
89 0.001172849875215973
90 0.0010303681128815514
91 0.0009328805912843153
92 0.0008233946054904967
93 0.0007649020925321556
94 0.000680912843156076
95 0.0006359186024188901
96 0.0005954237857554234
97 0.0005189335765022073
98 0.0004934368400844693
99 0.00042444567095411775
100 0.00040494816663467055
101 0.0003314575734306007
102 0.0003029612209637166
103 0.0002699654444231139
104 0.00028946294874256085
105 0.00026096659627567663
106 0.00022947062775964674
107 0.0002459685160299481
108 0.00020697350739105406
109 0.00021447254751391827
110 0.00018597619504703405
111 0.00018747600307160683
112 0.00015448022653100402
113 0.0001529804185064312
114 0.0001424817623344212
115 0.00017397773085045114
116 0.00013198310616241115
117 0.00014398157035899406
118 0.0001379823382607026
119 0.00012148444999040115
120 0.00014098195430984828
121 0.00014548137838356692
122 0.0001469811864081398
123 0.00013498272221155688
124 0.00014998080245728546
125 0.00013798233826070258
126 0.00016197926665386829
127 0.00019797465924361688
128 0.00015148061048185827
129 0.00020847331541562692
130 0.00020997312344019968
131 0.0002249712036859282
132 0.00025946678825110374
133 0.00030596083701286237
134 0.0003119600691111539
135 0.00032545834133230957
136 0.0004004487425609522
137 0.00042294586292954497
138 0.0005354314647725093
139 0.0005564287771165292
140 0.0006299193703205992
141 0.0007469043962372816
142 0.0008113961412939144
143 0.0009688759838740639
144 0.0010633638894221534
145 0.0012763366289114998
146 0.001385822614705318
147 0.0015568007295066243
148 0.00173827750047994
149 0.002131227202918027
150 0.0024176905356114416
151 0.002627663659051644
152 0.00298311816087541
153 0.003350571126895759
154 0.003820011038587061
155 0.004388438279900172
156 0.004748392205797659
157 0.005454801785371477
158 0.006011230562488006
159 0.00674013726243041
160 0.0073805552889230205
161 0.008256443175273562
162 0.009051341428297178
163 0.009741253119600697
164 0.01048665770781341
165 0.01142703733922059
166 0.012148444999040145
167 0.013411283355730485
168 0.014200182376655792
169 0.015043074486465717
170 0.015933960453061998
171 0.01666436696102897
172 0.01749076118256862
173 0.018020193415242847
174 0.01863661451334229
175 0.019316027548473808
176 0.019385018717604154
177 0.020097427529276266
178 0.020431884718756014
179 0.020554868976770994
180 0.020335897005183356
181 0.020200914282971796
182 0.020497876271837225
183 0.019617488961412948
184 0.018957573430600887
185 0.01883458917258591
186 0.017774224899212893
187 0.017525256767133793
188 0.016808348531387966
189 0.015834973123440187
190 0.014902092532155877
191 0.014036703301977352
192 0.013154816183528512
193 0.012229434632367068
194 0.011505027356498377
195 0.010470159819543107
196 0.009771249280092154
197 0.008593899980802452
198 0.008010474659243615
199 0.007494540698790558
200 0.006596155692071417
201 0.00588374688039931
202 0.005360313879823387
203 0.004811384142829719
204 0.004347943463236707
205 0.003820011038587063
206 0.003443559224419275
207 0.0030101147053177217
208 0.0026786571318871202
209 0.0024446870800537536
210 0.0020187416010750627
211 0.0018972571510846624
212 0.001574798425801498
213 0.0014398157035899414
214 0.001282335861009791
215 0.0010813615857170281
216 0.0009178825110385866
217 0.0007499040122864273
218 0.0007304065079669801
219 0.0006404180264926089
220 0.0005639278172393932
221 0.0005309320406987905
222 0.0004274452870032636
223 0.0004049481666346707
224 0.00034945526972547506
225 0.00031645949318487234
226 0.0002654660203493952
227 0.0002684656363985409
228 0.0002459685160299482
229 0.00027746448454597805
230 0.0001889758110961797
231 0.00021747216356306394
232 0.00018747600307160697
233 0.00019797465924361685
234 0.00016347907467844123
235 0.00016797849875215974
236 0.0001274836820886926
237 0.00012898349011326545
238 0.00018297657899788838
239 0.00010948598579381836
240 0.0001589796506047226
241 0.00014098195430984833
242 0.00011698502591668256
243 0.00012898349011326548
244 0.0001469811864081397
245 0.0001274836820886926
246 0.00014848099443271268
247 0.00016197926665386837
248 0.00015598003455557689
249 0.00017547753887502406
250 0.0001844763870224611
251 0.00021297273948934546
252 0.00021147293146477254
253 0.0002129727394893453
254 0.0002444687080053753
255 0.00026546602034939536
256 0.00024296889998080254
257 0.0003254583413323093
258 0.000349455269725475
259 0.00043194471107698204
260 0.00039894893453637915
261 0.00043344451910155493
262 0.0005114345363793435
263 0.0005909243616817048
264 0.0006074222499520056
265 0.0006509166826646189
266 0.0007469043962372811
267 0.0008368928777116529
268 0.0009208821270877323
269 0.001054365041274717
270 0.0011038587060856215
271 0.0013003335573046654
272 0.00143381647149165
273 0.0015762982338260708
274 0.0017037819159147634
275 0.0018672609905932055
276 0.002002243712804763
277 0.0022137166442695345
278 0.002447686696102899
279 0.002611165770781342
280 0.002812140046074104
281 0.0030416106738337502
282 0.0031855922441927447
283 0.0031870920522173176
284 0.0035770421386062587
285 0.0037630183336532946
286 0.0037285227490881194
287 0.0038845027836436944
288 0.00417546554041083
289 0.004206961508926858
290 0.004209961124976004
291 0.004245956517565753
292 0.00412447206757535
293 0.004329945766941833
294 0.004299949606450376
295 0.004151468612017661
296 0.004181464772509119
297 0.004025484737953543
298 0.0038470075830293747
299 0.00376001871760415
300 0.0035440463620656578
301 0.0032980778460357098
302 0.003064107794202343
303 0.0028061408139758125
304 0.002747648301017471
305 0.0025481738337492805
306 0.002264710117105012
307 0.001948250623920139
308 0.0018282659819543105
309 0.001649788827030141
310 0.0014173185832213478
311 0.0013138318295258208
312 0.0011323550585525053
313 0.0009748752159723554
314 0.0008983850067191398
315 0.0007289066999424075
316 0.0005999232098291418
317 0.0005759262814359761
318 0.0004094475907083893
319 0.0003839508542906507
320 0.0003539546937991937
321 0.00025796698022653106
322 0.00025496736417738534
323 0.00018297657899788835
324 0.00015448022653100408
325 0.00013198310616241118
326 8.998848147437124e-05
327 6.299193703205992e-05
328 7.199078517949702e-05
329 5.099347283547706e-05
330 4.4994240737185655e-05
331 3.749520061432136e-05
332 2.099731234401996e-05
333 1.3498272221155694e-05
334 1.1998464196582839e-05
335 2.249712036859282e-05
336 8.998848147437129e-06
337 7.499040122864274e-06
338 5.9992320982914186e-06
339 5.9992320982914186e-06
340 5.9992320982914186e-06
341 1.4998080245728546e-06
342 0.0
343 5.9992320982914186e-06
344 0.0
345 7.499040122864274e-06
346 1.4998080245728546e-06
347 1.4998080245728546e-06
348 2.9996160491457093e-06
349 1.4998080245728546e-06
350 1.4998080245728546e-06
351 1.4998080245728546e-06
352 0.0
353 1.4998080245728546e-06
354 1.4998080245728546e-06
355 1.4998080245728546e-06
356 0.0
357 0.0
358 0.0
