0 0.0
1 0.0
2 0.0
3 0.0
4 0.0
5 0.0
6 0.0
7 1.4998080245728546e-06
8 0.0
9 0.0
10 1.4998080245728546e-06
11 0.0
12 2.9996160491457093e-06
13 0.0
14 2.9996160491457093e-06
15 2.9996160491457093e-06
16 8.998848147437129e-06
17 8.998848147437129e-06
18 7.499040122864274e-06
19 5.9992320982914186e-06
20 1.1998464196582839e-05
21 2.3996928393165668e-05
22 4.9493664810904226e-05
23 3.7495200614321365e-05
24 6.899116913035132e-05
25 8.998848147437123e-05
26 0.00014998080245728543
27 0.00021447254751391832
28 0.000286463332693415
29 0.00035845411787291235
30 0.0005339316567479363
31 0.0006284195622960259
32 0.0008593899980802458
33 0.001166850643117681
34 0.0015463020733346136
35 0.002068235265885967
36 0.002687655980034556
37 0.003490053273181033
38 0.004337444807064695
39 0.005262826358226145
40 0.0065991553081205636
41 0.008232446246880399
42 0.010065211652908433
43 0.012049457669418315
44 0.013955713668650416
45 0.016382403052409296
46 0.018983070167018626
47 0.021865701190247645
48 0.02469733874064119
49 0.027359497984258022
50 0.029591212324822428
51 0.03199990401228644
52 0.034233118160875424
53 0.03603888702246116
54 0.03682928585141105
55 0.03765867968899982
56 0.03840258446918797
57 0.03760618640813979
58 0.0371247480322519
59 0.03546596035707431
60 0.033960153100403165
61 0.031226003071606837
62 0.028712324822422725
63 0.026189647725091178
64 0.023196030908043768
65 0.020310400268765606
66 0.01780272125167979
67 0.01518405644077558
68 0.012788863025532733
69 0.010486657707813403
70 0.008542906507966984
71 0.006875119984641971
72 0.005661775292762526
73 0.004343444039162988
74 0.003581541562679977
75 0.002591668266461894
76 0.002020241409099637
77 0.0015088068727202922
78 0.0011518525628719525
79 0.000833893261662507
80 0.0006134214820502973
81 0.00044994240737185624
82 0.0003179593012094451
83 0.0002009742752927625
84 0.0001289834901132655
85 9.898732962180837e-05
86 5.849251295834133e-05
87 3.5995392589748515e-05
88 3.1495968516029945e-05
89 2.2497120368592818e-05
90 1.6497888270301404e-05
91 2.2497120368592818e-05
92 1.1998464196582837e-05
93 4.4994240737185635e-06
94 2.9996160491457093e-06
95 4.4994240737185635e-06
96 1.4998080245728546e-06
97 1.4998080245728546e-06
98 2.9996160491457093e-06
99 0.0
100 0.0
101 0.0
102 0.0
103 0.0
104 0.0
105 0.0
106 0.0
107 0.0
108 0.0
109 0.0
110 0.0
111 0.0
112 0.0
113 0.0
114 0.0
115 0.0
116 0.0
117 0.0
118 0.0
119 0.0
120 0.0
121 0.0
122 0.0
123 0.0
124 0.0
125 0.0
126 0.0
127 0.0
128 0.0
129 0.0
130 0.0
131 0.0
132 0.0
133 0.0
134 0.0
135 0.0
136 0.0
137 0.0
138 1.4998080245728546e-06
139 0.0
140 1.4998080245728546e-06
141 0.0
142 1.4998080245728546e-06
143 1.4998080245728546e-06
144 1.4998080245728546e-06
145 0.0
146 0.0
147 0.0
148 0.0
149 4.4994240737185635e-06
150 5.9992320982914186e-06
151 1.4998080245728546e-06
152 4.4994240737185635e-06
153 7.499040122864274e-06
154 1.1998464196582837e-05
155 5.9992320982914186e-06
156 1.3498272221155692e-05
157 2.0997312344019964e-05
158 2.6996544442311384e-05
159 3.899500863889422e-05
160 4.799385678633135e-05
161 7.499040122864274e-05
162 9.59877135726627e-05
163 0.00010498656172009982
164 0.00013198310616241123
165 0.0001424817623344212
166 0.0002114729314647725
167 0.00026546602034939525
168 0.00032995776540602797
169 0.00037645181416778655
170 0.0004679401036667307
171 0.0005534291610673834
172 0.0006689143789594932
173 0.0007858994048761758
174 0.0009163827030140143
175 0.0010468660011518525
176 0.0012088452678057208
177 0.0012823358610097907
178 0.0014263174313687847
179 0.0014578133998848146
180 0.0016407899788827031
181 0.0017352778844307928
182 0.0018957573430600885
183 0.0018327654060280283
184 0.0017622744288731042
185 0.0018027692455365714
186 0.0016272917066615473
187 0.0015747984258014974
188 0.0014473147437128048
189 0.0013033331733538107
190 0.0012118448838548668
191 0.001114357362257631
192 0.0010393669610289883
193 0.0008203949894413516
194 0.0007064095795738146
195 0.0005099347283547707
196 0.000494936648109042
197 0.0003824510462660779
198 0.00030596083701286237
199 0.0002699654444231138
200 0.00020547369936648108
201 0.0001319831061624112
202 0.00011398540986753695
203 8.2489441351507e-05
204 7.199078517949703e-05
205 4.499424073718564e-05
206 3.5995392589748515e-05
207 3.5995392589748515e-05
208 2.0997312344019968e-05
209 2.249712036859282e-05
210 5.9992320982914186e-06
211 5.9992320982914186e-06
212 8.998848147437127e-06
213 8.998848147437129e-06
214 8.998848147437129e-06
215 1.4998080245728546e-06
216 5.9992320982914186e-06
217 0.0
218 0.0
219 2.9996160491457093e-06
220 0.0
221 0.0
222 0.0
223 0.0
224 0.0
225 0.0
226 0.0
227 0.0
228 0.0
229 0.0
230 0.0
231 0.0
232 1.4998080245728546e-06
233 0.0
234 0.0
235 0.0
236 0.0
237 1.4998080245728546e-06
238 0.0
239 0.0
240 0.0
241 1.4998080245728546e-06
242 0.0
243 0.0
244 0.0
245 0.0
246 0.0
247 0.0
248 0.0
249 0.0
250 0.0
251 0.0
252 0.0
253 0.0
254 1.4998080245728546e-06
255 1.4998080245728546e-06
256 4.4994240737185635e-06
257 2.9996160491457093e-06
258 1.4998080245728546e-06
259 5.9992320982914186e-06
260 7.499040122864274e-06
261 2.9996160491457093e-06
262 1.3498272221155692e-05
263 1.1998464196582837e-05
264 2.249712036859282e-05
265 1.4998080245728546e-05
266 4.049481666346707e-05
267 3.7495200614321365e-05
268 4.649404876175849e-05
269 4.499424073718564e-05
270 9.148828949894415e-05
271 0.00010948598579381837
272 0.0001364825302361298
273 0.00017247792282587833
274 0.00023097043578421963
275 0.0003449558456517566
276 0.00044394317527356506
277 0.0005594283931656748
278 0.0007379055480898445
279 0.0008533907659819544
280 0.0010288683048569783
281 0.0013183312535995394
282 0.0015238049529660205
283 0.0018927577270109422
284 0.002251211844883855
285 0.0027221515645997315
286 0.0030836052985217894
287 0.0035530452102130925
288 0.003971491649068918
289 0.0045849131311192165
290 0.004929868976770974
291 0.0056542762526396615
292 0.006033727682856595
293 0.006390681992704933
294 0.0069396117296985985
295 0.006885618640813977
296 0.007364057400652715
297 0.007635522653100403
298 0.007671518045690152
299 0.007410551449414473
300 0.007193079285851412
301 0.007154084277212517
302 0.0067356378383566905
303 0.006273696966788249
304 0.005864249376079862
305 0.0053483154156268
306 0.004676401420618162
307 0.0042654540218851995
308 0.003898001055864849
309 0.0031915914762910354
310 0.0026111657707813397
311 0.002420690151660588
312 0.0019137550393549627
313 0.0016167930504895373
314 0.0014278172393933576
315 0.0009988721443655213
316 0.0008248944135150701
317 0.0006689143789594931
318 0.0004889374160107506
319 0.00041694663083125357
320 0.0002804641005951238
321 0.00020697350739105392
322 0.00016497888270301399
323 0.0001394821462852755
324 0.00010198694567095411
325 5.249328086004992e-05
326 5.699270493376848e-05
327 2.549673641773853e-05
328 3.449558456517566e-05
329 1.7997696294874254e-05
330 1.64978882703014e-05
331 1.0498656172009982e-05
332 4.4994240737185635e-06
333 2.9996160491457093e-06
334 1.4998080245728546e-06
335 4.4994240737185635e-06
336 1.4998080245728546e-06
337 1.4998080245728546e-06
338 0.0
339 1.4998080245728546e-06
340 0.0
341 0.0
342 0.0
343 0.0
344 0.0
345 0.0
346 0.0
347 0.0
348 0.0
349 0.0
350 0.0
351 0.0
352 0.0
353 0.0
354 0.0
355 0.0
356 0.0
357 0.0
358 0.0
