0 0.0
1 1.4998080245728546e-06
2 0.0
3 0.0
4 4.4994240737185635e-06
5 1.4998080245728546e-06
6 1.4998080245728546e-06
7 0.0
8 1.4998080245728546e-06
9 0.0
10 7.499040122864274e-06
11 5.9992320982914186e-06
12 5.9992320982914186e-06
13 1.4998080245728546e-06
14 4.4994240737185635e-06
15 8.998848147437129e-06
16 4.4994240737185635e-06
17 2.9996160491457093e-06
18 2.9996160491457093e-06
19 7.499040122864274e-06
20 1.0498656172009982e-05
21 2.5496736417738524e-05
22 1.6497888270301404e-05
23 1.949750431944711e-05
24 2.399692839316567e-05
25 3.1495968516029945e-05
26 2.3996928393165668e-05
27 5.099347283547708e-05
28 6.749136110577847e-05
29 5.999232098291419e-05
30 7.49904012286427e-05
31 8.098963332693412e-05
32 0.00013648253023612977
33 0.00013948214628527547
34 0.00016497888270301396
35 0.00025346755615281256
36 0.00023996928393165684
37 0.0003209589172585909
38 0.00034645565367632923
39 0.0004364441351507009
40 0.0004979362641581877
41 0.0005969235937799962
42 0.0006719139950086391
43 0.0008368928777116528
44 0.0009403796314071796
45 0.0010888606258398928
46 0.0012298425801497406
47 0.0014668122480322521
48 0.0015792978498752161
49 0.001774272893069688
50 0.0019857458245344604
51 0.002255711268957574
52 0.0024461868880783265
53 0.002645661355346517
54 0.002984617968899984
55 0.0032245872528316407
56 0.0034870536571318883
57 0.003640034075638319
58 0.0038515070071030917
59 0.0042099611249760025
60 0.004083977250911885
61 0.004217460165098866
62 0.0043704405836053
63 0.0045864129391437886
64 0.004650904684200422
65 0.00483838068727203
66 0.004788887022461125
67 0.005036355346515648
68 0.004992860913803036
69 0.004728894701478212
70 0.004814383758878866
71 0.004565415626799771
72 0.004500923881743138
73 0.0043254463428681125
74 0.004095975715108468
75 0.003993988769437513
76 0.0038230106546362067
77 0.003668530428105203
78 0.0034945526972547515
79 0.003142097811480132
80 0.003034111633710888
81 0.002786643309656366
82 0.0025646717220195823
83 0.0024356882319063167
84 0.002086232962180842
85 0.0019452510078709945
86 0.0017817719331925516
87 0.0016617872912267236
88 0.0014083197350739114
89 0.0013063327894029572
90 0.001165350835093108
91 0.0011188567863313497
92 0.001001871760414667
93 0.0009118832789402957
94 0.0007679017085813013
95 0.0007214076598195434
96 0.0007064095795738145
97 0.0005894245536571319
98 0.000568427241313112
99 0.0004544418314455752
100 0.0004514422153964293
101 0.0004034483586100978
102 0.0003449558456517565
103 0.00032095891725859095
104 0.0002894629487425609
105 0.00032695814935688225
106 0.00026096659627567674
107 0.00022797081973507396
108 0.00021297273948934532
109 0.00019347523516989826
110 0.00014548137838356687
111 0.0001769773468995969
112 0.00018147677097331535
113 0.00016347907467844123
114 0.00013948214628527544
115 0.00012748368208869261
116 0.00013648253023612974
117 0.0001244840660395468
118 0.00012148444999040117
119 0.00012148444999040115
120 0.0001049865617200998
121 0.00011398540986753686
122 0.0001184848339412554
123 0.00012148444999040109
124 0.00011248560184296406
125 0.00013948214628527555
126 0.00015598003455557689
127 0.000122984258014974
128 0.00014098195430984833
129 0.000143981570358994
130 0.0001859761950470339
131 0.00021447254751391827
132 0.00017997696294874257
133 0.00023097043578421968
134 0.00021297273948934535
135 0.0002129727394893455
136 0.00029246256479170663
137 0.0002939623728162796
138 0.0003314575734306008
139 0.00042744528700326353
140 0.0003974491265118064
141 0.0005264326166250718
142 0.0005339316567479367
143 0.0006764134190823572
144 0.00074090516413899
145 0.0008098963332693414
146 0.0009538779036283352
147 0.0011803489153388372
148 0.0012988337492800932
149 0.0014638126319831074
150 0.0016812847955461712
151 0.0019032563831829536
152 0.0021612233634094855
153 0.0025841692263390307
154 0.002887130447302745
155 0.0033115761182568653
156 0.0038560064311768116
157 0.004343444039162987
158 0.004971863601459014
159 0.005597283547705898
160 0.006213704645805341
161 0.006914114993280865
162 0.007939983682088687
163 0.008338932616625067
164 0.009468288059128435
165 0.010491157131887129
166 0.011314551737377634
167 0.012214436552121342
168 0.0134427793242465
169 0.014321666826646191
170 0.0155470099827222
171 0.016419898253023597
172 0.017310784219619877
173 0.018114681320790933
174 0.019352022941063557
175 0.019356522365137276
176 0.020388390286043404
177 0.020964316567479387
178 0.021166790650796727
179 0.021190787579189893
180 0.020917822518717634
181 0.020971815607602248
182 0.020757343060088335
183 0.020116925033595717
184 0.019812464004607427
185 0.01932052697254752
186 0.017862713572662694
187 0.017175801497408313
188 0.01670036235361872
189 0.01526804569015165
190 0.014620128623536175
191 0.013267301785371485
192 0.012548893741601083
193 0.011439035803417177
194 0.010551149452870046
195 0.009390298041850645
196 0.008733382127087727
197 0.007578529948166635
198 0.006692143405644079
199 0.006032227874832031
200 0.005366313111921679
201 0.005046854002687658
202 0.004331445574966405
203 0.0037420210213092737
204 0.0032365857170282234
205 0.0027701454213860653
206 0.0025166778652332533
207 0.0021882199078517967
208 0.0018882583029372253
209 0.0016587876751775785
210 0.0014818103282779813
211 0.0013078325974275294
212 0.0011113577462084853
213 0.000920882127087733
214 0.0008578901900556731
215 0.0006914114993280859
216 0.0006539162987137644
217 0.0005744264734114033
218 0.0005354314647725091
219 0.00046044106354386604
220 0.000359953925897485
221 0.0003359569975043195
222 0.0003209589172585909
223 0.00025196774812823956
224 0.00023846947590708403
225 0.0002309704357842197
226 0.0001904756191207525
227 0.00021297273948934548
228 0.00018447638702246118
229 0.00012448406603954691
230 0.00017247792282587822
231 0.00012448406603954683
232 0.00013348291418698401
233 0.0001244840660395469
234 9.298809752351698e-05
235 0.00011998464196582831
236 0.00012898349011326548
237 9.148828949894408e-05
238 0.0001064863697446726
239 0.00013048329813783831
240 0.00013348291418698401
241 0.00011248560184296407
242 0.0001139854098675369
243 0.00011398540986753692
244 0.0001259838740641197
245 0.00011698502591668261
246 0.00016047945862929553
247 0.00014848099443271265
248 0.0001799769629487426
249 0.00020097427529276263
250 0.00018297657899788827
251 0.0001964748512190439
252 0.00023247024380879266
253 0.00026096659627567674
254 0.0002639662123248224
255 0.0002864633326934151
256 0.0003359569975043196
257 0.00038695047033979635
258 0.0003854506623152237
259 0.00046644029564215777
260 0.00041994624688039935
261 0.0005054353042810518
262 0.0006059224419274332
263 0.00066741457093492
264 0.0007289066999424074
265 0.0008098963332693412
266 0.0009028844307928584
267 0.000968875983874064
268 0.0010153700326358225
269 0.0012643381647149167
270 0.001333329333845268
271 0.0014773109042042626
272 0.0016527884430792862
273 0.0018972571510846611
274 0.0019842460165098875
275 0.002117728930696871
276 0.0022917066615473223
277 0.0025256767133806876
278 0.002816639470147823
279 0.0030146141293914404
280 0.0032965780380111373
281 0.0035110505855250537
282 0.0036250359953925912
283 0.0038230106546362063
284 0.0039789906891917835
285 0.0041559680360913785
286 0.004373440199654444
287 0.0044229338644653496
288 0.0045699150508734885
289 0.004824882415050875
290 0.004754391437895951
291 0.0048818751199846445
292 0.004830881647149165
293 0.004893873584181225
294 0.004859377999616053
295 0.004788887022461125
296 0.004734893933576504
297 0.004554916970627761
298 0.004493424841620274
299 0.004176965348435401
300 0.003978990689191787
301 0.0037855154540218853
302 0.0037345219811864105
303 0.0033025772701094267
304 0.0033370728546746027
305 0.00301461412939144
306 0.0027071534843540034
307 0.002366697062775965
308 0.0022467124208101377
309 0.002126727778844309
310 0.001819267133806874
311 0.0015642997696294879
312 0.0013903220387790369
313 0.0013243304856978316
314 0.0010918602418890384
315 0.0009898732962180842
316 0.0007709013246304475
317 0.0007529036283355726
318 0.0006269197542714529
319 0.000484437991937032
320 0.0004169466308312537
321 0.0003524548857746209
322 0.00032095891725859085
323 0.00021597235553849108
324 0.0002054736993664811
325 0.00018597619504703402
326 0.000122984258014974
327 0.00010498656172009978
328 0.00010498656172009981
329 7.349059320406987e-05
330 4.799385678633136e-05
331 3.599539258974851e-05
332 3.599539258974851e-05
333 4.499424073718564e-05
334 4.199462468803994e-05
335 1.3498272221155692e-05
336 2.3996928393165674e-05
337 1.6497888270301404e-05
338 1.6497888270301404e-05
339 5.9992320982914186e-06
340 1.0498656172009984e-05
341 4.4994240737185635e-06
342 7.499040122864274e-06
343 2.9996160491457093e-06
344 1.4998080245728546e-06
345 4.4994240737185635e-06
346 1.4998080245728546e-06
347 2.9996160491457093e-06
348 4.4994240737185635e-06
349 1.4998080245728546e-06
350 0.0
351 2.9996160491457093e-06
352 1.4998080245728546e-06
353 1.4998080245728546e-06
354 0.0
355 1.4998080245728546e-06
356 0.0
357 1.4998080245728546e-06
358 0.0
