0 0.0
1 0.0
2 4.4994240737185635e-06
3 0.0
4 0.0
5 1.4998080245728546e-06
6 0.0
7 1.4998080245728546e-06
8 1.4998080245728546e-06
9 1.4998080245728546e-06
10 1.4998080245728546e-06
11 1.4998080245728546e-06
12 2.9996160491457093e-06
13 1.4998080245728546e-06
14 0.0
15 1.4998080245728546e-06
16 7.499040122864274e-06
17 1.4998080245728546e-06
18 8.998848147437129e-06
19 5.9992320982914186e-06
20 1.6497888270301404e-05
21 1.7997696294874257e-05
22 1.1998464196582837e-05
23 3.449558456517566e-05
24 2.849635246688423e-05
25 1.6497888270301404e-05
26 2.8496352466884228e-05
27 2.399692839316567e-05
28 3.899500863889422e-05
29 5.399308888462279e-05
30 5.099347283547707e-05
31 8.248944135150699e-05
32 9.298809752351694e-05
33 0.00010648636974467266
34 0.00011548521789210975
35 0.0001979746592436168
36 0.0002159723555384911
37 0.00024746832405452105
38 0.0002519677481282397
39 0.00031196006911115377
40 0.0003989489345363792
41 0.0004934368400844694
42 0.0005894245536571319
43 0.000617920906124016
44 0.0007918986369744671
45 0.0009628767517757726
46 0.0010468660011518525
47 0.0012403412363217515
48 0.001348327414090997
49 0.0016497888270301402
50 0.0017097811480130559
51 0.002045738145517375
52 0.002245212612785565
53 0.002525676713380688
54 0.0025901684584373206
55 0.0030026156651948564
56 0.0030971035707429454
57 0.0033085765022077187
58 0.003565043674409678
59 0.003634034843540029
60 0.0038710045114225414
61 0.0040239849299289684
62 0.004125971875599923
63 0.0043389446150892685
64 0.004301449414474948
65 0.004526420618160876
66 0.0046089100595123845
67 0.004506923113841431
68 0.0044559296410059505
69 0.004488925417546557
70 0.004344943847187561
71 0.004397437128047612
72 0.004112473603378769
73 0.0041319711076982174
74 0.003806512766365907
75 0.0035590444423113867
76 0.003500551929353044
77 0.0033940655596083713
78 0.0030656076022269165
79 0.0030026156651948585
80 0.0026006671146093304
81 0.0026891557880591305
82 0.0022917066615473227
83 0.0021192287387214446
84 0.0019542498560184305
85 0.0019017565751583802
86 0.0015328038011134585
87 0.001516305912843158
88 0.0012823358610097907
89 0.0011248560184296409
90 0.0010588644653484352
91 0.0009748752159723552
92 0.0009088836628911496
93 0.0007933984449990399
94 0.0007304065079669802
95 0.0006584157227874829
96 0.0005264326166250718
97 0.0005429305048953733
98 0.0004634406795930121
99 0.00043644413515070055
100 0.00036295354194663064
101 0.0003149596851602994
102 0.0003674529660203494
103 0.0003284579573814553
104 0.0002984617968899982
105 0.0002399692839316567
106 0.00023097043578421966
107 0.00023097043578421966
108 0.00022497120368592826
109 0.000238469475907084
110 0.00017997696294874257
111 0.00015747984258014964
112 0.0001469811864081397
113 0.000154480226531004
114 0.0001499808024572854
115 0.00014398157035899406
116 0.00015448022653100408
117 0.0001214844499904012
118 0.00014698118640813973
119 0.0001379823382607026
120 0.000143981570358994
121 0.0001139854098675369
122 0.00014098195430984833
123 0.00015298041850643124
124 0.00018297657899788832
125 0.00013648253023612977
126 0.00016047945862929545
127 0.00020847331541562687
128 0.00014848099443271265
129 0.00020997312344019962
130 0.00022497120368592823
131 0.00024146909195622965
132 0.00025946678825110396
133 0.00027146525244768676
134 0.0003074606450374351
135 0.00033745680552889237
136 0.0003824510462660779
137 0.00048293818391245935
138 0.0005069351123056249
139 0.0005399308888462274
140 0.0006599155308120562
141 0.0007199078517949702
142 0.0007679017085813016
143 0.0008638894221539643
144 0.0010693631215204457
145 0.001165350835093108
146 0.0014233178153196396
147 0.0015178057208677298
148 0.0017817719331925522
149 0.0020562368016893845
150 0.002297705893645615
151 0.0025856690343636014
152 0.0028841308312536006
153 0.003280080149740835
154 0.0038905020157419855
155 0.004127471683624496
156 0.004751391821846805
157 0.005243328853906703
158 0.005777260510654643
159 0.006720639758110965
160 0.007217076214244578
161 0.0078050009598771355
162 0.008881863121520445
163 0.009642265789978885
164 0.010171698022653107
165 0.011308552505279339
166 0.012008962852754861
167 0.013040830773660977
168 0.014051701382223069
169 0.014690619600691106
170 0.015382031100019185
171 0.01638840228450756
172 0.017028820311000177
173 0.017774224899212893
174 0.018291658667690537
175 0.018884082837396815
176 0.019361021789210987
177 0.019732974179305064
178 0.019446510846611642
179 0.019957945382990987
180 0.020056932712612798
181 0.019650484737953552
182 0.01957999376079863
183 0.019410515454021893
184 0.01868760798617777
185 0.01850013198310616
186 0.017819219139950073
187 0.016850343156076007
188 0.016188927817239376
189 0.015410527452486073
190 0.014623128239585328
191 0.01372174361681705
192 0.012823358610097913
193 0.012025460741025165
194 0.01152002543674411
195 0.010492656939911698
196 0.009484785947398733
197 0.008785875407947778
198 0.008122960261086576
199 0.0072080773660971416
200 0.006548161835285088
201 0.005826754175465546
202 0.0050303561144173555
203 0.004704897773085046
204 0.004190463620656557
205 0.0037150244768669616
206 0.0032665818775196795
207 0.0029126271837204855
208 0.0026786571318871207
209 0.0023561984066039553
210 0.001997744288731043
211 0.0018777596467652138
212 0.0015777980418506437
213 0.0014503143597619514
214 0.0011758494912651192
215 0.0010063711844883856
216 0.0009118832789402956
217 0.0008323934536379346
218 0.0007019101555000962
219 0.000596923593779996
220 0.0005564287771165289
221 0.0005504295450182377
222 0.0004469427913227107
223 0.0004019485505855249
224 0.0003344571894797463
225 0.00032545834133230946
226 0.00029546218084085235
227 0.00024746832405452094
228 0.0002219715876367826
229 0.00020097427529276258
230 0.00018297657899788827
231 0.00018747600307160683
232 0.000175477538875024
233 0.00019197542714532545
234 0.00017397773085045114
235 0.00011548521789210973
236 0.00015897965060472259
237 0.00017247792282587822
238 0.00013348291418698401
239 0.00013048329813783834
240 0.00014998080245728549
241 0.0001529804185064312
242 0.00016947830677673266
243 0.0001499808024572854
244 0.00014098195430984836
245 0.00012898349011326542
246 0.00016047945862929542
247 0.00016347907467844115
248 0.0001934752351698984
249 0.00017247792282587817
250 0.00018447638702246108
251 0.0002534675561528126
252 0.0002024740833173354
253 0.00026096659627567674
254 0.00029096275676713385
255 0.00024896813207909394
256 0.00031495968516029934
257 0.0003299577654060281
258 0.00037345219811864066
259 0.0004184464388558265
260 0.0004334445191015549
261 0.0004814383758878864
262 0.0005534291610673834
263 0.000559428393165675
264 0.0007394053561144172
265 0.0007319063159915532
266 0.0008053969091956229
267 0.0009463788635054711
268 0.0010198694567095407
269 0.001093360049913611
270 0.0012508398924937609
271 0.0013423281819927057
272 0.0016017949702438088
273 0.0016437895949318498
274 0.0016887838356690352
275 0.0019032563831829531
276 0.002066735457861395
277 0.002308204549817625
278 0.0025376751775772716
279 0.002615665194855061
280 0.0029846179688999817
281 0.0031255999232098295
282 0.0035260486657707813
283 0.0035170498176233475
284 0.0038710045114225392
285 0.0037975139182184706
286 0.004107974179305051
287 0.004185964196582839
288 0.004235457861393743
289 0.004430432904588213
290 0.004578913899020927
291 0.004362941543482433
292 0.0045399188903820316
293 0.004686900076790171
294 0.004613409483586102
295 0.0044934248416202745
296 0.004404936168170475
297 0.004158967652140528
298 0.0040944759070838934
299 0.0038590060472259565
300 0.0036700302361297767
301 0.0036475331157611855
302 0.0033490713188711876
303 0.0031285995392589753
304 0.002900628719523905
305 0.0026216644269533495
306 0.002380195334997122
307 0.002159723555384911
308 0.001931752735649838
309 0.0017862713572662713
310 0.0015148061048185842
311 0.0013798233826070264
312 0.0011623512190439627
313 0.001112857554233058
314 0.000872888270301401
315 0.0007484042042618545
316 0.0007094091956229601
317 0.0005684272413131118
318 0.000440943559224419
319 0.00038995008638894213
320 0.00033745680552889215
321 0.0002744648684968323
322 0.0002594667882511039
323 0.00018597619504703402
324 0.00016647869072758682
325 0.00013948214628527547
326 8.698886542522557e-05
327 8.698886542522553e-05
328 8.398924937607982e-05
329 6.29919370320599e-05
330 5.099347283547706e-05
331 3.7495200614321365e-05
332 3.899500863889423e-05
333 2.9996160491457088e-05
334 2.999616049145709e-05
335 2.0997312344019964e-05
336 7.499040122864274e-06
337 1.4998080245728549e-05
338 7.499040122864274e-06
339 4.4994240737185635e-06
340 5.9992320982914186e-06
341 5.9992320982914186e-06
342 5.9992320982914186e-06
343 4.4994240737185635e-06
344 4.4994240737185635e-06
345 5.9992320982914186e-06
346 2.9996160491457093e-06
347 2.9996160491457093e-06
348 1.4998080245728546e-06
349 4.4994240737185635e-06
350 0.0
351 2.9996160491457093e-06
352 0.0
353 0.0
354 1.4998080245728546e-06
355 0.0
356 1.4998080245728546e-06
357 4.4994240737185635e-06
358 0.0
