0 1.4998080245728546e-06
1 1.4998080245728546e-06
2 2.9996160491457093e-06
3 0.0
4 0.0
5 4.4994240737185635e-06
6 1.4998080245728546e-06
7 0.0
8 0.0
9 0.0
10 1.4998080245728546e-06
11 1.4998080245728546e-06
12 7.499040122864274e-06
13 0.0
14 1.4998080245728546e-06
15 2.9996160491457093e-06
16 2.9996160491457093e-06
17 1.4998080245728546e-06
18 0.0
19 8.998848147437129e-06
20 5.9992320982914186e-06
21 1.1998464196582837e-05
22 5.9992320982914186e-06
23 1.0498656172009984e-05
24 1.6497888270301404e-05
25 2.399692839316567e-05
26 2.8496352466884234e-05
27 3.7495200614321365e-05
28 4.199462468803993e-05
29 6.59915530812056e-05
30 7.499068921021425e-05
31 0.00010648636974467265
32 0.00010348675369552695
33 0.00016047945862929542
34 0.0001919757151268969
35 0.00022497120368592826
36 0.00027746563647226423
37 0.00033295766943674523
38 0.0004319449990585539
39 0.0005009364561704766
40 0.0006599166827383421
41 0.0008098980611587712
42 0.0009013866386392864
43 0.0010408684969429906
44 0.0012313446920268864
45 0.001451817335583811
46 0.0016482910348765692
47 0.0018417665580280384
48 0.002192722499722802
49 0.002408695143242865
50 0.002479187272324075
51 0.0029666245923286806
52 0.003172099731603019
53 0.003322083701857593
54 0.0035425526016540864
55 0.0037870198697516058
56 0.004091485794426611
57 0.004194970244269564
58 0.004335951334634699
59 0.0043974440396053315
60 0.00449793261715957
61 0.004656911979782721
62 0.00430895709404496
63 0.004397448359328904
64 0.004463437320575967
65 0.004454440488299528
66 0.004203970532324859
67 0.004013492897333108
68 0.003932502112079886
69 0.003914504991748155
70 0.0037120314843939618
71 0.003421071031479401
72 0.0031571019393388626
73 0.003053614321698619
74 0.002828645421865267
75 0.0027296557883908844
76 0.0023607004225118192
77 0.002278211845105026
78 0.0020802371858614096
79 0.001783274909014412
80 0.001678287195368026
81 0.001552303609285478
82 0.0014218200231660672
83 0.0012583400845429123
84 0.0011698519870562561
85 0.0010993601459566174
86 0.0008998868306147138
87 0.00081739623733692
88 0.0007334072759424123
89 0.0007229086197704022
90 0.0005894257055834183
91 0.000520433672508352
92 0.0004964367441151861
93 0.00040944787868996087
94 0.0003704531580326381
95 0.00034945555770704676
96 0.0003344571894797466
97 0.0002939632367609941
98 0.00024596880401151974
99 0.00022047235557535265
100 0.00020097485125590572
101 0.00018747629105317836
102 0.00016947859475830422
103 0.00013198310616241115
104 0.00012748397007026415
105 0.00010048713764638122
106 8.09896333269341e-05
107 0.0001034867536955269
108 9.448790554808982e-05
109 7.1990785179497e-05
110 6.449174505663275e-05
111 6.449174505663275e-05
112 5.399366484776587e-05
113 5.99923209829142e-05
114 5.2493280860049926e-05
115 3.5995392589748515e-05
116 6.14924169890586e-05
117 6.29919370320599e-05
118 5.099347283547707e-05
119 5.549347287233871e-05
120 4.3494720694184324e-05
121 6.149212900748707e-05
122 7.049097715492415e-05
123 5.0993472835477055e-05
124 5.399308888462278e-05
125 5.999260896448574e-05
126 7.199078517949704e-05
127 6.89911691303513e-05
128 9.148857748051567e-05
129 9.748752159723555e-05
130 0.00011698502591668264
131 0.00011998492994739984
132 0.00011698531389825413
133 0.00013798233826070255
134 0.0001499808024572854
135 0.00019647513920061546
136 0.00020397417932347975
137 0.0002519680361098112
138 0.00025946736421424697
139 0.0003644536379527752
140 0.0004049487425978138
141 0.00041394903065310873
142 0.0005144353043547753
143 0.0006434185064864692
144 0.0007169099636352536
145 0.0007919000768823251
146 0.0009883763680092264
147 0.001132356498460363
148 0.0013663291421278736
149 0.0015853005377523667
150 0.0019257569593304049
151 0.0022572159726688633
152 0.002615669802560205
153 0.0029591261281689584
154 0.003431566231872551
155 0.003889007391385703
156 0.004551923402191617
157 0.005055863218171668
158 0.0057892716460403665
159 0.00656767201079368
160 0.0074180646006343455
161 0.008568420235297438
162 0.00932432520757159
163 0.010396686793214899
164 0.011349069784505375
165 0.012167963526014295
166 0.01340680697018247
167 0.01457666039714657
168 0.01578550451302601
169 0.01687436917060791
170 0.01788074179500415
171 0.018965108756401762
172 0.019719509024964617
173 0.020640388560218208
174 0.021592776447195414
175 0.02217019389720883
176 0.022510654350528864
177 0.02296959963779016
178 0.023013093494539633
179 0.022992094166324605
180 0.022845111540008612
181 0.022497159246105
182 0.02292160117329869
183 0.02202171319075768
184 0.021379797948074642
185 0.020869867539443445
186 0.02001346880594676
187 0.018722134096789526
188 0.017849241506764556
189 0.01678737483353283
190 0.015554529469536654
191 0.0148466238256987
192 0.013513290460111432
193 0.012365937897276346
194 0.011472044251146918
195 0.010507666539420282
196 0.00942330735352511
197 0.008466428105958197
198 0.007577041371423355
199 0.006912626416537575
200 0.006110225091649102
201 0.005379818007718974
202 0.004841388366805178
203 0.004053986850051859
204 0.003817015166298345
205 0.0032185937803647785
206 0.0028061448457178135
207 0.002281212901062029
208 0.0021237301786661642
209 0.001904759359004814
210 0.0015268060089230246
211 0.0013483297179435693
212 0.0011638533309211074
213 0.0009298824151430272
214 0.0008218950854474959
215 0.0007439053561512789
216 0.0006389187944311793
217 0.0005984245537308552
218 0.0005549306969813853
219 0.0004559430793780056
220 0.0003524554617377638
221 0.0003284582453630268
222 0.00030296266087157436
223 0.00022647129969207265
224 0.00026396650030639394
225 0.00021297360343406003
226 0.00016947859475830414
227 0.00016797849875215969
228 0.00014098224229141986
229 0.00013348291418698401
230 0.00011848540990439855
231 0.0001394832982115616
232 0.00011848512192282703
233 0.00010648636974467262
234 9.598800155423419e-05
235 0.00010498684970167133
236 0.00011098608179996274
237 8.39892493760798e-05
238 9.598771357266264e-05
239 6.299222501363143e-05
240 9.898732962180834e-05
241 7.199107316106855e-05
242 7.799030525935996e-05
243 0.00010948627377538988
244 8.39892493760798e-05
245 7.948982530236125e-05
246 9.448819352966135e-05
247 0.00010498656172009978
248 0.00013648253023612977
249 9.898732962180836e-05
250 0.00013798233826070258
251 0.00014998080245728554
252 0.00014548166636513843
253 0.0001589796506047226
254 0.00017997696294874257
255 0.00019647513920061552
256 0.0002054745633111958
257 0.0002399692839316568
258 0.0002654663083309667
259 0.00027896458055212247
260 0.0003104605490681524
261 0.00032695814935688235
262 0.00034495642161489967
263 0.0003554545018237664
264 0.0003704528700510665
265 0.0004469430793042821
266 0.00047243952774044906
267 0.0005204336725083521
268 0.0005459301209445193
269 0.0005969241697431393
270 0.0006419192744250394
271 0.0006764137070639288
272 0.0007364063160284144
273 0.0007993979650789034
274 0.0009253815511614512
275 0.000935881071278176
276 0.0009883734881935115
277 0.0011128589941409154
278 0.0011233562104050689
279 0.0012613397005920579
280 0.001420318487252065
281 0.0014773126320936922
282 0.001562799961604915
283 0.0017367782684185097
284 0.0018147679977147267
285 0.001880759838777504
286 0.0018897592628880839
287 0.0020997318103651405
288 0.0023606981186592465
289 0.0023142040698974874
290 0.0025181779612393953
291 0.00268315684394241
292 0.0027476491649621867
293 0.002924627087824925
294 0.003113602610939535
295 0.003049110865882901
296 0.0032050903244753336
297 0.0033190757343428716
298 0.0033265753504288804
299 0.003376068439276641
300 0.0032785806296978335
301 0.003293579861869847
302 0.0032995788059865683
303 0.0032035905164507624
304 0.0030536105779381912
305 0.0029651216165068215
306 0.0027401501248393214
307 0.0026666586676905384
308 0.0025256770013622606
309 0.002336701478247651
310 0.002189719715876369
311 0.002050238145554236
312 0.0018627615665194849
313 0.001579298137856789
314 0.0014698118640813992
315 0.0013288304857346934
316 0.001081361585717028
317 0.0009703757918986373
318 0.0008578901900556727
319 0.0006569159147629105
320 0.0005669277212701106
321 0.0004889374160107507
322 0.00039894893453637937
323 0.0003704525820694951
324 0.000289462948742561
325 0.00020097456327433405
326 0.00016947830677673258
327 0.0001379823382607026
328 0.00011548521789210976
329 9.448790554808983e-05
330 8.698886542522554e-05
331 5.099347283547706e-05
332 3.5995392589748515e-05
333 4.949366481090421e-05
334 3.8995008638894215e-05
335 1.7997696294874257e-05
336 1.4998080245728549e-05
337 1.949750431944711e-05
338 1.3498272221155694e-05
339 4.4994240737185635e-06
340 1.1998464196582839e-05
341 4.4994240737185635e-06
342 1.5000960061443932e-06
343 4.4994240737185635e-06
344 0.0
345 2.9996160491457093e-06
346 2.9996160491457093e-06
347 5.9992320982914186e-06
348 2.9996160491457093e-06
349 4.4994240737185635e-06
350 1.4998080245728546e-06
351 0.0
352 0.0
353 0.0
354 0.0
355 1.4998080245728546e-06
356 0.0
357 0.0
358 0.0
