0 0.0
1 0.0
2 1.4998080245728546e-06
3 1.4998080245728546e-06
4 1.4998080245728546e-06
5 1.4998080245728546e-06
6 4.4994240737185635e-06
7 0.0
8 1.4998080245728546e-06
9 4.4994240737185635e-06
10 2.9996160491457093e-06
11 0.0
12 0.0
13 7.499040122864274e-06
14 0.0
15 2.9996160491457093e-06
16 1.4998080245728546e-06
17 4.4994240737185635e-06
18 7.499040122864274e-06
19 8.998848147437129e-06
20 4.4994240737185635e-06
21 8.998848147437129e-06
22 1.4998080245728549e-05
23 7.499040122864274e-06
24 1.6497888270301404e-05
25 1.4998080245728549e-05
26 2.2497120368592818e-05
27 3.899500863889422e-05
28 5.099347283547707e-05
29 4.949366481090422e-05
30 7.199078517949703e-05
31 8.698886542522557e-05
32 0.00010498656172009976
33 9.898732962180837e-05
34 0.0001364825302361297
35 0.00017997696294874257
36 0.00020247408331733555
37 0.00023546985985793822
38 0.00030896045306200794
39 0.0003689527740449221
40 0.0004274452870032635
41 0.00046194087156843904
42 0.0005924241697062776
43 0.0007004103474755229
44 0.0007709013246304476
45 0.0009658763678249184
46 0.001039366961028988
47 0.00120284603570743
48 0.0013618256863121522
49 0.0017082813399884825
50 0.0017967700134382803
51 0.0020292402572470733
52 0.0022677097331541577
53 0.0025286763294298355
54 0.002737149644845461
55 0.0029576214244576705
56 0.0032485841812248065
57 0.003460057112689578
58 0.0037165242848915354
59 0.003802013342292188
60 0.0038275100787099267
61 0.004112473603378766
62 0.004302949222499519
63 0.004431932712612787
64 0.004746892397773086
65 0.004488925417546556
66 0.004616409099635248
67 0.0047018981570359
68 0.004814383758878862
69 0.004685400268765599
70 0.004644905452102131
71 0.004359941927433288
72 0.004251955749664043
73 0.004016485889806103
74 0.00413947014782108
75 0.003917498560184296
76 0.0036400340756383193
77 0.003448058648492995
78 0.0031720939719715917
79 0.0030506095219811884
80 0.00279414234977923
81 0.002558672489921291
82 0.0024281891917834527
83 0.0022452126127855644
84 0.0020232410251487818
85 0.0018927577270109438
86 0.0016572878671530056
87 0.0015223051449414474
88 0.001406819927049338
89 0.0013033331733538116
90 0.001162351219043963
91 0.0009943727202918022
92 0.000980874448070647
93 0.0008518909579573815
94 0.0007813999808024573
95 0.0006719139950086389
96 0.0006224203301977345
97 0.0005699270493376848
98 0.0005204333845267804
99 0.00048143837588788624
100 0.00044394317527356506
101 0.0003929497024380879
102 0.00036295354194663075
103 0.00036445334997120375
104 0.0003299577654060279
105 0.00027296506047225954
106 0.0002324702438087925
107 0.00025196774812823956
108 0.00021747216356306402
109 0.0002279708197350739
110 0.00020997312344019968
111 0.00018297657899788824
112 0.00016347907467844123
113 0.0001844763870224611
114 0.00014698118640813979
115 0.0001709781148013055
116 0.00015598003455557697
117 0.0001379823382607026
118 0.00015598003455557686
119 0.0001589796506047226
120 0.00015148061048185835
121 0.00012898349011326545
122 0.00013648253023612974
123 0.00013798233826070263
124 0.00015148061048185835
125 0.00013348291418698401
126 0.00016197926665386829
127 0.00017847715492416973
128 0.00021747216356306397
129 0.00022347139566135545
130 0.00022347139566135542
131 0.00022947062775964677
132 0.00029396237281627946
133 0.0002834637166442695
134 0.00031196006911115377
135 0.00034045642157803794
136 0.00044244336724899206
137 0.00045894125551929364
138 0.0004949366481090418
139 0.0005594283931656745
140 0.0006419178345171818
141 0.000670414186984066
142 0.0008008974851219043
143 0.0009418794394317529
144 0.0010678633134958725
145 0.001115857170282204
146 0.001417318583221349
147 0.0015283043770397391
148 0.0018117680936840092
149 0.001955749664043003
150 0.0022572110769821466
151 0.00260066711460933
152 0.0028406363985409885
153 0.0033400724707237503
154 0.0035365473219427916
155 0.004136470531771934
156 0.004772389134190823
157 0.005097847475523133
158 0.005721767613745444
159 0.00631719139950087
160 0.007277068535227491
161 0.00785149500863889
162 0.008460417066615473
163 0.009579273852946829
164 0.010225691111537729
165 0.011272557112689595
166 0.01189947686696104
167 0.012752867632942996
168 0.013826730178537146
169 0.014608130159339603
170 0.015284543578421952
171 0.016100439143789582
172 0.016410899404876163
173 0.017184800345555758
174 0.018050189575734305
175 0.01860961796889998
176 0.018912579189863693
177 0.019415014878095615
178 0.019425513534267625
179 0.01988445478978692
180 0.019992440967556167
181 0.01953799913611059
182 0.019416514686120184
183 0.01892157803801114
184 0.01850613121520445
185 0.018141677865233245
186 0.01745476578997887
187 0.016875839892493746
188 0.0163809032443847
189 0.015259046842004206
190 0.01441165530812056
191 0.013778736321750824
192 0.01274536859282013
193 0.011797489921290087
194 0.011046086100979083
195 0.009991721059704363
196 0.009480286523325014
197 0.008452918026492605
198 0.007857494240737187
199 0.007161583317335381
200 0.006492668938375893
201 0.005648277020541374
202 0.005166838644653486
203 0.004691399500863892
204 0.004068979170666154
205 0.0037030260126703803
206 0.003200590324438473
207 0.002876631791130737
208 0.0025391749856018436
209 0.002276708581301594
210 0.001961748896141295
211 0.0017832717412171256
212 0.0015073070646957202
213 0.0013273301017469768
214 0.0011878479554617014
215 0.0010453661931272798
216 0.0009373800153580339
217 0.0007589028604338642
218 0.0007019101555000958
219 0.0006119216740257246
220 0.000515933960453062
221 0.00048443799193703186
222 0.0004514422153964291
223 0.0004109473987329621
224 0.0003524548857746208
225 0.0002849635246688424
226 0.00030896045306200794
227 0.00023546985985793822
228 0.00022947062775964698
229 0.0002234713956613553
230 0.00020547369936648122
231 0.00020247408331733547
232 0.00019497504319447115
233 0.00018597619504703408
234 0.00015747984258014972
235 0.0001679784987521597
236 0.00018297657899788835
237 0.00015747984258014986
238 0.00015448022653100405
239 0.0001424817623344212
240 0.0001484809944327126
241 0.00014548137838356687
242 0.00010198694567095404
243 0.00014248176233442125
244 0.0001724779228258784
245 0.00012898349011326545
246 0.0001949750431944712
247 0.00018897581109617972
248 0.0001979746592436168
249 0.00018597619504703402
250 0.00021597235553849113
251 0.00023846947590708395
252 0.00023097043578421974
253 0.00029546218084085235
254 0.0003134598771357265
255 0.0002864633326934151
256 0.0003149596851602995
257 0.00037045258206949494
258 0.00039144989441351497
259 0.0004064479746592436
260 0.0004769389518141679
261 0.0004994360721827603
262 0.0005744264734114033
263 0.000733406124016126
264 0.0007199078517949704
265 0.0007933984449990404
266 0.0008143957573430599
267 0.0009703757918986366
268 0.0010663635054712999
269 0.0011938471875599925
270 0.0012478402764446162
271 0.0013828229986561726
272 0.0014533139758110968
273 0.00162879151468612
274 0.001718779996160492
275 0.002026240641197927
276 0.002173221827606068
277 0.0024761830485697835
278 0.0026321630831253615
279 0.0026546602034939544
280 0.003052109330005762
281 0.0033490713188711867
282 0.0035215492416970653
283 0.00356654348243425
284 0.0037855154540218866
285 0.004013486273756962
286 0.004173965732386252
287 0.004133470915722787
288 0.004448430600883087
289 0.004563915818775199
290 0.004572914666922633
291 0.004568415242848915
292 0.004511422537915147
293 0.004608910059512385
294 0.004476926953349972
295 0.004521921194087157
296 0.004526420618160875
297 0.0042219595891725865
298 0.004277452486081783
299 0.003971491649068921
300 0.004004487425609525
301 0.0035905404108274148
302 0.0034285611441735478
303 0.0031600955077750095
304 0.003125599923209832
305 0.0027266509886734514
306 0.0024626847763486296
307 0.002282707813399885
308 0.002044238337492802
309 0.0018702606066423504
310 0.001663287099251297
311 0.001336328949894414
312 0.0012088452678057208
313 0.0010528652332501443
314 0.0009688759838740639
315 0.0007903988289498943
316 0.0007184080437703974
317 0.0005774260894605489
318 0.000494936648109042
319 0.0004439431752735651
320 0.0003569543098483394
321 0.0003014614129391437
322 0.00027746448454597815
323 0.00019947446726818977
324 0.0001364825302361297
325 0.00013198310616241123
326 0.00010498656172009977
327 0.00010798617776924548
328 6.899116913035133e-05
329 5.399308888462279e-05
330 3.749520061432136e-05
331 3.899500863889422e-05
332 2.849635246688423e-05
333 3.149596851602994e-05
334 2.6996544442311378e-05
335 2.2497120368592818e-05
336 1.1998464196582839e-05
337 7.499040122864273e-06
338 1.0498656172009984e-05
339 7.499040122864274e-06
340 5.9992320982914186e-06
341 2.9996160491457093e-06
342 5.9992320982914186e-06
343 5.9992320982914186e-06
344 2.9996160491457093e-06
345 1.4998080245728546e-06
346 1.4998080245728546e-06
347 1.4998080245728546e-06
348 2.9996160491457093e-06
349 0.0
350 1.4998080245728546e-06
351 0.0
352 2.9996160491457093e-06
353 1.4998080245728546e-06
354 1.4998080245728546e-06
355 0.0
356 0.0
357 1.4998080245728546e-06
358 2.9996160491457093e-06
