0 2.5498464417780998e-05
1 2.849692843002731e-05
2 2.6997120405454456e-05
3 2.3997504466921985e-05
4 3.299606452217434e-05
5 2.9997600399314786e-05
6 4.199577661432608e-05
7 6.4493472946062e-05
8 7.049270504435341e-05
9 8.099107323479184e-05
10 0.0001334857940026994
11 0.0001454851222546101
12 0.0001634851225126699
13 0.0002399730276920868
14 0.0002639728361221944
15 0.0003119689966504847
16 0.00038395949373779697
17 0.00045595834273313664
18 0.0005459410642442374
19 0.0006284365534299733
20 0.0008219115005076866
21 0.0008804094851158872
22 0.0010573911522921238
23 0.001216379442565219
24 0.0013843550609485976
25 0.0017158227143978823
26 0.0018268110999398045
27 0.0020727758718774823
28 0.002338253988116561
29 0.0024567402614126084
30 0.0028346970671626424
31 0.003058169903063695
32 0.0033056462911552863
33 0.0033821284361502057
34 0.0036131066481005373
35 0.0038080793869999813
36 0.0038275719955221006
37 0.004115551263097481
38 0.004309025922967913
39 0.00429252025919518
40 0.004207034080835953
41 0.00430602083526891
42 0.004106535712018894
43 0.004058554814845735
44 0.0038710621081793012
45 0.0038905564444802346
46 0.0036071007927579394
47 0.0036340826494764217
48 0.0034811042462879267
49 0.0030806552157454027
50 0.0029021754696507687
51 0.0027851864115496314
52 0.002591712040435061
53 0.00240571943010661
54 0.002152248418285552
55 0.001843285661039131
56 0.0016918102341149475
57 0.001531320984001607
58 0.0014053373983615115
59 0.00116086696224548
60 0.0010918755052441694
61 0.0008728997896748762
62 0.0008354074692081097
63 0.0007484151477827997
64 0.0006659234027999463
65 0.0005594376086865775
66 0.0004724467273903507
67 0.0004019537342538127
68 0.00038395805405116556
69 0.0003794580537930776
70 0.00032846256508659976
71 0.0002939684205398951
72 0.0002729693801958326
73 0.0002594745639747619
74 0.0002564737957781035
75 0.0002639719720668665
76 0.000283471492146701
77 0.00029097139632489326
78 0.0002789706281651248
79 0.00031346794084095614
80 0.0003074747565768936
81 0.00031046746073648253
82 0.00031647014861363253
83 0.0003404699567119003
84 0.0003044719723986211
85 0.00034797014898227716
86 0.00031496918866277357
87 0.000376468517209549
88 0.0003284686130314418
89 0.00039896304574399785
90 0.00041846112613720107
91 0.00037046410144297
92 0.00041696131811262856
93 0.0003854665018547244
94 0.00045295642305264523
95 0.0004694586312677461
96 0.00047845632715705745
97 0.0004604557510464675
98 0.0005219553682384941
99 0.00042596131862880464
100 0.0004964531596178305
101 0.0004649583430280865
102 0.00046795536735370143
103 0.0004679550791509034
104 0.00047245363939052074
105 0.0004979598797531863
106 0.0004769559433905677
107 0.0004439584387393093
108 0.00047395575115705265
109 0.00044095853504043186
110 0.0004514580548253168
111 0.0004694545995257446
112 0.0004484546951263546
113 0.00047545354342123794
114 0.0004829485519127138
115 0.0004499533511140277
116 0.0005054471121891644
117 0.00048444519180816
118 0.0005399432728280964
119 0.0005279425043364886
120 0.0006344311780443465
121 0.0006944240749904034
122 0.0008099087166981443
123 0.0008804002700374379
124 0.0010003900958927804
125 0.0011533667705281687
126 0.0012913525644571164
127 0.0015508245367083474
128 0.0016783116751289656
129 0.0019407792305812094
130 0.002218242851403699
131 0.0025917016726560316
132 0.002944156846744063
133 0.003302619316414392
134 0.0038830605732607876
135 0.0042715059557172155
136 0.004812946732274859
137 0.005552360728057651
138 0.006008314750624758
139 0.006317282980848397
140 0.007224663667807074
141 0.007775113659738119
142 0.008631511816939812
143 0.00911895806448375
144 0.009852377724961095
145 0.010812270987766342
146 0.010929263500982656
147 0.011701651962448533
148 0.012088614239147852
149 0.012583565863072904
150 0.013009513358143822
151 0.013426480149233666
152 0.013537460758498864
153 0.013514953269687565
154 0.013574947607094545
155 0.013493970069657302
156 0.013438469397024444
157 0.01325249694629091
158 0.013015521806537311
159 0.012738040906156848
160 0.01267955876119876
161 0.012082628543068331
162 0.01165068469549361
163 0.010795782314906322
164 0.01022885171337805
165 0.009516430806922396
166 0.009309452978037955
167 0.00827606624254476
168 0.007979103389734624
169 0.007479669045994355
170 0.006747743722776626
171 0.006345792580246346
172 0.005885333661181364
173 0.005483392886208885
174 0.005130937425024188
175 0.004803968043611724
176 0.004604507399569578
177 0.004270035234716272
178 0.004160553280996295
179 0.0041605480965537164
180 0.003926578045826483
181 0.003998587262158398
182 0.003970072765856987
183 0.004093080639909414
184 0.004207068353850749
185 0.00447854483769034
186 0.004585036678642422
187 0.004639043303767038
188 0.005120488879304824
189 0.005417461523930847
190 0.005748923416974412
191 0.00602189394953898
192 0.00639535737849646
193 0.006945816010980783
194 0.007193277423256359
195 0.007779732887574605
196 0.00800770169199175
197 0.008304685281134235
198 0.008558162628881703
199 0.008876130569317074
200 0.0089946128115348
201 0.009287087184566455
202 0.009141597740486621
203 0.009437076048848544
204 0.00913860359863144
205 0.009302084113549578
206 0.009284115215633087
207 0.009221090159282328
208 0.00874716608941654
209 0.008607663784089418
210 0.008409675013195728
211 0.007965728094493573
212 0.007509769748552651
213 0.007154302862747016
214 0.006630858918760759
215 0.006267886081385152
216 0.005922927645115997
217 0.005463958453393229
218 0.004936023149149095
219 0.004574560200037975
220 0.004163597536733135
221 0.0038351231648445544
222 0.0034361604069715153
223 0.0030536958239123753
224 0.002728224811169693
225 0.0024417557191766877
226 0.0022167830744767676
227 0.0018958109102871134
228 0.0016483322180111102
229 0.0015193513199532153
230 0.0013213711887278992
231 0.0011863804023686591
232 0.000997400271217067
233 0.0009149079503816842
234 0.0008339142848702957
235 0.0007634247479550687
236 0.0006854289706033968
237 0.0006464290664990127
238 0.0005459430802258515
239 0.0005609377046927218
240 0.0005789397211536217
241 0.0005534424085515136
242 0.0005144473998020062
243 0.0005249449040477302
244 0.000520445480084625
245 0.0004529509511815592
246 0.0005174429841091506
247 0.0005354426961644124
248 0.0005129444238695333
249 0.0005234407760783577
250 0.0005894354971780768
251 0.0005429405843609905
252 0.0005579395285514335
253 0.0005939331931411392
254 0.0005774364573501907
255 0.0005879385688586061
256 0.000640433577608085
257 0.0005264464398511191
258 0.0005954344411841837
259 0.0005594399125391494
260 0.0005339434643242089
261 0.0005264438479063619
262 0.0005384420241213731
263 0.0005804392408647834
264 0.0005189419279677822
265 0.0005114443279740022
266 0.0005159440398080656
267 0.0004739522951569677
268 0.0005264429839616476
269 0.0005504370325390974
270 0.0004799460554947864
271 0.0004859473034640788
272 0.00048444749532889253
273 0.0004619518149787707
274 0.00044995363876375956
275 0.00043045671029684224
276 0.00046645354290506165
277 0.00042595440640740825
278 0.0003854569980204107
279 0.0004214526784811173
280 0.00041545344649343894
281 0.0004274536385794514
282 0.00036446227751053443
283 0.0003404650612464104
284 0.000356962085461384
285 0.0002999670765644302
286 0.0003209655408347362
287 0.00031796592478559063
288 0.00031346765274877127
289 0.0003029681325214336
290 0.00031046947649687013
291 0.00033596822878560945
292 0.0003299678447610319
293 0.0004214641981864322
294 0.0003989610297623837
295 0.0004049660217133324
296 0.000455956038659338
297 0.0005489473039801417
298 0.0005384497996238048
299 0.0006509405852456698
300 0.0006929372258047106
301 0.0008084276274757212
302 0.0010124127504307595
303 0.0010274111186580595
304 0.0011024038231862085
305 0.001246387121434632
306 0.0013888789632346703
307 0.0015313656212558077
308 0.0016123661981036874
309 0.001798349304708438
310 0.001963339707337993
311 0.002017326172204018
312 0.002323298528590356
313 0.002324798336393702
314 0.002428302369647201
315 0.002659279140583541
316 0.002740267334002617
317 0.0029037556245338028
318 0.0028992518801834433
319 0.0029532544729023785
320 0.002959254568613545
321 0.0028842656078458266
322 0.0028827606157105137
323 0.0027522701183652267
324 0.002689277028853815
325 0.0027342666618858555
326 0.0026622850921166467
327 0.0024867917140339634
328 0.0023548060161480205
329 0.0021988121583663965
330 0.002041325979970446
331 0.002032334619786322
332 0.0017668507444688769
333 0.0016588582312156703
334 0.0014248798275848914
335 0.0012598937454532022
336 0.0011249162070205458
337 0.0009779148615705585
338 0.0008384301234511389
339 0.0007229434655405583
340 0.000685445961184278
341 0.000509963238530353
342 0.0004724614144504994
343 0.00033897360446618594
344 0.0003299741803556058
345 0.00023998109128670316
346 0.0002489808033788549
347 0.00017098646626688
348 0.00013948876986142087
349 0.00010499116953585764
350 0.00010949116946210609
351 7.949472098907746e-05
352 7.349520090921452e-05
353 4.4995968626614876e-05
354 4.1996928540612234e-05
355 3.749606455903598e-05
356 3.149769640545917e-05
357 3.4497600546789664e-05
358 1.3498848184298772e-05
