0 4.4994240737185635e-06
1 0.0
2 0.0
3 1.4998080245728546e-06
4 1.4998080245728546e-06
5 0.0
6 0.0
7 1.4998080245728546e-06
8 0.0
9 0.0
10 0.0
11 4.4994240737185635e-06
12 0.0
13 1.4998080245728546e-06
14 1.4998080245728546e-06
15 2.9996160491457093e-06
16 2.9996160491457093e-06
17 7.499040122864274e-06
18 2.9996160491457093e-06
19 2.9996160491457093e-06
20 4.4994240737185635e-06
21 1.0498656172009984e-05
22 4.4994240737185635e-06
23 4.4994240737185635e-06
24 1.0498656172009984e-05
25 1.7997696294874257e-05
26 2.2497120368592818e-05
27 2.0997312344019964e-05
28 4.049481666346708e-05
29 4.949366481090421e-05
30 4.7993856786331355e-05
31 5.9992320982914196e-05
32 5.849251295834134e-05
33 6.899116913035133e-05
34 7.948982530236127e-05
35 0.00010498656172009978
36 0.00013348291418698412
37 0.00018747600307160672
38 0.00019797465924361693
39 0.00023696966788251116
40 0.0003269581493568823
41 0.0003734521981186407
42 0.000401948550585525
43 0.0005234330005759261
44 0.0006239201382223074
45 0.0006869120752543674
46 0.0007813999808024576
47 0.0008398924937607986
48 0.000983874064119793
49 0.0012028460357074308
50 0.0013648253023612986
51 0.0014608130159339619
52 0.0017217796122096375
53 0.0018822590708389337
54 0.0019542498560184314
55 0.002285707429449031
56 0.0025151780572086778
57 0.0024461868880783265
58 0.0025841692263390294
59 0.0028961292954501837
60 0.0030326118256863146
61 0.0031765933960453074
62 0.003166094739873298
63 0.0033010774620848542
64 0.0034120632559032442
65 0.003395565367632946
66 0.003434560376271838
67 0.003182592628143599
68 0.0033820670954117877
69 0.0033910659435592264
70 0.0033745680552889237
71 0.0033130759262814374
72 0.0030401108658091773
73 0.003037111249760033
74 0.0029126271837204855
75 0.0027311504127471705
76 0.0026351626991745077
77 0.0025196774812823977
78 0.0024551857362257643
79 0.0021102298905740077
80 0.002126727778844309
81 0.0019632487041658683
82 0.0018072686696102905
83 0.0016182928585141108
84 0.0015747984258014977
85 0.0013513270301401428
86 0.0012898349011326558
87 0.001214844499904013
88 0.0010888606258398926
89 0.0009103834709157225
90 0.0008833869264734113
91 0.0007754007487041657
92 0.0006899116913035129
93 0.0006464172585909
94 0.0006224203301977348
95 0.0005534291610673833
96 0.0004904372240353234
97 0.0004439431752735649
98 0.0004184464388558264
99 0.00034945526972547495
100 0.00033745680552889237
101 0.00029246256479170663
102 0.0002954621808408523
103 0.00027746448454597815
104 0.0002624664043002495
105 0.00020097427529276244
106 0.00021747216356306386
107 0.00024146909195622962
108 0.0002309704357842197
109 0.00018747600307160678
110 0.0001694783067767326
111 0.00015448022653100394
112 0.0001604794586292954
113 0.00013348291418698404
114 0.00012748368208869264
115 0.00012448406603954694
116 0.000122984258014974
117 0.00010348675369552696
118 0.00013948214628527541
119 0.0001319831061624112
120 0.00011398540986753691
121 0.00011848483394125545
122 8.848867344979839e-05
123 0.00013198310616241123
124 0.00014398157035899403
125 0.00015298041850643119
126 0.0001619792666538683
127 0.00016497888270301399
128 0.00020397389134190817
129 0.00018597619504703405
130 0.00021897197158763678
131 0.0002249712036859283
132 0.00023996928393165678
133 0.0002924625647917067
134 0.00031196006911115366
135 0.0003134598771357266
136 0.00040944759070838917
137 0.0004184464388558264
138 0.0004709397197158765
139 0.0005384310808216548
140 0.0006674145709349205
141 0.0007259070838932618
142 0.000748404204261854
143 0.0009343803993088884
144 0.0011008590900364748
145 0.0012478402764446157
146 0.0013753239585333084
147 0.0015103066807448653
148 0.0018582621424457688
149 0.0020307400652716467
150 0.0023981930312919953
151 0.002720651756575159
152 0.0030461100979074698
153 0.0034705557688615896
154 0.003920498176233442
155 0.0044094355922441935
156 0.004845879727394895
157 0.005487797561912079
158 0.006350187176041472
159 0.00689761710501056
160 0.007689515741985023
161 0.008760378671530044
162 0.009442791322710692
163 0.010386170570167025
164 0.011298053849107325
165 0.012331421578038019
166 0.013246304473027463
167 0.014359162027260513
168 0.015224551257439042
169 0.016283415722787468
170 0.01737377615665194
171 0.01802919226339028
172 0.018854086676905357
173 0.019587492800921494
174 0.020254907371856416
175 0.021096299673641787
176 0.02176671386062586
177 0.021522245152620478
178 0.022068175273565006
179 0.021997684296410084
180 0.021697722691495506
181 0.02181620752543676
182 0.021826706181608774
183 0.021399260894605508
184 0.02079033883662893
185 0.02027440487617586
186 0.019540998752159727
187 0.018633614897293142
188 0.017879211460932982
189 0.017036319351123052
190 0.01593995968516029
191 0.015412027260510646
192 0.014152188519869458
193 0.01311432136686505
194 0.012028460357074293
195 0.010972595507775011
196 0.010144701478210795
197 0.009442791322710692
198 0.008493412843156077
199 0.007623524188903823
200 0.00679862977538875
201 0.006147713092724137
202 0.0054997960261086625
203 0.004974863217508159
204 0.004248956133614898
205 0.003975991073142637
206 0.0034795546170090256
207 0.003055108946054906
208 0.0026396621232482264
209 0.002299205701670187
210 0.002099731234401998
211 0.0017472763486273757
212 0.0015223051449414478
213 0.0013648253023612986
214 0.0012388414282971784
215 0.0011533523708965254
216 0.0009718755999232098
217 0.0007604026684584374
218 0.0006719139950086387
219 0.0006854122672297944
220 0.0005414306968708007
221 0.0005084349203301976
222 0.00043794394317527344
223 0.00043794394317527317
224 0.0003479554617009023
225 0.0003119600691111539
226 0.0002639662123248224
227 0.00026096659627567674
228 0.00022947062775964674
229 0.0002264710117105011
230 0.00020847331541562668
231 0.00017697734689959684
232 0.00017547753887502398
233 0.00016947830677673247
234 0.00018147677097331554
235 0.00011698502591668258
236 0.00013348291418698407
237 0.00016347907467844112
238 0.0001484809944327126
239 0.00015148061048185838
240 0.00015598003455557697
241 0.00015897965060472267
242 0.00017247792282587836
243 0.00013648253023612974
244 0.00015298041850643119
245 0.00016197926665386834
246 0.00015148061048185838
247 0.00017697734689959687
248 0.00013498272221155688
249 0.00019797465924361696
250 0.00019947446726818963
251 0.00019947446726818974
252 0.00020847331541562687
253 0.0002549673641773853
254 0.00026396621232482246
255 0.00026246640430024963
256 0.0003104602610865808
257 0.0003869504703397963
258 0.00035995392589748497
259 0.00038995008638894224
260 0.0004214460549049723
261 0.0004904372240353232
262 0.00047093971971587633
263 0.000628419562296026
264 0.0006569159147629103
265 0.0006929113073526587
266 0.0007319063159915529
267 0.0008353930696870801
268 0.0008968851986945671
269 0.0009913731042426569
270 0.0010528652332501445
271 0.0011323550585525055
272 0.0013018333653292383
273 0.0014773109042042615
274 0.0014848099443271264
275 0.0016602874832021505
276 0.001720279804185065
277 0.002041238721443657
278 0.002171722019581494
279 0.0022587108850067204
280 0.0024551857362257643
281 0.002533175753503553
282 0.0027101531004031496
283 0.0028481354386638525
284 0.0029636206565559625
285 0.003253083605298523
286 0.0031211004991361126
287 0.003332573430600883
288 0.003343072086772894
289 0.003440559608370129
290 0.0035005519293530444
291 0.0036715300441543487
292 0.0036460333077366104
293 0.003793014494144753
294 0.0037420210213092737
295 0.0035980394509502796
296 0.0034660563447878683
297 0.0034465588404684216
298 0.0032305864849299305
299 0.003070107026300635
300 0.003064107794202344
301 0.0028076406220003854
302 0.002680156939911692
303 0.002429688999808026
304 0.0022782083893261662
305 0.002065235649836822
306 0.0019872456325590333
307 0.0017397773085045122
308 0.0016032947782683813
309 0.0013693247264350164
310 0.001270337396813208
311 0.0011878479554617005
312 0.00103486753695527
313 0.0009253815511614509
314 0.0007649020925321559
315 0.0006404180264926089
316 0.0006149212900748704
317 0.00047843875983874046
318 0.00039894893453637926
319 0.00033745680552889226
320 0.0002759646765214052
321 0.0002309704357842196
322 0.00020697350739105398
323 0.00015747984258014975
324 0.0001319831061624111
325 0.0001169850259166826
326 0.0001079861777692455
327 6.299193703205993e-05
328 6.299193703205992e-05
329 3.7495200614321365e-05
330 4.799385678633135e-05
331 3.899500863889422e-05
332 3.899500863889422e-05
333 2.2497120368592814e-05
334 2.099731234401996e-05
335 1.6497888270301404e-05
336 1.3498272221155694e-05
337 5.9992320982914186e-06
338 7.499040122864274e-06
339 8.998848147437129e-06
340 4.4994240737185635e-06
341 4.4994240737185635e-06
342 0.0
343 2.9996160491457093e-06
344 1.4998080245728546e-06
345 4.4994240737185635e-06
346 1.4998080245728546e-06
347 1.4998080245728546e-06
348 2.9996160491457093e-06
349 1.4998080245728546e-06
350 0.0
351 2.9996160491457093e-06
352 0.0
353 0.0
354 0.0
355 0.0
356 1.4998080245728546e-06
357 0.0
358 0.0
