0 0.0
1 2.9996160491457093e-06
2 0.0
3 1.4998080245728546e-06
4 1.4998080245728546e-06
5 1.4998080245728546e-06
6 0.0
7 0.0
8 0.0
9 2.9996160491457093e-06
10 4.4994240737185635e-06
11 2.9996160491457093e-06
12 2.9996160491457093e-06
13 4.4994240737185635e-06
14 1.4998080245728546e-06
15 5.9992320982914186e-06
16 4.4994240737185635e-06
17 1.4998080245728546e-06
18 2.9996160491457093e-06
19 2.9996160491457093e-06
20 7.499040122864274e-06
21 4.4994240737185635e-06
22 8.998848147437129e-06
23 1.6497888270301404e-05
24 2.0997312344019964e-05
25 2.399692839316567e-05
26 2.0997600325591503e-05
27 3.29957765406028e-05
28 5.399366484776587e-05
29 5.999232098291418e-05
30 5.099347283547706e-05
31 7.948982530236127e-05
32 7.349059320406987e-05
33 0.0001109857938183912
34 0.00014248205031599265
35 0.00016048003459243854
36 0.00018297686697945985
37 0.00023547014783950973
38 0.0003029623728900028
39 0.00032845795738145514
40 0.00040344835861009777
41 0.0004979374160844738
42 0.0005939245536939936
43 0.000692912459278945
44 0.0007514038203109999
45 0.000877388846301406
46 0.0010828634096126015
47 0.0011668535229333958
48 0.0013033346132616686
49 0.001652791610876574
50 0.0018012723173277143
51 0.0019227584952075454
52 0.002198721731821092
53 0.002407195623199864
54 0.002753653580728764
55 0.002819642253994255
56 0.0030941105782699473
57 0.003350576022582475
58 0.0035530501058998122
59 0.003859012958783673
60 0.00380351660609562
61 0.003947498752417757
62 0.004212969092490725
63 0.004299954790118662
64 0.004433438568250361
65 0.004427439912115212
66 0.004508430409386864
67 0.004566922058400489
68 0.004379447495236738
69 0.004428938856195071
70 0.004412440967924771
71 0.0041844715880975545
72 0.004197968132429283
73 0.0039669968327003475
74 0.003815518814052634
75 0.003697031388277233
76 0.003571047514213114
77 0.003311581589906723
78 0.003110607314613961
79 0.002878137358786742
80 0.0026141694185724883
81 0.0025361776734052696
82 0.0024251947594025945
83 0.0021192321945003034
84 0.001937755135545417
85 0.0017727733730266858
86 0.0015763002496970717
87 0.0014908109043148465
88 0.0013198322135503993
89 0.0011353587063436523
90 0.001106859474061053
91 0.0009958754081320909
92 0.0009658775197512042
93 0.000799399404986761
94 0.0007274083318256922
95 0.000685413419156081
96 0.0005384319447663697
97 0.0005084360722564839
98 0.0004799394318080282
99 0.0004514422153964292
100 0.0003554550777869097
101 0.0003659537339589196
102 0.00033895690153503663
103 0.0002909633327302769
104 0.0002954627568039955
105 0.0002549679401405283
106 0.00020397417932347983
107 0.00023996985989479977
108 0.00022497293157535748
109 0.0001739783068135942
110 0.00018147705895488707
111 0.00017997753891188569
112 0.00017247849878902137
113 0.0001634790746784411
114 0.00015598003455557686
115 0.00013798291422384564
116 0.00015598003455557689
117 0.0001229848339781171
118 0.00013348320216855555
119 0.00013198339414398268
120 0.00014248176233442114
121 0.0001409819543098484
122 0.00016047945862929542
123 0.00012898377809483698
124 0.0001454813783835669
125 0.00017697763488116843
126 0.00019347581113304132
127 0.00016197926665386834
128 0.0002084733154156269
129 0.00021447283549548977
130 0.00021897197158763672
131 0.0002429688999808025
132 0.0002369696678825111
133 0.0002969622768469967
134 0.0003074606450374352
135 0.00035845469383605536
136 0.0004484446152182842
137 0.00045744173547629223
138 0.0005309331926250768
139 0.0005594289691288182
140 0.0006119228259520108
141 0.0007724025725628777
142 0.0008053977731403375
143 0.0009523792475300486
144 0.0010333694568201261
145 0.00117735102717912
146 0.0014218194472029237
147 0.001573300633647926
148 0.0017622784606151078
149 0.0021942228837105162
150 0.0023082085815596264
151 0.0026996584759731417
152 0.0028511416782891438
153 0.0033805716071107885
154 0.003844014590556373
155 0.004094482530660039
156 0.004712405164673484
157 0.005285329238226177
158 0.005978241409523548
159 0.006540672010572515
160 0.007122599827959353
161 0.007998490018162463
162 0.008604410732200468
163 0.009735268862544128
164 0.010452177098289953
165 0.011106090805169581
166 0.01202098147566145
167 0.013066348532733443
168 0.013580779805346211
169 0.014752131312445455
170 0.01565051891099873
171 0.01644241898788105
172 0.017379798715257522
173 0.017798253793560495
174 0.01808170944672077
175 0.018951604724549178
176 0.019247065177500605
177 0.01928906095411493
178 0.020112457287494872
179 0.02000746986183005
180 0.019816994818672436
181 0.019936978020730408
182 0.019593521119158512
183 0.019583028222617926
184 0.019049092246146416
185 0.018273684873866103
186 0.017663264159791227
187 0.017285309657783146
188 0.016430421963592335
189 0.015770505568835563
190 0.014800127761065932
191 0.01408771376572554
192 0.012889370321889136
193 0.012124467941375417
194 0.011203579766674675
195 0.01038918861703675
196 0.009514795067060912
197 0.008934373681274784
198 0.007871002016350201
199 0.007308576310987958
200 0.006738649837613416
201 0.00579376559846423
202 0.005132349683664455
203 0.004640413227567702
204 0.004260961221387625
205 0.0038815080632812653
206 0.0032500894608992383
207 0.0030221174892378785
208 0.002527180265165691
209 0.0022317177963432668
210 0.002020245152860066
211 0.0017157823959823477
212 0.0016302953544526943
213 0.0013513284700480011
214 0.0011638527549579648
215 0.0010678650413853015
216 0.0010123718564945343
217 0.0008203964293492091
218 0.0007634031484522977
219 0.0006404194664004668
220 0.0005504298329998091
221 0.0005159342484346334
222 0.00042444624691726076
223 0.00040494903057938526
224 0.0003719529660572111
225 0.0003344577654428897
226 0.00032545920527702395
227 0.0002159726435200626
228 0.000238470051870227
229 0.00020547398734805273
230 0.00019047561912075258
231 0.00018597648302860553
232 0.00018597619504703397
233 0.00018297686697945985
234 0.00019497533117604268
235 0.00015148118644500133
236 0.00016347936266001265
237 0.00011698502591668266
238 0.00014098224229141984
239 0.0001304832981378383
240 0.0001334832021685556
241 0.00013498301019312844
242 0.00013498329817469994
243 0.00013648281821770122
244 0.00014248205031599273
245 0.0001529804185064311
246 0.00016347907467844115
247 0.00019047561912075264
248 0.00017097897874601998
249 0.00019047561912075264
250 0.00016947859475830414
251 0.00020397417932347973
252 0.00022347197162449848
253 0.0002114740833910586
254 0.00030296122096371675
255 0.00028496410063198535
256 0.0003134610290620128
257 0.00032095891725859085
258 0.00031946054914187567
259 0.0003794522941616467
260 0.0004694404876544466
261 0.0004319449990585536
262 0.0005564299290428151
263 0.0005999249377185707
264 0.0006164219620441578
265 0.0007379064120345588
266 0.0007739023805874506
267 0.0007978990209990449
268 0.001030369552789409
269 0.001168351315086968
270 0.0010753637935265947
271 0.001279337396886931
272 0.0014923104243578492
273 0.0016077956422499598
274 0.0017412788444185134
275 0.0019002590709863807
276 0.002141730466795182
277 0.002218218948158967
278 0.0024296918796237418
279 0.002720655212354018
280 0.0029501255521320944
281 0.003088108754337511
282 0.0033010823577715705
283 0.003476559608665025
284 0.0036010428107598586
285 0.003953501440294906
286 0.003987996736878509
287 0.004146976963446376
288 0.004398944423593042
289 0.004277458533694784
290 0.004527925897835307
291 0.0044214401040537765
292 0.00431195584614939
293 0.004559424458185482
294 0.004505430793337716
295 0.004331449030745262
296 0.00428645709386065
297 0.004098981954733759
298 0.004022491745480542
299 0.003940000576239607
300 0.003703032924228097
301 0.003496055673076613
302 0.003352075254643904
303 0.0030566124978399084
304 0.0028571397584611475
305 0.0025751735459888796
306 0.0023622016704442496
307 0.0021612256672620565
308 0.001960252543895581
309 0.0017547788445290992
310 0.0015418052410950394
311 0.0013213311576302574
312 0.0012208445959470187
313 0.0010888632176740364
314 0.000938880975308893
315 0.0007889004608331795
316 0.0006449183145110419
317 0.0005834267614666982
318 0.000521934056496068
319 0.00035695488581148247
320 0.00033895747749817964
321 0.0002534684200975271
322 0.0002579675561896741
323 0.00017997696294874246
324 0.00016347907467844118
325 0.00015298041850643113
326 0.00010498656172009978
327 8.848867344979839e-05
328 7.199107316106855e-05
329 6.449232101977584e-05
330 4.949366481090422e-05
331 4.049481666346708e-05
332 1.6497888270301404e-05
333 2.549702439931006e-05
334 2.2497120368592818e-05
335 2.2497120368592818e-05
336 7.499040122864274e-06
337 1.4998080245728549e-05
338 1.6497888270301404e-05
339 7.499040122864274e-06
340 1.4998080245728546e-06
341 2.9996160491457093e-06
342 2.9996160491457093e-06
343 0.0
344 4.4994240737185635e-06
345 1.4998080245728546e-06
346 4.4994240737185635e-06
347 2.9996160491457093e-06
348 0.0
349 0.0
350 1.4998080245728546e-06
351 2.9996160491457093e-06
352 2.9996160491457093e-06
353 1.4998080245728546e-06
354 2.9996160491457093e-06
355 0.0
356 0.0
357 1.4998080245728546e-06
358 1.4998080245728546e-06
