0 2.9996160491457093e-06
1 0.0
2 1.4998080245728546e-06
3 2.9996160491457093e-06
4 2.9996160491457093e-06
5 0.0
6 4.4994240737185635e-06
7 1.4998080245728546e-06
8 0.0
9 0.0
10 1.4998080245728546e-06
11 5.9992320982914186e-06
12 2.9996160491457093e-06
13 1.4998080245728546e-06
14 4.4994240737185635e-06
15 1.4998080245728546e-06
16 5.9992320982914186e-06
17 4.4994240737185635e-06
18 5.9992320982914186e-06
19 1.1998464196582839e-05
20 1.1998464196582839e-05
21 1.4998080245728549e-05
22 1.4998080245728549e-05
23 1.7997984276445796e-05
24 1.7997696294874257e-05
25 2.5496736417738524e-05
26 3.2995776540602795e-05
27 4.199462468803994e-05
28 4.499424073718565e-05
29 5.549289690919563e-05
30 6.449174505663275e-05
31 6.89911691303513e-05
32 0.00010198694567095408
33 0.0001304832981378383
34 0.00013498387413784306
35 0.00018897581109617978
36 0.0002144725475139183
37 0.00023696995586408262
38 0.0003509550777500479
39 0.00041094768671453376
40 0.0004304451910339807
41 0.0005414312728339436
42 0.0006884121712605122
43 0.0007784015166795973
44 0.0008758896142399763
45 0.0009778768478925016
46 0.0011158577462453468
47 0.0013603284701217235
48 0.0014743130160445464
49 0.0017247818200929277
50 0.0018747631985133574
51 0.002164228163126917
52 0.0024191940873964455
53 0.0026306673068427896
54 0.00280314551765024
55 0.00319009656395318
56 0.0033535753506500478
57 0.003560552889783107
58 0.003797517661978898
59 0.00410947917099791
60 0.00422496438889002
61 0.004521927529681734
62 0.004806892494258432
63 0.004736398637287793
64 0.004806894222147863
65 0.00505135947437438
66 0.0049883678253238905
67 0.004950872048746426
68 0.004941873776562133
69 0.0047259017090052115
70 0.0048773820315055
71 0.004685407468304886
72 0.004592419946744514
73 0.004299955078100234
74 0.0041679728358825375
75 0.003874009887103115
76 0.0038785090231952604
77 0.003602546938508002
78 0.003164600403498585
79 0.003202094164205049
80 0.002897633423198331
81 0.002639665867008657
82 0.0024926838166558006
83 0.0022692138609023025
84 0.0020997352661439985
85 0.001912257535182962
86 0.0017472780765168052
87 0.0016107955462806758
88 0.0014038217509080503
89 0.001172850739160687
90 0.0011578535228596734
91 0.0009583793435730546
92 0.0008788892302891221
93 0.000886387982430415
94 0.0007559041083294334
95 0.000673414378996355
96 0.0006449186024926134
97 0.0005489311769015221
98 0.000526433768551358
99 0.00048293904785717373
100 0.0004544426953902893
101 0.0004439440392182795
102 0.0003479557496824738
103 0.00033895718951660816
104 0.00031046083704972384
105 0.00022497177964907135
106 0.0002624672682449641
107 0.0002669664043371112
108 0.00022197245158149715
109 0.00022047177961220972
110 0.00017847801886888444
111 0.00017247907475216438
112 0.0001634790746784411
113 0.0001694785947583041
114 0.00014098195430984833
115 0.00014398157035899398
116 0.00014548137838356684
117 0.00015598032253714842
118 0.00016197926665386829
119 0.00014548253030985308
120 0.00016347907467844118
121 0.00013798233826070255
122 0.00012898349011326545
123 0.00013348291418698407
124 0.00015898022656786562
125 0.00015748013056172123
126 0.00016647955467230155
127 0.0001784771549241697
128 0.0001679787867337313
129 0.00021747273952620703
130 0.00020847360339719845
131 0.00025796726820810254
132 0.000257967556189674
133 0.0002594670762326754
134 0.0003179593012094452
135 0.0003674538299650641
136 0.0003854515262599384
137 0.0004499424073718564
138 0.0004904383759616098
139 0.0005024362641950495
140 0.0006314203302714579
141 0.0006959114993649473
142 0.0008008997889744766
143 0.0008848875984426986
144 0.0010393681129552746
145 0.0011233576503129267
146 0.0013228332695074021
147 0.001516307640732586
148 0.0018357684778560336
149 0.0019722492802027344
150 0.0021462290269241868
151 0.0024236958153227364
152 0.0027626507009867727
153 0.0032050955081436247
154 0.0037165291805782512
155 0.00395499952043005
156 0.004608914667217529
157 0.005048360722269948
158 0.005870258975514735
159 0.006174719140558308
160 0.006978615089803071
161 0.007668529660922294
162 0.008253457382339848
163 0.009619783356670443
164 0.00997523526666007
165 0.01096361393852187
166 0.011791507392122945
167 0.012545915436188236
168 0.013366307833795433
169 0.014209202535439508
170 0.01497860577993481
171 0.015491543580117586
172 0.016220448264188992
173 0.01716382923953475
174 0.017762255521155033
175 0.017927231524042336
176 0.01812520992704638
177 0.018938110196088452
178 0.019412044348185192
179 0.019383542236086876
180 0.0191660752561921
181 0.019007095893568943
182 0.019106081207319752
183 0.01869513294464207
184 0.01780424525015636
185 0.017636269343238344
186 0.01703034200562419
187 0.01649641265272882
188 0.01597297936417132
189 0.014963610291523224
190 0.014180707622880486
191 0.01330331474483709
192 0.012452922730959576
193 0.011515545883398828
194 0.010860126896844775
195 0.009867253696595966
196 0.009231327318674636
197 0.008376442216317965
198 0.007679028605075877
199 0.00725908091828762
200 0.00623471290144908
201 0.005639285371933229
202 0.005063358802515678
203 0.004487433097042841
204 0.004014991553431391
205 0.003568047034219253
206 0.0031660987716153
207 0.003028117009317741
208 0.0025211804571042564
209 0.0023097060857316266
210 0.001931754751520838
211 0.0017037847957304788
212 0.0015523044732301922
213 0.0013438294299251367
214 0.0011503547707183805
215 0.0010603660012624377
216 0.00098537473608908
217 0.0008143963333062034
218 0.0007304073719116948
219 0.0006164231139704443
220 0.0005519305049690967
221 0.0005114345363793433
222 0.0003959498944503767
223 0.0004004490305425235
224 0.00036745354198349216
225 0.00032245872528316363
226 0.0002459685160299482
227 0.0002639665003063939
228 0.0002339700518333653
229 0.00021597293150163422
230 0.0002159723555384911
231 0.00019797581116990309
232 0.00018897667504089443
233 0.00017997753891188569
234 0.00018447667500403272
235 0.00015448022653100402
236 0.00014548137838356684
237 0.0001814767709733155
238 0.00014548137838356692
239 0.0001574798425801498
240 0.00013048358611940982
241 0.00017247878677059282
242 0.00012448406603954691
243 0.0001649794586661571
244 0.00013648253023612971
245 0.00016947830677673258
246 0.00015748041854329273
247 0.0001934752351698983
248 0.00015748013056172136
249 0.00019197629109004007
250 0.00019947446726818977
251 0.00022497206763064288
252 0.0002144728354954897
253 0.0002264712996920726
254 0.0003059611249944338
255 0.0003059617009575771
256 0.0003644536379527751
257 0.00033145872535688705
258 0.0003569548858114824
259 0.0003914504703766582
260 0.0004574425994210067
261 0.00048743875991246377
262 0.000595424073736995
263 0.0006344202343021751
264 0.0006899125552482275
265 0.0007394065080407035
266 0.0008308945095580762
267 0.0009418797274133241
268 0.0010558671531518623
269 0.001129357170392789
270 0.0013018345172555248
271 0.0013858246305763187
272 0.0015493037052547601
273 0.001699285083675189
274 0.0018252678058130218
275 0.002099736130088713
276 0.002194221155821088
277 0.002471687080274924
278 0.0027176567482311577
279 0.0027626489730973453
280 0.003115104722816682
281 0.0032200947403156384
282 0.003661038011558487
283 0.0038425159344580863
284 0.004020989921584968
285 0.00422646390893302
286 0.00443793972021351
287 0.004443938376348657
288 0.004637410731702842
289 0.004721402860894637
290 0.00468090833221274
291 0.00492687656026112
292 0.004887882415566936
293 0.004932875504377838
294 0.004755898733441385
295 0.004863883759284345
296 0.004673409292089875
297 0.004674909388096019
298 0.00431945632618011
299 0.004155974659667524
300 0.004155974947649098
301 0.003778021021604167
302 0.003493058936843183
303 0.0034480655600507113
304 0.0031556024192958628
305 0.002954626992076814
306 0.0026276665388673577
307 0.002486685160520653
308 0.0021162325784511585
309 0.002005248512522196
310 0.0017097828759024853
311 0.0015583019774390544
312 0.001318333557452112
313 0.0012328433481251734
314 0.0010228713766112594
315 0.0008683899981539692
316 0.0007829015167164589
317 0.000620922250062591
318 0.0005474313688769497
319 0.0004919378960046109
320 0.0003809523901677912
321 0.00033895805346132276
322 0.0002759655404661198
323 0.00023247110775350728
324 0.00020397389134190822
325 0.0001559803225371484
326 0.00013198310616241118
327 0.00010648665772624417
328 8.848867344979842e-05
329 5.549289690919565e-05
330 6.449174505663275e-05
331 4.199520065118299e-05
332 3.59953925897485e-05
333 4.349443271261279e-05
334 2.6996544442311378e-05
335 2.099731234401996e-05
336 1.0498656172009984e-05
337 1.0498656172009984e-05
338 7.499040122864274e-06
339 1.1998464196582839e-05
340 4.4994240737185635e-06
341 2.9996160491457093e-06
342 5.9992320982914186e-06
343 0.0
344 5.9992320982914186e-06
345 5.9992320982914186e-06
346 1.4998080245728546e-06
347 1.4998080245728546e-06
348 0.0
349 2.999904030717248e-06
350 1.4998080245728546e-06
351 0.0
352 1.4998080245728546e-06
353 0.0
354 0.0
355 1.4998080245728546e-06
356 0.0
357 1.4998080245728546e-06
358 1.4998080245728546e-06
