0 7.049817746856907e-05
1 0.00010649904325701711
2 0.0001200010607875069
3 0.0001994966459424618
4 0.00025499904934138997
5 0.000266994920597378
6 0.0003419951143058402
7 0.0002699971278167329
8 0.0002730030837752614
9 0.00023699559031727698
10 0.00019349655023142293
11 0.0001934907888299254
12 0.0001274963554904876
13 8.849702646414963e-05
14 9.1495489701912e-05
15 6.899981045817753e-05
16 4.199952159169296e-05
17 2.399952055921298e-05
18 8.999712202764984e-06
19 4.50028801843318e-06
20 8.999136129008666e-06
21 2.9996160491457093e-06
22 2.999904030717248e-06
23 1.4998080245728546e-06
24 2.999904030717248e-06
25 1.5000960061443932e-06
26 0.0
27 0.0
28 1.5000960061443932e-06
29 0.0
30 0.0
31 0.0
32 0.0
33 0.0
34 0.0
35 2.9996160491457093e-06
36 0.0
37 0.0
38 0.0
39 1.5000960061443932e-06
40 1.5000960061443932e-06
41 0.0
42 1.5006723011909336e-06
43 1.5000960061443932e-06
44 2.999904030717248e-06
45 1.5000960061443932e-06
46 5.999808061434496e-06
47 1.1999904436343996e-05
48 2.3998944264166444e-05
49 2.7000000221169846e-05
50 4.0498272774229e-05
51 6.29988488110033e-05
52 8.549654492151272e-05
53 0.00020549673844533418
54 0.00025948982732995694
55 0.0003779838763495981
56 0.0005039821502667789
57 0.0007664666972952946
58 0.0009854553725885647
59 0.0012929497109166765
60 0.0015089353136073945
61 0.0016844209167409694
62 0.0017744186136255022
63 0.001825408341815516
64 0.001675416020980402
65 0.001571916020575101
66 0.001448920244182299
67 0.0013184167868918726
68 0.00166487964287314
69 0.0022978403955317703
70 0.0038757257056437414
71 0.005674089993137722
72 0.008459372321579207
73 0.011966138342615772
74 0.01570835867162017
75 0.019597527920376
76 0.022049891759698053
77 0.024508217948125573
78 0.024934156794898753
79 0.02354974586497234
80 0.02149039020084886
81 0.01851612803299908
82 0.015247877571668842
83 0.011762135650461353
84 0.009159823858937318
85 0.006671474713792632
86 0.004603152758926684
87 0.0031392612134664775
88 0.002252830313816219
89 0.0014173917386161783
90 0.0009254293616337537
91 0.0006164504750959396
92 0.0003359716860025673
93 0.00028347926952987634
94 0.00014698982685093262
95 0.0001109921302979985
96 8.249491355449617e-05
97 4.949712103227938e-05
98 3.599798486640906e-05
99 1.4998944301056404e-05
100 1.799913631334519e-05
101 8.999712202764984e-06
102 8.999424110580205e-06
103 1.1998464196582839e-05
104 5.999520079862958e-06
105 2.999904030717248e-06
106 2.9996160491457093e-06
107 1.4998080245728546e-06
108 1.5000960061443932e-06
109 4.4994240737185635e-06
110 1.4998080245728546e-06
111 4.4994240737185635e-06
112 8.999424110580205e-06
113 1.4998080245728546e-06
114 0.0
115 2.9996160491457093e-06
116 1.4998080245728546e-06
117 5.999520079862958e-06
118 8.999136129008666e-06
119 9.000000184336523e-06
120 5.9992320982914186e-06
121 7.499616086007352e-06
122 1.0499232135153058e-05
123 5.999520079862958e-06
124 8.999424110580207e-06
125 1.349884818429877e-05
126 1.4999520485489703e-05
127 3.1497120442316094e-05
128 2.3999232245737983e-05
129 3.4497312454604885e-05
130 4.19966405590407e-05
131 4.1997216522183786e-05
132 5.699644880481173e-05
133 5.549577683552426e-05
134 4.7995872657332115e-05
135 4.0497984792657464e-05
136 5.999577709367612e-05
137 6.449491318575939e-05
138 5.6994720804769235e-05
139 4.799731333960999e-05
140 5.6994720804769255e-05
141 4.0497408497610916e-05
142 5.399510475562355e-05
143 5.699587284166866e-05
144 3.8998464638979156e-05
145 5.399568105067009e-05
146 3.5998849032413903e-05
147 5.3995105087527e-05
148 5.099635265119246e-05
149 5.9995776872385904e-05
150 6.5994721210396e-05
151 6.449462498296138e-05
152 8.249318522255023e-05
153 8.249404983107179e-05
154 0.00013049222634097622
155 0.0001199906900213474
156 0.0001379883859843182
157 0.00011099011354196429
158 0.000115490689541969
159 9.449193751131787e-05
160 0.0001244906896156923
161 0.00010948857762796225
162 0.00011249222586162619
163 0.00011249078551125176
164 0.00011248934593529754
165 8.849097741298398e-05
166 8.099222516107796e-05
167 8.399414539469948e-05
168 7.64936653639775e-05
169 6.599414491534943e-05
170 5.999462505671299e-05
171 7.499443341316097e-05
172 5.249529684166393e-05
173 4.649635294623426e-05
174 5.099635298309591e-05
175 3.599596855289159e-05
176 4.049654466350956e-05
177 2.9997600399314783e-05
178 3.449760076807989e-05
179 4.049798523517417e-05
180 3.5997408681975754e-05
181 3.449731267583137e-05
182 3.7495776577464436e-05
183 4.1996352577469156e-05
184 2.999702454678494e-05
185 2.399750435630875e-05
186 2.099932865753744e-05
187 3.899644865736516e-05
188 2.5498752620642754e-05
189 2.3998656614498365e-05
190 4.049740849761093e-05
191 2.249884825802205e-05
192 2.2497120368592818e-05
193 2.6997120405454456e-05
194 1.649846423344448e-05
195 3.29969285775022e-05
196 3.149884866364879e-05
197 3.449760076807988e-05
198 4.499683268194273e-05
199 2.5498464417780995e-05
200 4.3497888933987963e-05
201 2.8498944632931542e-05
202 3.899644854675191e-05
203 4.049683253446785e-05
204 5.099462487237645e-05
205 7.349548999710966e-05
206 8.09936657327426e-05
207 0.00010049232164657239
208 0.00013948848187984937
209 0.000164986946740147
210 0.0002384809962762692
211 0.000301478117529683
212 0.0003854719756066814
213 0.000521958537252909
214 0.0006944468283003966
215 0.0007829343493813283
216 0.000934425615955754
217 0.001067924658991424
218 0.001259898070708138
219 0.0013588859768462842
220 0.0014218931776760547
221 0.0015163695628550872
222 0.0014443914511879988
223 0.0015133898203000913
224 0.0013603860708610068
225 0.0012569004699767355
226 0.0011294055557219743
227 0.0009374281132587778
228 0.0008309328154215174
229 0.000662944522640889
230 0.0005414525866785315
231 0.00046196103182715977
232 0.0003194758134926537
233 0.00026097725303198693
234 0.0002219865642272792
235 0.0001649852189613311
236 0.0001244889618368763
237 0.0001004917460153328
238 5.9996064964570696e-05
239 4.049712084794285e-05
240 5.2497313265794655e-05
241 3.1497120552929334e-05
242 2.5497888344024684e-05
243 1.7999424516206952e-05
244 1.1999040159725917e-05
245 1.1998752178154378e-05
246 7.499040122864274e-06
247 4.4997120552901025e-06
248 4.4994240737185635e-06
249 4.4994240737185635e-06
250 4.4994240737185635e-06
251 0.0
252 0.0
253 5.9992320982914186e-06
254 3.000192122902027e-06
255 2.9996160491457093e-06
256 5.999520079862957e-06
257 8.998848147437127e-06
258 8.999424221193445e-06
259 1.3499424258055088e-05
260 1.799856023958887e-05
261 2.8497216411598848e-05
262 3.749635265122076e-05
263 5.099548870647784e-05
264 7.949356928401776e-05
265 0.00011999097811353214
266 0.00019048253101030927
267 0.00030447168530201935
268 0.0004544556558884312
269 0.000637443466278223
270 0.0010274059367596467
271 0.0016918511329184734
272 0.002321795561065252
273 0.003533680763888594
274 0.004990054547437228
275 0.007011881016398956
276 0.010029608231445709
277 0.01304435254499019
278 0.016588513814911506
279 0.01970071770920285
280 0.023180414309865782
281 0.02519174759618559
282 0.02560417608015928
283 0.024623275421672117
284 0.02281296135380171
285 0.019784734898875084
286 0.016341026202729314
287 0.013597825779961537
288 0.012018510085628318
289 0.01199307874016755
290 0.014100531382155532
291 0.018781754827939978
292 0.02485342762591314
293 0.03127601112736058
294 0.03668472556961996
295 0.04145288630778802
296 0.042565894238517504
297 0.0417078905365935
298 0.03794776929600309
299 0.032632024229475
300 0.026581372660036875
301 0.02041523759970886
302 0.015102608228927792
303 0.01040489468143934
304 0.006958071428309091
305 0.004741228436517523
306 0.003121321131851021
307 0.0017308968408070342
308 0.0010304372385259912
309 0.0006359678565606015
310 0.0003719881055615284
311 0.00019948829270682031
312 0.00013199405145348668
313 8.549424173268359e-05
314 3.599942521678345e-05
315 2.54981765468227e-05
316 1.0499520227337839e-05
317 2.9996160491457093e-06
318 4.4994240737185635e-06
319 7.499904178192129e-06
320 5.999520079862958e-06
321 2.9996160491457093e-06
322 2.9996160491457093e-06
323 0.0
324 0.0
325 0.0
326 0.0
327 0.0
328 2.9996160491457093e-06
329 0.0
330 1.4998080245728546e-06
331 0.0
332 1.4998080245728546e-06
333 1.4998080245728546e-06
334 2.9996160491457093e-06
335 1.5000960061443932e-06
336 1.4998080245728546e-06
337 1.4998080245728546e-06
338 1.4998080245728546e-06
339 1.4998080245728546e-06
340 1.4998080245728546e-06
341 8.999424110580205e-06
342 7.499040122864274e-06
343 1.6498176251872943e-05
344 1.4998944301056404e-05
345 1.1999040270339157e-05
346 1.799913631334519e-05
347 2.2498560387063752e-05
348 2.3998368411636606e-05
349 4.34990410815006e-05
350 2.5497600362453148e-05
351 3.8997312491466534e-05
352 5.399683319818272e-05
353 3.299952052225928e-05
354 1.9498944448531282e-05
355 4.349817691549576e-05
356 3.899817687869785e-05
357 2.6997696368597534e-05
358 4.200153845840411e-05
