0 1.4998080245728546e-06
1 5.9992320982914186e-06
2 2.9996160491457093e-06
3 4.4994240737185635e-06
4 4.4994240737185635e-06
5 0.0
6 2.9996160491457093e-06
7 4.4994240737185635e-06
8 5.9992320982914186e-06
9 4.4994240737185635e-06
10 5.9992320982914186e-06
11 2.9996160491457093e-06
12 5.9992320982914186e-06
13 4.4994240737185635e-06
14 8.998848147437129e-06
15 1.4998080245728549e-05
16 7.499040122864274e-06
17 1.6497888270301404e-05
18 2.5497024399310067e-05
19 2.5497024399310063e-05
20 1.7997696294874257e-05
21 2.849635246688423e-05
22 4.949395279247576e-05
23 6.149299295220168e-05
24 5.699299291534002e-05
25 8.249001731465007e-05
26 8.548934538222423e-05
27 8.998876945594278e-05
28 0.00010498742566481441
29 0.00012448550594740455
30 0.00016347993862315585
31 0.00017097869076444853
32 0.00026096774820196303
33 0.00028346429260741273
34 0.0003299600692586004
35 0.0003839531581432231
36 0.00046044423134115306
37 0.0005834284893561273
38 0.0006539194665110515
39 0.0007319086198441255
40 0.0008638925899512514
41 0.0009283846229894555
42 0.0010933652335818986
43 0.0011638576506446804
44 0.0013708294301463058
45 0.0014248245349019295
46 0.0017187892115707812
47 0.0018897655984826578
48 0.0020442481288662335
49 0.0022827187566996036
50 0.002498691688201238
51 0.0026861694191622743
52 0.0028316525254352713
53 0.0031736099069641682
54 0.0032021051075047653
55 0.00342408245477298
56 0.003574060089432978
57 0.0037915345568486146
58 0.003784038108559893
59 0.00401650950429497
60 0.004223479555907167
61 0.004194980611606139
62 0.004227977828054598
63 0.004409458918751487
64 0.004470950183814262
65 0.004524942984717313
66 0.004517444808539161
67 0.004466451623685257
68 0.0044709507597774055
69 0.00444695066358695
70 0.004214485315464874
71 0.004203982051587721
72 0.004137989346580228
73 0.003982013055785083
74 0.003700046843312816
75 0.0037090468433865374
76 0.0035890570177524207
77 0.003418078902951116
78 0.0031241153782085506
79 0.003104620177741674
80 0.002815153485238683
81 0.0027341618360407476
82 0.002504690920299531
83 0.002510689000471535
84 0.0023292145333507924
85 0.002041249952724947
86 0.001970756383735879
87 0.0018252761572785982
88 0.0016288015940411243
89 0.0014683175277066848
90 0.0014593215593749621
91 0.0013078389330221036
92 0.001150359954386668
93 0.001040871952721849
94 0.0009793812636222194
95 0.0009388838551246081
96 0.0008038994050236223
97 0.0007409089078994201
98 0.0006749162028919283
99 0.0006299222501363144
100 0.0005684295451656843
101 0.0005054378961151958
102 0.0005084366482196269
103 0.00044544499916913846
104 0.0004259460549418337
105 0.00037795478998964646
106 0.0003869521982292256
107 0.00033895747749817953
108 0.00027746621243540735
109 0.00027296707634326037
110 0.00023997072383951453
111 0.00021597321948320567
112 0.00021897283553235145
113 0.00023097187569207732
114 0.00019647571516375855
115 0.00020547513927433883
116 0.0001769776348811684
117 0.00018747686701632145
118 0.00017247965071530763
119 0.00018897667504089443
120 0.0001949756191576142
121 0.00015298041850643119
122 0.0001949750431944712
123 0.00019197629109004002
124 0.00015148118644500141
125 0.00018897581109617975
126 0.0001619804185801545
127 0.00017247936273373594
128 0.00020997456334805747
129 0.00019797638713304604
130 0.0002324708197719356
131 0.00025346842009752704
132 0.0002474691879992356
133 0.00026546630833096667
134 0.0002804658284845531
135 0.0003344580534244612
136 0.00034045786148589554
137 0.0004079495105732456
138 0.00042294759081897416
139 0.000460442503451724
140 0.0005099370322073428
141 0.0005879264735219881
142 0.0006734158189042125
143 0.0006779175468305033
144 0.0007754044924645964
145 0.0009763773278495008
146 0.0010963639856863305
147 0.001186351891197558
148 0.00140682395879134
149 0.0014983125362718558
150 0.001718786331755066
151 0.0019857533120553215
152 0.002267719812509161
153 0.0025736794975957378
154 0.002888641486608611
155 0.0032965907092002847
156 0.003871019486464257
157 0.004128985314764503
158 0.004718414476126781
159 0.005379831830834409
160 0.006099741986481952
161 0.006557191209479102
162 0.007272597045366214
163 0.008037502881658798
164 0.009142857364026997
165 0.009826779614605647
166 0.010689167500845607
167 0.011563564218618731
168 0.012301471782579574
169 0.01335734239151029
170 0.01425873363785473
171 0.01504462757108104
172 0.015914528320559302
173 0.016854905360132334
174 0.017645307932842663
175 0.018072759555440507
176 0.018521197259101067
177 0.018918658768820453
178 0.019356600408143146
179 0.019214116341956165
180 0.01921861691795616
181 0.019320616534816266
182 0.019499085338274866
183 0.019004144658423813
184 0.01849420676227175
185 0.01805776464299206
186 0.017322851799393642
187 0.017027385586810787
188 0.016097504611575622
189 0.015254605014244815
190 0.014348719527494959
191 0.013385843927645472
192 0.012731924749115988
193 0.011542575545721854
194 0.01071166922891935
195 0.009849286238366096
196 0.00902587694581545
197 0.00855043924193372
198 0.007596561914268523
199 0.006750663564833293
200 0.006096742082451236
201 0.005469823192124497
202 0.004875899790356791
203 0.004382452870917317
204 0.0038350258217639426
205 0.0034330758312705574
206 0.0031796128828228895
207 0.0027581602043417718
208 0.002443194471568469
209 0.00203074640086622
210 0.0019917557119508975
211 0.0016557929548151487
212 0.0016018053375803855
213 0.0015208113845298773
214 0.0012238470918118796
215 0.0010948641776617565
216 0.0009283857749157419
217 0.000817398253207921
218 0.0006929138991868027
219 0.0006209222500625908
220 0.0006359217702161773
221 0.0005654319449875394
222 0.00047394135163602273
223 0.0004544432713534326
224 0.00042144663086811487
225 0.0003764535420572157
226 0.0003779533500817886
227 0.0003374579574551783
228 0.0003149602611234426
229 0.0002819644845828398
230 0.00030446246889614714
231 0.0002759646765214052
232 0.0002579675561896742
233 0.00025046880404838126
234 0.00023847091581494158
235 0.00024146995590094424
236 0.00023996985989479985
237 0.00022197331552621172
238 0.00022947177968593303
239 0.00019197657907161163
240 0.00022947120372278994
241 0.00020697408335419704
242 0.0002054742753296243
243 0.00023247139573507865
244 0.00024747005194395024
245 0.00026396707626953717
246 0.0002774656364722642
247 0.00029096362071184833
248 0.00030296352481628896
249 0.00035395699765176583
250 0.0003464579575289017
251 0.0003479583415166177
252 0.00040045104641352446
253 0.00042444855076983324
254 0.0004499438472797141
255 0.0004619428874394397
256 0.00045894471129815214
257 0.0005189347284284938
258 0.0005924276254851361
259 0.000581928969313126
260 0.0006479205223943319
261 0.0007139114995123945
262 0.0007919029566980406
263 0.0007889036286304663
264 0.0008938910542952808
265 0.0009598814554502
266 0.0010513743526542893
267 0.001126363889938217
268 0.0012013531392405733
269 0.00125384757202691
270 0.0014683201195408284
271 0.0015658076411380645
272 0.0016602961226492962
273 0.0018237754853093092
274 0.0019542639671154354
275 0.0021462385303160476
276 0.002266222884300304
277 0.002459700135341203
278 0.0024956955279309507
279 0.002704170283254435
280 0.0028661515657793044
281 0.0030356316004454664
282 0.003287595892794848
283 0.003496076407749763
284 0.0035680663289845457
285 0.0036700555785080737
286 0.003773533692756452
287 0.003938514591330467
288 0.004069000193320877
289 0.004272978116404786
290 0.004287982244263521
291 0.004400466118217056
292 0.004242981955913334
293 0.004607435305884536
294 0.004484451911814276
295 0.0044379607428682325
296 0.004494951143949429
297 0.004437960742868232
298 0.004151491650543388
299 0.004175489730862838
300 0.004031504416743414
301 0.0038515314855366717
302 0.003754042236050007
303 0.0036115645054575892
304 0.003580062489328555
305 0.0034510775593074323
306 0.0031046196017785297
307 0.0029261464785963628
308 0.002860152909644156
309 0.0025541900567602927
310 0.0023877110780511353
311 0.0022062296993726757
312 0.0020307521604976514
313 0.0017907794207871364
314 0.0015688069692056386
315 0.001427824438932646
316 0.0012688453642910674
317 0.0010648683051518713
318 0.0010498713768324294
319 0.0008863911502277016
320 0.0007739061243478807
321 0.0006344239780626054
322 0.0006134234979212981
323 0.0004829413517097461
324 0.0004079497985548174
325 0.0003479577655534743
326 0.0003134616050251558
327 0.00028796429264427403
328 0.0002189728355323515
329 0.00017397773085045114
330 0.0001529807064880027
331 0.00013948301022999007
332 0.00010648665772624415
333 9.448819352966133e-05
334 5.699270493376849e-05
335 7.499126517335731e-05
336 3.749577657746445e-05
337 2.9996160491457084e-05
338 2.849635246688423e-05
339 2.999644847302862e-05
340 2.8496640448455767e-05
341 1.4998080245728549e-05
342 2.0997312344019964e-05
343 1.6498176251872943e-05
344 1.0498656172009984e-05
345 1.0498656172009984e-05
346 8.998848147437129e-06
347 8.999136129008666e-06
348 4.4994240737185635e-06
349 1.0498656172009984e-05
350 8.998848147437129e-06
351 2.9996160491457093e-06
352 5.9992320982914186e-06
353 0.0
354 4.4994240737185635e-06
355 1.4998080245728546e-06
356 2.9996160491457093e-06
357 7.499328104435811e-06
358 5.9992320982914186e-06
