0 0.0
1 0.0
2 0.0
3 0.0
4 0.0
5 0.0
6 0.0
7 0.0
8 0.0
9 0.0
10 0.0
11 0.0
12 0.0
13 1.4998080245728546e-06
14 0.0
15 1.4998080245728546e-06
16 1.4998080245728546e-06
17 0.0
18 0.0
19 2.9996160491457093e-06
20 4.4994240737185635e-06
21 2.9996160491457093e-06
22 7.499040122864274e-06
23 2.9996160491457093e-06
24 0.0
25 2.9996160491457093e-06
26 2.9996160491457093e-06
27 1.3498272221155694e-05
28 1.1998464196582839e-05
29 3.2995776540602795e-05
30 1.4998080245728549e-05
31 2.399692839316567e-05
32 4.649404876175851e-05
33 6.599155308120562e-05
34 6.899116913035132e-05
35 9.14882894989441e-05
36 0.00010798617776924552
37 0.00012598387406411975
38 0.00017997696294874257
39 0.00025946678825110385
40 0.00037795162219235944
41 0.0004109473987329621
42 0.000548929736993665
43 0.0006674145709349204
44 0.0007843995968516025
45 0.0009028844307928587
46 0.0011758494912651179
47 0.001472811480130544
48 0.0017712732770205413
49 0.0020937320023037055
50 0.0023801953349971206
51 0.002786643309656366
52 0.0032500839892493777
53 0.0038635054712996744
54 0.004515921961988869
55 0.005120344595891729
56 0.005721767613745446
57 0.006365185256287203
58 0.0067941303513150315
59 0.00758902860433865
60 0.008134958725283163
61 0.00840792378575542
62 0.008788875023996926
63 0.009567275388750237
64 0.009435292282587826
65 0.00988373488193511
66 0.009715756383182951
67 0.009667762526396619
68 0.009523780956037628
69 0.009660263486273756
70 0.009378299577654063
71 0.008860865809176421
72 0.008710885006719137
73 0.008164954885774614
74 0.007526036667306581
75 0.007152584469187948
76 0.006476171050105593
77 0.005808756479170668
78 0.005285323478594743
79 0.004679401036667307
80 0.004169466308312536
81 0.003700026396621233
82 0.0031510966596275695
83 0.0028076406220003862
84 0.0024101914954885784
85 0.0020982314263774246
86 0.0019047561912075264
87 0.0016287915146861213
88 0.0013483274140909968
89 0.001147353138798234
90 0.0009328805912843154
91 0.0008908859665962755
92 0.0007589028604338648
93 0.0006599155308120559
94 0.0004889374160107507
95 0.00047843875983874084
96 0.00035845411787291235
97 0.000308960453062008
98 0.00024146909195622957
99 0.000248968132079094
100 0.00021147293146477254
101 0.00019647485121904396
102 0.00016947830677673255
103 0.00012598387406411975
104 9.598771357266268e-05
105 0.0001169850259166826
106 8.548905740065268e-05
107 8.548905740065268e-05
108 9.748752159723553e-05
109 7.799001727778844e-05
110 5.849251295834135e-05
111 6.599155308120562e-05
112 5.099347283547708e-05
113 4.049481666346707e-05
114 5.549289690919564e-05
115 3.599539258974851e-05
116 2.549673641773852e-05
117 3.149596851602994e-05
118 2.699654444231138e-05
119 2.9996160491457088e-05
120 3.599539258974851e-05
121 3.7495200614321365e-05
122 4.6494048761758505e-05
123 3.2995776540602795e-05
124 4.349443271261279e-05
125 5.999232098291419e-05
126 3.449558456517566e-05
127 3.5995392589748515e-05
128 5.849251295834135e-05
129 5.549289690919564e-05
130 4.949366481090421e-05
131 5.849251295834133e-05
132 4.799385678633136e-05
133 5.549289690919564e-05
134 0.00010648636974467265
135 0.00010198694567095403
136 0.00011248560184296399
137 0.0001109857938183912
138 0.00017547753887502398
139 0.0001559800345555769
140 0.00017997696294874262
141 0.00023696966788251108
142 0.0002969619888654252
143 0.00031795930120944506
144 0.0003734521981186406
145 0.0004799385678633135
146 0.0005099347283547705
147 0.0006494168746400461
148 0.000836892877711653
149 0.0008773876943751196
150 0.0010393669610289878
151 0.0012268429641005955
152 0.0014803105202534086
153 0.0016647869072758698
154 0.0019167546554041091
155 0.0022512118448838555
156 0.0026276636590516433
157 0.003163095123824151
158 0.003370068631215206
159 0.0038515070071030912
160 0.00439293770397389
161 0.004866877039738914
162 0.005637778364369367
163 0.006275196774812827
164 0.006990605202534074
165 0.007560532251871764
166 0.008440919562296024
167 0.00905884046842004
168 0.009763750239969287
169 0.010840612401612602
170 0.011563519869456725
171 0.012101950950278375
172 0.012787363217508172
173 0.013546266077942033
174 0.014044202342100206
175 0.01458713284699558
176 0.015037075254367427
177 0.015446522845075814
178 0.015660995392589735
179 0.01607944183144556
180 0.016104938567863297
181 0.01610343875983873
182 0.01544052361297753
183 0.01516455893645612
184 0.014275172777884431
185 0.014255675273564986
186 0.013430780860049918
187 0.01294634286811289
188 0.011944471107698225
189 0.011349047321942803
190 0.010773121040506825
191 0.009972223555384917
192 0.009306308792474564
193 0.00834643165674793
194 0.007587528796314068
195 0.006983106162411215
196 0.006455173737761572
197 0.005477298905740067
198 0.00489687320023037
199 0.004455929641005953
200 0.0038755039354962557
201 0.003323574582453447
202 0.003002615665194856
203 0.0025841692263390303
204 0.002330701670186218
205 0.001999244096755617
206 0.00168578421961989
207 0.0015133062967940109
208 0.001282335861009791
209 0.0011158571702822035
210 0.0009163827030140145
211 0.0007379055480898444
212 0.0006314191783451718
213 0.0005489297369936647
214 0.0005129343444039163
215 0.00039594931848723353
216 0.00031196006911115377
217 0.00024896813207909394
218 0.00024596851602994816
219 0.00023097043578421963
220 0.0001679784987521597
221 0.00013798233826070258
222 0.00014098195430984833
223 0.00011548521789210973
224 8.998848147437126e-05
225 8.248944135150699e-05
226 9.148828949894413e-05
227 7.049097715492417e-05
228 6.749136110577847e-05
229 9.748752159723555e-05
230 3.599539258974851e-05
231 4.9493664810904205e-05
232 3.8995008638894235e-05
233 3.7495200614321365e-05
234 4.649404876175851e-05
235 2.6996544442311374e-05
236 2.999616049145708e-05
237 2.5496736417738524e-05
238 3.149596851602994e-05
239 2.849635246688423e-05
240 4.34944327126128e-05
241 3.899500863889422e-05
242 5.2493280860049926e-05
243 4.3494432712612785e-05
244 3.749520061432137e-05
245 3.449558456517565e-05
246 4.7993856786331355e-05
247 5.849251295834134e-05
248 6.29919370320599e-05
249 8.248944135150699e-05
250 6.149212900748705e-05
251 7.049097715492415e-05
252 8.398924937607984e-05
253 9.598771357266266e-05
254 0.00010498656172009976
255 0.00013198310616241112
256 0.000133482914186984
257 0.00015448022653100402
258 0.00016647869072758682
259 0.00020097427529276244
260 0.00026096659627567663
261 0.00026546602034939536
262 0.00029396237281627946
263 0.00035695430984833935
264 0.0004634406795930123
265 0.0005144341524284892
266 0.0006134214820502972
267 0.0007154084277212515
268 0.0008848867344979841
269 0.0009373800153580342
270 0.00110835813015934
271 0.0013438279900172786
272 0.0016002951622192368
273 0.0018357650220771743
274 0.002158223747360339
275 0.0025106786331349604
276 0.0028106402380495324
277 0.0032680816855442524
278 0.003680528892301787
279 0.0041064743712804766
280 0.004755891245920523
281 0.005441303513150319
282 0.0058822470723747374
283 0.006401180648876948
284 0.007043098483394127
285 0.007418050489537337
286 0.007903988289498943
287 0.008625395949318486
288 0.008728882703014012
289 0.009241817047417932
290 0.00951328229986562
291 0.009658763678249183
292 0.00979224659243617
293 0.009820742944903055
294 0.009549277692455364
295 0.009696258878863509
296 0.009456289594931848
297 0.00910983394125552
298 0.008571402860433858
299 0.007897989057400651
300 0.007526036667306581
301 0.007154084277212519
302 0.006417678537147248
303 0.005789258974851226
304 0.0049523660971395695
305 0.004545918122480321
306 0.0038170114225379165
307 0.003394065559608372
308 0.002875131983106164
309 0.002480682472643504
310 0.0021402260510654646
311 0.0016707861393741598
312 0.0015223051449414478
313 0.0012088452678057212
314 0.0010333677289306963
315 0.0008308936456133616
316 0.0007064095795738145
317 0.0005534291610673834
318 0.0004229458629295449
319 0.0003014614129391437
320 0.00026246640430024974
321 0.00018447638702246118
322 0.0001619792666538683
323 0.00012148444999040117
324 6.599155308120559e-05
325 7.948982530236127e-05
326 6.599155308120562e-05
327 4.799385678633135e-05
328 3.5995392589748515e-05
329 3.149596851602994e-05
330 2.5496736417738524e-05
331 1.7997696294874254e-05
332 1.4998080245728549e-05
333 5.9992320982914186e-06
334 1.0498656172009984e-05
335 5.9992320982914186e-06
336 2.9996160491457093e-06
337 4.4994240737185635e-06
338 4.4994240737185635e-06
339 2.9996160491457093e-06
340 4.4994240737185635e-06
341 2.9996160491457093e-06
342 2.9996160491457093e-06
343 0.0
344 2.9996160491457093e-06
345 0.0
346 0.0
347 1.4998080245728546e-06
348 0.0
349 0.0
350 0.0
351 1.4998080245728546e-06
352 0.0
353 0.0
354 0.0
355 0.0
356 0.0
357 1.4998080245728546e-06
358 1.4998080245728546e-06
