0 0.0
1 1.4998080245728546e-06
2 0.0
3 0.0
4 0.0
5 0.0
6 1.4998080245728546e-06
7 0.0
8 0.0
9 0.0
10 0.0
11 0.0
12 0.0
13 0.0
14 0.0
15 0.0
16 1.4998080245728546e-06
17 1.4998080245728546e-06
18 0.0
19 0.0
20 2.9996160491457093e-06
21 2.9996160491457093e-06
22 4.4994240737185635e-06
23 5.9992320982914186e-06
24 7.499040122864274e-06
25 7.499040122864274e-06
26 1.0498656172009984e-05
27 2.2497120368592818e-05
28 1.7997696294874257e-05
29 2.399692839316567e-05
30 3.29957765406028e-05
31 3.149596851602994e-05
32 4.1994624688039935e-05
33 4.6494048761758505e-05
34 8.998848147437122e-05
35 9.14882894989441e-05
36 0.00012748368208869256
37 0.00016497888270301399
38 0.00023846947590708387
39 0.00022497120368592823
40 0.00032695814935688246
41 0.00041544682280668073
42 0.0005504295450182377
43 0.0006569159147629104
44 0.0009148828949894415
45 0.0010363673449798425
46 0.0012958341332309472
47 0.0015313039930888853
48 0.0018792594547897873
49 0.00218522029180265
50 0.0025541730658475725
51 0.0032890789978882724
52 0.0035245488577462093
53 0.003989489345363794
54 0.0046809008446918815
55 0.005292822518717609
56 0.005816255519293533
57 0.006561660107506244
58 0.0073220627759646795
59 0.007834997120368592
60 0.008403424361681703
61 0.008889362161643306
62 0.009387298425801499
63 0.009675261566519487
64 0.010206193607218281
65 0.010027716452294113
66 0.010080209733154166
67 0.010144701478210793
68 0.009906232002303708
69 0.009882235073910542
70 0.009526780572086774
71 0.00896585237089652
72 0.008746880399308885
73 0.008217448166634667
74 0.008007475043194469
75 0.007209577174121713
76 0.006750635918602423
77 0.006059224419274338
78 0.005606282395853334
79 0.004745392589748512
80 0.004365941159531579
81 0.0037240233250143986
82 0.0033400724707237472
83 0.00283613697446727
84 0.0024761830485697856
85 0.002126727778844309
86 0.0018372648301017485
87 0.0015972955461700912
88 0.001336328949894414
89 0.0011308552505279324
90 0.001057364657323862
91 0.0008113961412939139
92 0.000755903244384719
93 0.0006524164906891919
94 0.0004919370320598965
95 0.00038395085429065073
96 0.00036445334997120364
97 0.00031945910923401806
98 0.0002714652524476867
99 0.00024746832405452116
100 0.0001964748512190441
101 0.0002009742752927625
102 0.00014098195430984828
103 0.00013798233826070266
104 0.0001019869456709541
105 0.00010348675369552693
106 7.948982530236129e-05
107 7.948982530236128e-05
108 6.29919370320599e-05
109 6.449174505663275e-05
110 6.299193703205993e-05
111 6.749136110577845e-05
112 6.599155308120562e-05
113 3.59953925897485e-05
114 4.7993856786331355e-05
115 5.849251295834135e-05
116 4.6494048761758505e-05
117 3.149596851602994e-05
118 4.349443271261279e-05
119 3.449558456517565e-05
120 4.1994624688039935e-05
121 4.0494816663467085e-05
122 2.9996160491457084e-05
123 3.899500863889423e-05
124 2.999616049145708e-05
125 4.049481666346708e-05
126 4.499424073718564e-05
127 5.5492896909195646e-05
128 4.199462468803994e-05
129 4.349443271261279e-05
130 5.099347283547707e-05
131 6.449174505663277e-05
132 5.249328086004992e-05
133 8.698886542522557e-05
134 7.948982530236127e-05
135 0.00010198694567095408
136 0.0001109857938183912
137 0.00014698118640813979
138 0.00016797849875215974
139 0.00016347907467844123
140 0.00020247408331733547
141 0.00022347139566135542
142 0.0002609665962756767
143 0.0003059608370128623
144 0.00041694663083125346
145 0.0004649404876175849
146 0.0004889374160107506
147 0.0006179209061240162
148 0.0007514038203110003
149 0.000854890574006527
150 0.0010933600499136117
151 0.0012043458437320026
152 0.001447314743712805
153 0.001613793434440392
154 0.0019752471683624506
155 0.0022062176041466705
156 0.002425189575734307
157 0.0029846179688999826
158 0.0032740809176425418
159 0.0036925273564983683
160 0.0042249592052217315
161 0.004772389134190827
162 0.005348315415626807
163 0.005919742272989059
164 0.006758134958725287
165 0.0074765430024956794
166 0.008005975235169892
167 0.008665890765981952
168 0.009421794010366672
169 0.01045516173929738
170 0.011287555192935318
171 0.011840984354002703
172 0.012271429257055114
173 0.013324294490305248
174 0.013438279900172788
175 0.014212180840852373
176 0.014818103282779797
177 0.015197554712996728
178 0.0152815439623728
179 0.015505015358034151
180 0.015344535899404868
181 0.015425525532731799
182 0.014800105586484922
183 0.014645625359953923
184 0.014230178537147253
185 0.013721743616817052
186 0.013423281819927057
187 0.012194939047801893
188 0.012034459589172599
189 0.011086580917642558
190 0.010488157515837981
191 0.00951778172393934
192 0.008808372528316373
193 0.008211448934536379
194 0.007536535323478593
195 0.006855622480322519
196 0.0058882463044730325
197 0.0052958221347667546
198 0.004886374544058362
199 0.004347943463236708
200 0.0036730298521789233
201 0.003334073238625456
202 0.0029036283355730495
203 0.002483682088692649
204 0.0021312272029180286
205 0.0019137550393549625
206 0.0016617872912267242
207 0.00144431512766366
208 0.0012523397005183344
209 0.0010018717604146673
210 0.0008788875023996927
211 0.0007394053561144175
212 0.0006689143789594932
213 0.00044694279132271057
214 0.00041094739873296195
215 0.0003779516221923593
216 0.00030146141293914386
217 0.0003134598771357267
218 0.00023247024380879252
219 0.00017547753887502398
220 0.00014698118640813973
221 0.00013198310616241115
222 0.0001259838740641197
223 9.598771357266268e-05
224 9.44879055480898e-05
225 7.1990785179497e-05
226 6.449174505663277e-05
227 5.9992320982914196e-05
228 7.049097715492418e-05
229 4.799385678633136e-05
230 4.949366481090421e-05
231 5.099347283547706e-05
232 5.399308888462277e-05
233 4.4994240737185635e-05
234 4.64940487617585e-05
235 4.499424073718564e-05
236 4.499424073718564e-05
237 2.9996160491457084e-05
238 4.199462468803993e-05
239 4.049481666346707e-05
240 3.449558456517565e-05
241 2.5496736417738528e-05
242 3.599539258974851e-05
243 4.049481666346708e-05
244 3.5995392589748515e-05
245 5.999232098291421e-05
246 5.099347283547707e-05
247 5.99923209829142e-05
248 6.89911691303513e-05
249 5.549289690919564e-05
250 7.049097715492415e-05
251 7.049097715492419e-05
252 8.248944135150695e-05
253 0.00011398540986753694
254 9.298809752351697e-05
255 0.00010948598579381836
256 0.0001244840660395469
257 0.00014248176233442114
258 0.00019047561912075258
259 0.00021297273948934543
260 0.0002474683240545211
261 0.0002684656363985408
262 0.00035695430984833924
263 0.0003329573814551737
264 0.00046943991169130355
265 0.0005609282011902475
266 0.0006284195622960262
267 0.000763402284507583
268 0.0008713884622768284
269 0.0009943727202918026
270 0.0011323550585525055
271 0.0013858226147053173
272 0.0016362905548089849
273 0.001801269437511999
274 0.002081733538107122
275 0.002546674025724708
276 0.002809140430024959
277 0.0031705941639470184
278 0.0037780164138990226
279 0.004236957669418316
280 0.004964364561336152
281 0.005307820598963337
282 0.005952738049529668
283 0.0065196654828182
284 0.007116589076598195
285 0.007745008638894218
286 0.008331433576502203
287 0.008734881935112303
288 0.009093336052985217
289 0.009495284603570743
290 0.009751751775772704
291 0.009856738337492807
292 0.010116205125743911
293 0.010189695718947981
294 0.009895733346131698
295 0.009694759070838936
296 0.009429293050489536
297 0.009196822806680749
298 0.008836868880783253
299 0.008410923401804566
300 0.00779300249568055
301 0.007220075830293722
302 0.006663647053177193
303 0.0057472643501631825
304 0.005166838644653488
305 0.0046389062200038415
306 0.004031483970051835
307 0.003482554233058171
308 0.0029651204645805363
309 0.0026216644269533513
310 0.002038239105394511
311 0.0018147677097331558
312 0.0014683120560568255
313 0.0012493400844691886
314 0.0009748752159723552
315 0.0008548905740065266
316 0.0006629151468612018
317 0.0005339316567479363
318 0.0004319447110769822
319 0.00035095507775004806
320 0.00027296506047225943
321 0.00016797849875215974
322 0.00015897965060472264
323 0.0001379823382607026
324 9.448790554808978e-05
325 6.449174505663277e-05
326 6.899116913035132e-05
327 4.499424073718565e-05
328 3.7495200614321365e-05
329 2.5496736417738524e-05
330 2.399692839316567e-05
331 2.699654444231138e-05
332 1.949750431944711e-05
333 1.3498272221155694e-05
334 7.499040122864274e-06
335 7.499040122864274e-06
336 1.4998080245728546e-06
337 2.9996160491457093e-06
338 5.9992320982914186e-06
339 4.4994240737185635e-06
340 0.0
341 2.9996160491457093e-06
342 1.4998080245728546e-06
343 0.0
344 0.0
345 1.4998080245728546e-06
346 0.0
347 0.0
348 1.4998080245728546e-06
349 0.0
350 0.0
351 1.4998080245728546e-06
352 0.0
353 0.0
354 0.0
355 0.0
356 0.0
357 0.0
358 0.0
