0 1.4998080245728546e-06
1 0.0
2 1.4998080245728546e-06
3 1.4998080245728546e-06
4 1.4998080245728546e-06
5 1.4998080245728546e-06
6 0.0
7 0.0
8 0.0
9 0.0
10 1.4998080245728546e-06
11 1.4998080245728546e-06
12 2.9996160491457093e-06
13 0.0
14 0.0
15 1.4998080245728546e-06
16 1.4998080245728546e-06
17 5.9992320982914186e-06
18 4.4994240737185635e-06
19 4.4994240737185635e-06
20 5.9992320982914186e-06
21 5.9992320982914186e-06
22 8.998848147437129e-06
23 2.9996160491457093e-06
24 1.6497888270301404e-05
25 1.1998464196582839e-05
26 7.499040122864274e-06
27 1.4998080245728549e-05
28 2.849635246688423e-05
29 1.949750431944711e-05
30 3.899500863889423e-05
31 4.4994240737185655e-05
32 6.599155308120562e-05
33 9.598771357266264e-05
34 7.799001727778844e-05
35 0.00011248560184296402
36 0.0001424817623344211
37 0.000154480226531004
38 0.00021747216356306394
39 0.0002444687080053754
40 0.0003329573814551736
41 0.0003794514302169322
42 0.0004319447110769822
43 0.00047993856786331357
44 0.000617920906124016
45 0.0006284195622960259
46 0.0008278940295642155
47 0.0009088836628911499
48 0.0011038587060856217
49 0.0011893477634862737
50 0.00131833125359954
51 0.0015553009214820505
52 0.001666286715300443
53 0.0018627615665194864
54 0.0020757343060088316
55 0.002210717028220388
56 0.002386194567095412
57 0.0026771573238625473
58 0.002843636014590134
59 0.002971119696678827
60 0.003178093204069881
61 0.003197590708389329
62 0.003331073622576313
63 0.003487053657131888
64 0.003473555384910734
65 0.003727022941063543
66 0.003617536955269727
67 0.0037390214052601288
68 0.003740521213284701
69 0.0036070382990977153
70 0.0035350475139182217
71 0.0036820287003263602
72 0.00344055960837013
73 0.0033835669034363606
74 0.0031735937799961624
75 0.00304611009790747
76 0.0030086148972931484
77 0.002716152332501441
78 0.002674157707813401
79 0.0023636974467268193
80 0.0024701838164714936
81 0.002111729698598581
82 0.002003743520829334
83 0.0019887454405836057
84 0.001669286331349588
85 0.001568799193703207
86 0.0014188183912459212
87 0.0012733370128623538
88 0.0011803489153388365
89 0.0010543650412747168
90 0.000998872144365521
91 0.0008968851986945669
92 0.0007873992129007483
93 0.0007439047801881358
94 0.0006584157227874835
95 0.0006329189863697447
96 0.0005474299289690919
97 0.0005189335765022076
98 0.0004334445191015549
99 0.0004079477826838164
100 0.00041394701478210784
101 0.00033445718947974643
102 0.00031046026108658094
103 0.0003134598771357266
104 0.0002834637166442695
105 0.0002474683240545211
106 0.00024446870800537543
107 0.0002339700518333654
108 0.00022347139566135542
109 0.00021747216356306397
110 0.0001829765789978883
111 0.0002024740833173354
112 0.0001844763870224611
113 0.00013648253023612974
114 0.00017697734689959684
115 0.0001619792666538683
116 0.00014848099443271262
117 0.00015298041850643113
118 0.00015747984258014975
119 0.00014248176233442122
120 0.00016197926665386837
121 0.00016797849875215977
122 0.00018147677097331554
123 0.00013498272221155685
124 0.00014698118640813976
125 0.00017247792282587836
126 0.00018597619504703402
127 0.00016197926665386826
128 0.0002234713956613554
129 0.0002234713956613554
130 0.0002309704357842196
131 0.00022947062775964685
132 0.0002819639086196967
133 0.00034945526972547495
134 0.0003659531579957765
135 0.00038995008638894224
136 0.0003959493184872336
137 0.0005414306968708002
138 0.0005414306968708006
139 0.0005549289690919565
140 0.0006629151468612017
141 0.0007903988289498944
142 0.0008773876943751196
143 0.000979374640046074
144 0.0011323550585525053
145 0.0013213308696486859
146 0.0014878095603762726
147 0.0017307784603570748
148 0.0019152548473795358
149 0.0022182160683432523
150 0.0024836820886926484
151 0.002722151564599732
152 0.002963620656555964
153 0.0035710429065079694
154 0.003929497024380881
155 0.004661403340372433
156 0.005222331541562683
157 0.005528292378575547
158 0.00632319063159916
159 0.007176581397581112
160 0.007790002879631405
161 0.008415422825878283
162 0.009456289594931852
163 0.010410167498560193
164 0.01140154060280285
165 0.012077954021885218
166 0.013267301785371485
167 0.013832729410635439
168 0.01487959541178728
169 0.01597145565367631
170 0.016953829909771533
171 0.017610745824534448
172 0.018411643309656365
173 0.019251535803417173
174 0.0195319999040123
175 0.020325398349011353
176 0.02055936840084471
177 0.021384262814359782
178 0.021318271261278585
179 0.02139926089460551
180 0.02117278988289501
181 0.021459253215588427
182 0.021057304665002902
183 0.02047387934344406
184 0.020286403340372447
185 0.0198469595891726
186 0.01898606978306777
187 0.01845663755039355
188 0.017835717028220382
189 0.016703361969667863
190 0.01586196966788249
191 0.014833101363025519
192 0.013811732098291426
193 0.013123320215012484
194 0.012205437703973906
195 0.011127075734306026
196 0.010297681896717224
197 0.009433792474563257
198 0.008659891533883657
199 0.007691015550009597
200 0.0070805936840084484
201 0.006311192167402576
202 0.0056677745248608245
203 0.004977862833557307
204 0.004617908907659821
205 0.003927997216356308
206 0.0036940271645229416
207 0.0032755807256671155
208 0.002842136206565561
209 0.0024431872720291816
210 0.0021297273948934553
211 0.0018747600307160682
212 0.0016572878671530051
213 0.001505807256671147
214 0.001345327798041851
215 0.001147353138798234
216 0.0009598771357266269
217 0.000806896717220196
218 0.0007858994048761758
219 0.0006824126511806488
220 0.0006149212900748703
221 0.0005309320406987903
222 0.0004799385678633132
223 0.0004064479746592435
224 0.00037645181416778644
225 0.0003194591092340179
226 0.00033745680552889226
227 0.00026246640430024963
228 0.00025196774812823966
229 0.00024146909195622957
230 0.00023247024380879238
231 0.00020397389134190833
232 0.00018297657899788838
233 0.00015448022653100405
234 0.00016647869072758682
235 0.00019347523516989826
236 0.00016647869072758696
237 0.00018447638702246113
238 0.00016347907467844123
239 0.00014848099443271254
240 0.00015747984258014972
241 0.00015148061048185832
242 0.00013498272221155696
243 0.00014998080245728549
244 0.00014698118640813973
245 0.0001619792666538683
246 0.00017697734689959692
247 0.00017397773085045122
248 0.00016047945862929545
249 0.00020397389134190825
250 0.00019947446726818982
251 0.0002129727394893454
252 0.00023546985985793825
253 0.00027146525244768665
254 0.00023996928393165684
255 0.0002909627567671338
256 0.00028196390861969666
257 0.0003374568055288922
258 0.0003464556536763295
259 0.00040794778268381655
260 0.00039744912651180637
261 0.000484437991937032
262 0.0004994360721827608
263 0.0005324318487233637
264 0.0006644149548857744
265 0.0006479170666154731
266 0.0007349059320406987
267 0.000836892877711653
268 0.0008398924937607984
269 0.001004871376463813
270 0.0010573646573238623
271 0.0011278556344787869
272 0.0012208437320023041
273 0.001387322422729891
274 0.001505807256671148
275 0.0016107938183912466
276 0.001874760030716069
277 0.0019752471683624493
278 0.002122228354770591
279 0.0023097043578421974
280 0.002492680936840085
281 0.0026891557880591313
282 0.0027836436936072195
283 0.0029276252639662127
284 0.002930624880015362
285 0.0032650820694951066
286 0.003391065943559226
287 0.0033460717028220392
288 0.0036115377231714374
289 0.0035515454021885213
290 0.003526048665770782
291 0.0036925273564983687
292 0.0035770421386062605
293 0.0036580317719331927
294 0.0035485457861393764
295 0.0035140502015742
296 0.003542546554041085
297 0.003190091668266465
298 0.003203589940487616
299 0.0031990905164139016
300 0.0029006287195239024
301 0.0027161523325014425
302 0.002582669418314458
303 0.002383194951046267
304 0.0022377135726627
305 0.0019527500479938574
306 0.001868760798617778
307 0.0016182928585141106
308 0.0015568007295066234
309 0.001345327798041851
310 0.0011338548665770784
311 0.001021369264734114
312 0.0008518909579573815
313 0.0007799001727778842
314 0.0006764134190823572
315 0.0006104218660011517
316 0.0004889374160107505
317 0.0003944495104626607
318 0.00032845795738145514
319 0.00027596467652140526
320 0.00022497120368592823
321 0.00022347139566135534
322 0.00017247792282587833
323 0.00014098195430984828
324 0.00011998464196582832
325 9.44879055480898e-05
326 6.899116913035133e-05
327 4.649404876175851e-05
328 4.1994624688039935e-05
329 3.8995008638894215e-05
330 2.6996544442311378e-05
331 2.0997312344019964e-05
332 1.3498272221155694e-05
333 1.7997696294874257e-05
334 1.3498272221155694e-05
335 1.3498272221155694e-05
336 1.1998464196582839e-05
337 8.998848147437129e-06
338 0.0
339 2.9996160491457093e-06
340 0.0
341 2.9996160491457093e-06
342 2.9996160491457093e-06
343 0.0
344 1.4998080245728546e-06
345 1.4998080245728546e-06
346 0.0
347 0.0
348 1.4998080245728546e-06
349 0.0
350 2.9996160491457093e-06
351 1.4998080245728546e-06
352 0.0
353 1.4998080245728546e-06
354 0.0
355 0.0
356 0.0
357 0.0
358 0.0
