0 0.0
1 1.4998080245728546e-06
2 0.0
3 0.0
4 0.0
5 0.0
6 0.0
7 1.4998080245728546e-06
8 1.4998080245728546e-06
9 1.4998080245728546e-06
10 0.0
11 2.9996160491457093e-06
12 2.9996160491457093e-06
13 2.9996160491457093e-06
14 4.4994240737185635e-06
15 4.4994240737185635e-06
16 5.9992320982914186e-06
17 7.499040122864274e-06
18 2.9996160491457093e-06
19 4.4994240737185635e-06
20 8.998848147437129e-06
21 1.0498656172009984e-05
22 5.9992320982914186e-06
23 1.4998080245728549e-05
24 1.1998464196582839e-05
25 2.3996928393165668e-05
26 2.9996160491457084e-05
27 1.949750431944711e-05
28 3.749520061432137e-05
29 4.649404876175849e-05
30 5.849251295834135e-05
31 8.998848147437123e-05
32 9.148828949894408e-05
33 0.00013198310616241115
34 0.00012598387406411972
35 0.00017847715492416984
36 0.00019497504319447112
37 0.00022347139566135537
38 0.0002999616049145711
39 0.00031345987713572677
40 0.0004379439431752736
41 0.0005159339604530621
42 0.0005534291610673832
43 0.0006839124592052215
44 0.0007304065079669797
45 0.0008488913419082355
46 0.0010363673449798425
47 0.001219343923977731
48 0.0013528268381647157
49 0.001535803417162604
50 0.0016722859473987345
51 0.0020217412171242093
52 0.002135726626991745
53 0.0024926809368400857
54 0.0026741577078134016
55 0.0028031411979266667
56 0.003062607986177771
57 0.0032575830293722417
58 0.0034585573046650056
59 0.003703026012670381
60 0.0038695047033979663
61 0.004176965348435402
62 0.004206961508926857
63 0.004239957285467461
64 0.004326946150892686
65 0.004506923113841429
66 0.004419934248416204
67 0.004586412939143789
68 0.004445430984833943
69 0.004410935400268767
70 0.004362941543482434
71 0.004253455557688616
72 0.004146969187943944
73 0.0039594931848723385
74 0.003869504703397964
75 0.003695526972547517
76 0.003389566135534654
77 0.0032395853330773688
78 0.003071606834325209
79 0.0028046410059512404
80 0.002648660971395664
81 0.0024161907275868704
82 0.0022677097331541564
83 0.0021822206757535043
84 0.0018897581109617975
85 0.0017517757727010953
86 0.0015223051449414487
87 0.0014473147437128056
88 0.001217844115953158
89 0.001165350835093108
90 0.001082861393741601
91 0.0009253815511614516
92 0.0009373800153580341
93 0.0008338932616625068
94 0.0006959109234018043
95 0.0006419178345171818
96 0.000607422249952006
97 0.0005129343444039166
98 0.0005039354962564792
99 0.00046494048761758493
100 0.00040794778268381666
101 0.0004049481666346707
102 0.0003929497024380878
103 0.00030596083701286226
104 0.0002924625647917066
105 0.0002639662123248224
106 0.00027296506047225965
107 0.0002114729314647725
108 0.00021597235553849105
109 0.00019047561912075256
110 0.00019047561912075264
111 0.0001694783067767326
112 0.0001994744672681897
113 0.00018447638702246118
114 0.00016047945862929545
115 0.00016197926665386826
116 0.00018297657899788835
117 0.00012598387406411975
118 0.00014098195430984833
119 0.0001589796506047226
120 0.00012898349011326548
121 0.00018147677097331538
122 0.0001484809944327126
123 0.00014398157035899409
124 0.000154480226531004
125 0.00018747600307160683
126 0.00018597619504703408
127 0.000154480226531004
128 0.00019047561912075248
129 0.0002264710117105011
130 0.000227970819735074
131 0.0002639662123248225
132 0.0002999616049145709
133 0.00028496352466884223
134 0.0003014614129391438
135 0.00039294970243808786
136 0.00040044874256095215
137 0.0004604410635438666
138 0.0005189335765022079
139 0.0005504295450182375
140 0.000658415722787483
141 0.0007619024764830102
142 0.0008338932616625072
143 0.0009808744480706466
144 0.0010963596659627568
145 0.0012478402764446153
146 0.0013798233826070264
147 0.0016047945862929555
148 0.0018342652140526017
149 0.0020262406411979293
150 0.002354698598579383
151 0.0026636590516413918
152 0.00301911355346516
153 0.0034510582645421403
154 0.0037600187176041484
155 0.00422945862929545
156 0.004712396813207908
157 0.005370812535995397
158 0.005963236705701676
159 0.006495668554425035
160 0.007353558744480704
161 0.00795498176233442
162 0.00875287963140718
163 0.009613769437512002
164 0.010326178249184114
165 0.011152572470723762
166 0.012085453062008075
167 0.012868352850835107
168 0.01384322806680745
169 0.014839100595123816
170 0.015602502879631394
171 0.01641689863697445
172 0.016847343540026857
173 0.017717232194279123
174 0.018474635246688423
175 0.01848513390286043
176 0.0192890310040315
177 0.019686480130543305
178 0.0197194759070839
179 0.02017541754655406
180 0.019987941543482452
181 0.019863457477442902
182 0.019407515837972747
183 0.01939101794970245
184 0.018663611057784607
185 0.01859911931272797
186 0.017925705509694755
187 0.016989825302361282
188 0.016326910155500075
189 0.01573748560184295
190 0.014590132463044723
191 0.014053201190247652
192 0.013265801977346912
193 0.012086952870032653
194 0.011460033115761195
195 0.010545150220771753
196 0.009619768669610293
197 0.008640394029564213
198 0.007781004031483965
199 0.007214076598195429
200 0.006659147629103482
201 0.0060697230754463505
202 0.005261326550201577
203 0.004749892013822232
204 0.00434494384718756
205 0.003670030236129775
206 0.003242584949126514
207 0.002965120464580536
208 0.002570670954117874
209 0.0023397005183336548
210 0.0019677481282395874
211 0.0017982698214628534
212 0.001595795738145518
213 0.0014518141677865239
214 0.0012253431560760228
215 0.0010708629295450181
216 0.0009763750239969287
217 0.0008383926857362256
218 0.0006989105394509501
219 0.0007139086196966786
220 0.0006269197542714531
221 0.0005414306968708006
222 0.0004919370320598962
223 0.0003794514302169321
224 0.00038695047033979657
225 0.000349455269725475
226 0.00029996160491457097
227 0.0002924625647917067
228 0.00022647101171050107
229 0.00025496736417738534
230 0.00018147677097331538
231 0.00017397773085045114
232 0.0001934752351698983
233 0.00013498272221155688
234 0.00016947830677673258
235 0.0001574798425801497
236 0.00015298041850643116
237 0.00016647869072758688
238 0.00015598003455557686
239 0.00016647869072758696
240 0.00012748368208869261
241 0.00013198310616241115
242 0.00016647869072758688
243 0.00016047945862929548
244 0.0001574798425801498
245 0.00015897965060472256
246 0.00015598003455557689
247 0.00016647869072758696
248 0.00021597235553849116
249 0.00021597235553849105
250 0.00021447254751391827
251 0.0002354698598579382
252 0.00023247024380879255
253 0.0002504679401036668
254 0.0002834637166442696
255 0.0003449558456517567
256 0.0002969619888654252
257 0.00036745296602034926
258 0.0003554545018237663
259 0.00038845027836436924
260 0.00045594163947014786
261 0.00047393933576502217
262 0.0005699270493376848
263 0.0005804257055096947
264 0.0006209205221731619
265 0.0006989105394509505
266 0.0008383926857362253
267 0.0009238817431368785
268 0.0010228690727586871
269 0.0009568775196774812
270 0.0011908475715108468
271 0.001219343923977732
272 0.0014413155116145136
273 0.001559800345555769
274 0.001663287099251297
275 0.001936252159723556
276 0.0020622360337876756
277 0.0021687224035323483
278 0.0024341884238817434
279 0.002587168842388175
280 0.002872132367057019
281 0.003070107026300636
282 0.003406064023804957
283 0.0034570574966404314
284 0.0036355346515646006
285 0.003725523133038972
286 0.004115473219427915
287 0.004026984545978115
288 0.004232458245344597
289 0.004377939623728162
290 0.004481426377423691
291 0.004497924265693992
292 0.004454429832981377
293 0.004545918122480321
294 0.004337444807064697
295 0.004335944999040123
296 0.00430144941447495
297 0.00419196342868113
298 0.004158967652140524
299 0.0038185112305624894
300 0.0036220363793434433
301 0.0035890406028028427
302 0.003251583797273952
303 0.0032380855250527976
304 0.002902128527548476
305 0.002698154636206567
306 0.0024416874640046083
307 0.0021267277788443078
308 0.0019422513918218487
309 0.0017397773085045124
310 0.001553801113457479
311 0.0014668122480322534
312 0.0012103450758302943
313 0.0010453661931272798
314 0.0009493784795546167
315 0.0007574030524092916
316 0.0006464172585909003
317 0.000556428777116529
318 0.0004619408715684392
319 0.00039444951046266075
320 0.0003629535419466308
321 0.00030746064503743505
322 0.00024746832405452105
323 0.00019497504319447115
324 0.00011548521789210976
325 0.0001394821462852755
326 9.298809752351696e-05
327 7.649020925321557e-05
328 7.79900172777884e-05
329 6.149212900748707e-05
330 6.149212900748705e-05
331 3.899500863889423e-05
332 2.6996544442311374e-05
333 1.1998464196582839e-05
334 2.9996160491457084e-05
335 1.1998464196582839e-05
336 5.9992320982914186e-06
337 5.9992320982914186e-06
338 1.4998080245728549e-05
339 5.9992320982914186e-06
340 4.4994240737185635e-06
341 1.4998080245728546e-06
342 5.9992320982914186e-06
343 2.9996160491457093e-06
344 1.4998080245728546e-06
345 0.0
346 4.4994240737185635e-06
347 2.9996160491457093e-06
348 0.0
349 1.4998080245728546e-06
350 0.0
351 0.0
352 0.0
353 1.4998080245728546e-06
354 2.9996160491457093e-06
355 0.0
356 0.0
357 0.0
358 1.4998080245728546e-06
