0 0.0006022400331752688
1 0.0006097301449161774
2 0.0006291940025177777
3 0.0007102974060440756
4 0.0006487455264299075
5 0.000705733685768243
6 0.0006937379100727352
7 0.0007507602662065668
8 0.0007778128433026664
9 0.0007958440636976827
10 0.0008558664813532593
11 0.0009579383269974761
12 0.0009728645192498912
13 0.0010854429602109494
14 0.0012174850120736144
15 0.0012925245004785715
16 0.001351027794292342
17 0.0016047468763426096
18 0.0018207409907010008
19 0.0020369320986920376
20 0.0024691537680341
21 0.0026821845886297875
22 0.00312645222851197
23 0.0036065785797746203
24 0.004369011903166536
25 0.004898645281138847
26 0.005530560866467048
27 0.006552434700523079
28 0.007406145596293379
29 0.008576764530841347
30 0.00944845577840845
31 0.010329308612191135
32 0.011325612182363606
33 0.012544033213773967
34 0.013337578980477313
35 0.014150732959823862
36 0.014998384268839702
37 0.015238682274896564
38 0.015254670404013957
39 0.015617967988674162
40 0.015517180127725823
41 0.015159800042875702
42 0.015033777226469612
43 0.01419043697300448
44 0.013380136864315417
45 0.012640268038876627
46 0.011747301192901344
47 0.011009216664320216
48 0.010191413436487166
49 0.009136458867504069
50 0.008219592091040716
51 0.00734021596757626
52 0.006899239067645869
53 0.006048352911408882
54 0.00554722126585239
55 0.004977072951280187
56 0.004577972127074128
57 0.004171384672576371
58 0.003920774522934088
59 0.003541206707909838
60 0.0032141134527752776
61 0.0031810847104241876
62 0.0028105134296876793
63 0.0028135251779901624
64 0.0025569190257543188
65 0.002533003180822828
66 0.0023093668716538097
67 0.0023859469968584707
68 0.0022778760744673536
69 0.002132357559238317
70 0.0021713499412110327
71 0.00211440540196625
72 0.0020798781140711937
73 0.0020303460885832208
74 0.0019808936902801326
75 0.0019118503487118358
76 0.0018098089033379396
77 0.0017017385403539566
78 0.001632703575579107
79 0.0015232118112625738
80 0.001466258402172807
81 0.001193038412040696
82 0.001217107724587401
83 0.0010280030564305171
84 0.0009079316236346059
85 0.00077891069442061
86 0.0007188707884067881
87 0.0006138487692778912
88 0.0005522981230370826
89 0.00045473848381516983
90 0.000403738424574597
91 0.0003331727405807172
92 0.0002776354451413985
93 0.00022362709533216697
94 0.0001920913183321602
95 0.0001395637437653888
96 0.00012757885043845562
97 0.0001515714253480816
98 0.00010505344888639276
99 7.05356642419368e-05
100 8.104644381964989e-05
101 6.754182012969538e-05
102 4.6520282439877816e-05
103 6.304123724866605e-05
104 5.102864989922339e-05
105 5.5522592569704536e-05
106 3.45183604733365e-05
107 4.0517878336466844e-05
108 4.3521241683992615e-05
109 3.750874803837539e-05
110 3.0007687169742e-05
111 1.5002113426339875e-05
112 4.6518839981011156e-05
113 4.050807289286859e-05
114 2.101173036625379e-05
115 3.151499456693665e-05
116 3.300876099973288e-05
117 1.800605429211602e-05
118 2.250576778742078e-05
119 2.4008168972984182e-05
120 3.300932662908887e-05
121 2.2499425438548437e-05
122 3.150893831487042e-05
123 1.9503266938965713e-05
124 3.152222508114829e-05
125 3.900999829661905e-05
126 3.0005669748880296e-05
127 2.550941801218479e-05
128 3.600778675868942e-05
129 3.6009808062643864e-05
130 3.0005959836187437e-05
131 4.201019141567791e-05
132 3.9006826179672614e-05
133 5.852625834183506e-05
134 5.251403114185095e-05
135 6.301787552118238e-05
136 5.1016537389845406e-05
137 7.351942605615855e-05
138 7.801394979223686e-05
139 7.801480018502823e-05
140 8.102508473016297e-05
141 8.701077805464801e-05
142 7.351827457168673e-05
143 9.902971344114692e-05
144 0.00010201057465780659
145 9.901703072377334e-05
146 8.702002099634875e-05
147 9.301692513409916e-05
148 0.00010052088538240302
149 8.100577535992221e-05
150 0.00011101895425646149
151 6.751038305531407e-05
152 5.8508658535036075e-05
153 7.950769987653255e-05
154 8.850711622355805e-05
155 8.700586773723158e-05
156 6.450039214221613e-05
157 6.300692613467585e-05
158 4.950692480785747e-05
159 6.600279554591695e-05
160 4.500144847142502e-05
161 3.300269529487869e-05
162 2.0999040897383658e-05
163 1.349942436866833e-05
164 2.4000386385564268e-05
165 1.3499713235783453e-05
166 1.4998080245728547e-05
167 1.049952022733784e-05
168 1.1999905211210598e-05
169 4.4994240737185635e-06
170 7.500481137492035e-06
171 1.4998080245728546e-06
172 4.4994240737185635e-06
173 1.4998080245728546e-06
174 3.0004803257637882e-06
175 2.9996160491457093e-06
176 1.5000960061443932e-06
177 0.0
178 0.0
179 0.0
180 1.501249039200615e-06
181 0.0
182 0.0
183 1.4998080245728546e-06
184 1.5003840983291722e-06
185 2.999904030717248e-06
186 0.0
187 0.0
188 3.001345045345008e-06
189 4.4994240737185635e-06
190 4.501152737695495e-06
191 3.0004803257637882e-06
192 3.0016331375297874e-06
193 7.501633727712647e-06
194 7.503074742340407e-06
195 6.000672227375593e-06
196 1.500240284677622e-05
197 7.499904399482353e-06
198 7.501345414110112e-06
199 1.6502210871349074e-05
200 1.9504420193695053e-05
201 1.5001537463196796e-05
202 3.150288505491444e-05
203 3.90079763314241e-05
204 2.55024990371296e-05
205 2.8502980359177748e-05
206 5.1008192077154214e-05
207 5.400519019722512e-05
208 5.551655876161133e-05
209 5.250221282582331e-05
210 4.050981577251195e-05
211 2.550770824511204e-05
212 5.550153967575911e-05
213 4.350769027096821e-05
214 5.401530761680176e-05
215 3.00099967899171e-05
216 3.750413180535579e-05
217 4.200153945494365e-05
218 4.3504805028632964e-05
219 2.7001732539084165e-05
220 2.0999617192430193e-05
221 2.2499713309187832e-05
222 2.5499329469265683e-05
223 1.650972614806248e-05
224 1.6501922889777535e-05
225 2.549731249149485e-05
226 1.2001633764446756e-05
227 2.2500865899408444e-05
228 1.5002403623175274e-05
229 1.2004810872978645e-05
230 1.349884829491201e-05
231 2.100423387557627e-05
232 1.5000096559246022e-05
233 4.5005763319081815e-06
234 1.3499136276483549e-05
235 2.25017303979548e-05
236 1.95015387183991e-05
237 1.7999424516143207e-05
238 2.4005289717488984e-05
239 1.8004612058062326e-05
240 1.3502017973899591e-05
241 1.6511457694241097e-05
242 2.4007318249821786e-05
243 2.5501923850513108e-05
244 2.3999233020158147e-05
245 1.8000289457014652e-05
246 2.2514148779296793e-05
247 2.1000192712865294e-05
248 2.849894551841139e-05
249 2.7001729880857167e-05
250 3.900192617559553e-05
251 4.5003750107968126e-05
252 6.751355362284699e-05
253 8.10360806432605e-05
254 8.852412452821875e-05
255 0.00010051307336768652
256 0.00012452012577202166
257 0.00013503347359495005
258 0.00015752970680008976
259 0.00022653878685952966
260 0.0002565446973731937
261 0.00031957500969440403
262 0.0003810925222381542
263 0.0005611155912407264
264 0.0006421455812945517
265 0.0007771909069921746
266 0.0010397694379334086
267 0.0012693008842695607
268 0.0015393940410875638
269 0.001916035055684707
270 0.002214642453765127
271 0.002658744257732678
272 0.0030758742126232533
273 0.0036519985180141754
274 0.004340784244018895
275 0.00474891521149311
276 0.00521720633224697
277 0.005829368806784453
278 0.006698318159038451
279 0.00706898547979522
280 0.00750267075644033
281 0.007825176698293242
282 0.007964912909604346
283 0.008052108675618603
284 0.00812400485235719
285 0.008194683589769712
286 0.008190334387521326
287 0.007921645489478666
288 0.007830168301410189
289 0.007726735474401643
290 0.0072584921608672415
291 0.0070918565721750145
292 0.007105542116665823
293 0.0066959493158826175
294 0.006358264325201881
295 0.006118104215712037
296 0.0060520931456356395
297 0.005897626047955584
298 0.005673906354869785
299 0.005857144529353645
300 0.005920197434696165
301 0.00605379256440488
302 0.006188789613449629
303 0.006175462328176407
304 0.006667655971783652
305 0.00690478419138244
306 0.006934888604144375
307 0.00729366614961629
308 0.0078072121935824955
309 0.008053039527873831
310 0.008785654492618734
311 0.009006362512641582
312 0.009783759096334247
313 0.009961152008544288
314 0.010675732289249274
315 0.011219128617255764
316 0.011612223348734107
317 0.011995261845644284
318 0.012123096294005011
319 0.012351319158991379
320 0.012563223251095696
321 0.012441950300814542
322 0.012391012208636235
323 0.012310113075246312
324 0.01186771927547002
325 0.011390527098072138
326 0.011078320387695718
327 0.010116325588936282
328 0.009184309766371591
329 0.008651373073754003
330 0.008061585095455952
331 0.006995951995393657
332 0.006152426863780225
333 0.005497890410969664
334 0.004907972999880881
335 0.004313388201772869
336 0.0036306002882846144
337 0.0031710205239699175
338 0.002761305944741683
339 0.0024235157891827515
340 0.002093143384782732
341 0.0018815813298235073
342 0.001725421119477047
343 0.0014521037803804035
344 0.0013755098997217093
345 0.001174241487210711
346 0.001096282266481144
347 0.0011383316790613478
348 0.0009325869953839229
349 0.0008424921016047943
350 0.0008229995174887106
351 0.0007057935455838521
352 0.0007073477295294091
353 0.0007298425168223259
354 0.0007058149634474706
355 0.0006067278770742638
356 0.0005932275433652924
357 0.0006772770537715818
358 0.0006743691822472166
