0 1.9504418532519275e-05
1 2.8507012100031253e-05
2 2.250403424963399e-05
3 2.400413025577838e-05
4 2.5507395718854547e-05
5 3.1508644683984654e-05
6 2.850672345452525e-05
7 3.9011429894892785e-05
8 3.7509028708307165e-05
9 3.3007011804734366e-05
10 4.6511910257390685e-05
11 3.4507684106052826e-05
12 4.2012197538166126e-05
13 4.351258252184752e-05
14 5.701287061387644e-05
15 6.151748067920694e-05
16 7.201642450075744e-05
17 7.05180573802628e-05
18 7.652045827129649e-05
19 9.751978681809314e-05
20 8.102247517461421e-05
21 8.702516437950549e-05
22 9.152689296973082e-05
23 9.752670136294125e-05
24 0.0001215394743849004
25 0.00011552641352894381
26 0.0001095263174856827
27 0.00010802996689974068
28 0.0001095332320305308
29 7.801767379779102e-05
30 9.602487680368822e-05
31 0.00010052343626863018
32 0.00010052602909861194
33 9.902046011524954e-05
34 7.951200685334249e-05
35 6.751383229810357e-05
36 6.451594447003549e-05
37 5.5509317833035654e-05
38 3.750557126993139e-05
39 3.4502210132741824e-05
40 4.050518765098056e-05
41 3.0005091571240413e-05
42 1.9505282477106356e-05
43 2.7005186876588707e-05
44 2.250230569639783e-05
45 1.5001825333772399e-05
46 1.3500288755963389e-05
47 9.001152663816363e-06
48 4.5002883503366425e-06
49 4.4997120552901025e-06
50 1.5006723011909336e-06
51 3.001344602381867e-06
52 3.0004803257637882e-06
53 4.5002883503366425e-06
54 2.9996160491457093e-06
55 0.0
56 0.0
57 0.0
58 0.0
59 0.0
60 1.5006723011909336e-06
61 1.5006723011909336e-06
62 0.0
63 1.4998080245728546e-06
64 0.0
65 0.0
66 0.0
67 0.0
68 0.0
69 1.4998080245728546e-06
70 3.001344602381867e-06
71 1.4998080245728546e-06
72 3.000768307335327e-06
73 3.0004803257637882e-06
74 3.0004803257637882e-06
75 1.4998080245728546e-06
76 1.4998080245728546e-06
77 1.5006723011909336e-06
78 2.9996160491457093e-06
79 3.000768307335327e-06
80 6.0000963749094975e-06
81 2.999904030717248e-06
82 6.0000963749094975e-06
83 4.4997120552901025e-06
84 5.999520079862958e-06
85 1.4998944190443163e-05
86 2.5498176657499686e-05
87 3.150173013888149e-05
88 3.450076989298067e-05
89 4.200067429246303e-05
90 4.049740916141785e-05
91 4.049884940117901e-05
92 5.6997313966526954e-05
93 6.449952288238854e-05
94 5.9995777757483035e-05
95 4.94994261018523e-05
96 5.999779429229074e-05
97 5.2497313929665306e-05
98 5.1001827288182846e-05
99 5.54998107902368e-05
100 6.2997986636483e-05
101 4.799644928428211e-05
102 5.249817754247645e-05
103 3.900019396669923e-05
104 2.9998177026264788e-05
105 3.299721678036395e-05
106 2.8498369001691935e-05
107 2.9998465007836324e-05
108 2.6998560977119078e-05
109 1.7997696294874254e-05
110 1.9497792301018646e-05
111 3.1496832460744555e-05
112 2.399721637473721e-05
113 3.1496832792648025e-05
114 1.4998080245728549e-05
115 2.099846460220958e-05
116 1.949750431944711e-05
117 3.29957765406028e-05
118 2.999731274964671e-05
119 3.29957765406028e-05
120 1.3499136497773773e-05
121 1.6497888270301404e-05
122 4.049654521670323e-05
123 2.999702476807517e-05
124 3.449731311841181e-05
125 5.2495009413286067e-05
126 4.4995105013803716e-05
127 4.949452908752229e-05
128 7.349174546225947e-05
129 5.8494529493149026e-05
130 7.949357039040513e-05
131 8.548992167727077e-05
132 8.849155426122419e-05
133 0.0001259922285168256
134 9.749040240866129e-05
135 0.00013198829182211965
136 0.00016348858172124002
137 0.00015748358733629013
138 0.00019497936457756154
139 0.0001904796521903679
140 0.0002879723591154085
141 0.0003404676561783628
142 0.0003629714027783285
143 0.00045146180444945963
144 0.0005039579661209353
145 0.0006194506741891328
146 0.0007544382940788267
147 0.0008819242806838987
148 0.0010169041217521265
149 0.001223904997681484
150 0.0014263877217735796
151 0.0017608572991075506
152 0.002122328029916592
153 0.0023638028824999628
154 0.0026832654488404537
155 0.00315124329004158
156 0.003635679842734562
157 0.0042566395446733025
158 0.004735049493742557
159 0.005360513514446023
160 0.00596945573909829
161 0.0064344135105887205
162 0.00711235064813177
163 0.007689779327766947
164 0.008067743336817819
165 0.008558171051487021
166 0.008696169812662987
167 0.008975101550039818
168 0.008865648404434162
169 0.009159572461761478
170 0.00903659194783883
171 0.008795126889947933
172 0.008666142532239013
173 0.008460637433919843
174 0.008576107670795969
175 0.00840362283110192
176 0.008096143749601548
177 0.007784151704246943
178 0.00790715065629204
179 0.007979142881711298
180 0.00813661321658484
181 0.008082623868141613
182 0.008388597960936257
183 0.008777061488776241
184 0.009144513879497253
185 0.009462486142200742
186 0.009868960620457865
187 0.010440382865468332
188 0.01062636079106002
189 0.010737383168163203
190 0.011458819921091443
191 0.011739310527939667
192 0.012114273192720067
193 0.012015289033218869
194 0.012084339836440154
195 0.012546249018087208
196 0.011986822640792524
197 0.01203186240054081
198 0.011676393205018823
199 0.011346410662244823
200 0.011127452229773894
201 0.01035805100612827
202 0.009971080944411988
203 0.009239154751717741
204 0.008640746044275194
205 0.008253766189857995
206 0.007383828277812772
207 0.00699536705382536
208 0.006327926553928092
209 0.005679987884380007
210 0.005177532894744736
211 0.004583575502190198
212 0.004382599212354048
213 0.0037706562197263463
214 0.0034601919252382463
215 0.0030567231129665956
216 0.002686267652740902
217 0.002416290397090513
218 0.00224229941610064
219 0.0019588411737614577
220 0.0017338451920437556
221 0.0016873373155199144
222 0.0014533517090307478
223 0.0013588548737306157
224 0.0011968868433365903
225 0.001136887318831546
226 0.0009899026766445468
227 0.0009749040204356752
228 0.0009119135233114728
229 0.0008819159229121582
230 0.0007949224471265605
231 0.0007349344488543506
232 0.0006854324295907405
233 0.0006854332941992617
234 0.0007169286870840522
235 0.0006794357899903999
236 0.0006074352117779532
237 0.0005744362671081596
238 0.0006554316597347491
239 0.0006134361714337703
240 0.0006359324271938415
241 0.0005939383794646552
242 0.0006014379962144693
243 0.0006284307952369608
244 0.0006779258999555954
245 0.0006179289702718258
246 0.0006164311794459955
247 0.0006509290695235158
248 0.0007499175500755172
249 0.0007469190872807812
250 0.0007664139977744093
251 0.0008714022887116801
252 0.0008849054596071928
253 0.0009838835688393951
254 0.0010618830938245543
255 0.0011713708085036398
256 0.001333347770309098
257 0.0015418349151474727
258 0.0016648142748199924
259 0.002032271849873483
260 0.0022677489142502822
261 0.002690708892260312
262 0.003278648618578098
263 0.0038590930488652253
264 0.004684005326532942
265 0.005457900209972292
266 0.006356333046862073
267 0.007323730538991235
268 0.008651080807747336
269 0.0098359553568027
270 0.011088312048233627
271 0.012457691514736972
272 0.013584050220342968
273 0.014662436969040887
274 0.015745327457552236
275 0.01616077138759654
276 0.01675922072102111
277 0.01712220509459022
278 0.016729234067905246
279 0.01629578176732572
280 0.015988326024614474
281 0.015449846829956503
282 0.014662434073290737
283 0.013425078337937395
284 0.012666148407235938
285 0.011508290273351318
286 0.010530375103991893
287 0.009374039256628984
288 0.008598591836320063
289 0.0075757095137532204
290 0.00675378187310958
291 0.006197336387750424
292 0.005604905019168795
293 0.00500347192262401
294 0.004373543905552987
295 0.004130572995676593
296 0.003782597362982833
297 0.0035171264452869486
298 0.0031661722361291575
299 0.0028916897894695746
300 0.002644227808976842
301 0.0025317364425228744
302 0.0023592469954546898
303 0.002342748531221245
304 0.0021732875126338875
305 0.0021732690731821607
306 0.0021162763669205237
307 0.0020877863527039506
308 0.0019962914373050267
309 0.001954302286590681
310 0.001921300461109207
311 0.001930301326455513
312 0.001874824276167807
313 0.0017668242666521075
314 0.0018133286857382105
315 0.0017098376146428165
316 0.0016843400116246256
317 0.0017278278181053553
318 0.0015808627663005319
319 0.0015718567172858097
320 0.0014638673670717365
321 0.0014458947381203716
322 0.001309390309666016
323 0.001235899429144181
324 0.001070925443787783
325 0.0010499166065375226
326 0.0008654482886423152
327 0.0007664600937479238
328 0.0007604620149037872
329 0.000649456052084468
330 0.0005369687240117195
331 0.00046498139560704636
332 0.0003989783172875692
333 0.00036598340535561535
334 0.0002759920430695634
335 0.00023549636146541624
336 0.00019650048954574187
337 0.00015900846071244167
338 0.00012899962272452324
339 0.00015150423293755537
340 0.00010800461456485153
341 8.550058097889693e-05
342 9.900173235170601e-05
343 7.650375003032952e-05
344 5.400461179893254e-05
345 6.150192336843313e-05
346 4.5004900038429194e-05
347 4.350566797725449e-05
348 3.750124922303407e-05
349 3.4503650704533975e-05
350 3.750182651404606e-05
351 4.6509317095760516e-05
352 3.150173013913656e-05
353 2.4006147454648064e-05
354 2.5501633432068535e-05
355 4.500864446266612e-05
356 2.100566712888428e-05
357 2.250605144863121e-05
358 2.550566716561839e-05
