0 1.7998848221160407e-05
1 2.0997888307163042e-05
2 1.6499040196587557e-05
3 1.649961615973063e-05
4 3.1499424294888406e-05
5 2.2499712202736662e-05
6 4.649779252218849e-05
7 4.0497408497610916e-05
8 4.799817650990443e-05
9 6.449548881706275e-05
10 4.79964486204752e-05
11 5.8496832681914404e-05
12 7.949443300750588e-05
13 0.00011699049756654191
14 8.549596895836963e-05
15 0.00012599136158497978
16 0.00017698627432831456
17 0.0002504843550532444
18 0.00026547782759382834
19 0.00029397590795014186
20 0.0003929692851849525
21 0.0005249544072183643
22 0.000634445864662042
23 0.0008174270513650752
24 0.0011009011353459196
25 0.0011968876969922968
26 0.0014428628365983907
27 0.0018073320255560287
28 0.002237793919521159
29 0.002705736615022034
30 0.0031152075322377175
31 0.0036941492687092756
32 0.004117098011454535
33 0.0049570121038331975
34 0.005312475533085682
35 0.005921412566103982
36 0.006347367260492964
37 0.006737323106513335
38 0.007262283849326271
39 0.00768823048023125
40 0.007467743437595749
41 0.007581732303242144
42 0.00781572107387766
43 0.007748217041582733
44 0.007455751596975313
45 0.007508243725909076
46 0.0071542740570681605
47 0.007151261481848298
48 0.006861796517234732
49 0.006407342878544727
50 0.006206371483067677
51 0.006063886840917543
52 0.005802905557581718
53 0.00561841621138854
54 0.005481938000875984
55 0.005261450094295765
56 0.004913494344613292
57 0.0050454734190337035
58 0.005142967852188651
59 0.005127971211850783
60 0.005196958925202275
61 0.00504398340238256
62 0.0052524607495401865
63 0.0053079444310390935
64 0.0056319179393885515
65 0.00596487618478844
66 0.0061163648587543
67 0.006348833662655237
68 0.006909769639347914
69 0.007409214638959393
70 0.007917663958368166
71 0.008367608381611026
72 0.009222507019101553
73 0.009646969105005253
74 0.010456870909924452
75 0.011185798632521579
76 0.011581741903395813
77 0.012393140636523874
78 0.012996064614328447
79 0.013447526700453304
80 0.013747485425552165
81 0.013838963923677682
82 0.01365297678533092
83 0.013790935797084333
84 0.013630463250012758
85 0.012769544933732353
86 0.012222112700910696
87 0.011673160213372875
88 0.010389309857278364
89 0.009462403731677189
90 0.00860599146304665
91 0.007595113078982111
92 0.006714713673331844
93 0.00576982828225637
94 0.004992915054338485
95 0.004505476582407592
96 0.003562085527706832
97 0.00295015665414182
98 0.0026501872737248176
99 0.00230373018014063
100 0.00198426502329361
101 0.0017113014027292082
102 0.001576313208867791
103 0.0013213397970774042
104 0.0012163535233388752
105 0.0010693726249123064
106 0.0009778823195423613
107 0.0009073899024795792
108 0.0008174022849499227
109 0.0007619062202434404
110 0.0007184129394571135
111 0.0006884159150209419
112 0.0007499071800837141
113 0.0006554215783881967
114 0.0006434222502468992
115 0.0006899151470823717
116 0.0006374218662223217
117 0.0006674183146953501
118 0.0006479182185417593
119 0.0005414321367786583
120 0.0005909263775527054
121 0.0006464192744619008
122 0.00060142589766943
123 0.0006419181224987533
124 0.0006854139951192236
125 0.000682415530996364
126 0.0007139103475861081
127 0.000761904204372439
128 0.000736408043917844
129 0.0007499054521942852
130 0.0008113978691833438
131 0.0009193849108973039
132 0.0009718781917573537
133 0.0010843626416740318
134 0.0011083595700671972
135 0.0011578535228596728
136 0.0013498306778944277
137 0.0015073110964377212
138 0.0016527907469318585
139 0.0018597679980833432
140 0.0020577400654928158
141 0.002213720676011536
142 0.002471688520182782
143 0.002846641678252282
144 0.0031885993477627507
145 0.003533555769377649
146 0.0039100070075822925
147 0.004389949607187609
148 0.004935881744003129
149 0.005672287484068399
150 0.006183722020447745
151 0.006926137071966314
152 0.007445070360486947
153 0.008154482723907194
154 0.009057369746534195
155 0.010083239587268315
156 0.010645676523911851
157 0.011476572185396215
158 0.011947522560430237
159 0.012560941162664825
160 0.01344132472932866
161 0.01369780486070133
162 0.014332225382985076
163 0.014348726151071101
164 0.014656191403813667
165 0.014720674509423161
166 0.014686185836415705
167 0.014270737573701165
168 0.013666306012369586
169 0.013208873780285155
170 0.01249945594521505
171 0.011811029662857528
172 0.010633686699162417
173 0.009835779902660938
174 0.009157860627941003
175 0.008319465062389064
176 0.00724110280473961
177 0.006575181706234691
178 0.006002251873050574
179 0.0053498307746562375
180 0.004724412844280358
181 0.004235471396527604
182 0.003917508351557728
183 0.003722533596344831
184 0.003335580246189319
185 0.0032035965640637635
186 0.0029291302556590745
187 0.0029111342872536277
188 0.0025526761376387153
189 0.0025331780573561243
190 0.0024341915916790305
191 0.0022992082935043303
192 0.002236215204545985
193 0.002036744193056653
194 0.001895759646912661
195 0.0017862727971741277
196 0.0017247815321113557
197 0.0014383179114363686
198 0.0013183332694705406
199 0.0011173581302330632
200 0.0009853753120522236
201 0.000928382319136883
202 0.0008098969092324847
203 0.0007304070839301235
204 0.000638919370394322
205 0.0005459318488339484
206 0.0004754394317711663
207 0.0003389566135534651
208 0.00033445776544288955
209 0.0003044616049514325
210 0.0002504679401036668
211 0.0002129733154524885
212 0.00019797581116990306
213 0.00014548166636513843
214 0.00011548579385525287
215 0.00010948598579381839
216 8.548963336379578e-05
217 0.0001064866577262442
218 9.598828953580576e-05
219 8.998876945594282e-05
220 8.998848147437124e-05
221 5.549318489076717e-05
222 4.199491266961147e-05
223 4.499452871875718e-05
224 4.199520065118301e-05
225 4.499481670032871e-05
226 3.29957765406028e-05
227 3.299635250374588e-05
228 3.149596851602994e-05
229 3.749606455903599e-05
230 3.29957765406028e-05
231 3.449587254674719e-05
232 2.5497024399310067e-05
233 3.1496256497601484e-05
234 3.449558456517566e-05
235 2.6997120405454462e-05
236 1.649817625187294e-05
237 3.149683246074456e-05
238 3.5995968552891586e-05
239 3.149683246074456e-05
240 3.149683246074456e-05
241 2.849721641159885e-05
242 3.449644850989027e-05
243 4.3497312528328175e-05
244 2.3998368301023366e-05
245 2.99984643440294e-05
246 4.4996544589757954e-05
247 4.349644858361356e-05
248 2.8497216411598855e-05
249 5.0996640632763985e-05
250 6.149673671263166e-05
251 6.89949128907813e-05
252 5.6997024657341554e-05
253 7.049472091535417e-05
254 7.199683279249934e-05
255 7.499472095221582e-05
256 8.549596895836964e-05
257 9.599692898295192e-05
258 0.00010799395327167708
259 0.000109494337259393
260 0.00012299491333312102
261 0.00012599424140069518
262 0.00012449529732083697
263 0.0001304948174006999
264 0.00012299520131469255
265 0.00012749721722255496
266 0.00013049769721641533
267 0.000128998177173414
268 0.00010949952092768067
269 8.099913671879492e-05
270 7.199913664507163e-05
271 7.499932865736043e-05
272 4.800019238090521e-05
273 5.699904052834233e-05
274 5.2500768380909927e-05
275 5.400000044233969e-05
276 3.5999424331750054e-05
277 2.8500096227314235e-05
278 1.9500384135162498e-05
279 1.3500288092156464e-05
280 1.800057611058964e-05
281 1.5000960061443932e-05
282 1.0500672043010754e-05
283 1.3500288092156462e-05
284 4.4997120552901025e-06
285 4.5000000368616415e-06
286 0.0
287 3.0001920122887865e-06
288 1.5000960061443932e-06
289 2.999904030717248e-06
290 0.0
291 0.0
292 0.0
293 0.0
294 0.0
295 4.50028801843318e-06
296 0.0
297 0.0
298 0.0
299 0.0
300 1.4998080245728546e-06
301 0.0
302 0.0
303 0.0
304 3.0001920122887865e-06
305 5.999808061434496e-06
306 1.5000960061443932e-06
307 4.4997120552901025e-06
308 2.999904030717248e-06
309 0.0
310 2.999904030717248e-06
311 0.0
312 3.0001920122887865e-06
313 0.0
314 1.4998080245728546e-06
315 1.0498944153581521e-05
316 4.4997120552901025e-06
317 1.4998944190443164e-05
318 1.7999424184303485e-05
319 1.649961615973063e-05
320 1.4999520153586239e-05
321 2.6998560313312147e-05
322 2.5499328251882375e-05
323 3.4497312454604885e-05
324 2.8499808245742703e-05
325 2.849923228259962e-05
326 3.449932832560566e-05
327 3.749721648532214e-05
328 5.3997120626624315e-05
329 4.5000000368616415e-05
330 4.799932843619058e-05
331 5.3997984571338925e-05
332 5.699904052834232e-05
333 5.5497504614340236e-05
334 4.049856042389708e-05
335 4.350019234404356e-05
336 4.649808050376005e-05
337 3.300067222731896e-05
338 3.599884836860698e-05
339 3.449904034403412e-05
340 1.649990414130217e-05
341 3.4499904288748737e-05
342 1.9499808172019423e-05
343 3.449846438089103e-05
344 1.949952019044788e-05
345 1.7999712165875024e-05
346 1.2000480067583609e-05
347 1.9499808172019416e-05
348 1.649961615973063e-05
349 1.649990414130217e-05
350 9.000000073723281e-06
351 1.650019212287371e-05
352 1.7999136202731946e-05
353 1.7999712165875027e-05
354 7.499616086007352e-06
355 2.549875228873929e-05
356 2.5500480178168525e-05
357 1.6499328178159096e-05
358 1.7999424184303485e-05
