0 0.0
1 0.0
2 0.0
3 0.0
4 0.0
5 0.0
6 0.0
7 0.0
8 0.0
9 0.0
10 0.0
11 0.0
12 0.0
13 0.0
14 0.0
15 0.0
16 0.0
17 0.0
18 0.0
19 0.0
20 0.0
21 0.0
22 0.0
23 0.0
24 0.0
25 0.0
26 0.0
27 0.0
28 0.0
29 0.0
30 0.0
31 0.0
32 0.0
33 0.0
34 2.9996160491457093e-06
35 4.4994240737185635e-06
36 7.499040122864274e-06
37 2.9996160491457093e-06
38 2.9996160491457093e-06
39 2.9996160491457093e-06
40 5.9992320982914186e-06
41 1.1998464196582839e-05
42 2.5496736417738528e-05
43 2.2497120368592818e-05
44 5.249328086004992e-05
45 4.499424073718565e-05
46 4.9493664810904205e-05
47 0.00010048713764638125
48 9.298809752351697e-05
49 0.00011548521789210979
50 0.00011398540986753695
51 0.00016647869072758685
52 0.00020847331541562676
53 0.00022947062775964674
54 0.0002609665962756767
55 0.0003179593012094452
56 0.0003794514302169323
57 0.00044694279132271073
58 0.0005024356882319061
59 0.0005789258974851217
60 0.00077240113265502
61 0.0008023972931464772
62 0.001115857170282204
63 0.0012538395085429067
64 0.0015223051449414474
65 0.0019272533115761176
66 0.0022317143405644075
67 0.0028046410059512387
68 0.0032755807256671147
69 0.004004487425609521
70 0.004527920426185448
71 0.0057862593588020724
72 0.006872120368592821
73 0.008044970243808793
74 0.00944579093875984
75 0.010786619312727966
76 0.01275436744096756
77 0.014599131311192165
78 0.016509886734497988
79 0.018638114321366875
80 0.019978942695334997
81 0.021852202918026482
82 0.023088044730274516
83 0.024068919178345173
84 0.0242443967172202
85 0.02417690535611442
86 0.02334151228642733
87 0.02223165434824341
88 0.020485877807640614
89 0.018450638318295267
90 0.01638690247648301
91 0.013888222307544638
92 0.011954969763870227
93 0.009502783643693608
94 0.007698514590132462
95 0.006110217892109811
96 0.004526420618160876
97 0.0033985649836820887
98 0.0025931680744864655
99 0.0018342652140526015
100 0.0014533139758110966
101 0.0009673761758494913
102 0.0007019101555000958
103 0.00044844259934728357
104 0.00034795546170090217
105 0.00023097043578421966
106 0.00018597619504703394
107 0.00013648253023612974
108 0.0001019869456709541
109 9.748752159723553e-05
110 6.749136110577844e-05
111 6.449174505663274e-05
112 5.699270493376847e-05
113 3.899500863889422e-05
114 3.749520061432137e-05
115 3.299577654060281e-05
116 2.8496352466884238e-05
117 2.6996544442311384e-05
118 2.2497120368592818e-05
119 2.8496352466884234e-05
120 2.3996928393165674e-05
121 1.7997696294874254e-05
122 2.549673641773853e-05
123 2.0997312344019968e-05
124 1.64978882703014e-05
125 1.949750431944711e-05
126 7.499040122864274e-06
127 1.1998464196582837e-05
128 7.499040122864274e-06
129 1.349827222115569e-05
130 8.998848147437127e-06
131 5.9992320982914186e-06
132 1.64978882703014e-05
133 7.499040122864274e-06
134 5.9992320982914186e-06
135 1.6497888270301404e-05
136 1.3498272221155692e-05
137 1.3498272221155692e-05
138 7.499040122864274e-06
139 8.998848147437127e-06
140 2.9996160491457093e-06
141 1.7997696294874254e-05
142 5.9992320982914186e-06
143 4.4994240737185635e-06
144 1.4998080245728546e-06
145 2.9996160491457093e-06
146 5.9992320982914186e-06
147 2.9996160491457093e-06
148 5.9992320982914186e-06
149 2.9996160491457093e-06
150 0.0
151 0.0
152 1.4998080245728546e-06
153 0.0
154 0.0
155 1.4998080245728546e-06
156 0.0
157 2.9996160491457093e-06
158 0.0
159 0.0
160 0.0
161 0.0
162 0.0
163 0.0
164 0.0
165 0.0
166 0.0
167 0.0
168 0.0
169 0.0
170 0.0
171 0.0
172 0.0
173 0.0
174 0.0
175 0.0
176 0.0
177 0.0
178 0.0
179 0.0
180 0.0
181 0.0
182 0.0
183 0.0
184 0.0
185 0.0
186 0.0
187 0.0
188 0.0
189 1.4998080245728546e-06
190 0.0
191 0.0
192 0.0
193 0.0
194 0.0
195 0.0
196 0.0
197 0.0
198 1.4998080245728546e-06
199 0.0
200 0.0
201 1.4998080245728546e-06
202 1.4998080245728546e-06
203 0.0
204 0.0
205 0.0
206 1.4998080245728546e-06
207 0.0
208 5.9992320982914186e-06
209 2.9996160491457093e-06
210 5.9992320982914186e-06
211 4.4994240737185635e-06
212 2.9996160491457093e-06
213 4.4994240737185635e-06
214 0.0
215 2.9996160491457093e-06
216 0.0
217 0.0
218 2.9996160491457093e-06
219 0.0
220 1.4998080245728546e-06
221 1.4998080245728546e-06
222 0.0
223 0.0
224 0.0
225 0.0
226 1.4998080245728546e-06
227 0.0
228 1.4998080245728546e-06
229 0.0
230 0.0
231 0.0
232 0.0
233 1.4998080245728546e-06
234 0.0
235 1.4998080245728546e-06
236 2.9996160491457093e-06
237 1.4998080245728546e-06
238 1.4998080245728546e-06
239 5.9992320982914186e-06
240 1.4998080245728546e-06
241 0.0
242 4.4994240737185635e-06
243 2.9996160491457093e-06
244 2.9996160491457093e-06
245 5.9992320982914186e-06
246 2.2497120368592818e-05
247 2.3996928393165674e-05
248 1.949750431944711e-05
249 2.9996160491457088e-05
250 4.649404876175849e-05
251 9.298809752351698e-05
252 0.00013348291418698404
253 0.0001919754271453254
254 0.0002459685160299481
255 0.00035095507775004784
256 0.0005219331925513535
257 0.0007154084277212515
258 0.0011578517949702438
259 0.0015358034171626032
260 0.002209217220195816
261 0.002896129295450183
262 0.004122972259550777
263 0.0054922969859857946
264 0.007217076214244576
265 0.009102334901132653
266 0.011427037339220576
267 0.014095195814935693
268 0.017070814935688225
269 0.019753971491649067
270 0.02280608082165484
271 0.025220771741217125
272 0.027725451142253783
273 0.029156267997696283
274 0.030165638798233817
275 0.03077156124016125
276 0.030777560472259546
277 0.029945167018621606
278 0.02810190295642156
279 0.026561600115185248
280 0.024343384046842016
281 0.022026180648876945
282 0.01950500335956997
283 0.01707081493568823
284 0.015355034555576887
285 0.01317431368784795
286 0.011425537531196007
287 0.009831241601075062
288 0.00802097331541563
289 0.0068346251679785005
290 0.0056047825878287605
291 0.004941867440967558
292 0.0040479818583221356
293 0.0035245488577462076
294 0.0028691327510078717
295 0.0024536859282011927
296 0.0020127423689767715
297 0.0017082813399884817
298 0.001456313591860242
299 0.0011803489153388365
300 0.0010243688807832598
301 0.0008683888462276825
302 0.0007499040122864272
303 0.000577426089460549
304 0.0005069351123056246
305 0.0004289450950278366
306 0.00036145373392205797
307 0.0003539546937991937
308 0.00023097043578421963
309 0.0001904756191207525
310 0.00016947830677673255
311 0.00016197926665386834
312 0.00012298425801497405
313 8.998848147437127e-05
314 8.098963332693417e-05
315 7.799001727778843e-05
316 4.499424073718565e-05
317 4.3494432712612785e-05
318 2.2497120368592814e-05
319 1.4998080245728547e-05
320 1.3498272221155694e-05
321 1.1998464196582839e-05
322 1.1998464196582837e-05
323 8.998848147437129e-06
324 2.9996160491457093e-06
325 1.4998080245728546e-06
326 0.0
327 2.9996160491457093e-06
328 0.0
329 1.4998080245728546e-06
330 1.4998080245728546e-06
331 0.0
332 0.0
333 0.0
334 0.0
335 0.0
336 0.0
337 0.0
338 0.0
339 0.0
340 0.0
341 0.0
342 0.0
343 0.0
344 0.0
345 0.0
346 0.0
347 0.0
348 0.0
349 0.0
350 0.0
351 0.0
352 0.0
353 0.0
354 0.0
355 0.0
356 0.0
357 0.0
358 0.0
