gamma 0.020582521599900976 -1.0 1.3773048970128054e-11 3.09475267247195e-09
beta1 -0.06326284247749767 -1.0 9.86158623889715e-10 2.0720953819120205e-07
beta2 -0.20974720149343068 -1.0 9.210309660772513e-10 1.9078997636182105e-07
alpha1 -0.072639698686956 -1.0 1.0834870727336635e-09 2.2524843493087205e-07
alpha2 0.12212769589100025 -1.0 1.090505562362645e-09 2.318421709385036e-07
g1_1 -0.23648782540791471 -1.0 1.1905556442178679e-09 2.3562087394398598e-07
g1_2 0.0005554690414942818 -1.0 1.340909449941845e-09 2.7363093609391404e-07
g2 -0.25406351625486034 -1.0 1.2453425103299392e-09 2.481476283718478e-07
g3_1 -0.07347020968509106 -1.0 1.1030679693300665e-09 2.247146109855175e-07
g3_2 -0.15780522627653765 -1.0 1.0323872957577692e-09 1.9916953311048666e-07
