gamma 0.020582521599900976 0.003840167964693696 0.11491715331361933 0.005339557379457091 1.0
beta1 -0.06326284247749767 0.02884366770493808 1.3931302673172108 0.06974555791739274 0.2265625
beta2 -0.20974720149343068 0.015458355455841647 1.4582635433582483 0.0734924531260306 0.203125
alpha1 -0.072639698686956 0.02802096723645893 1.5729004719398176 0.08441226383412814 0.28125
alpha2 0.12212769589100025 0.024421976580023794 1.4252134368072604 0.07411155616880309 0.1796875
g1_1 -0.23648782540791471 0.019947627285114615 1.8234250630984183 0.08785819853614849 0.2265625
g1_2 0.0005554690414942818 0.022640340784580066 1.7361179484321598 0.08716658269659087 0.078125
g2 -0.25406351625486034 0.017142819635655105 1.8603434600745787 0.0864766438015619 0.171875
g3_1 -0.07347020968509106 0.02147061096683534 1.7072448095384263 0.07704855410494761 0.1640625
g3_2 -0.15780522627653765 0.01582498859058074 1.7777126149919513 0.07986220353276531 0.25
