0.5 1.509953614224971e-06
1.5 3.019907228449942e-06
2.5 1.509953614224971e-06
3.5 0.0
4.5 1.509953614224971e-06
5.5 0.0
6.5 0.0
7.5 3.019907228449942e-06
8.5 0.0
9.5 0.0
10.5 0.0
11.5 1.509953614224971e-06
12.5 3.019907228449942e-06
13.5 1.509953614224971e-06
14.5 1.509953614224971e-06
15.5 6.039814456899884e-06
16.5 1.509953614224971e-06
17.5 4.529860842674913e-06
18.5 6.039814456899884e-06
19.5 3.019907228449942e-06
20.5 6.039814456899884e-06
21.5 6.039814456899884e-06
22.5 9.059721685349826e-06
23.5 1.0569675299574797e-05
24.5 1.358958252802474e-05
25.5 1.6609489756474684e-05
26.5 4.529860842674913e-06
27.5 1.6609489756474684e-05
28.5 2.264930421337457e-05
29.5 3.0199072284499424e-05
30.5 5.888819095477383e-05
31.5 4.680856204097409e-05
32.5 5.133842288364899e-05
33.5 6.794791264012365e-05
34.5 8.304744878237333e-05
35.5 9.965693853884802e-05
36.5 0.0001313659644375724
37.5 0.00014495554696559724
38.5 0.00022045322767684587
39.5 0.0002793414186316198
40.5 0.0003035006764592195
41.5 0.0003563490529570934
42.5 0.000377488403556243
43.5 0.0004922448782373405
44.5 0.0006115312137611134
45.5 0.000637200425202938
46.5 0.0007957455546965596
47.5 0.0009044622149207574
48.5 0.0009980793390027055
49.5 0.0011173656745264782
50.5 0.0012200425202937768
51.5 0.0014389857943563973
52.5 0.0015446825473521453
53.5 0.0017394665635871661
54.5 0.0019614297448782374
55.5 0.0020958156165442592
56.5 0.002280029957479706
57.5 0.002483873695400077
58.5 0.002681677618863548
59.5 0.00283720284112872
60.5 0.0028900512176265945
61.5 0.0030138674139930438
62.5 0.0031844921724004634
63.5 0.003231300734441438
64.5 0.003294718786238884
65.5 0.0034381643795902577
66.5 0.003568020390413608
67.5 0.0035242317356010823
68.5 0.003465343544646308
69.5 0.003527251642829532
70.5 0.003536311364514883
71.5 0.0033928657711635095
72.5 0.003192041940471591
73.5 0.003263009760340162
74.5 0.0030199072284499417
75.5 0.003042556532663315
76.5 0.002642418824893698
77.5 0.0027466056242752223
78.5 0.002607689891766523
79.5 0.0022528507924236565
80.5 0.002169803343641285
81.5 0.0020112582141476616
82.5 0.0019297207189795124
83.5 0.0017500362388867424
84.5 0.0016941679551604175
85.5 0.001505423753382296
86.5 0.0013227193660610747
87.5 0.0012260823347506756
88.5 0.0011218955353691534
89.5 0.0010826367413993042
90.5 0.0009271115191341324
91.5 0.0008304744878237341
92.5 0.0007746062040974099
93.5 0.0006915587553150364
94.5 0.000629650657131813
95.5 0.000613041167375338
96.5 0.000523953904136065
97.5 0.0005254638577502901
98.5 0.0004711055276381912
99.5 0.0003986277541553925
100.5 0.0003956078469269425
101.5 0.0004046675686122925
102.5 0.000332189795129494
103.5 0.0002763215114031698
104.5 0.00028689118670274474
105.5 0.0002793414186316197
106.5 0.0002566921144182452
107.5 0.0002536722071897953
108.5 0.00021592336683417092
109.5 0.0002264930421337458
110.5 0.00018874420177812141
111.5 0.00018421434093544658
112.5 0.00017666457286432164
113.5 0.00016760485117897172
114.5 0.00017968448009277152
115.5 0.00011173656745264775
116.5 0.0001358958252802473
117.5 0.00016458494395052187
118.5 0.00016307499033629697
119.5 0.00014948540780827216
120.5 0.00016005508310784687
121.5 0.00016458494395052181
122.5 0.00013438587166602237
123.5 0.0001585451294936219
124.5 0.00016458494395052184
125.5 0.0001525053150367221
126.5 0.00020837359876304599
127.5 0.00019327406262079639
128.5 0.00019025415539234634
129.5 0.0001857242945496716
130.5 0.00023857267104754565
131.5 0.00024310253189022046
132.5 0.0003035006764592194
133.5 0.0003306798415152687
134.5 0.00032464002705836906
135.5 0.0003654087746424432
136.5 0.000419767104754542
137.5 0.00042731687282566717
138.5 0.0005571728836490145
139.5 0.0006009615384615384
140.5 0.000664379590258987
141.5 0.00077460620409741
142.5 0.0008485939311944335
143.5 0.0009648603594897565
144.5 0.0011536045612678776
145.5 0.0012547714534209503
146.5 0.0015084436606107453
147.5 0.0016941679551604177
148.5 0.0017787253575570153
149.5 0.002254360746037882
150.5 0.0025080329532276764
151.5 0.0028568322381136435
152.5 0.0033037785079242364
153.5 0.003628418534982603
154.5 0.003986277541553924
155.5 0.004606868477000383
156.5 0.005079483958252802
157.5 0.005778592481638963
158.5 0.006376534112872052
159.5 0.0071888891573250865
160.5 0.007990674526478546
161.5 0.00856445689988404
162.5 0.009641053826826437
163.5 0.010547025995361427
164.5 0.011161577116350982
165.5 0.012472216853498263
166.5 0.013378189022033247
167.5 0.014252452164669499
168.5 0.014850393795902583
169.5 0.015996448589099335
170.5 0.016950739273289526
171.5 0.017921639447236175
172.5 0.018356506088132975
173.5 0.01922170950908388
174.5 0.01990420854271358
175.5 0.020644085813683804
176.5 0.0211212311557789
177.5 0.02155609779667568
178.5 0.021741822091225365
179.5 0.021639145245458062
180.5 0.021302425589485887
181.5 0.02148060011596445
182.5 0.02131601517201392
183.5 0.021100091805179747
184.5 0.020396453420950915
185.5 0.019754723134905304
186.5 0.019354585427135668
187.5 0.01874607412060301
188.5 0.017957878333977585
189.5 0.017245180228063397
190.5 0.015877162253575564
191.5 0.015354718303053742
192.5 0.014370228546579046
193.5 0.013230213567839192
194.5 0.012088688635485114
195.5 0.011638722458446079
196.5 0.01042622970622342
197.5 0.009702961925009673
198.5 0.008659583977580211
199.5 0.007768711345187473
200.5 0.006867269037495166
201.5 0.006456561654425978
202.5 0.005811811461151911
203.5 0.005153471685349827
204.5 0.0046204580595284135
205.5 0.004126703227676843
206.5 0.003581609972941631
207.5 0.003299248647081559
208.5 0.0027315060881329726
209.5 0.0024793438345574025
210.5 0.0020912857557015855
211.5 0.0019070714147661383
212.5 0.0017047376304599915
213.5 0.0014737147274835726
214.5 0.0012608112678778507
215.5 0.0010841466950135296
216.5 0.0009995892926169306
217.5 0.0008319844414379592
218.5 0.0008063152299961343
219.5 0.0006432402396598375
220.5 0.0005586828372632393
221.5 0.0005360335330498652
222.5 0.0004922448782373407
223.5 0.000415237243911867
224.5 0.0003654087746424433
225.5 0.0003170902589872441
226.5 0.0003306798415152689
227.5 0.00026877174333204496
228.5 0.0002551821608040203
229.5 0.0002310229029764206
230.5 0.00023555276381909558
231.5 0.00019327406262079639
232.5 0.00017817452647854654
233.5 0.00016307499033629691
234.5 0.0002008238306919212
235.5 0.0001676048511789718
236.5 0.0001585451294936219
237.5 0.00013438587166602242
238.5 0.00014948540780827213
239.5 0.00013589582528024735
240.5 0.0001374057788944723
241.5 0.00013287591805179744
242.5 0.00016458494395052181
243.5 0.0001479754541940471
244.5 0.00013589582528024743
245.5 0.0001374057788944723
246.5 0.0001509953614224971
247.5 0.00016609489756474671
248.5 0.00019478401623502142
249.5 0.00019629396984924621
250.5 0.00018723424816389649
251.5 0.00022649304213374569
252.5 0.00024008262466177058
253.5 0.00021290345960572104
254.5 0.0002189432740626209
255.5 0.0002657518361035951
256.5 0.00027330160417471996
257.5 0.0003004807692307694
258.5 0.00036389882102821815
259.5 0.0004107073830691923
260.5 0.00040315761499806757
261.5 0.00045449603788171646
262.5 0.0005209339969076152
263.5 0.0005888819095477386
264.5 0.0006085113065326631
265.5 0.0006160610746037876
266.5 0.0006613596830305375
267.5 0.0007293075956706608
268.5 0.000893892539621183
269.5 0.000978449942017781
270.5 0.0010796168341708537
271.5 0.0012049429841515266
272.5 0.001307619829918825
273.5 0.0013967070931580974
274.5 0.0015356228256667949
275.5 0.0017349367027444918
276.5 0.0018391235021260146
277.5 0.0018889519713954396
278.5 0.002121484827986084
279.5 0.002263420467723232
280.5 0.0023796868960185543
281.5 0.002723956320061848
282.5 0.0027722748357170454
283.5 0.0027330160417471973
284.5 0.002988198202551217
285.5 0.0031316437959025903
286.5 0.003235830595284113
287.5 0.003343037301894087
288.5 0.00335964679165056
289.5 0.003516681967529958
290.5 0.0034879928488596814
291.5 0.0035227217819868567
292.5 0.0035861398337843032
293.5 0.0036057692307692305
294.5 0.003484972941631233
295.5 0.003377766235021262
296.5 0.003350587069965211
297.5 0.003216201198299187
298.5 0.003161842868187088
299.5 0.002936859779667571
300.5 0.0028130435833011213
301.5 0.002686207479706222
302.5 0.0024838736954000762
303.5 0.002375157035175879
304.5 0.0021229947816003084
305.5 0.0020474971008890607
306.5 0.0017983547545419398
307.5 0.0016247100889060682
308.5 0.0014978739853111712
309.5 0.0011822936799381527
310.5 0.0012245723811364513
311.5 0.0009240916119056822
312.5 0.000924091611905682
313.5 0.0007126981059141858
314.5 0.0006236108426749132
315.5 0.0005481131619636646
316.5 0.0004711055276381909
317.5 0.0004182571511403171
318.5 0.00034577937765751864
319.5 0.00027934141863161983
320.5 0.00020384373792037115
321.5 0.00016911480479319676
322.5 0.00017968448009277158
323.5 0.0001253261499806725
324.5 9.814698492462307e-05
325.5 8.757730962504825e-05
326.5 6.945786625434863e-05
327.5 5.435833011209893e-05
328.5 5.58682837263239e-05
329.5 3.321897951294936e-05
330.5 2.415925782759954e-05
331.5 2.566921144182451e-05
332.5 1.358958252802474e-05
333.5 2.11393505991496e-05
334.5 7.549768071124854e-06
335.5 1.6609489756474684e-05
336.5 7.549768071124854e-06
337.5 6.039814456899884e-06
338.5 9.059721685349826e-06
339.5 0.0
340.5 6.039814456899884e-06
341.5 3.019907228449942e-06
342.5 0.0
343.5 1.509953614224971e-06
344.5 1.509953614224971e-06
345.5 3.019907228449942e-06
346.5 0.0
347.5 4.529860842674913e-06
348.5 1.509953614224971e-06
349.5 0.0
350.5 1.509953614224971e-06
351.5 1.509953614224971e-06
352.5 1.509953614224971e-06
353.5 1.509953614224971e-06
354.5 0.0
355.5 1.509953614224971e-06
356.5 0.0
357.5 0.0
358.5 0.0
359.5 0.0
