0.5 0.0
1.5 0.0
2.5 0.0
3.5 0.0
4.5 0.0
5.5 1.509953614224971e-06
6.5 0.0
7.5 0.0
8.5 1.509953614224971e-06
9.5 1.509953614224971e-06
10.5 1.509953614224971e-06
11.5 0.0
12.5 3.019907228449942e-06
13.5 1.509953614224971e-06
14.5 4.529860842674913e-06
15.5 6.039814456899884e-06
16.5 1.509953614224971e-06
17.5 6.039814456899884e-06
18.5 4.529860842674913e-06
19.5 9.059721685349826e-06
20.5 1.0569675299574797e-05
21.5 6.039814456899884e-06
22.5 1.0569675299574797e-05
23.5 1.0569675299574797e-05
24.5 1.5099536142249712e-05
25.5 2.1139350599149595e-05
26.5 2.566921144182451e-05
27.5 3.774884035562428e-05
28.5 4.8318515655199056e-05
29.5 5.737823734054888e-05
30.5 4.831851565519906e-05
31.5 9.059721685349816e-05
32.5 9.05972168534982e-05
33.5 9.361712408194813e-05
34.5 0.0001464655005798222
35.5 0.000158545129493622
36.5 0.0001842143409354465
37.5 0.00023102290297642068
38.5 0.0003110504445303443
39.5 0.00033369974874371874
40.5 0.00041372729029764217
41.5 0.0004801652493235407
42.5 0.0006145511209895628
43.5 0.0007051483378430612
44.5 0.0008289645342095084
45.5 0.0009120119829918821
46.5 0.0011022661383842292
47.5 0.0012275922883649014
48.5 0.0014737147274835717
49.5 0.0017288968882875917
50.5 0.001781745264785466
51.5 0.002055046868960185
52.5 0.0022830498647081546
53.5 0.0025639012369539998
54.5 0.0027043269230769226
55.5 0.0031195641669887904
56.5 0.0031633528218013144
57.5 0.003441184286818708
58.5 0.003758274545805954
59.5 0.003880580788558176
60.5 0.004072344897564745
61.5 0.004205220815616546
62.5 0.004392455063780441
63.5 0.004448323347506764
64.5 0.004609888384228833
65.5 0.004762393699265559
66.5 0.004551000193274062
67.5 0.0047503140703517585
68.5 0.004688405972168536
69.5 0.004532880749903363
70.5 0.004541940471588713
71.5 0.00443473376497874
72.5 0.004238439795129493
73.5 0.003996847216853498
74.5 0.003909269907228451
75.5 0.0037763939891766528
76.5 0.0034940326633165816
77.5 0.0034834629880170056
78.5 0.003166372729029764
79.5 0.0029670588519520695
80.5 0.0026937572477773487
81.5 0.00261523965983765
82.5 0.0021531938538848086
83.5 0.002147154039427908
84.5 0.001955389930421338
85.5 0.0018119443370699648
86.5 0.0016579290684190172
87.5 0.0014435156551990725
88.5 0.0012683610359489758
89.5 0.0012064529377657516
90.5 0.0010916964630846542
91.5 0.0009135219366061073
92.5 0.0009437210088906069
93.5 0.0008032953227676845
94.5 0.000691558755315037
95.5 0.0006598497294163124
96.5 0.0005949217240046382
97.5 0.0005375434866640896
98.5 0.00047865529570931595
99.5 0.00040315761499806746
100.5 0.0004605358523386162
101.5 0.00033369974874371885
102.5 0.0003699386354851181
103.5 0.00026877174333204507
104.5 0.00029142104754541974
105.5 0.0002521622535755703
106.5 0.00026877174333204507
107.5 0.00024914234634712036
108.5 0.000215923366834171
109.5 0.00019327406262079639
110.5 0.00016760485117897178
111.5 0.00014193563973714722
112.5 0.0001464655005798222
113.5 0.00017968448009277158
114.5 0.00015250531503672204
115.5 0.000157035175879397
116.5 0.00013287591805179736
117.5 0.00013287591805179744
118.5 0.00012079628913799756
119.5 0.00013136596443757235
120.5 0.00013589582528024735
121.5 0.00013438587166602237
122.5 0.00014344559335137226
123.5 0.0001494854078082721
124.5 0.0001494854078082721
125.5 0.00015401526865094708
126.5 0.00017666457286432164
127.5 0.00018270438732122154
128.5 0.00018874420177812136
129.5 0.00019025415539234642
130.5 0.0002476323927328953
131.5 0.00022951294936219568
132.5 0.0002400826246617704
133.5 0.0002808513722458448
134.5 0.0003472893312717436
135.5 0.00037144858909934295
136.5 0.0004182571511403171
137.5 0.0004590258987243914
138.5 0.0004967747390800157
139.5 0.000517914089679165
140.5 0.0005677425589485891
141.5 0.000730817549284886
142.5 0.0007957455546965597
143.5 0.0009180517974487825
144.5 0.0009965693853884808
145.5 0.0011445448395825276
146.5 0.0013317790877464244
147.5 0.0015899811557788931
148.5 0.0017923149400850406
149.5 0.0019161311364514885
150.5 0.0022090621376111333
151.5 0.0026061799381522995
152.5 0.002977628527251641
153.5 0.0033732363741785835
154.5 0.003732605334364126
155.5 0.004247499516814845
156.5 0.004748804116737533
157.5 0.005159511499806726
158.5 0.005775572574410514
159.5 0.006604537108620022
160.5 0.007131510919984539
161.5 0.0078366592578276
162.5 0.00837873260533436
163.5 0.009274135098569773
164.5 0.010217856107460382
165.5 0.010876195883262465
166.5 0.011937693274062619
167.5 0.012975031407035176
168.5 0.013580522806339384
169.5 0.014439686412833394
170.5 0.015113125724777734
171.5 0.016130834460765364
172.5 0.0167136765558562
173.5 0.01738862582141476
174.5 0.018228160030923857
175.5 0.018502971588712794
176.5 0.019017865771163513
177.5 0.019390824313877085
178.5 0.01956748888674139
179.5 0.019931387707769633
180.5 0.01966563587166602
181.5 0.019374214824120602
182.5 0.019350055566293007
183.5 0.019161311364514898
184.5 0.01860111857363741
185.5 0.018217590355624275
186.5 0.017539621182837258
187.5 0.01674236567452648
188.5 0.016139894182450716
189.5 0.015393977097023578
190.5 0.014610311171240817
191.5 0.013701319095477386
192.5 0.012721359199845381
193.5 0.012004131233088517
194.5 0.011206875724777732
195.5 0.010125748936992654
196.5 0.009477978836490143
197.5 0.008790949942017784
198.5 0.007823069675299572
199.5 0.007131510919984541
200.5 0.006358414669501347
201.5 0.005826910997294161
202.5 0.005301447139543871
203.5 0.004753333977580208
204.5 0.004324507151140316
205.5 0.0037945134325473497
206.5 0.0033249178585233853
207.5 0.002936859779667569
208.5 0.0026695979899497486
209.5 0.0021969825086973326
210.5 0.0020097482605334364
211.5 0.001787785079242365
212.5 0.0015809214340935444
213.5 0.0013423487630459998
214.5 0.001248731638964051
215.5 0.00104488790104368
216.5 0.0009361712408194819
217.5 0.000825944626981059
218.5 0.0006945786625434868
219.5 0.0006039814456899885
220.5 0.0005662326053343641
221.5 0.0004997946463084654
222.5 0.0004862050637804406
223.5 0.00038352821801314286
224.5 0.00035483909934286826
225.5 0.00031558030537301934
226.5 0.00028991109393119454
227.5 0.0002672617897178201
228.5 0.0002491423463471203
229.5 0.00019478401623502134
230.5 0.00018270438732122151
231.5 0.0001676048511789718
232.5 0.00017666457286432164
233.5 0.00016005508310784687
234.5 0.00016156503672207185
235.5 0.00017515461925009671
236.5 0.000157035175879397
237.5 0.0001343858716660223
238.5 0.00014948540780827205
239.5 0.000157035175879397
240.5 0.00014646550057982217
241.5 0.00012230624275222254
242.5 0.00014344559335137218
243.5 0.000154015268650947
244.5 0.0001479754541940471
245.5 0.000157035175879397
246.5 0.00019478401623502134
247.5 0.000152505315036722
248.5 0.00019629396984924632
249.5 0.00017817452647854657
250.5 0.0002174333204483959
251.5 0.00020535369153459608
252.5 0.0002446124855044454
253.5 0.00026877174333204496
254.5 0.00024461248550444536
255.5 0.0002944409547738696
256.5 0.0003503092385001932
257.5 0.00033822960958639363
258.5 0.00036691872825666817
259.5 0.0003805083107846929
260.5 0.00042731687282566684
261.5 0.0005405633938925393
262.5 0.0005843520487050639
263.5 0.0005934117703904137
264.5 0.0007277976420564363
265.5 0.0007595066679551603
266.5 0.00077460620409741
267.5 0.0008319844414379588
268.5 0.0009361712408194822
269.5 0.001070557112485504
270.5 0.0012713809431774265
271.5 0.0013317790877464244
272.5 0.001449555469655972
273.5 0.0016730286045612678
274.5 0.0016518892539621186
275.5 0.002023337843061462
276.5 0.002203022323154232
277.5 0.0024008262466177033
278.5 0.0026892273869346737
279.5 0.0029096806146115184
280.5 0.0029444095477386936
281.5 0.0031029546772323147
282.5 0.0033037785079242377
283.5 0.003731095380749903
284.5 0.0038639712988017033
285.5 0.004093484248163896
286.5 0.004066305083107846
287.5 0.004330546965597213
288.5 0.004505701584847313
289.5 0.004632537688442209
290.5 0.004492112002319289
291.5 0.004721624951681484
292.5 0.00465669694626981
293.5 0.004708035369153459
294.5 0.004715585137224585
295.5 0.004712565229996131
296.5 0.004541940471588711
297.5 0.004259579145728645
298.5 0.0041312330885195205
299.5 0.004063285175879396
300.5 0.003789983571704678
301.5 0.0036314384422110545
302.5 0.003341527348279862
303.5 0.003222241012756087
304.5 0.0029293100115964413
305.5 0.0027768046965597213
306.5 0.002633359103208348
307.5 0.0022437910707383073
308.5 0.0020188079822187855
309.5 0.0018315737340548893
310.5 0.0015748816196366447
311.5 0.0014163364901430226
312.5 0.0012230624275222264
313.5 0.00106904715887128
314.5 0.000952780730575957
315.5 0.0008214147661383841
316.5 0.0006991085233861612
317.5 0.0006175710282180131
318.5 0.00045298608426749137
319.5 0.0004650657131812913
320.5 0.0003457793776575187
321.5 0.00030199072284499434
322.5 0.00023706271743332058
323.5 0.00020233378430614617
324.5 0.0001676048511789717
325.5 0.0001328759180517974
326.5 0.00011324652106687271
327.5 0.00012230624275222254
328.5 7.247777348279858e-05
329.5 5.4358330112098935e-05
330.5 6.794791264012365e-05
331.5 3.0199072284499428e-05
332.5 3.4728933127174336e-05
333.5 2.415925782759954e-05
334.5 1.9629396984924627e-05
335.5 2.4159257827599538e-05
336.5 1.2079628913799769e-05
337.5 1.2079628913799769e-05
338.5 2.415925782759954e-05
339.5 7.549768071124854e-06
340.5 1.358958252802474e-05
341.5 3.019907228449942e-06
342.5 3.019907228449942e-06
343.5 1.509953614224971e-06
344.5 3.019907228449942e-06
345.5 0.0
346.5 3.019907228449942e-06
347.5 3.019907228449942e-06
348.5 1.509953614224971e-06
349.5 1.509953614224971e-06
350.5 1.509953614224971e-06
351.5 0.0
352.5 3.019907228449942e-06
353.5 0.0
354.5 1.509953614224971e-06
355.5 1.509953614224971e-06
356.5 1.509953614224971e-06
357.5 0.0
358.5 0.0
359.5 1.509953614224971e-06
