0.5 0.03265425686122923
1.5 0.03127566921144185
2.5 0.02996049961345188
3.5 0.02872686751063008
4.5 0.027204834267491314
5.5 0.025266053826826444
6.5 0.023674562717433324
7.5 0.021309975357557014
8.5 0.019661106010823347
9.5 0.01794428875144956
10.5 0.016312028894472367
11.5 0.014530283629686898
12.5 0.012644351565519902
13.5 0.011215935446463085
14.5 0.009551966563587163
15.5 0.008186968496327794
16.5 0.006870288944723615
17.5 0.005799731832238112
18.5 0.004741254348666408
19.5 0.003987787495168147
20.5 0.003105974584460765
21.5 0.002586550541167374
22.5 0.0022770100502512557
23.5 0.0017334267491302658
24.5 0.0014284161190568226
25.5 0.0011611543293390029
26.5 0.000904462214920757
27.5 0.0007081682450715114
28.5 0.0005194240432933901
29.5 0.0004484562234248164
30.5 0.0003427594704290688
31.5 0.00028538123308851976
32.5 0.00022347313490529575
33.5 0.00018723424816389649
34.5 0.00015099536142249706
35.5 8.757730962504825e-05
36.5 8.60673560108233e-05
37.5 7.247777348279858e-05
38.5 4.8318515655199056e-05
39.5 3.321897951294937e-05
40.5 4.076874758407421e-05
41.5 3.170902589872439e-05
42.5 2.7179165056049485e-05
43.5 1.0569675299574797e-05
44.5 1.509953614224971e-05
45.5 7.549768071124854e-06
46.5 1.5099536142249712e-05
47.5 7.549768071124854e-06
48.5 9.059721685349826e-06
49.5 7.549768071124854e-06
50.5 4.529860842674913e-06
51.5 7.549768071124854e-06
52.5 3.019907228449942e-06
53.5 3.019907228449942e-06
54.5 0.0
55.5 7.549768071124854e-06
56.5 3.019907228449942e-06
57.5 1.509953614224971e-06
58.5 0.0
59.5 1.509953614224971e-06
60.5 0.0
61.5 0.0
62.5 0.0
63.5 0.0
64.5 0.0
65.5 1.509953614224971e-06
66.5 1.509953614224971e-06
67.5 0.0
68.5 0.0
69.5 0.0
70.5 0.0
71.5 1.509953614224971e-06
72.5 0.0
73.5 0.0
74.5 0.0
75.5 0.0
76.5 0.0
77.5 0.0
78.5 0.0
79.5 0.0
80.5 0.0
81.5 0.0
82.5 0.0
83.5 0.0
84.5 0.0
85.5 0.0
86.5 0.0
87.5 0.0
88.5 0.0
89.5 0.0
90.5 0.0
91.5 0.0
92.5 0.0
93.5 0.0
94.5 0.0
95.5 0.0
96.5 0.0
97.5 0.0
98.5 0.0
99.5 0.0
100.5 0.0
101.5 0.0
102.5 0.0
103.5 0.0
104.5 0.0
105.5 0.0
106.5 0.0
107.5 0.0
108.5 0.0
109.5 0.0
110.5 0.0
111.5 0.0
112.5 0.0
113.5 0.0
114.5 0.0
115.5 0.0
116.5 0.0
117.5 0.0
118.5 0.0
119.5 0.0
120.5 0.0
121.5 0.0
122.5 0.0
123.5 0.0
124.5 0.0
125.5 0.0
126.5 0.0
127.5 0.0
128.5 0.0
129.5 0.0
130.5 0.0
131.5 0.0
132.5 0.0
133.5 0.0
134.5 0.0
135.5 0.0
136.5 0.0
137.5 0.0
138.5 0.0
139.5 0.0
140.5 0.0
141.5 0.0
142.5 0.0
143.5 0.0
144.5 0.0
145.5 0.0
146.5 0.0
147.5 0.0
148.5 0.0
149.5 0.0
150.5 0.0
151.5 0.0
152.5 0.0
153.5 0.0
154.5 0.0
155.5 0.0
156.5 0.0
157.5 0.0
158.5 0.0
159.5 0.0
160.5 0.0
161.5 0.0
162.5 0.0
163.5 0.0
164.5 0.0
165.5 0.0
166.5 0.0
167.5 0.0
168.5 0.0
169.5 0.0
170.5 0.0
171.5 0.0
172.5 0.0
173.5 0.0
174.5 0.0
175.5 0.0
176.5 0.0
177.5 0.0
178.5 0.0
179.5 0.0
180.5 0.0
181.5 0.0
182.5 0.0
183.5 0.0
184.5 0.0
185.5 0.0
186.5 0.0
187.5 0.0
188.5 0.0
189.5 0.0
190.5 0.0
191.5 0.0
192.5 0.0
193.5 0.0
194.5 0.0
195.5 0.0
196.5 0.0
197.5 0.0
198.5 0.0
199.5 0.0
200.5 0.0
201.5 0.0
202.5 0.0
203.5 0.0
204.5 0.0
205.5 0.0
206.5 0.0
207.5 0.0
208.5 0.0
209.5 0.0
210.5 0.0
211.5 0.0
212.5 0.0
213.5 0.0
214.5 0.0
215.5 0.0
216.5 0.0
217.5 0.0
218.5 0.0
219.5 0.0
220.5 0.0
221.5 0.0
222.5 0.0
223.5 0.0
224.5 0.0
225.5 0.0
226.5 0.0
227.5 0.0
228.5 0.0
229.5 0.0
230.5 0.0
231.5 0.0
232.5 0.0
233.5 0.0
234.5 0.0
235.5 0.0
236.5 0.0
237.5 0.0
238.5 0.0
239.5 0.0
240.5 0.0
241.5 0.0
242.5 0.0
243.5 0.0
244.5 0.0
245.5 0.0
246.5 0.0
247.5 0.0
248.5 0.0
249.5 0.0
250.5 0.0
251.5 0.0
252.5 0.0
253.5 0.0
254.5 0.0
255.5 0.0
256.5 0.0
257.5 0.0
258.5 0.0
259.5 0.0
260.5 0.0
261.5 0.0
262.5 0.0
263.5 0.0
264.5 0.0
265.5 0.0
266.5 0.0
267.5 0.0
268.5 0.0
269.5 0.0
270.5 0.0
271.5 0.0
272.5 0.0
273.5 0.0
274.5 0.0
275.5 0.0
276.5 0.0
277.5 0.0
278.5 0.0
279.5 0.0
280.5 0.0
281.5 0.0
282.5 0.0
283.5 0.0
284.5 0.0
285.5 0.0
286.5 0.0
287.5 0.0
288.5 0.0
289.5 0.0
290.5 1.509953614224971e-06
291.5 0.0
292.5 0.0
293.5 0.0
294.5 1.509953614224971e-06
295.5 1.509953614224971e-06
296.5 0.0
297.5 0.0
298.5 3.019907228449942e-06
299.5 3.019907228449942e-06
300.5 1.509953614224971e-06
301.5 1.509953614224971e-06
302.5 4.529860842674913e-06
303.5 0.0
304.5 6.039814456899884e-06
305.5 7.549768071124854e-06
306.5 2.1139350599149595e-05
307.5 1.8119443370699652e-05
308.5 1.358958252802474e-05
309.5 1.6609489756474684e-05
310.5 2.717916505604948e-05
311.5 3.0199072284499424e-05
312.5 3.6238886741399304e-05
313.5 4.6808562040974074e-05
314.5 5.737823734054887e-05
315.5 8.153749516814839e-05
316.5 0.0001162664282953227
317.5 0.0001207962891379976
318.5 0.00015099536142249706
319.5 0.00020686364514882106
320.5 0.00021894327406262086
321.5 0.0002763215114031698
322.5 0.0003578590065713184
323.5 0.0005450932547352146
324.5 0.0005843520487050635
325.5 0.0007504469462698109
326.5 0.0009648603594897565
327.5 0.0011702140510243518
328.5 0.0014525753768844221
329.5 0.001884422110552763
330.5 0.0023177787978353316
331.5 0.0029610190374951685
332.5 0.00355745071511403
333.5 0.004244479609586392
334.5 0.005250108716660224
335.5 0.006195339679165058
336.5 0.007358003962118282
337.5 0.008920805952841126
338.5 0.010453408871279471
339.5 0.011859175686122924
340.5 0.013649980672593738
341.5 0.015828843737920366
342.5 0.01740523531117125
343.5 0.019525210185543103
344.5 0.0214549309045226
345.5 0.02332727338616158
346.5 0.025208675589485887
347.5 0.026800166698879017
348.5 0.028506414282953235
349.5 0.02999069868573638
350.5 0.03155652058368767
351.5 0.032850550831078476
352.5 0.03325370844607653
353.5 0.03419742945496714
354.5 0.0346715548898338
355.5 0.03500072477773483
356.5 0.034958446076536545
357.5 0.03433030537301896
358.5 0.033626666988790105
359.5 0.03344094269424043
