0.5 0.00015250531503672204
1.5 0.000212903459605721
2.5 0.0003186002126014689
3.5 0.00034728933127174357
4.5 0.000526973811364515
5.5 0.0005979416312330881
6.5 0.000676459219172787
7.5 0.0007111881522999616
8.5 0.0007851758793969851
9.5 0.000726287688442211
10.5 0.0005994515848473134
11.5 0.0005828420950908387
12.5 0.0004922448782373408
13.5 0.00040768747584074257
14.5 0.00030803053730189426
15.5 0.00026273192887514503
16.5 0.00016156503672207193
17.5 0.0001525053150367221
18.5 8.455740239659831e-05
19.5 7.096781986857361e-05
20.5 4.378865481252416e-05
21.5 3.6238886741399304e-05
22.5 1.8119443370699655e-05
23.5 2.5669211441824513e-05
24.5 1.3589582528024739e-05
25.5 7.549768071124854e-06
26.5 4.529860842674913e-06
27.5 1.358958252802474e-05
28.5 6.039814456899884e-06
29.5 4.529860842674913e-06
30.5 6.039814456899884e-06
31.5 7.549768071124854e-06
32.5 6.039814456899884e-06
33.5 4.529860842674913e-06
34.5 1.509953614224971e-06
35.5 1.509953614224971e-06
36.5 7.549768071124854e-06
37.5 9.059721685349826e-06
38.5 1.0569675299574797e-05
39.5 1.5099536142249712e-05
40.5 1.5099536142249712e-05
41.5 2.415925782759954e-05
42.5 2.7179165056049485e-05
43.5 6.492800541167371e-05
44.5 6.492800541167373e-05
45.5 9.663703131039808e-05
46.5 0.0001494854078082721
47.5 0.000211393505991496
48.5 0.00038956803247004274
49.5 0.0005919018167761886
50.5 0.0009286214727483569
51.5 0.001608100599149594
52.5 0.002181882972555083
53.5 0.0033098183223811365
54.5 0.0046989756474681114
55.5 0.0069201174139930455
56.5 0.009165418438345573
57.5 0.012152106687282567
58.5 0.01501799864708156
59.5 0.017752524642442986
60.5 0.020182040007730957
61.5 0.021572707286432163
62.5 0.021282796192500956
63.5 0.020141271260146882
64.5 0.0177298753382296
65.5 0.014407977386934676
66.5 0.011223485214534203
67.5 0.008414971492075762
68.5 0.006361434576729803
69.5 0.005363355237727098
70.5 0.005724234151526863
71.5 0.007884977773482797
72.5 0.011108728739853106
73.5 0.01587112243911867
74.5 0.021217868187089296
75.5 0.02684546530730575
76.5 0.03216805179744878
77.5 0.03559715645535369
78.5 0.03754650657131814
79.5 0.03741212069965214
80.5 0.03522570786625435
81.5 0.03153689118670274
82.5 0.026789597023579435
83.5 0.022616085233861608
84.5 0.017787253575570164
85.5 0.013579012852725164
86.5 0.010125748936992656
87.5 0.0074184021066872816
88.5 0.005346745747970624
89.5 0.003753744684963278
90.5 0.0025321922110552765
91.5 0.0018225140123695404
92.5 0.0011989031696946267
93.5 0.0008893626787785079
94.5 0.0005979416312330889
95.5 0.0004333566872825667
96.5 0.00025820206803247014
97.5 0.0002083735987630461
98.5 0.00015250531503672201
99.5 0.00011324652106687275
100.5 7.549768071124849e-05
101.5 6.643795902589868e-05
102.5 4.529860842674911e-05
103.5 4.5298608426749106e-05
104.5 3.774884035562427e-05
105.5 4.07687475840742e-05
106.5 3.321897951294936e-05
107.5 2.566921144182451e-05
108.5 2.5669211441824513e-05
109.5 2.415925782759954e-05
110.5 3.7748840355624265e-05
111.5 2.11393505991496e-05
112.5 3.62388867413993e-05
113.5 2.7179165056049485e-05
114.5 3.6238886741399304e-05
115.5 3.170902589872439e-05
116.5 4.982846926942403e-05
117.5 5.737823734054888e-05
118.5 7.398772709702353e-05
119.5 6.039814456899881e-05
120.5 0.00010267684576729794
121.5 9.512707769617312e-05
122.5 0.00013589582528024732
123.5 0.00014646550057982217
124.5 0.0001676048511789718
125.5 0.00022498308851952084
126.5 0.0002778314650173948
127.5 0.00028991109393119454
128.5 0.0003487992848859685
129.5 0.0003880580788558181
130.5 0.00046355575956706624
131.5 0.0004726154812524161
132.5 0.0005450932547352144
133.5 0.0005481131619636647
134.5 0.0006236108426749128
135.5 0.0005768022806339389
136.5 0.0005511330691921146
137.5 0.0005556629300347895
138.5 0.0005224439505218404
139.5 0.0005405633938925397
140.5 0.0004348666408967919
141.5 0.00034426942404329345
142.5 0.00030803053730189426
143.5 0.0002446124855044453
144.5 0.0002204532276768459
145.5 0.00017062475840742177
146.5 0.00012985601082334742
147.5 9.059721685349818e-05
148.5 0.000101166892153073
149.5 8.153749516814839e-05
150.5 6.945786625434863e-05
151.5 7.096781986857363e-05
152.5 7.700763432547346e-05
153.5 7.700763432547347e-05
154.5 6.341805179744876e-05
155.5 6.341805179744877e-05
156.5 6.945786625434864e-05
157.5 5.133842288364899e-05
158.5 5.7378237340548865e-05
159.5 5.1338422883648985e-05
160.5 6.0398144568998815e-05
161.5 5.737823734054888e-05
162.5 5.58682837263239e-05
163.5 4.831851565519905e-05
164.5 4.378865481252415e-05
165.5 6.794791264012366e-05
166.5 4.0768747584074215e-05
167.5 3.925879396984923e-05
168.5 3.7748840355624285e-05
169.5 4.9828469269424024e-05
170.5 3.4728933127174336e-05
171.5 3.321897951294937e-05
172.5 3.4728933127174336e-05
173.5 4.529860842674911e-05
174.5 4.227870119829918e-05
175.5 3.774884035562427e-05
176.5 3.321897951294936e-05
177.5 2.717916505604948e-05
178.5 2.566921144182451e-05
179.5 2.5669211441824513e-05
180.5 2.566921144182451e-05
181.5 3.774884035562427e-05
182.5 2.5669211441824506e-05
183.5 2.8689118670274453e-05
184.5 3.170902589872439e-05
185.5 3.4728933127174336e-05
186.5 2.8689118670274453e-05
187.5 3.170902589872439e-05
188.5 3.0199072284499428e-05
189.5 3.4728933127174336e-05
190.5 3.925879396984924e-05
191.5 3.472893312717433e-05
192.5 3.6238886741399304e-05
193.5 4.3788654812524145e-05
194.5 2.8689118670274453e-05
195.5 3.6238886741399304e-05
196.5 5.586828372632391e-05
197.5 5.284837649787397e-05
198.5 3.472893312717433e-05
199.5 3.321897951294937e-05
200.5 4.378865481252416e-05
201.5 3.472893312717433e-05
202.5 3.472893312717433e-05
203.5 3.7748840355624265e-05
204.5 4.07687475840742e-05
205.5 5.133842288364899e-05
206.5 4.831851565519905e-05
207.5 5.586828372632392e-05
208.5 5.284837649787398e-05
209.5 4.2278701198299176e-05
210.5 5.586828372632391e-05
211.5 7.398772709702353e-05
212.5 9.663703131039808e-05
213.5 9.51270776961731e-05
214.5 0.00010418679938152293
215.5 0.00014797545419404718
216.5 0.00017515461925009663
217.5 0.00020535369153459616
218.5 0.0002597120216466952
219.5 0.00028991109393119454
220.5 0.00033520970235794377
221.5 0.00032464002705836895
222.5 0.0003336997487437189
223.5 0.00035785900657131834
224.5 0.00036238886741399306
225.5 0.000323130073444144
226.5 0.00029444095477386954
227.5 0.00029897081561654443
228.5 0.00023857267104754548
229.5 0.00024763239273289527
230.5 0.00020535369153459619
231.5 0.000155525222265172
232.5 0.0001389157325086973
233.5 0.00012532614998067256
234.5 9.965693853884801e-05
235.5 9.059721685349821e-05
236.5 5.586828372632392e-05
237.5 6.190809818322378e-05
238.5 3.472893312717433e-05
239.5 3.774884035562427e-05
240.5 3.170902589872439e-05
241.5 3.6238886741399304e-05
242.5 2.264930421337457e-05
243.5 1.6609489756474684e-05
244.5 1.9629396984924623e-05
245.5 1.0569675299574797e-05
246.5 6.039814456899884e-06
247.5 4.529860842674913e-06
248.5 1.5099536142249712e-05
249.5 6.039814456899884e-06
250.5 2.415925782759954e-05
251.5 1.3589582528024739e-05
252.5 1.358958252802474e-05
253.5 7.549768071124854e-06
254.5 9.059721685349826e-06
255.5 1.509953614224971e-05
256.5 1.358958252802474e-05
257.5 2.7179165056049485e-05
258.5 2.5669211441824513e-05
259.5 1.8119443370699655e-05
260.5 3.7748840355624265e-05
261.5 7.247777348279857e-05
262.5 9.210717046772318e-05
263.5 0.00011626642829532271
264.5 0.0001932740626207963
265.5 0.000214413413219946
266.5 0.0003427594704290685
267.5 0.0004575159451101664
268.5 0.0006930687089292611
269.5 0.0011143457672980286
270.5 0.001437475840742172
271.5 0.00208977580208736
272.5 0.0028190833977580197
273.5 0.0039379590258987246
274.5 0.005228969366061076
275.5 0.006639266041747195
276.5 0.008591636064940084
277.5 0.010424719752609201
278.5 0.012100768264398917
279.5 0.013381208929261689
280.5 0.01379040635871666
281.5 0.013989720235794352
282.5 0.013424997584074215
283.5 0.012005641186702743
284.5 0.010177087359876304
285.5 0.008102411093931191
286.5 0.006122861905682261
287.5 0.004634047642056437
288.5 0.0034155150753768836
289.5 0.0030727556049478157
290.5 0.0034064553536915358
291.5 0.0046808562040974114
292.5 0.006464111422497101
293.5 0.008982714051024354
294.5 0.0117610287011983
295.5 0.014164874855044448
296.5 0.01590132151140317
297.5 0.016900910804020102
298.5 0.0168948709895632
299.5 0.016076476130653262
300.5 0.01386892394665636
301.5 0.011641742365674525
302.5 0.009302824217240045
303.5 0.007108861615771166
304.5 0.005185180711248554
305.5 0.0036344583494395052
306.5 0.002505013045999228
307.5 0.0016805783726323918
308.5 0.0011656841901816772
309.5 0.0006794791264012365
310.5 0.00043939650173946675
311.5 0.0003035006764592195
312.5 0.00014948540780827208
313.5 0.00012381619636644755
314.5 7.54976807112485e-05
315.5 4.3788654812524145e-05
316.5 1.9629396984924627e-05
317.5 1.8119443370699655e-05
318.5 1.0569675299574797e-05
319.5 1.0569675299574796e-05
320.5 4.529860842674913e-06
321.5 3.019907228449942e-06
322.5 3.019907228449942e-06
323.5 4.529860842674913e-06
324.5 3.019907228449942e-06
325.5 0.0
326.5 0.0
327.5 1.509953614224971e-06
328.5 4.529860842674913e-06
329.5 9.059721685349826e-06
330.5 4.529860842674913e-06
331.5 1.509953614224971e-06
332.5 6.039814456899884e-06
333.5 1.0569675299574797e-05
334.5 1.0569675299574796e-05
335.5 9.059721685349826e-06
336.5 9.059721685349826e-06
337.5 1.6609489756474684e-05
338.5 2.5669211441824513e-05
339.5 2.566921144182451e-05
340.5 3.472893312717433e-05
341.5 6.190809818322379e-05
342.5 7.398772709702355e-05
343.5 0.00010116689215307298
344.5 0.00015552522226517195
345.5 0.00019931387707769626
346.5 0.00023404281020487057
347.5 0.0002868911867027448
348.5 0.00030048076923076946
349.5 0.0003654087746424433
350.5 0.0003548390993428683
351.5 0.00039258793969849275
352.5 0.00039258793969849275
353.5 0.0003714485890993433
354.5 0.0003140703517587941
355.5 0.00027028169694627
356.5 0.000215923366834171
357.5 0.00014646550057982214
358.5 0.0001268361035948975
359.5 0.00013740577889447233
