0.5 1.509953614224971e-06
1.5 0.0
2.5 0.0
3.5 3.019907228449942e-06
4.5 1.509953614224971e-06
5.5 0.0
6.5 1.509953614224971e-06
7.5 1.509953614224971e-06
8.5 0.0
9.5 0.0
10.5 1.509953614224971e-06
11.5 0.0
12.5 1.509953614224971e-06
13.5 1.509953614224971e-06
14.5 1.509953614224971e-06
15.5 1.509953614224971e-06
16.5 0.0
17.5 1.509953614224971e-06
18.5 1.509953614224971e-06
19.5 0.0
20.5 1.509953614224971e-06
21.5 1.509953614224971e-06
22.5 9.059721685349826e-06
23.5 1.5099536142249712e-05
24.5 7.549768071124854e-06
25.5 7.549768071124854e-06
26.5 1.5099536142249712e-05
27.5 1.358958252802474e-05
28.5 2.1139350599149595e-05
29.5 1.8119443370699655e-05
30.5 2.8689118670274456e-05
31.5 3.925879396984925e-05
32.5 4.529860842674912e-05
33.5 4.831851565519905e-05
34.5 6.492800541167371e-05
35.5 7.700763432547347e-05
36.5 0.0001087166602241978
37.5 0.00013287591805179742
38.5 0.00018270438732122154
39.5 0.00019629396984924635
40.5 0.00021592336683417103
41.5 0.0002627319288751451
42.5 0.0003382296095863937
43.5 0.0003503092385001935
44.5 0.00041976710475454204
45.5 0.0005148941824507151
46.5 0.0005435833011209896
47.5 0.0006568298221878625
48.5 0.0008138649980672592
49.5 0.0009271115191341323
50.5 0.0010448879010436798
51.5 0.0012049429841515273
52.5 0.00126685108233475
53.5 0.0013906672787011977
54.5 0.0015190133359103209
55.5 0.0016971878623888673
56.5 0.001941800347893312
57.5 0.001984079049091613
58.5 0.0022422811171240813
59.5 0.0023298584267491297
60.5 0.002431025318902204
61.5 0.0025155827212988025
62.5 0.0024793438345574
63.5 0.0027496255315036717
64.5 0.0027617051604174724
65.5 0.0027783146501739486
66.5 0.0028311630266718195
67.5 0.002802473908001547
68.5 0.0028553222844994192
69.5 0.002903640800154619
70.5 0.0028930711248550444
71.5 0.002808513722458445
72.5 0.0028145535369153464
73.5 0.002640908871279474
74.5 0.0024974632779281025
75.5 0.002477833880943178
76.5 0.0023811968496327785
77.5 0.0023117389833784306
78.5 0.002107895245458059
79.5 0.001988608909934286
80.5 0.0020203179358330107
81.5 0.0018376135485117908
82.5 0.0016020607846926934
83.5 0.0014586151913413214
84.5 0.0013876473714727487
85.5 0.001343858716660225
86.5 0.0011913534016235018
87.5 0.001099246231155779
88.5 0.0011173656745264784
89.5 0.0009935494781600307
90.5 0.0008682233281793583
91.5 0.000871243235407809
92.5 0.000717227966756861
93.5 0.0006991085233861614
94.5 0.0006719293583301123
95.5 0.0006236108426749127
96.5 0.0005798221878623888
97.5 0.00047412543486664117
98.5 0.0004892249710088907
99.5 0.00043939650173946686
100.5 0.0004227870119829922
101.5 0.0004061775222265175
102.5 0.0003276599342868189
103.5 0.0003080305373018945
104.5 0.0002748115577889449
105.5 0.0002642418824893701
106.5 0.0002385726710475456
107.5 0.000206863645148821
108.5 0.0002129034596057211
109.5 0.000215923366834171
110.5 0.00018874420177812147
111.5 0.00017817452647854654
112.5 0.0001887442017781214
113.5 0.00015703517587939693
114.5 0.00017968448009277155
115.5 0.0001434455933513722
116.5 0.00016005508310784695
117.5 0.0001600550831078469
118.5 0.00014344559335137223
119.5 0.00016005508310784687
120.5 0.00015250531503672204
121.5 0.00018119443370699656
122.5 0.00014495554696559716
123.5 0.00016005508310784692
124.5 0.0001389157325086972
125.5 0.00016760485117897186
126.5 0.00019478401623502129
127.5 0.0001781745264785466
128.5 0.00016609489756474682
129.5 0.0002627319288751451
130.5 0.00023253285659064564
131.5 0.00027330160417471996
132.5 0.00028538123308851976
133.5 0.0002868911867027447
134.5 0.0003336997487437187
135.5 0.00035030923850019343
136.5 0.00045600599149594144
137.5 0.0004892249710088907
138.5 0.0005435833011209897
139.5 0.0005481131619636644
140.5 0.0006749492655585623
141.5 0.0007142080595284107
142.5 0.0008289645342095092
143.5 0.0009844897564746807
144.5 0.0011777638190954768
145.5 0.0012623212214920763
146.5 0.0014827744491689215
147.5 0.0017213471202164677
148.5 0.0018980116930807887
149.5 0.0022437910707383073
150.5 0.0024566945303440284
151.5 0.0027662350212601466
152.5 0.0032765993428681872
153.5 0.0035816099729416304
154.5 0.0041327430421337465
155.5 0.004701995554696558
156.5 0.005138372149207576
157.5 0.005866169791264009
158.5 0.006417302860456126
159.5 0.007220598183223812
160.5 0.007826089582528025
161.5 0.009005363355237724
162.5 0.009879626497873984
163.5 0.01069349149594125
164.5 0.011557184963277924
165.5 0.01231669163123309
166.5 0.01357599294549671
167.5 0.014226782953227686
168.5 0.015510243525318901
169.5 0.016671397854657904
170.5 0.017406745264785462
171.5 0.01864339727483572
172.5 0.018972567162736757
173.5 0.02017449023965982
174.5 0.020702974004638584
175.5 0.021328094800927705
176.5 0.02201361374178585
177.5 0.022572296579049085
178.5 0.02261004541940471
179.5 0.022895426652493247
180.5 0.022626654909161197
181.5 0.02237600260919985
182.5 0.02200908388094317
183.5 0.022246146598376506
184.5 0.0212420274449169
185.5 0.02087057885581756
186.5 0.01993742752222652
187.5 0.01926398821028218
188.5 0.01855280005798222
189.5 0.01755170081175107
190.5 0.016621569385388488
191.5 0.015561581948202551
192.5 0.014469885485117894
193.5 0.013462746424429843
194.5 0.012534124951681483
195.5 0.011694590742172396
196.5 0.010595344511016616
197.5 0.009668232991882488
198.5 0.008819639060688054
199.5 0.00808882151140317
200.5 0.007318745168148435
201.5 0.006394653556242755
202.5 0.005725744105141092
203.5 0.005241048994974874
204.5 0.004676326343254733
205.5 0.004297327986084267
206.5 0.003821692597603402
207.5 0.0032584798994974885
208.5 0.0026575183610359487
209.5 0.002544271839969076
210.5 0.0022030223231542315
211.5 0.0019523700231928872
212.5 0.0017153073057595677
213.5 0.0014993839389253962
214.5 0.00129101034016235
215.5 0.00106300734441438
216.5 0.0009859997100889054
217.5 0.0008652034209509084
218.5 0.0007806460185543101
219.5 0.0006809890800154617
220.5 0.0006024714920757632
221.5 0.0005541529764205644
222.5 0.0004695955740239662
223.5 0.00045449603788171657
224.5 0.0003880580788558178
225.5 0.000371448589099343
226.5 0.00030501063007344425
227.5 0.00030803053730189426
228.5 0.0002566921144182451
229.5 0.0002551821608040202
230.5 0.00020082383069192127
231.5 0.00019629396984924632
232.5 0.00018874420177812136
233.5 0.00020535369153459616
234.5 0.00018421434093544647
235.5 0.0001751546192500967
236.5 0.0001917641090065714
237.5 0.0001842143409354465
238.5 0.0001811944337069966
239.5 0.00014042568612292222
240.5 0.00018270438732122157
241.5 0.0001389157325086973
242.5 0.0001706247584074217
243.5 0.00015250531503672215
244.5 0.00018421434093544655
245.5 0.00017062475840742177
246.5 0.00016458494395052184
247.5 0.0001796844800927716
248.5 0.00019780392346347122
249.5 0.00017515461925009666
250.5 0.00021743332044839585
251.5 0.000214413413219946
252.5 0.0002415925782759956
253.5 0.00026726178971782003
254.5 0.00029595090838809446
255.5 0.00029142104754541963
256.5 0.00031558030537301906
257.5 0.0003654087746424432
258.5 0.0003457793776575186
259.5 0.00042278701198299195
260.5 0.000475635388480866
261.5 0.0005148941824507151
262.5 0.0004907349246231156
263.5 0.0006296506571318129
264.5 0.0006689094511016622
265.5 0.0006900488017008118
266.5 0.0007610166215693855
267.5 0.0008380242558948585
268.5 0.0009316413799768066
269.5 0.0009950594317742558
270.5 0.00106602725164283
271.5 0.0012517515461925011
272.5 0.0012985601082334754
273.5 0.0014525753768844217
274.5 0.00159451101662157
275.5 0.0016413195786625446
276.5 0.0018285538268264401
277.5 0.001979549188248937
278.5 0.0019327406262079634
279.5 0.002231711441824507
280.5 0.0022860697719366057
281.5 0.0026242993815230008
282.5 0.002663558175492849
283.5 0.0027224463664476204
284.5 0.0029595090838809433
285.5 0.003018397274835717
286.5 0.0031558030537301883
287.5 0.003127113935059916
288.5 0.0031452333784306153
289.5 0.0033173680904522622
290.5 0.0033732363741785848
291.5 0.003442694240432935
292.5 0.0032584798994974872
293.5 0.0032826391573250882
294.5 0.003367196559721684
295.5 0.003207141476613839
296.5 0.0031875120796289124
297.5 0.003030476903749517
298.5 0.0028885412640123702
299.5 0.002784354464630846
300.5 0.002485383649014303
301.5 0.002511052860456126
302.5 0.0022845598183223806
303.5 0.0020731663123308847
304.5 0.002027867703904136
305.5 0.0018708325280247396
306.5 0.0015673318515655194
307.5 0.0014571052377270975
308.5 0.0013212094124468495
309.5 0.0012275922883649012
310.5 0.0010086490143022806
311.5 0.000927111519134132
312.5 0.0007534668534982605
313.5 0.0006719293583301119
314.5 0.0006145511209895632
315.5 0.0005194240432933899
316.5 0.0004227870119829922
317.5 0.00036389882102821826
318.5 0.0002959509083880945
319.5 0.000262731928875145
320.5 0.00020988355237727094
321.5 0.00015552522226517195
322.5 0.00015401526865094694
323.5 0.00010871666022419784
324.5 8.60673560108233e-05
325.5 6.643795902589868e-05
326.5 5.435833011209895e-05
327.5 7.398772709702353e-05
328.5 4.07687475840742e-05
329.5 3.321897951294937e-05
330.5 3.0199072284499424e-05
331.5 9.059721685349826e-06
332.5 1.9629396984924627e-05
333.5 6.039814456899884e-06
334.5 9.059721685349826e-06
335.5 7.549768071124854e-06
336.5 4.529860842674913e-06
337.5 4.529860842674913e-06
338.5 1.509953614224971e-06
339.5 3.019907228449942e-06
340.5 0.0
341.5 3.019907228449942e-06
342.5 1.509953614224971e-06
343.5 1.509953614224971e-06
344.5 4.529860842674913e-06
345.5 1.509953614224971e-06
346.5 0.0
347.5 3.019907228449942e-06
348.5 1.509953614224971e-06
349.5 0.0
350.5 0.0
351.5 0.0
352.5 1.509953614224971e-06
353.5 0.0
354.5 0.0
355.5 0.0
356.5 0.0
357.5 0.0
358.5 1.509953614224971e-06
359.5 0.0
