0.5 0.0
1.5 0.0
2.5 0.0
3.5 0.0
4.5 0.0
5.5 0.0
6.5 1.509953614224971e-06
7.5 0.0
8.5 0.0
9.5 0.0
10.5 0.0
11.5 1.509953614224971e-06
12.5 0.0
13.5 0.0
14.5 1.509953614224971e-06
15.5 0.0
16.5 0.0
17.5 1.509953614224971e-06
18.5 1.509953614224971e-06
19.5 1.509953614224971e-06
20.5 1.509953614224971e-06
21.5 1.509953614224971e-06
22.5 4.529860842674913e-06
23.5 3.019907228449942e-06
24.5 4.529860842674913e-06
25.5 4.529860842674913e-06
26.5 9.059721685349826e-06
27.5 1.358958252802474e-05
28.5 2.7179165056049485e-05
29.5 2.5669211441824513e-05
30.5 3.321897951294936e-05
31.5 2.717916505604948e-05
32.5 4.2278701198299176e-05
33.5 3.774884035562428e-05
34.5 6.341805179744874e-05
35.5 0.00010267684576729797
36.5 0.00013136596443757238
37.5 0.00016005508310784698
38.5 0.0001721347120216467
39.5 0.0002687717433320449
40.5 0.0003442694240432936
41.5 0.0004303367800541172
42.5 0.0005148941824507155
43.5 0.000682499033629687
44.5 0.0008108450908388092
45.5 0.0009950594317742554
46.5 0.0012985601082334745
47.5 0.001487304310011597
48.5 0.0018059045226130662
49.5 0.00213507441051411
50.5 0.0027315060881329726
51.5 0.0029791384808658685
52.5 0.0034925227097023586
53.5 0.003930409257827601
54.5 0.004505701584847313
55.5 0.005142902010050249
56.5 0.0058103015075376884
57.5 0.006603027155005798
58.5 0.007063563007344416
59.5 0.007892527541553923
60.5 0.00844970042520294
61.5 0.008883057112485502
62.5 0.009162398531117123
63.5 0.009450799671434095
64.5 0.009636523965983768
65.5 0.01011366930807885
66.5 0.010069880653266335
67.5 0.010004952647854663
68.5 0.009846407518361033
69.5 0.009278664959412444
70.5 0.00924393602628527
71.5 0.009050661963664474
72.5 0.00878491012756088
73.5 0.008035973134905297
74.5 0.00754523821028218
75.5 0.007048463471202167
76.5 0.0064369322574410505
77.5 0.005860129976807112
78.5 0.005330136258214145
79.5 0.004759373792037111
80.5 0.004217300444530343
81.5 0.0037386451488210276
82.5 0.0031829822187862383
83.5 0.002808513722458445
84.5 0.002465754252029378
85.5 0.0022271815809818316
86.5 0.0018587528991109393
87.5 0.0016624589292616929
88.5 0.0012985601082334752
89.5 0.0011596443757247777
90.5 0.0009512707769617319
91.5 0.0008259446269810589
92.5 0.0007519568998840357
93.5 0.0006432402396598375
94.5 0.0004786552957093162
95.5 0.00048318515655199084
96.5 0.0003986277541553925
97.5 0.00031860021260146914
98.5 0.00027632151140317
99.5 0.00025216225357557016
100.5 0.0002491423463471203
101.5 0.00016005508310784687
102.5 0.00015854512949362191
103.5 0.00012834605720912247
104.5 0.0001147564746810977
105.5 0.00011022661383842278
106.5 9.663703131039807e-05
107.5 8.60673560108233e-05
108.5 6.945786625434863e-05
109.5 7.851758793969844e-05
110.5 4.9828469269424024e-05
111.5 5.2848376497873974e-05
112.5 5.737823734054887e-05
113.5 4.831851565519906e-05
114.5 5.737823734054887e-05
115.5 4.680856204097408e-05
116.5 4.6808562040974094e-05
117.5 3.321897951294937e-05
118.5 3.321897951294937e-05
119.5 4.831851565519905e-05
120.5 4.982846926942402e-05
121.5 3.321897951294937e-05
122.5 4.680856204097409e-05
123.5 4.2278701198299176e-05
124.5 5.58682837263239e-05
125.5 3.4728933127174336e-05
126.5 3.925879396984924e-05
127.5 4.378865481252415e-05
128.5 4.529860842674911e-05
129.5 5.1338422883648985e-05
130.5 5.284837649787396e-05
131.5 6.0398144568998815e-05
132.5 8.153749516814839e-05
133.5 7.398772709702353e-05
134.5 8.908726323927324e-05
135.5 0.00011928633552377263
136.5 0.00010267684576729796
137.5 0.00013891573250869726
138.5 0.0001464655005798222
139.5 0.00016911480479319676
140.5 0.00019931387707769637
141.5 0.00021592336683417087
142.5 0.00029897081561654443
143.5 0.0003472893312717436
144.5 0.0003548390993428684
145.5 0.0004650657131812909
146.5 0.0005692525125628144
147.5 0.0006462601468882876
148.5 0.0008123550444530345
149.5 0.0009105020293776578
150.5 0.0010161987823734057
151.5 0.001268361035948976
152.5 0.001496364031696946
153.5 0.0016503793003478928
154.5 0.001934250579822187
155.5 0.0022860697719366053
156.5 0.002583530633938925
157.5 0.003051616254348667
158.5 0.003421554889833785
159.5 0.0037643143602628507
160.5 0.004597808755315035
161.5 0.004958687669114805
162.5 0.005627597120216468
163.5 0.006267817452647853
164.5 0.006871798898337839
165.5 0.007607146308465401
166.5 0.008401381909547739
167.5 0.009221286722071897
168.5 0.010080450328565901
169.5 0.010796168341708545
170.5 0.011388070158484727
171.5 0.012070569192114414
172.5 0.012931242752222653
173.5 0.013492945496714343
174.5 0.014172424623115576
175.5 0.014702418341708543
176.5 0.015102556049478157
177.5 0.01577146550057982
178.5 0.01571106735601083
179.5 0.015777505315036723
180.5 0.01592699072284499
181.5 0.015753346057209128
182.5 0.015529872922303829
183.5 0.015230902106687285
184.5 0.014506124371859289
185.5 0.014312850309238503
186.5 0.013554853594897566
187.5 0.013015800154619247
188.5 0.011918063877077691
189.5 0.011474137514495558
190.5 0.010238995458059532
191.5 0.009770909837649791
192.5 0.00910200038654812
193.5 0.008360613161963666
194.5 0.0075150391379976795
195.5 0.00681593061461152
196.5 0.006208929261693083
197.5 0.0055641790684190185
198.5 0.004920938828759179
199.5 0.004437753672207188
200.5 0.00392134953614225
201.5 0.0033369974874371865
202.5 0.0031044646308465403
203.5 0.0025774908194820256
204.5 0.002293619540007731
205.5 0.002002198492462312
206.5 0.0016292399497487434
207.5 0.0015084436606107455
208.5 0.0012366520100502505
209.5 0.0010781068805566286
210.5 0.0009029522613065321
211.5 0.0007987654619250099
212.5 0.0005934117703904135
213.5 0.0005179140896791652
214.5 0.0004529860842674916
215.5 0.00037597844994201795
216.5 0.0003442694240432937
217.5 0.0003050106300734444
218.5 0.0002612219752609201
219.5 0.0001962939698492463
220.5 0.0001691148047931968
221.5 0.00015401526865094708
222.5 0.00013891573250869732
223.5 0.0001087166602241978
224.5 0.00010267684576729794
225.5 8.757730962504826e-05
226.5 5.888819095477386e-05
227.5 6.492800541167371e-05
228.5 4.9828469269424024e-05
229.5 4.831851565519906e-05
230.5 5.435833011209893e-05
231.5 4.529860842674911e-05
232.5 4.680856204097408e-05
233.5 4.076874758407421e-05
234.5 4.831851565519905e-05
235.5 5.435833011209893e-05
236.5 2.8689118670274456e-05
237.5 4.529860842674912e-05
238.5 4.529860842674911e-05
239.5 3.0199072284499424e-05
240.5 3.925879396984924e-05
241.5 4.07687475840742e-05
242.5 4.227870119829917e-05
243.5 4.0768747584074215e-05
244.5 3.62388867413993e-05
245.5 4.2278701198299176e-05
246.5 4.8318515655199056e-05
247.5 5.8888190954773826e-05
248.5 4.982846926942403e-05
249.5 6.190809818322379e-05
250.5 7.700763432547348e-05
251.5 5.737823734054886e-05
252.5 6.794791264012368e-05
253.5 8.757730962504825e-05
254.5 0.0001328759180517974
255.5 0.00011324652106687275
256.5 0.00013438587166602232
257.5 0.0001223062427522226
258.5 0.0001781745264785466
259.5 0.00021894327406262089
260.5 0.0002431025318902204
261.5 0.0002476323927328953
262.5 0.00028085137224584486
263.5 0.00037144858909934306
264.5 0.00041070738306919226
265.5 0.0005073444143795905
266.5 0.0006447501932740626
267.5 0.0006432402396598378
268.5 0.0008652034209509084
269.5 0.0009558006378044064
270.5 0.0011822936799381527
271.5 0.0012895003865481247
272.5 0.001606590645535368
273.5 0.0016835982798608427
274.5 0.0020248477966756866
275.5 0.0023796868960185543
276.5 0.0028145535369153447
277.5 0.0032614998067259354
278.5 0.0036148289524545805
279.5 0.00413425299574797
280.5 0.004698975647468109
281.5 0.005235009180517976
282.5 0.005719704290684193
283.5 0.0064610915152686485
284.5 0.006974475744105143
285.5 0.007441051410900654
286.5 0.007934806242752224
287.5 0.008333433996907615
288.5 0.00868676314263626
289.5 0.009127669597989952
290.5 0.009296784402783146
291.5 0.009551966563587167
292.5 0.009624444337069962
293.5 0.009586695496714339
294.5 0.009693902203324313
295.5 0.009357182547352147
296.5 0.009274135098569771
297.5 0.00861126546192501
298.5 0.008362123115577888
299.5 0.007933296289137996
300.5 0.007484840065713184
301.5 0.006971455836876692
302.5 0.006257247777348279
303.5 0.005549079532276768
304.5 0.005180650850405872
305.5 0.004265618960185541
306.5 0.003906249999999999
307.5 0.003261499806725938
308.5 0.002887031310398145
309.5 0.0023751570351758793
310.5 0.002171313297255509
311.5 0.0017545660997294167
312.5 0.0013800976034016239
313.5 0.001171724004638577
314.5 0.0009769399884035563
315.5 0.0007927256474681097
316.5 0.0006266307499033628
317.5 0.0005209339969076148
318.5 0.0004122173366834172
319.5 0.0003140703517587941
320.5 0.00024914234634712036
321.5 0.00021592336683417079
322.5 0.00014344559335137223
323.5 0.0001268361035948975
324.5 0.00011173656745264775
325.5 9.51270776961731e-05
326.5 4.6808562040974094e-05
327.5 4.529860842674912e-05
328.5 3.321897951294937e-05
329.5 2.11393505991496e-05
330.5 1.0569675299574797e-05
331.5 1.6609489756474684e-05
332.5 9.059721685349826e-06
333.5 1.0569675299574797e-05
334.5 9.059721685349826e-06
335.5 9.059721685349826e-06
336.5 3.019907228449942e-06
337.5 3.019907228449942e-06
338.5 1.509953614224971e-06
339.5 3.019907228449942e-06
340.5 0.0
341.5 1.509953614224971e-06
342.5 1.509953614224971e-06
343.5 0.0
344.5 0.0
345.5 0.0
346.5 0.0
347.5 0.0
348.5 0.0
349.5 1.509953614224971e-06
350.5 0.0
351.5 0.0
352.5 0.0
353.5 0.0
354.5 0.0
355.5 0.0
356.5 0.0
357.5 0.0
358.5 0.0
359.5 0.0
