0.5 0.00030501063007344425
1.5 0.0003155803053730192
2.5 0.00028840114031696956
3.5 0.0003518191921144184
4.5 0.0003925879396984926
5.5 0.0004031576149980674
6.5 0.0003895680324700425
7.5 0.0004801652493235411
8.5 0.0005058344607653656
9.5 0.0005873719559335136
10.5 0.0007036383842288365
11.5 0.0006991085233861613
12.5 0.0007836659257827597
13.5 0.0009663703131039815
14.5 0.0010871666022419786
15.5 0.0013242293196752998
16.5 0.0015220332431387707
17.5 0.0017364466563587167
18.5 0.0019055614611519127
19.5 0.002417435736374179
20.5 0.0026665780827212983
21.5 0.0030561461151913413
22.5 0.0036918365867800542
23.5 0.004149352531890218
24.5 0.004859030730575957
25.5 0.005651756378044066
26.5 0.006583397758020875
27.5 0.007558827792810202
28.5 0.008295685156551989
29.5 0.009494588326246618
30.5 0.010319022999613446
31.5 0.011549635195206805
32.5 0.012525065229996135
33.5 0.013435567259373787
34.5 0.013884023482798609
35.5 0.014406467433320441
36.5 0.014933441244684964
37.5 0.014925891476613835
38.5 0.014423076923076924
39.5 0.013702829049091605
40.5 0.013127536722071901
41.5 0.01206150947042906
42.5 0.010598364418245071
43.5 0.009465899207576343
44.5 0.008174888867413988
45.5 0.006794791264012368
46.5 0.0055822985117897185
47.5 0.0043954749710088895
48.5 0.0033415273482798598
49.5 0.0025306822574410505
50.5 0.0019810591418631617
51.5 0.0013770776961731736
52.5 0.0009437210088906064
53.5 0.0006281407035175877
54.5 0.00044392636258214153
55.5 0.0002974608620023195
56.5 0.0001706247584074217
57.5 0.00010871666022419783
58.5 6.190809818322379e-05
59.5 3.0199072284499424e-05
60.5 3.4728933127174336e-05
61.5 2.5669211441824513e-05
62.5 1.0569675299574797e-05
63.5 4.529860842674913e-06
64.5 3.019907228449942e-06
65.5 0.0
66.5 0.0
67.5 1.509953614224971e-06
68.5 0.0
69.5 0.0
70.5 0.0
71.5 0.0
72.5 0.0
73.5 0.0
74.5 0.0
75.5 0.0
76.5 0.0
77.5 0.0
78.5 0.0
79.5 0.0
80.5 0.0
81.5 0.0
82.5 0.0
83.5 0.0
84.5 0.0
85.5 0.0
86.5 0.0
87.5 0.0
88.5 0.0
89.5 0.0
90.5 0.0
91.5 0.0
92.5 0.0
93.5 0.0
94.5 0.0
95.5 0.0
96.5 0.0
97.5 0.0
98.5 0.0
99.5 0.0
100.5 0.0
101.5 0.0
102.5 0.0
103.5 0.0
104.5 0.0
105.5 0.0
106.5 0.0
107.5 0.0
108.5 0.0
109.5 0.0
110.5 0.0
111.5 0.0
112.5 0.0
113.5 0.0
114.5 0.0
115.5 0.0
116.5 0.0
117.5 0.0
118.5 0.0
119.5 0.0
120.5 0.0
121.5 0.0
122.5 0.0
123.5 0.0
124.5 0.0
125.5 0.0
126.5 0.0
127.5 0.0
128.5 0.0
129.5 0.0
130.5 0.0
131.5 0.0
132.5 0.0
133.5 0.0
134.5 0.0
135.5 0.0
136.5 0.0
137.5 0.0
138.5 0.0
139.5 0.0
140.5 0.0
141.5 0.0
142.5 0.0
143.5 0.0
144.5 0.0
145.5 0.0
146.5 0.0
147.5 0.0
148.5 0.0
149.5 0.0
150.5 0.0
151.5 0.0
152.5 0.0
153.5 0.0
154.5 0.0
155.5 0.0
156.5 0.0
157.5 0.0
158.5 0.0
159.5 0.0
160.5 0.0
161.5 0.0
162.5 0.0
163.5 3.019907228449942e-06
164.5 0.0
165.5 3.019907228449942e-06
166.5 1.509953614224971e-06
167.5 3.019907228449942e-06
168.5 7.549768071124854e-06
169.5 3.019907228449942e-06
170.5 9.059721685349826e-06
171.5 1.5099536142249709e-05
172.5 1.2079628913799769e-05
173.5 2.868911867027445e-05
174.5 3.019907228449942e-05
175.5 3.925879396984925e-05
176.5 5.586828372632393e-05
177.5 0.000104186799381523
178.5 8.153749516814844e-05
179.5 0.00010871666022419791
180.5 8.757730962504832e-05
181.5 8.153749516814844e-05
182.5 6.643795902589872e-05
183.5 7.398772709702359e-05
184.5 5.284837649787398e-05
185.5 4.378865481252416e-05
186.5 4.227870119829919e-05
187.5 3.925879396984925e-05
188.5 1.9629396984924623e-05
189.5 1.2079628913799767e-05
190.5 1.2079628913799769e-05
191.5 1.509953614224971e-06
192.5 4.529860842674913e-06
193.5 1.509953614224971e-06
194.5 3.019907228449942e-06
195.5 1.509953614224971e-06
196.5 0.0
197.5 0.0
198.5 3.019907228449942e-06
199.5 0.0
200.5 0.0
201.5 0.0
202.5 0.0
203.5 0.0
204.5 0.0
205.5 0.0
206.5 0.0
207.5 0.0
208.5 0.0
209.5 0.0
210.5 0.0
211.5 0.0
212.5 0.0
213.5 0.0
214.5 0.0
215.5 0.0
216.5 0.0
217.5 0.0
218.5 0.0
219.5 0.0
220.5 0.0
221.5 0.0
222.5 0.0
223.5 0.0
224.5 0.0
225.5 0.0
226.5 0.0
227.5 0.0
228.5 0.0
229.5 0.0
230.5 0.0
231.5 0.0
232.5 0.0
233.5 0.0
234.5 0.0
235.5 0.0
236.5 0.0
237.5 0.0
238.5 0.0
239.5 0.0
240.5 0.0
241.5 0.0
242.5 0.0
243.5 0.0
244.5 0.0
245.5 0.0
246.5 0.0
247.5 0.0
248.5 0.0
249.5 0.0
250.5 0.0
251.5 0.0
252.5 0.0
253.5 0.0
254.5 0.0
255.5 0.0
256.5 0.0
257.5 0.0
258.5 0.0
259.5 0.0
260.5 0.0
261.5 0.0
262.5 0.0
263.5 0.0
264.5 0.0
265.5 0.0
266.5 0.0
267.5 0.0
268.5 0.0
269.5 0.0
270.5 0.0
271.5 0.0
272.5 0.0
273.5 0.0
274.5 0.0
275.5 0.0
276.5 0.0
277.5 0.0
278.5 0.0
279.5 0.0
280.5 0.0
281.5 1.509953614224971e-06
282.5 0.0
283.5 3.019907228449942e-06
284.5 1.509953614224971e-06
285.5 1.509953614224971e-06
286.5 0.0
287.5 6.039814456899884e-06
288.5 4.529860842674913e-06
289.5 6.039814456899884e-06
290.5 1.2079628913799769e-05
291.5 2.2649304213374567e-05
292.5 2.566921144182451e-05
293.5 3.170902589872439e-05
294.5 8.15374951681484e-05
295.5 0.00010569675299574791
296.5 0.00016307499033629694
297.5 0.00028387127947429467
298.5 0.0003956078469269426
299.5 0.0006039814456899883
300.5 0.0009014423076923081
301.5 0.0012789307112485505
302.5 0.001898011693080788
303.5 0.0026695979899497508
304.5 0.003796023386161578
305.5 0.005165551314263624
306.5 0.0068340500579822175
307.5 0.009180517974487825
308.5 0.01157681436026285
309.5 0.014519713954387326
310.5 0.01800166698879009
311.5 0.02166179454967143
312.5 0.025072779764205657
313.5 0.028728377464244306
314.5 0.0318796506571318
315.5 0.03460813683803635
316.5 0.036963664476227294
317.5 0.03792097506764594
318.5 0.038686521550057994
319.5 0.038081030150753786
320.5 0.03770354174719752
321.5 0.03583572912640127
322.5 0.0338501401236954
323.5 0.031185071994588327
324.5 0.028071547642056428
325.5 0.02532494201778123
326.5 0.02254662736760727
327.5 0.019544839582528024
328.5 0.0167740747004252
329.5 0.014377778314650164
330.5 0.012091708542713566
331.5 0.010122729029764205
332.5 0.008496508987243908
333.5 0.007161709992269036
334.5 0.00589334895632006
335.5 0.004910369153459605
336.5 0.003901720139157323
337.5 0.003329447719366061
338.5 0.002797944047158872
339.5 0.002204532276768457
340.5 0.0018436533629686894
341.5 0.0015039137997680712
342.5 0.001250241592578276
343.5 0.0010237485504445301
344.5 0.0008908726323927324
345.5 0.0006749492655585619
346.5 0.0005692525125628144
347.5 0.000567742558948589
348.5 0.00047110552763819115
349.5 0.00044543631619636657
350.5 0.0003367196559721687
351.5 0.00034728933127174336
352.5 0.00033369974874371874
353.5 0.0002899110939311946
354.5 0.00030048076923076936
355.5 0.00026726178971782003
356.5 0.0002672617897178201
357.5 0.00024310253189022043
358.5 0.0002506522999613453
359.5 0.00029746086200231945
