0.5 1.509953614224971e-06
1.5 1.509953614224971e-06
2.5 0.0
3.5 0.0
4.5 0.0
5.5 1.509953614224971e-06
6.5 0.0
7.5 4.529860842674913e-06
8.5 3.019907228449942e-06
9.5 0.0
10.5 0.0
11.5 0.0
12.5 3.019907228449942e-06
13.5 0.0
14.5 0.0
15.5 1.509953614224971e-06
16.5 4.529860842674913e-06
17.5 1.509953614224971e-06
18.5 4.529860842674913e-06
19.5 7.549768071124854e-06
20.5 3.019907228449942e-06
21.5 9.059721685349826e-06
22.5 1.2079628913799767e-05
23.5 9.059721685349826e-06
24.5 7.549768071124854e-06
25.5 1.9629396984924627e-05
26.5 3.321897951294936e-05
27.5 4.076874758407422e-05
28.5 5.586828372632392e-05
29.5 4.076874758407421e-05
30.5 7.398772709702353e-05
31.5 7.549768071124849e-05
32.5 7.851758793969847e-05
33.5 0.00011777638190954767
34.5 0.00014495554696559713
35.5 0.0001389157325086973
36.5 0.00023253285659064559
37.5 0.0002702816969462699
38.5 0.00026122197526092
39.5 0.00035483909934286826
40.5 0.00043788654812524177
41.5 0.0005571728836490144
42.5 0.0005722724197912641
43.5 0.0007232677812137609
44.5 0.000825944626981059
45.5 0.0010071390606880555
46.5 0.0011052860456126788
47.5 0.00129705015461925
48.5 0.001534112872052571
49.5 0.0017772154039427902
50.5 0.002011258214147662
51.5 0.002171313297255509
52.5 0.002409885968303054
53.5 0.0026695979899497473
54.5 0.002980648434480091
55.5 0.0031225840742172407
56.5 0.003364176652493235
57.5 0.003634458349439505
58.5 0.0038413219945883257
59.5 0.004081404619250098
60.5 0.00420673076923077
61.5 0.004455873115577888
62.5 0.0045555300541167375
63.5 0.004727664766138384
64.5 0.004617438152299961
65.5 0.00489677957093158
66.5 0.00489375966370313
67.5 0.0047578638384228825
68.5 0.004849971008890607
69.5 0.004848461055276381
70.5 0.00493603836490143
71.5 0.004505701584847313
72.5 0.004469462698105914
73.5 0.0043078976613838416
74.5 0.003998357170467723
75.5 0.003854911577116351
76.5 0.0037567645921917276
77.5 0.0034321245651333593
78.5 0.0033792761886354866
79.5 0.003054636161577118
80.5 0.0028628720525705445
81.5 0.0026378889640510258
82.5 0.0024461248550444546
83.5 0.002234731349052957
84.5 0.001955389930421337
85.5 0.0018315737340548898
86.5 0.001674538558175492
87.5 0.0014993839389253962
88.5 0.0013242293196753
89.5 0.0012140027058368768
90.5 0.0010297883649014303
91.5 0.0010509277155005806
92.5 0.0008470839775802088
93.5 0.0008063152299961344
94.5 0.0007202478739853112
95.5 0.0006462601468882874
96.5 0.000564722651720139
97.5 0.0005949217240046387
98.5 0.0005496231155778893
99.5 0.00044845622342481653
100.5 0.0004242969655972171
101.5 0.00042278701198299195
102.5 0.00038805807885581764
103.5 0.0003261499806725941
104.5 0.00029142104754541974
105.5 0.0003035006764592195
106.5 0.0002793414186316199
107.5 0.00022800299574797075
108.5 0.00022347313490529583
109.5 0.00019931387707769626
110.5 0.00023404281020487062
111.5 0.00020082383069192124
112.5 0.0001751546192500966
113.5 0.00016911480479319673
114.5 0.000152505315036722
115.5 0.00017515461925009663
116.5 0.000155525222265172
117.5 0.0001419356397371472
118.5 0.00014042568612292224
119.5 0.00012683610359489743
120.5 0.00012834605720912244
121.5 0.0001389157325086973
122.5 0.0001268361035948975
123.5 0.0001630749903362968
124.5 0.000158545129493622
125.5 0.00017968448009277155
126.5 0.00017062475840742177
127.5 0.00018874420177812144
128.5 0.00017364466563587179
129.5 0.00022951294936219573
130.5 0.0001660948975647469
131.5 0.0002884011403169696
132.5 0.0002717916505604949
133.5 0.00028840114031696966
134.5 0.0003306798415152689
135.5 0.0003608789137997683
136.5 0.00043033678005411675
137.5 0.0004469462698105916
138.5 0.00045751594511016637
139.5 0.0005315036722071899
140.5 0.0006734393119443372
141.5 0.0006991085233861611
142.5 0.0007700763432547349
143.5 0.0008984224004638578
144.5 0.0010916964630846536
145.5 0.0011973932160804022
146.5 0.001372547835330499
147.5 0.0014706948202551223
148.5 0.0017228570738306915
149.5 0.0021592336683417084
150.5 0.002234731349052956
151.5 0.0025367220718979506
152.5 0.0029051507537688434
153.5 0.003241870409741012
154.5 0.00356047062234248
155.5 0.004126703227676843
156.5 0.00460837843061461
157.5 0.005186690664862772
158.5 0.0058103015075376884
159.5 0.006449011886354849
160.5 0.007119431291070737
161.5 0.007744552087359876
162.5 0.008351553440278311
163.5 0.009354162640123696
164.5 0.00991586538461538
165.5 0.010827877367607264
166.5 0.011587384035562425
167.5 0.012461647178198691
168.5 0.013367619346733672
169.5 0.013983680421337444
170.5 0.015129735214534212
171.5 0.015991918728256664
172.5 0.016452454580595285
173.5 0.017163642732895234
174.5 0.017959388287591804
175.5 0.018296107943563983
176.5 0.01844106349052958
177.5 0.01894387804406648
178.5 0.019103933127174337
179.5 0.019324386354851182
180.5 0.019176410900657137
181.5 0.019168861132586007
182.5 0.018945387997680703
183.5 0.018619238017008124
184.5 0.017972977870119825
185.5 0.017802353111712403
186.5 0.017305578372632392
187.5 0.01640564601855431
188.5 0.01565368911867027
189.5 0.014934951198299183
190.5 0.01410598666408968
191.5 0.013502005218399692
192.5 0.012676060591418637
193.5 0.011511886354851184
194.5 0.010711610939311946
195.5 0.010084980189408583
196.5 0.009337553150367215
197.5 0.008282095574023965
198.5 0.007927256474681097
199.5 0.006989575280247391
200.5 0.006310096153846154
201.5 0.005746883455740242
202.5 0.005085523772709704
203.5 0.004507211538461536
204.5 0.004002887031310398
205.5 0.0037295854271356763
206.5 0.0031844921724004647
207.5 0.002971588712794743
208.5 0.00253672207189795
209.5 0.0023615674526478534
210.5 0.0020746762659451102
211.5 0.0018164741979126392
212.5 0.0014797545419404717
213.5 0.0014163364901430223
214.5 0.0012442017781213754
215.5 0.0011218955353691534
216.5 0.0008727531890220334
217.5 0.0008410441631233092
218.5 0.0007111881522999612
219.5 0.0006704194047158873
220.5 0.000567742558948589
221.5 0.00052848376497874
222.5 0.00043939650173946654
223.5 0.0003729585427135681
224.5 0.00031256039814456905
225.5 0.00028387127947429467
226.5 0.00027481155778894494
227.5 0.00030048076923076936
228.5 0.0002672617897178199
229.5 0.00024461248550444547
230.5 0.00020988355237727108
231.5 0.0002023337843061462
232.5 0.00019025415539234648
233.5 0.00013438587166602234
234.5 0.0001645849439505219
235.5 0.00014797545419404715
236.5 0.00016609489756474685
237.5 0.000157035175879397
238.5 0.000152505315036722
239.5 0.00017213471202164667
240.5 0.00014193563973714725
241.5 0.00015854512949362194
242.5 0.00018119443370699653
243.5 0.00015854512949362191
244.5 0.00013287591805179733
245.5 0.00018270438732122146
246.5 0.00015703517587939693
247.5 0.0001796844800927716
248.5 0.00017666457286432164
249.5 0.00019931387707769629
250.5 0.0001585451294936219
251.5 0.00023555276381909552
252.5 0.00023253285659064556
253.5 0.0002219631812910709
254.5 0.0002793414186316199
255.5 0.0003110504445303442
256.5 0.0003472893312717437
257.5 0.0003850381716273678
258.5 0.0004333566872825668
259.5 0.0004031576149980673
260.5 0.0005043245071511402
261.5 0.0004680856204097411
262.5 0.0005828420950908388
263.5 0.0005994515848473131
264.5 0.0006915587553150365
265.5 0.000738367317356011
266.5 0.0008289645342095093
267.5 0.0009240916119056821
268.5 0.0010161987823734046
269.5 0.001108305952841129
270.5 0.001212492752222652
271.5 0.001331779087746424
272.5 0.0015597820834943954
273.5 0.001571861712408195
274.5 0.0018602628527251638
275.5 0.0021229947816003092
276.5 0.002157723714727484
277.5 0.002443104947816003
278.5 0.0026831875724777736
279.5 0.0027873743718592964
280.5 0.0030244370892926176
281.5 0.003344547255508309
282.5 0.0034895028024739105
283.5 0.0036389882102821807
284.5 0.0038549115771163494
285.5 0.004135762949362197
286.5 0.004256559238500194
287.5 0.004507211538461537
288.5 0.004596298801700812
289.5 0.004828831658291459
290.5 0.004712565229996135
291.5 0.004863560591418629
292.5 0.004933018457672983
293.5 0.004875640220332432
294.5 0.005070424236567456
295.5 0.004875640220332432
296.5 0.004652167085427137
297.5 0.004620458059528412
298.5 0.004535900657131814
299.5 0.00419465114031697
300.5 0.004129723134905296
301.5 0.0038156527831465013
302.5 0.0036480479319675294
303.5 0.0034713833591032087
304.5 0.0031558030537301913
305.5 0.002781334557402396
306.5 0.0026514785465790473
307.5 0.0024672642056436044
308.5 0.0021033653846153845
309.5 0.0018391235021260153
310.5 0.001811944337069965
311.5 0.001544682547352145
312.5 0.0013151695979899492
313.5 0.0011958832624661766
314.5 0.000985999710088906
315.5 0.0008365143022806339
316.5 0.0007700763432547353
317.5 0.0006221008890606879
318.5 0.0005133842288364902
319.5 0.0004439263625821417
320.5 0.0003533291457286435
321.5 0.0002974608620023195
322.5 0.0002793414186316198
323.5 0.00023555276381909552
324.5 0.00018874420177812141
325.5 0.00013438587166602237
326.5 9.814698492462304e-05
327.5 9.210717046772315e-05
328.5 8.606735601082327e-05
329.5 5.737823734054887e-05
330.5 4.982846926942404e-05
331.5 4.529860842674911e-05
332.5 4.529860842674912e-05
333.5 2.8689118670274456e-05
334.5 1.9629396984924627e-05
335.5 1.8119443370699655e-05
336.5 1.6609489756474684e-05
337.5 9.059721685349826e-06
338.5 1.5099536142249712e-05
339.5 3.019907228449942e-06
340.5 1.0569675299574797e-05
341.5 3.019907228449942e-06
342.5 1.509953614224971e-06
343.5 6.039814456899884e-06
344.5 3.019907228449942e-06
345.5 6.039814456899884e-06
346.5 0.0
347.5 1.509953614224971e-06
348.5 1.509953614224971e-06
349.5 1.509953614224971e-06
350.5 1.509953614224971e-06
351.5 1.509953614224971e-06
352.5 0.0
353.5 1.509953614224971e-06
354.5 4.529860842674913e-06
355.5 3.019907228449942e-06
356.5 0.0
357.5 0.0
358.5 0.0
359.5 1.509953614224971e-06
