0.5 0.0
1.5 0.0
2.5 0.0
3.5 1.509953614224971e-06
4.5 0.0
5.5 0.0
6.5 0.0
7.5 1.509953614224971e-06
8.5 0.0
9.5 1.509953614224971e-06
10.5 1.509953614224971e-06
11.5 0.0
12.5 0.0
13.5 0.0
14.5 0.0
15.5 1.509953614224971e-06
16.5 0.0
17.5 1.509953614224971e-06
18.5 1.509953614224971e-06
19.5 4.529860842674913e-06
20.5 6.039814456899884e-06
21.5 1.509953614224971e-06
22.5 1.509953614224971e-06
23.5 9.059721685349826e-06
24.5 9.059721685349826e-06
25.5 6.039814456899884e-06
26.5 7.549768071124854e-06
27.5 1.0569675299574797e-05
28.5 1.9629396984924627e-05
29.5 2.264930421337457e-05
30.5 2.566921144182451e-05
31.5 3.321897951294936e-05
32.5 4.2278701198299176e-05
33.5 4.982846926942403e-05
34.5 7.54976807112485e-05
35.5 9.965693853884801e-05
36.5 0.00012683610359489746
37.5 0.0001374057788944723
38.5 0.0001917641090065714
39.5 0.0002672617897178199
40.5 0.00033671965597216875
41.5 0.0003487992848859684
42.5 0.0005269738113645153
43.5 0.0007081682450715113
44.5 0.0008938925396211829
45.5 0.0010463978546579051
46.5 0.0013196994588326242
47.5 0.0014359658871279477
48.5 0.0017908049864708163
49.5 0.0022196318129107085
50.5 0.0026046699845380756
51.5 0.0030017877850792435
52.5 0.003438164379590259
53.5 0.003968158098183224
54.5 0.004694445786625435
55.5 0.005333156165442597
56.5 0.00586012997680711
57.5 0.0065471588712794765
58.5 0.00716623985311171
59.5 0.007974065036722076
60.5 0.008289645342095088
61.5 0.008692802957093158
62.5 0.00906123163896405
63.5 0.009894726034016232
64.5 0.009911335523772711
65.5 0.010077430421337456
66.5 0.010100079725550827
67.5 0.01008498018940858
68.5 0.009909825570158485
69.5 0.009826778121376115
70.5 0.009641053826826443
71.5 0.009148808948589097
72.5 0.008732061751063008
73.5 0.008274545805952842
74.5 0.007688683803633553
75.5 0.007259856977193657
76.5 0.0065969873405488984
77.5 0.006000555662930034
78.5 0.005475091805179745
79.5 0.004721624951681485
80.5 0.004330546965597215
81.5 0.0037748840355624263
82.5 0.003406455353691535
83.5 0.002705836876691147
84.5 0.0024838736954000762
85.5 0.002200002415925783
86.5 0.0018225140123695398
87.5 0.0015507223618090457
88.5 0.0013181895052183992
89.5 0.0011430348859683033
90.5 0.0009527807305759566
91.5 0.0007881957866254348
92.5 0.0007217578275995362
93.5 0.0006583397758020874
94.5 0.000526973811364515
95.5 0.0004046675686122926
96.5 0.00035634905295709335
97.5 0.00031709025898724394
98.5 0.00026877174333204496
99.5 0.0002476323927328953
100.5 0.00019478401623502129
101.5 0.00015401526865094705
102.5 0.00014193563973714717
103.5 0.00011626642829532266
104.5 0.00010418679938152288
105.5 9.512707769617312e-05
106.5 9.210717046772314e-05
107.5 0.00010116689215307296
108.5 5.7378237340548865e-05
109.5 6.945786625434863e-05
110.5 5.888819095477384e-05
111.5 5.435833011209893e-05
112.5 6.039814456899881e-05
113.5 5.1338422883648985e-05
114.5 4.227870119829918e-05
115.5 4.227870119829918e-05
116.5 4.831851565519905e-05
117.5 2.8689118670274453e-05
118.5 4.2278701198299176e-05
119.5 3.623888674139931e-05
120.5 3.4728933127174336e-05
121.5 4.076874758407421e-05
122.5 3.6238886741399304e-05
123.5 3.321897951294937e-05
124.5 3.7748840355624265e-05
125.5 3.925879396984923e-05
126.5 4.227870119829919e-05
127.5 3.925879396984924e-05
128.5 5.8888190954773826e-05
129.5 5.4358330112098935e-05
130.5 3.774884035562428e-05
131.5 5.586828372632389e-05
132.5 8.757730962504822e-05
133.5 7.398772709702351e-05
134.5 5.5868283726323903e-05
135.5 8.606735601082325e-05
136.5 9.814698492462304e-05
137.5 0.0001283460572091225
138.5 0.00013136596443757238
139.5 0.00016005508310784695
140.5 0.00013589582528024732
141.5 0.000215923366834171
142.5 0.00024310253189022027
143.5 0.0003306798415152689
144.5 0.00032313007344414414
145.5 0.0004529860842674913
146.5 0.00051036432160804
147.5 0.0005858620023192889
148.5 0.0008078251836103593
149.5 0.0008365143022806335
150.5 0.0010645172980286047
151.5 0.0011294453034402779
152.5 0.001343858716660223
153.5 0.0016398096250483183
154.5 0.0019297207189795126
155.5 0.00212299478160031
156.5 0.002468774159257827
157.5 0.002858342191727869
158.5 0.0030833252802473913
159.5 0.0039545685156551985
160.5 0.004265618960185546
161.5 0.004756353884808661
162.5 0.005301447139543874
163.5 0.005937137611132584
164.5 0.0067645921917278695
165.5 0.0072689166988790105
166.5 0.008152239563200617
167.5 0.008857387901043682
168.5 0.00931490384615385
169.5 0.010190676942404333
170.5 0.010987932450715113
171.5 0.011613053247004252
172.5 0.012543184673366837
173.5 0.013098847603401622
174.5 0.013918752415925781
175.5 0.01442005701584847
176.5 0.0148383141669888
177.5 0.015102556049478159
178.5 0.015348678488596825
179.5 0.015448335427135676
180.5 0.015502693757247776
181.5 0.015316969462698102
182.5 0.015122185446463085
183.5 0.014572562330885197
184.5 0.014472905392346346
185.5 0.013730008214147663
186.5 0.012968991592578279
187.5 0.012461647178198674
188.5 0.011745929165056044
189.5 0.011093629203710858
190.5 0.010325062814070352
191.5 0.009745240626207964
192.5 0.008729041843834561
193.5 0.008125060398144564
194.5 0.007312705353691533
195.5 0.006622656551990724
196.5 0.006142491302667185
197.5 0.0053346661190568235
198.5 0.004869600405875533
199.5 0.00431997729029764
200.5 0.0036072791843834557
201.5 0.0032750893892539617
202.5 0.002905150753768845
203.5 0.002542761886354852
204.5 0.0021909426942404325
205.5 0.0019251908581368372
206.5 0.0016564191148047932
207.5 0.0014586151913413214
208.5 0.00129101034016235
209.5 0.0010569675299574794
210.5 0.0008938925396211829
211.5 0.000741387224584461
212.5 0.0006356904715887124
213.5 0.0005345235794356397
214.5 0.0004801652493235408
215.5 0.00043788654812524177
216.5 0.00031709025898724426
217.5 0.0002144134132199459
218.5 0.000211393505991496
219.5 0.00018119443370699653
220.5 0.00015552522226517206
221.5 0.0001449555469655972
222.5 0.0001404256861229222
223.5 0.00011022661383842277
224.5 9.361712408194812e-05
225.5 9.361712408194812e-05
226.5 7.700763432547348e-05
227.5 7.247777348279857e-05
228.5 6.190809818322379e-05
229.5 6.492800541167373e-05
230.5 4.2278701198299176e-05
231.5 3.6238886741399304e-05
232.5 2.7179165056049485e-05
233.5 4.227870119829917e-05
234.5 3.4728933127174336e-05
235.5 4.5298608426749106e-05
236.5 2.5669211441824513e-05
237.5 3.62388867413993e-05
238.5 3.774884035562428e-05
239.5 3.0199072284499428e-05
240.5 3.7748840355624265e-05
241.5 5.1338422883648985e-05
242.5 5.4358330112098935e-05
243.5 4.227870119829917e-05
244.5 5.737823734054888e-05
245.5 4.680856204097408e-05
246.5 5.133842288364899e-05
247.5 5.737823734054886e-05
248.5 4.680856204097409e-05
249.5 6.341805179744874e-05
250.5 7.247777348279855e-05
251.5 7.247777348279857e-05
252.5 7.398772709702353e-05
253.5 8.606735601082325e-05
254.5 0.00011626642829532263
255.5 0.00013136596443757243
256.5 0.0001328759180517974
257.5 0.00014948540780827208
258.5 0.00020384373792037112
259.5 0.0002053536915345961
260.5 0.0002385726710475455
261.5 0.00025216225357557027
262.5 0.0003593689601855433
263.5 0.00040919742945496744
264.5 0.0004831851565519908
265.5 0.0005013045999226906
266.5 0.0006085113065326633
267.5 0.0007368573637417852
268.5 0.000902952261306533
269.5 0.0009588205450328564
270.5 0.001100756184770004
271.5 0.0013559383455740241
272.5 0.0016005508310784691
273.5 0.001955389930421338
274.5 0.002089775802087359
275.5 0.0024974632779281012
276.5 0.002929310011596445
277.5 0.0033264278121376105
278.5 0.0038594414379590257
279.5 0.0043426265945110155
280.5 0.004862050637804407
281.5 0.005579278604561269
282.5 0.005896368863548512
283.5 0.0067600623308851915
284.5 0.007329314843448008
285.5 0.0077158629686896
286.5 0.008221697429454966
287.5 0.008855877947429456
288.5 0.009065761499806731
289.5 0.009567066099729417
290.5 0.009801108909934285
291.5 0.009867546868960183
292.5 0.010106119540007728
293.5 0.01027523434480093
294.5 0.00991737533822961
295.5 0.009932474874371858
296.5 0.009603304986470815
297.5 0.009191087649787405
298.5 0.009058211731735603
299.5 0.008333433996907617
300.5 0.00786383842288365
301.5 0.006974475744105142
302.5 0.006788751449555467
303.5 0.005894858909934286
304.5 0.005210849922690374
305.5 0.004596298801700812
306.5 0.003986277541553923
307.5 0.0034879928488596823
308.5 0.0030183972748357166
309.5 0.0026680880363355226
310.5 0.002189432740626208
311.5 0.0018708325280247394
312.5 0.001547702454580596
313.5 0.0013061098763045998
314.5 0.00105394762272903
315.5 0.0008833228643216076
316.5 0.0006900488017008116
317.5 0.0005556629300347895
318.5 0.000424296965597217
319.5 0.0003427594704290687
320.5 0.00024159257827599556
321.5 0.00019327406262079636
322.5 0.00016005508310784687
323.5 0.00015854512949362194
324.5 9.210717046772315e-05
325.5 8.153749516814836e-05
326.5 6.039814456899881e-05
327.5 4.07687475840742e-05
328.5 3.17090258987244e-05
329.5 1.6609489756474684e-05
330.5 2.264930421337457e-05
331.5 1.8119443370699655e-05
332.5 1.8119443370699655e-05
333.5 9.059721685349826e-06
334.5 7.549768071124854e-06
335.5 3.019907228449942e-06
336.5 9.059721685349826e-06
337.5 1.509953614224971e-06
338.5 1.509953614224971e-06
339.5 0.0
340.5 1.509953614224971e-06
341.5 0.0
342.5 0.0
343.5 0.0
344.5 1.509953614224971e-06
345.5 0.0
346.5 0.0
347.5 0.0
348.5 0.0
349.5 0.0
350.5 0.0
351.5 0.0
352.5 0.0
353.5 0.0
354.5 0.0
355.5 0.0
356.5 0.0
357.5 0.0
358.5 0.0
359.5 1.509953614224971e-06
