0.5 0.030706416698879017
1.5 0.03038177667182065
2.5 0.03027909982605334
3.5 0.029730986664089687
4.5 0.029516573250869736
5.5 0.028409777251642832
6.5 0.027869213857750305
7.5 0.02698891090065713
8.5 0.025942513045999226
9.5 0.02488252560881329
10.5 0.023959943950521843
11.5 0.022543607460378822
12.5 0.021261656841901812
13.5 0.019596178005411677
14.5 0.01819796095863935
15.5 0.01665629831851564
16.5 0.014933441244684964
17.5 0.013468786238886733
18.5 0.011671941437959021
19.5 0.01019671675686123
20.5 0.00884530827212988
21.5 0.0071798294356397365
22.5 0.006038304503285659
23.5 0.004892249710088905
24.5 0.004049695593351371
25.5 0.003121074120603015
26.5 0.002381196849632779
27.5 0.0017319167955160415
28.5 0.0011807837263239271
29.5 0.0009784499420177812
30.5 0.0006326705643602626
31.5 0.00044241640896791666
32.5 0.00029897081561654443
33.5 0.00022800299574797086
34.5 0.00012683610359489752
35.5 8.757730962504826e-05
36.5 6.03981445689988e-05
37.5 1.5099536142249712e-05
38.5 1.9629396984924623e-05
39.5 1.0569675299574797e-05
40.5 6.039814456899884e-06
41.5 6.039814456899884e-06
42.5 1.509953614224971e-06
43.5 1.509953614224971e-06
44.5 1.509953614224971e-06
45.5 0.0
46.5 0.0
47.5 0.0
48.5 0.0
49.5 0.0
50.5 0.0
51.5 0.0
52.5 0.0
53.5 0.0
54.5 0.0
55.5 0.0
56.5 0.0
57.5 0.0
58.5 0.0
59.5 0.0
60.5 0.0
61.5 0.0
62.5 0.0
63.5 0.0
64.5 0.0
65.5 0.0
66.5 0.0
67.5 0.0
68.5 0.0
69.5 0.0
70.5 0.0
71.5 0.0
72.5 0.0
73.5 0.0
74.5 0.0
75.5 0.0
76.5 0.0
77.5 0.0
78.5 0.0
79.5 0.0
80.5 0.0
81.5 0.0
82.5 0.0
83.5 0.0
84.5 0.0
85.5 0.0
86.5 0.0
87.5 0.0
88.5 0.0
89.5 0.0
90.5 0.0
91.5 0.0
92.5 0.0
93.5 0.0
94.5 0.0
95.5 0.0
96.5 0.0
97.5 0.0
98.5 0.0
99.5 0.0
100.5 0.0
101.5 0.0
102.5 0.0
103.5 0.0
104.5 0.0
105.5 0.0
106.5 0.0
107.5 0.0
108.5 0.0
109.5 0.0
110.5 0.0
111.5 0.0
112.5 0.0
113.5 0.0
114.5 0.0
115.5 0.0
116.5 0.0
117.5 0.0
118.5 0.0
119.5 0.0
120.5 0.0
121.5 0.0
122.5 0.0
123.5 0.0
124.5 0.0
125.5 0.0
126.5 0.0
127.5 0.0
128.5 0.0
129.5 0.0
130.5 0.0
131.5 0.0
132.5 0.0
133.5 0.0
134.5 0.0
135.5 0.0
136.5 0.0
137.5 0.0
138.5 0.0
139.5 0.0
140.5 0.0
141.5 0.0
142.5 0.0
143.5 0.0
144.5 0.0
145.5 0.0
146.5 0.0
147.5 0.0
148.5 0.0
149.5 0.0
150.5 0.0
151.5 0.0
152.5 0.0
153.5 0.0
154.5 0.0
155.5 0.0
156.5 0.0
157.5 0.0
158.5 0.0
159.5 0.0
160.5 0.0
161.5 0.0
162.5 0.0
163.5 0.0
164.5 0.0
165.5 0.0
166.5 0.0
167.5 0.0
168.5 0.0
169.5 0.0
170.5 0.0
171.5 0.0
172.5 0.0
173.5 0.0
174.5 0.0
175.5 0.0
176.5 0.0
177.5 0.0
178.5 0.0
179.5 0.0
180.5 0.0
181.5 0.0
182.5 0.0
183.5 0.0
184.5 0.0
185.5 0.0
186.5 0.0
187.5 0.0
188.5 0.0
189.5 0.0
190.5 0.0
191.5 0.0
192.5 0.0
193.5 0.0
194.5 0.0
195.5 0.0
196.5 0.0
197.5 0.0
198.5 0.0
199.5 0.0
200.5 0.0
201.5 0.0
202.5 0.0
203.5 0.0
204.5 0.0
205.5 0.0
206.5 0.0
207.5 0.0
208.5 0.0
209.5 0.0
210.5 0.0
211.5 0.0
212.5 0.0
213.5 0.0
214.5 0.0
215.5 0.0
216.5 0.0
217.5 0.0
218.5 0.0
219.5 0.0
220.5 0.0
221.5 0.0
222.5 0.0
223.5 0.0
224.5 0.0
225.5 0.0
226.5 0.0
227.5 0.0
228.5 0.0
229.5 0.0
230.5 0.0
231.5 0.0
232.5 0.0
233.5 0.0
234.5 0.0
235.5 0.0
236.5 0.0
237.5 0.0
238.5 0.0
239.5 0.0
240.5 0.0
241.5 0.0
242.5 0.0
243.5 0.0
244.5 0.0
245.5 0.0
246.5 0.0
247.5 0.0
248.5 0.0
249.5 0.0
250.5 0.0
251.5 0.0
252.5 0.0
253.5 0.0
254.5 0.0
255.5 0.0
256.5 0.0
257.5 0.0
258.5 0.0
259.5 0.0
260.5 0.0
261.5 0.0
262.5 0.0
263.5 0.0
264.5 0.0
265.5 0.0
266.5 0.0
267.5 0.0
268.5 0.0
269.5 0.0
270.5 0.0
271.5 0.0
272.5 0.0
273.5 0.0
274.5 0.0
275.5 0.0
276.5 0.0
277.5 0.0
278.5 0.0
279.5 0.0
280.5 0.0
281.5 0.0
282.5 0.0
283.5 0.0
284.5 0.0
285.5 0.0
286.5 0.0
287.5 0.0
288.5 0.0
289.5 0.0
290.5 0.0
291.5 0.0
292.5 0.0
293.5 0.0
294.5 0.0
295.5 0.0
296.5 0.0
297.5 0.0
298.5 0.0
299.5 0.0
300.5 0.0
301.5 0.0
302.5 0.0
303.5 0.0
304.5 0.0
305.5 0.0
306.5 0.0
307.5 0.0
308.5 0.0
309.5 0.0
310.5 0.0
311.5 0.0
312.5 0.0
313.5 0.0
314.5 0.0
315.5 1.509953614224971e-06
316.5 0.0
317.5 0.0
318.5 6.039814456899884e-06
319.5 6.039814456899884e-06
320.5 1.5099536142249712e-05
321.5 2.11393505991496e-05
322.5 3.0199072284499428e-05
323.5 4.529860842674911e-05
324.5 9.965693853884802e-05
325.5 0.00013891573250869723
326.5 0.0001827043873212216
327.5 0.00029293100115964466
328.5 0.00046053585233861644
329.5 0.0007142080595284115
330.5 0.0009240916119056817
331.5 0.0012834605720912252
332.5 0.001756076053343641
333.5 0.0022392612098956315
334.5 0.003127113935059915
335.5 0.0038413219945883253
336.5 0.005179140896791652
337.5 0.005953747100889065
338.5 0.007438031503672203
339.5 0.008618815229996133
340.5 0.010226915829145729
341.5 0.011650802087359871
342.5 0.01350351517201392
343.5 0.015368307885581748
344.5 0.016691027251642836
345.5 0.018439553536915343
346.5 0.01963241689215307
347.5 0.021349234151526866
348.5 0.022563236857363743
349.5 0.023981083301120996
350.5 0.024894605237727102
351.5 0.026196185253189043
352.5 0.027235033339775817
353.5 0.02764574072284501
354.5 0.02863778024739081
355.5 0.029308199652106705
356.5 0.02931876932740627
357.5 0.030425565326633163
358.5 0.030546361615771175
359.5 0.03047841370313104
