0.5 0.0
1.5 0.0
2.5 0.0
3.5 0.0
4.5 1.509953614224971e-06
5.5 0.0
6.5 0.0
7.5 0.0
8.5 0.0
9.5 0.0
10.5 0.0
11.5 0.0
12.5 1.509953614224971e-06
13.5 0.0
14.5 1.509953614224971e-06
15.5 0.0
16.5 1.509953614224971e-06
17.5 0.0
18.5 0.0
19.5 0.0
20.5 0.0
21.5 0.0
22.5 1.509953614224971e-06
23.5 1.509953614224971e-06
24.5 3.019907228449942e-06
25.5 0.0
26.5 1.509953614224971e-06
27.5 1.509953614224971e-06
28.5 4.529860842674913e-06
29.5 1.509953614224971e-06
30.5 0.0
31.5 9.059721685349826e-06
32.5 3.019907228449942e-06
33.5 0.0
34.5 1.509953614224971e-06
35.5 4.529860842674913e-06
36.5 4.529860842674913e-06
37.5 3.019907228449942e-06
38.5 9.059721685349826e-06
39.5 0.0
40.5 3.019907228449942e-06
41.5 3.019907228449942e-06
42.5 9.059721685349826e-06
43.5 3.019907228449942e-06
44.5 4.529860842674913e-06
45.5 4.529860842674913e-06
46.5 4.529860842674913e-06
47.5 0.0
48.5 9.059721685349826e-06
49.5 7.549768071124854e-06
50.5 1.6609489756474684e-05
51.5 1.5099536142249712e-05
52.5 2.264930421337457e-05
53.5 2.7179165056049485e-05
54.5 3.17090258987244e-05
55.5 3.7748840355624265e-05
56.5 4.227870119829917e-05
57.5 4.680856204097408e-05
58.5 4.831851565519906e-05
59.5 6.94578662543486e-05
60.5 6.341805179744874e-05
61.5 9.059721685349818e-05
62.5 8.455740239659831e-05
63.5 0.00011173656745264774
64.5 0.00013287591805179736
65.5 0.00019025415539234631
66.5 0.00021743332044839588
67.5 0.00027179165056049503
68.5 0.00030652058368766934
69.5 0.0003231300734441438
70.5 0.000427316872825667
71.5 0.0004816752029377659
72.5 0.0006039814456899882
73.5 0.0006538099149594124
74.5 0.0007579967143409352
75.5 0.0009044622149207578
76.5 0.000990529570931581
77.5 0.0011279353498260534
78.5 0.001271380943177426
79.5 0.0014978739853111708
80.5 0.0016609489756474677
81.5 0.0017757054503285664
82.5 0.0019523700231928872
83.5 0.002218121859296483
84.5 0.0023872366640896796
85.5 0.002539741979126401
86.5 0.0028507924236567447
87.5 0.0028960910320834964
88.5 0.0032584798994974877
89.5 0.003503092385001933
90.5 0.0037945134325473515
91.5 0.004063285175879398
92.5 0.004300347893312718
93.5 0.004517781213761111
94.5 0.004836381426362581
95.5 0.005120252705836875
96.5 0.005379964727483573
97.5 0.005638166795516043
98.5 0.005817851275608814
99.5 0.006341805179744878
100.5 0.006799321124855042
101.5 0.006957866254348663
102.5 0.007187379203710857
103.5 0.007302135678391957
104.5 0.007656974777734826
105.5 0.008146199748743714
106.5 0.008005774062620792
107.5 0.00822320738306919
108.5 0.008307764785465792
109.5 0.008357593254735212
110.5 0.008333433996907617
111.5 0.008523688152299959
112.5 0.008549357363741784
113.5 0.008597675879396985
114.5 0.008508588616157713
115.5 0.00855690713181291
116.5 0.008481409451101658
117.5 0.008446680517974486
118.5 0.008250386548125243
119.5 0.008383262466177039
120.5 0.008337963857750293
121.5 0.00807070206803247
122.5 0.008022383552377272
123.5 0.008084291650560491
124.5 0.00804654281020487
125.5 0.007984634712021647
126.5 0.007913666892153072
127.5 0.007740022226517197
128.5 0.007614696076536532
129.5 0.007746062040974104
130.5 0.00767207431387708
131.5 0.007551278024739082
132.5 0.007344414379590258
133.5 0.00734139447236181
134.5 0.007264386838036334
135.5 0.007042423656745269
136.5 0.006969945883262467
137.5 0.006488270680324702
138.5 0.006621146598376496
139.5 0.006258757730962506
140.5 0.00586012997680711
141.5 0.0057332938732122165
142.5 0.00551586055276382
143.5 0.005281817742558951
144.5 0.0050372052570544995
145.5 0.004789572864321608
146.5 0.00442265413606494
147.5 0.004185591418631619
148.5 0.004007416892153072
149.5 0.0037326053343641297
150.5 0.0035287615964437555
151.5 0.003300758600695787
152.5 0.0030938949555469656
153.5 0.0027541553923463476
154.5 0.002686207479706223
155.5 0.0024808537881716285
156.5 0.002301169308078856
157.5 0.002186412833397758
158.5 0.002055046868960185
159.5 0.0018013746617703908
160.5 0.0018270438732122143
161.5 0.0016956779087746424
162.5 0.0017122873985311174
163.5 0.0015099536142249704
164.5 0.00152505315036722
165.5 0.0013921772323154235
166.5 0.0013710378817162736
167.5 0.0012532614998067258
168.5 0.0012426918245071507
169.5 0.0012472216853498255
170.5 0.0011641742365674532
171.5 0.0010932064166988785
172.5 0.001147564746810978
173.5 0.001133975164282953
174.5 0.0010841466950135294
175.5 0.001031298318515655
176.5 0.0010388480865867803
177.5 0.0010358281793583304
178.5 0.0010811267877850793
179.5 0.0009769399884035559
180.5 0.0010630073444143798
181.5 0.0010237485504445303
182.5 0.0009905295709315806
183.5 0.0010494177618863552
184.5 0.0011022661383842285
185.5 0.0010675372052570545
186.5 0.0010977362775415544
187.5 0.0011445448395825278
188.5 0.0011113258600695785
189.5 0.0011551145148821027
190.5 0.0012109827986084266
191.5 0.0012004131233088523
192.5 0.0012442017781213758
193.5 0.0013710378817162736
194.5 0.0013514084847313496
195.5 0.0013423487630459994
196.5 0.0016156503672207182
197.5 0.001606590645535369
198.5 0.0016896380943177429
199.5 0.0017802353111712405
200.5 0.002014278121376112
201.5 0.0021139350599149597
202.5 0.002252850792423657
203.5 0.0022815399110939307
204.5 0.0026001401236953993
205.5 0.0027828445110166197
206.5 0.0029821583880943166
207.5 0.003099934770003864
208.5 0.003397395632006184
209.5 0.003565000483185158
210.5 0.0038971902783146483
211.5 0.004120663413219946
212.5 0.004271658774642442
213.5 0.004523821028218014
214.5 0.004727664766138385
215.5 0.0049632175299574805
216.5 0.005437342964824123
217.5 0.005526430228063396
218.5 0.005758963084654038
219.5 0.005967336683417085
220.5 0.006213459122535758
221.5 0.006468641283339773
222.5 0.006575847989949747
223.5 0.006963906068805567
224.5 0.007179829435639733
225.5 0.007276466466950128
226.5 0.007474270390413609
227.5 0.00751503913799768
228.5 0.007543728256667956
229.5 0.007827599536142251
230.5 0.007749081948202547
231.5 0.0079030972168535
232.5 0.007836659257827599
233.5 0.00803446318129107
234.5 0.008069192114418243
235.5 0.007907627077696171
236.5 0.008057112485504449
237.5 0.008150729609586392
238.5 0.008372692790877467
239.5 0.008440640703517584
240.5 0.00815374951681484
241.5 0.008286625434866638
242.5 0.008582576343254733
243.5 0.008642974487823732
244.5 0.008588616157711637
245.5 0.008680723328179355
246.5 0.008645994395052184
247.5 0.008591636064940086
248.5 0.008437620796289137
249.5 0.008579556436026281
250.5 0.00879094994201778
251.5 0.008427051120989563
252.5 0.00823377705836877
253.5 0.008076741882489372
254.5 0.007853268747584075
255.5 0.007700763432547348
256.5 0.0076343254735214555
257.5 0.007163219945883259
258.5 0.006903507924236568
259.5 0.006657385485117901
260.5 0.0062527179165056046
261.5 0.005911468399690764
262.5 0.005706114708156167
263.5 0.005426773289524549
264.5 0.0050915635871666
265.5 0.004866580498647078
266.5 0.004523821028218011
267.5 0.004384905295709317
268.5 0.004159922207189796
269.5 0.003845851855431002
270.5 0.003543861132586008
271.5 0.0032977386934673345
272.5 0.003137683610359491
273.5 0.002779824603788172
274.5 0.0026107097989949745
275.5 0.0024113959219172784
276.5 0.002133564456899884
277.5 0.00204447719366061
278.5 0.0018753623888674144
279.5 0.0016971878623888669
280.5 0.001445025608813298
281.5 0.0012864804793196753
282.5 0.001108305952841129
283.5 0.0009829798028604558
284.5 0.0008501038848086588
285.5 0.0007293075956706612
286.5 0.0006613596830305373
287.5 0.0005617027444916893
288.5 0.00048016524932354115
289.5 0.000428826826439892
290.5 0.00036238886741399344
291.5 0.0002748115577889449
292.5 0.00026575183610359516
293.5 0.0001872342481638964
294.5 0.00018874420177812136
295.5 0.00014797545419404715
296.5 0.00011928633552377261
297.5 9.361712408194815e-05
298.5 7.247777348279857e-05
299.5 8.153749516814839e-05
300.5 7.09678198685736e-05
301.5 5.1338422883649e-05
302.5 3.6238886741399304e-05
303.5 4.227870119829919e-05
304.5 3.6238886741399304e-05
305.5 3.321897951294937e-05
306.5 1.8119443370699655e-05
307.5 2.415925782759954e-05
308.5 7.549768071124854e-06
309.5 1.8119443370699655e-05
310.5 7.549768071124854e-06
311.5 1.2079628913799769e-05
312.5 1.9629396984924627e-05
313.5 7.549768071124854e-06
314.5 6.039814456899884e-06
315.5 1.509953614224971e-06
316.5 4.529860842674913e-06
317.5 4.529860842674913e-06
318.5 6.039814456899884e-06
319.5 6.039814456899884e-06
320.5 6.039814456899884e-06
321.5 0.0
322.5 1.509953614224971e-06
323.5 1.509953614224971e-06
324.5 0.0
325.5 6.039814456899884e-06
326.5 0.0
327.5 1.509953614224971e-06
328.5 3.019907228449942e-06
329.5 1.509953614224971e-06
330.5 0.0
331.5 0.0
332.5 0.0
333.5 0.0
334.5 0.0
335.5 0.0
336.5 3.019907228449942e-06
337.5 1.509953614224971e-06
338.5 0.0
339.5 0.0
340.5 0.0
341.5 3.019907228449942e-06
342.5 0.0
343.5 0.0
344.5 0.0
345.5 0.0
346.5 0.0
347.5 0.0
348.5 0.0
349.5 0.0
350.5 0.0
351.5 0.0
352.5 0.0
353.5 1.509953614224971e-06
354.5 0.0
355.5 0.0
356.5 0.0
357.5 0.0
358.5 0.0
359.5 0.0
