0.5 0.0
1.5 0.0
2.5 0.0
3.5 0.0
4.5 0.0
5.5 0.0
6.5 1.509953614224971e-06
7.5 3.019907228449942e-06
8.5 4.529860842674913e-06
9.5 1.509953614224971e-06
10.5 1.509953614224971e-06
11.5 0.0
12.5 3.019907228449942e-06
13.5 4.529860842674913e-06
14.5 7.549768071124854e-06
15.5 6.039814456899884e-06
16.5 3.019907228449942e-06
17.5 6.039814456899884e-06
18.5 1.509953614224971e-06
19.5 1.5099536142249712e-05
20.5 1.358958252802474e-05
21.5 1.0569675299574797e-05
22.5 1.3589582528024739e-05
23.5 1.6609489756474684e-05
24.5 2.11393505991496e-05
25.5 2.11393505991496e-05
26.5 2.8689118670274453e-05
27.5 3.0199072284499424e-05
28.5 3.925879396984923e-05
29.5 6.190809818322378e-05
30.5 6.190809818322379e-05
31.5 7.398772709702352e-05
32.5 8.002754155392342e-05
33.5 0.0001358958252802473
34.5 0.00014797545419404715
35.5 0.00015552522226517203
36.5 0.000208373598763046
37.5 0.0002566921144182452
38.5 0.00027330160417471985
39.5 0.0003805083107846931
40.5 0.00046053585233861633
41.5 0.0005405633938925397
42.5 0.0005707624661770392
43.5 0.000729307595670661
44.5 0.0008410441631233088
45.5 0.0009693902203324316
46.5 0.0011430348859683026
47.5 0.0012049429841515264
48.5 0.001393687185929648
49.5 0.0015628019907228455
50.5 0.00185271308465404
51.5 0.0021033653846153845
52.5 0.002267950328565907
53.5 0.0025155827212988012
54.5 0.0028538123308851945
55.5 0.0029187403362968697
56.5 0.0031784523579435646
57.5 0.003513662060301508
58.5 0.003714485890993429
59.5 0.0038715210668728243
60.5 0.004075364804793197
61.5 0.004233909934286819
62.5 0.004437753672207189
63.5 0.004546470332431391
64.5 0.004714075183610356
65.5 0.004762393699265559
66.5 0.00480618235407808
67.5 0.004815242075763434
68.5 0.004780513142636257
69.5 0.00470199555469656
70.5 0.004765413606494009
71.5 0.004514761306532664
72.5 0.004541940471588712
73.5 0.004351686316196366
74.5 0.004242969655972167
75.5 0.004108583784306147
76.5 0.003777903942790879
77.5 0.0036012393699265573
78.5 0.003314348183223811
79.5 0.003211671337456513
80.5 0.002914210475454193
81.5 0.0026318491495941248
82.5 0.002399316293003479
83.5 0.002328348473134905
84.5 0.002151683900270584
85.5 0.0019614297448782374
86.5 0.0016835982798608425
87.5 0.0016911480479319676
88.5 0.0014722047738693477
89.5 0.0013076198299188245
90.5 0.0011520946076536529
91.5 0.0010690471588712795
92.5 0.0009225816582914575
93.5 0.0008138649980672593
94.5 0.0007564867607267104
95.5 0.0006477701005025125
96.5 0.0006372004252029376
97.5 0.0005088543679938155
98.5 0.00048318515655199095
99.5 0.0004922448782373405
100.5 0.00041221733668341714
101.5 0.00034728933127174373
102.5 0.00033973956320061866
103.5 0.0002884011403169698
104.5 0.0002899110939311947
105.5 0.0002642418824893701
106.5 0.0002551821608040202
107.5 0.0002129034596057209
108.5 0.00017062475840742177
109.5 0.0001857242945496715
110.5 0.0001555252222651719
111.5 0.00018874420177812136
112.5 0.00015099536142249714
113.5 0.00016458494395052187
114.5 0.0001585451294936219
115.5 0.00014344559335137223
116.5 0.00016760485117897178
117.5 0.0001389157325086973
118.5 0.0001464655005798221
119.5 0.00015854512949362191
120.5 0.00014797545419404718
121.5 0.00015250531503672207
122.5 0.00015401526865094705
123.5 0.00012985601082334742
124.5 0.00017968448009277163
125.5 0.00016911480479319687
126.5 0.00015099536142249711
127.5 0.0001872342481638965
128.5 0.00016005508310784692
129.5 0.00019629396984924621
130.5 0.00024159257827599542
131.5 0.00024310253189022046
132.5 0.0002521622535755703
133.5 0.00028840114031696966
134.5 0.0003065205836876694
135.5 0.0003201101662156941
136.5 0.0003910779860842676
137.5 0.0004091974294549673
138.5 0.0004409064553536915
139.5 0.0005571728836490143
140.5 0.0006160610746037883
141.5 0.0007685663896405103
142.5 0.0007881957866254348
143.5 0.0008455740239659839
144.5 0.0010056291070738306
145.5 0.0011203855817549285
146.5 0.0012321221492075764
147.5 0.0015522323154232697
148.5 0.0016292399497487443
149.5 0.0020082383069192113
150.5 0.0021426241785852326
151.5 0.002440085040587553
152.5 0.0028190833977580197
153.5 0.003272069482025513
154.5 0.0034879928488596823
155.5 0.004036106010823347
156.5 0.004472482605334364
157.5 0.004997946463084651
158.5 0.005416203614224969
159.5 0.006137961441824508
160.5 0.007007694723618089
161.5 0.007635835427135681
162.5 0.008307764785465792
163.5 0.009162398531117126
164.5 0.009792049188248934
165.5 0.010744829918824899
166.5 0.011721769907228447
167.5 0.012611132586006957
168.5 0.013263432547352147
169.5 0.013825135291843841
170.5 0.014965150270583686
171.5 0.015896791650560495
172.5 0.016861652010050247
173.5 0.017154583011209888
174.5 0.017681556822574412
175.5 0.018335366737533814
176.5 0.01859507875918052
177.5 0.01894387804406649
178.5 0.019270028024739077
179.5 0.01921717964824121
180.5 0.019544839582528017
181.5 0.019227749323540783
182.5 0.019109972941631238
183.5 0.01886687040974101
184.5 0.018338386644762263
185.5 0.018087734344800935
186.5 0.017323697816003097
187.5 0.016694047158871284
188.5 0.01580468448009277
189.5 0.014862473424816398
190.5 0.014261511886354845
191.5 0.013512574893699262
192.5 0.012303102048705062
193.5 0.011573794453034409
194.5 0.010856566486277539
195.5 0.010190676942404333
196.5 0.009378321897951297
197.5 0.008372692790877469
198.5 0.007632815519907229
199.5 0.006927667182064166
200.5 0.006302546385775026
201.5 0.005651756378044068
202.5 0.0052636982991882495
203.5 0.004587239080015461
204.5 0.003930409257827599
205.5 0.0036933465403942785
206.5 0.003139193563973714
207.5 0.0027601952068032464
208.5 0.0024853836490143027
209.5 0.002209062137611132
210.5 0.001967469559335137
211.5 0.0017711755894858907
212.5 0.0015054237533822954
213.5 0.0013393288558175493
214.5 0.001140014978739853
215.5 0.0010222385968303056
216.5 0.000937681194433707
217.5 0.0007489369926555858
218.5 0.0006930687089292615
219.5 0.0006039814456899882
220.5 0.0005164041360649401
221.5 0.0004318467336683416
222.5 0.0004152372439118672
223.5 0.0003729585427135682
224.5 0.0003593689601855432
225.5 0.00029897081561654454
226.5 0.0002778314650173949
227.5 0.00025971202164669507
228.5 0.0002461224391186703
229.5 0.0002174333204483958
230.5 0.00018572429454967153
231.5 0.0001600550831078469
232.5 0.00019025415539234645
233.5 0.00018119443370699653
234.5 0.00015552522226517203
235.5 0.00016911480479319681
236.5 0.0001676048511789718
237.5 0.00013740577889447228
238.5 0.0001268361035948975
239.5 0.00015401526865094705
240.5 0.0001313659644375724
241.5 0.0001479754541940472
242.5 0.0001630749903362969
243.5 0.00016911480479319681
244.5 0.00012381619636644752
245.5 0.0001434455933513722
246.5 0.00017515461925009674
247.5 0.0001525053150367221
248.5 0.00020535369153459616
249.5 0.00019176410900657143
250.5 0.00015099536142249706
251.5 0.0002249830885195208
252.5 0.0002053536915345961
253.5 0.0002657518361035951
254.5 0.00023253285659064567
255.5 0.0002748115577889449
256.5 0.00029746086200231956
257.5 0.0003140703517587943
258.5 0.0003563490529570935
259.5 0.0004076874758407425
260.5 0.00047714534209509097
261.5 0.000483185156551991
262.5 0.0005420733475067648
263.5 0.0006311606107460378
264.5 0.0006855189408581366
265.5 0.000806315229996134
266.5 0.0008319844414379589
267.5 0.0009044622149207575
268.5 0.0010403580402010048
269.5 0.001192863355237727
270.5 0.0012879904329339013
271.5 0.0014012369540007728
272.5 0.0015643119443370698
273.5 0.0016835982798608425
274.5 0.002002198492462311
275.5 0.0021426241785852344
276.5 0.0023223086586780053
277.5 0.002480853788171629
278.5 0.002751135485117897
279.5 0.003050106300734441
280.5 0.0032645197139543882
281.5 0.0034698734054889827
282.5 0.003729585427135677
283.5 0.004058755315036722
284.5 0.004143312717433321
285.5 0.004258069192114415
286.5 0.004593278894472359
287.5 0.004665756667955159
288.5 0.004701995554696559
289.5 0.004757863838422884
290.5 0.004889229802860457
291.5 0.004996436509470429
292.5 0.0049964365094704285
293.5 0.004960197622729028
294.5 0.004886209895632005
295.5 0.0048892298028604545
296.5 0.004692935833011208
297.5 0.004608378430614611
298.5 0.0044483233475067635
299.5 0.004378865481252416
300.5 0.004072344897564745
301.5 0.0038896405102435243
302.5 0.003696366447622729
303.5 0.003161842868187088
304.5 0.0031648627754155396
305.5 0.0030289669501352913
306.5 0.00258504058755315
307.5 0.0024204556436026284
308.5 0.002310229029764205
309.5 0.001899521646695014
310.5 0.0016745385581754923
311.5 0.0015748816196366447
312.5 0.001407276768457673
313.5 0.0011203855817549292
314.5 0.0010237485504445297
315.5 0.0009271115191341319
316.5 0.0008214147661383841
317.5 0.0006311606107460378
318.5 0.0005375434866640899
319.5 0.0004439263625821416
320.5 0.00038805807885581764
321.5 0.00029293100115964466
322.5 0.0002672617897178199
323.5 0.00020686364514882117
324.5 0.00018270438732122154
325.5 0.00014495554696559721
326.5 0.00012079628913799756
327.5 9.210717046772318e-05
328.5 7.247777348279854e-05
329.5 6.341805179744874e-05
330.5 4.982846926942403e-05
331.5 4.076874758407421e-05
332.5 3.0199072284499428e-05
333.5 3.4728933127174336e-05
334.5 2.11393505991496e-05
335.5 1.9629396984924627e-05
336.5 1.6609489756474684e-05
337.5 1.0569675299574797e-05
338.5 1.358958252802474e-05
339.5 1.6609489756474684e-05
340.5 6.039814456899884e-06
341.5 3.019907228449942e-06
342.5 1.509953614224971e-06
343.5 3.019907228449942e-06
344.5 4.529860842674913e-06
345.5 1.509953614224971e-06
346.5 4.529860842674913e-06
347.5 3.019907228449942e-06
348.5 6.039814456899884e-06
349.5 0.0
350.5 3.019907228449942e-06
351.5 0.0
352.5 4.529860842674913e-06
353.5 3.019907228449942e-06
354.5 0.0
355.5 1.509953614224971e-06
356.5 1.509953614224971e-06
357.5 0.0
358.5 1.509953614224971e-06
359.5 0.0
