0.5 0.0
1.5 1.509953614224971e-06
2.5 0.0
3.5 0.0
4.5 0.0
5.5 0.0
6.5 0.0
7.5 1.509953614224971e-06
8.5 0.0
9.5 1.509953614224971e-06
10.5 1.509953614224971e-06
11.5 1.509953614224971e-06
12.5 3.019907228449942e-06
13.5 0.0
14.5 1.509953614224971e-06
15.5 1.509953614224971e-06
16.5 0.0
17.5 1.509953614224971e-06
18.5 0.0
19.5 0.0
20.5 1.509953614224971e-06
21.5 1.509953614224971e-06
22.5 0.0
23.5 0.0
24.5 1.509953614224971e-06
25.5 1.509953614224971e-06
26.5 1.509953614224971e-06
27.5 0.0
28.5 3.019907228449942e-06
29.5 1.509953614224971e-06
30.5 0.0
31.5 1.509953614224971e-06
32.5 1.509953614224971e-06
33.5 0.0
34.5 4.529860842674913e-06
35.5 3.019907228449942e-06
36.5 3.019907228449942e-06
37.5 4.529860842674913e-06
38.5 7.549768071124854e-06
39.5 1.509953614224971e-06
40.5 6.039814456899884e-06
41.5 4.529860842674913e-06
42.5 3.019907228449942e-06
43.5 3.019907228449942e-06
44.5 6.039814456899884e-06
45.5 9.059721685349826e-06
46.5 4.529860842674913e-06
47.5 1.5099536142249712e-05
48.5 7.549768071124854e-06
49.5 1.5099536142249712e-05
50.5 1.9629396984924627e-05
51.5 2.11393505991496e-05
52.5 1.9629396984924627e-05
53.5 1.8119443370699655e-05
54.5 1.9629396984924623e-05
55.5 2.415925782759954e-05
56.5 2.264930421337457e-05
57.5 3.0199072284499428e-05
58.5 6.190809818322378e-05
59.5 6.341805179744876e-05
60.5 7.398772709702351e-05
61.5 0.00010267684576729794
62.5 9.512707769617309e-05
63.5 0.00012985601082334748
64.5 0.00013589582528024738
65.5 0.0001796844800927715
66.5 0.00022045322767684592
67.5 0.0002461224391186704
68.5 0.0003125603981445693
69.5 0.0003518191921144184
70.5 0.00044241640896791677
71.5 0.0005224439505218401
72.5 0.0005420733475067646
73.5 0.0006734393119443372
74.5 0.0007262876884422111
75.5 0.000887852725164283
76.5 0.00101468882875918
77.5 0.0011943733088519524
78.5 0.0013800976034016236
79.5 0.0015024038461538458
80.5 0.0015945110166215688
81.5 0.0017923149400850419
82.5 0.002144134132199459
83.5 0.0021667834364128336
84.5 0.0024476348086586784
85.5 0.00266355817549285
86.5 0.0028251232122149215
87.5 0.0030501063007344407
88.5 0.0032932088326246612
89.5 0.0035921796482412047
90.5 0.003916819675299575
91.5 0.004212770583687668
92.5 0.00437433562040974
93.5 0.004682366157711636
94.5 0.004738234441437958
95.5 0.0051398821028218016
96.5 0.00530748695400077
97.5 0.00574688345574024
98.5 0.0059869660804020095
99.5 0.006088132972555082
100.5 0.006519979706223422
101.5 0.006808380846540393
102.5 0.007157180131426363
103.5 0.007453131039814456
104.5 0.007653954870506376
105.5 0.00783363935059915
106.5 0.007987654619250098
107.5 0.008164319192114416
108.5 0.008439130749903363
109.5 0.008125060398144568
110.5 0.008473859683030537
111.5 0.008606735601082336
112.5 0.008478389543873217
113.5 0.00867468351372246
114.5 0.008442150657131817
115.5 0.008439130749903365
116.5 0.00856596685349826
117.5 0.008635424719752606
118.5 0.008436110842674911
119.5 0.008384772419791268
120.5 0.008417991399304211
121.5 0.008303234924623117
122.5 0.008140159934286817
123.5 0.008223207383069192
124.5 0.007989164572864318
125.5 0.008131100212601468
126.5 0.00800426410900657
127.5 0.008171868960185543
128.5 0.007789850695786621
129.5 0.007756631716273673
130.5 0.0077430421337456486
131.5 0.007697743525318899
132.5 0.007569397468109777
133.5 0.007543728256667954
134.5 0.007472760436799381
135.5 0.007161709992269035
136.5 0.006865759083880939
137.5 0.006743452841128722
138.5 0.006569808175492845
139.5 0.006370494298415153
140.5 0.006032264688828759
141.5 0.005977906358716659
142.5 0.005559649207576341
143.5 0.005395064263625819
144.5 0.004922448782373408
145.5 0.004720114998067258
146.5 0.004603848569771937
147.5 0.004229380073444145
148.5 0.0042293800734441445
149.5 0.0036873067259373775
150.5 0.003737135195206801
151.5 0.003441184286818708
152.5 0.0031361736567452627
153.5 0.00291572042906842
154.5 0.0026484586393505996
155.5 0.002569941051410901
156.5 0.0023479778701198293
157.5 0.0022619105141090073
158.5 0.00206863645148821
159.5 0.0019976686316196366
160.5 0.0018889519713954387
161.5 0.001727386934673367
162.5 0.001691148047931967
163.5 0.00155223231542327
164.5 0.0015099536142249715
165.5 0.0014465355624275218
166.5 0.0013800976034016239
167.5 0.0012457117317356016
168.5 0.00129101034016235
169.5 0.0012593013142636255
170.5 0.0012653411287205248
171.5 0.0011113258600695787
172.5 0.0010328082721298797
173.5 0.00103582817935833
174.5 0.0010584774835717043
175.5 0.0010177087359876308
176.5 0.0010705571124855042
177.5 0.0010282784112872051
178.5 0.0009995892926169306
179.5 0.0010343182257441053
180.5 0.001130955257054503
181.5 0.0011430348859683026
182.5 0.001055457576343255
183.5 0.0010509277155005795
184.5 0.001005629107073831
185.5 0.0011188756281407036
186.5 0.0010856566486277539
187.5 0.0011913534016235025
188.5 0.0011596443757247777
189.5 0.0011838036335523774
190.5 0.0012351420564360265
191.5 0.0012683610359489758
192.5 0.0013619781600309239
193.5 0.0014102966756861228
194.5 0.0013816075570158488
195.5 0.0015008938925396209
196.5 0.0016156503672207186
197.5 0.0016367897178198683
198.5 0.0018361035948975645
199.5 0.001949350115964438
200.5 0.001975019327406262
201.5 0.0020505170081175114
202.5 0.0022890896791650573
203.5 0.002313248936992656
204.5 0.0026877174333204477
205.5 0.002725466273676074
206.5 0.002903640800154619
207.5 0.003010847506764592
208.5 0.003418534982605332
209.5 0.0036616375144955544
210.5 0.003883600695786625
211.5 0.004123683320448397
212.5 0.004371315713181291
213.5 0.004563079822187864
214.5 0.0047050154619250086
215.5 0.005139882102821801
216.5 0.005339195979899497
217.5 0.0057076246617703925
218.5 0.0057936920177812145
219.5 0.006060953807499033
220.5 0.006393143602628528
221.5 0.006550178778507926
222.5 0.006835560011596448
223.5 0.007018264398917666
224.5 0.007093762079628915
225.5 0.007377633359103204
226.5 0.007531648627754157
227.5 0.007795890510243524
228.5 0.007791360649400849
229.5 0.0076252657518361
230.5 0.007709823154232699
231.5 0.007800420371086198
232.5 0.007804950231928873
233.5 0.0079695351758794
234.5 0.007877428005411675
235.5 0.008141669887901047
236.5 0.007916686799381524
237.5 0.008132610166215696
238.5 0.008028423366834167
239.5 0.008399871955933513
240.5 0.008380242558948588
241.5 0.008259446269810594
242.5 0.00841950135291844
243.5 0.00843007102821801
244.5 0.008294175202937765
245.5 0.008464799961345186
246.5 0.008408931677618862
247.5 0.008404401816776185
248.5 0.008245856687282569
249.5 0.008437620796289139
250.5 0.008035973134905295
251.5 0.008217167568612294
252.5 0.007981614804793194
253.5 0.00786534837649787
254.5 0.007551278024739081
255.5 0.007339884518747582
256.5 0.00721153846153846
257.5 0.007018264398917666
258.5 0.006717783629686894
259.5 0.00647921095863935
260.5 0.006119841998453809
261.5 0.005879759373792036
262.5 0.005533979996134518
263.5 0.005336176072671047
264.5 0.004754843931194434
265.5 0.004665756667955159
266.5 0.00441661432160804
267.5 0.00431242752222652
268.5 0.003873031020487051
269.5 0.0036616375144955526
270.5 0.0033234079049091606
271.5 0.0032131812910707385
272.5 0.0029957479706223407
273.5 0.0027768046965597226
274.5 0.0025080329532276772
275.5 0.0023751570351758793
276.5 0.0021939626014688828
277.5 0.0018980116930807887
278.5 0.0017319167955160406
279.5 0.0015960209702357935
280.5 0.0014087867220718981
281.5 0.0012623212214920754
282.5 0.001081126787785079
283.5 0.000992039524545806
284.5 0.0008727531890220336
285.5 0.0008017853691534595
286.5 0.0006870288944723616
287.5 0.0005692525125628144
288.5 0.0005194240432933901
289.5 0.0003986277541553925
290.5 0.0003593689601855433
291.5 0.0003125603981445692
292.5 0.00022196318129107082
293.5 0.00020686364514882109
294.5 0.0001645849439505219
295.5 0.0001509953614224971
296.5 0.00011777638190954764
297.5 9.814698492462301e-05
298.5 9.059721685349817e-05
299.5 6.341805179744876e-05
300.5 5.737823734054887e-05
301.5 4.680856204097409e-05
302.5 5.7378237340548865e-05
303.5 2.11393505991496e-05
304.5 3.4728933127174336e-05
305.5 2.5669211441824513e-05
306.5 2.11393505991496e-05
307.5 1.6609489756474684e-05
308.5 1.2079628913799769e-05
309.5 1.358958252802474e-05
310.5 1.5099536142249712e-05
311.5 9.059721685349826e-06
312.5 1.509953614224971e-05
313.5 6.039814456899884e-06
314.5 6.039814456899884e-06
315.5 4.529860842674913e-06
316.5 7.549768071124854e-06
317.5 4.529860842674913e-06
318.5 1.0569675299574797e-05
319.5 3.019907228449942e-06
320.5 3.019907228449942e-06
321.5 1.509953614224971e-06
322.5 3.019907228449942e-06
323.5 6.039814456899884e-06
324.5 3.019907228449942e-06
325.5 1.509953614224971e-06
326.5 3.019907228449942e-06
327.5 7.549768071124854e-06
328.5 3.019907228449942e-06
329.5 1.509953614224971e-06
330.5 1.509953614224971e-06
331.5 1.509953614224971e-06
332.5 0.0
333.5 1.509953614224971e-06
334.5 3.019907228449942e-06
335.5 0.0
336.5 3.019907228449942e-06
337.5 1.509953614224971e-06
338.5 0.0
339.5 0.0
340.5 1.509953614224971e-06
341.5 4.529860842674913e-06
342.5 1.509953614224971e-06
343.5 0.0
344.5 1.509953614224971e-06
345.5 0.0
346.5 0.0
347.5 3.019907228449942e-06
348.5 0.0
349.5 1.509953614224971e-06
350.5 0.0
351.5 1.509953614224971e-06
352.5 0.0
353.5 0.0
354.5 0.0
355.5 0.0
356.5 1.509953614224971e-06
357.5 0.0
358.5 1.509953614224971e-06
359.5 0.0
