0.5 0.0
1.5 1.509953614224971e-06
2.5 3.019907228449942e-06
3.5 0.0
4.5 0.0
5.5 1.509953614224971e-06
6.5 1.509953614224971e-06
7.5 0.0
8.5 1.509953614224971e-06
9.5 1.509953614224971e-06
10.5 0.0
11.5 3.019907228449942e-06
12.5 1.509953614224971e-06
13.5 6.039814456899884e-06
14.5 1.509953614224971e-06
15.5 3.019907228449942e-06
16.5 7.549768071124854e-06
17.5 7.549768071124854e-06
18.5 6.039814456899884e-06
19.5 3.019907228449942e-06
20.5 9.059721685349826e-06
21.5 1.2079628913799769e-05
22.5 1.358958252802474e-05
23.5 1.0569675299574797e-05
24.5 1.8119443370699652e-05
25.5 1.6609489756474684e-05
26.5 2.264930421337457e-05
27.5 3.925879396984923e-05
28.5 3.774884035562427e-05
29.5 4.5298608426749106e-05
30.5 4.831851565519905e-05
31.5 6.190809818322379e-05
32.5 0.00010569675299574787
33.5 0.0001298560108233474
34.5 0.0001253261499806725
35.5 0.00016307499033629678
36.5 0.00018421434093544658
37.5 0.00024008262466177047
38.5 0.00027330160417471996
39.5 0.0003533291457286436
40.5 0.0004031576149980674
41.5 0.0005148941824507154
42.5 0.0005617027444916892
43.5 0.0006734393119443373
44.5 0.0007444071318129104
45.5 0.0009527807305759568
46.5 0.0010962263239273292
47.5 0.0011943733088519521
48.5 0.001378587649787399
49.5 0.0015401526865094712
50.5 0.0016775584654039428
51.5 0.00208071608040201
52.5 0.002231711441824507
53.5 0.0024974632779281025
54.5 0.002708856783919597
55.5 0.0030153773676072676
56.5 0.0032328106880556633
57.5 0.003412495168148435
58.5 0.003501582431387708
59.5 0.004011946752995747
60.5 0.004010436799381524
61.5 0.004117643505991498
62.5 0.004310917568612293
63.5 0.004330546965597216
64.5 0.004407554599922687
65.5 0.00467783629686896
66.5 0.0046249879203710854
67.5 0.004650657131812909
68.5 0.004498151816776191
69.5 0.004522311074603786
70.5 0.004501171724004636
71.5 0.004427183996907615
72.5 0.004125193274062622
73.5 0.0040949942017781205
74.5 0.003913799768071124
75.5 0.0037159958446076535
76.5 0.0036782470042520305
77.5 0.0032479102241979117
78.5 0.0030727556049478166
79.5 0.002900620892926167
80.5 0.0027390558562040953
81.5 0.002665068129107074
82.5 0.002364587359876306
83.5 0.0021320545032856592
84.5 0.0019599197912640136
85.5 0.001709267491302667
86.5 0.0016171603208349438
87.5 0.0015477024545805956
88.5 0.001307619829918825
89.5 0.0012049429841515264
90.5 0.0011128358136838034
91.5 0.0009829798028604564
92.5 0.0008576536528797837
93.5 0.0007912156938538851
94.5 0.0006628696366447623
95.5 0.0005949217240046386
96.5 0.0006251207962891382
97.5 0.0005028145535369155
98.5 0.0004937548318515659
99.5 0.0004469462698105918
100.5 0.00036087891379976825
101.5 0.0003503092385001935
102.5 0.0003548390993428684
103.5 0.0002672617897178199
104.5 0.0002884011403169695
105.5 0.00024008262466177044
106.5 0.00024310253189022054
107.5 0.0002385726710475455
108.5 0.0001962939698492463
109.5 0.000161565036722072
110.5 0.00018874420177812144
111.5 0.0002008238306919212
112.5 0.00018723424816389649
113.5 0.00016911480479319676
114.5 0.00015552522226517206
115.5 0.00014646550057982217
116.5 0.00012230624275222254
117.5 0.00011475647468109772
118.5 0.0001585451294936219
119.5 0.00016458494395052187
120.5 0.00011324652106687272
121.5 0.00013438587166602232
122.5 0.0001600550831078469
123.5 0.00012834605720912244
124.5 0.000152505315036722
125.5 0.00015250531503672215
126.5 0.00017515461925009674
127.5 0.00015401526865094705
128.5 0.0001947840162350214
129.5 0.00021743332044839588
130.5 0.0002295129493621958
131.5 0.00021894327406262089
132.5 0.00026424188248937
133.5 0.0002808513722458448
134.5 0.0003578590065713183
135.5 0.00037446849632779313
136.5 0.00040466756861229234
137.5 0.0004590258987243913
138.5 0.0004862050637804408
139.5 0.0006085113065326632
140.5 0.0006326705643602627
141.5 0.000711188152299961
142.5 0.0008032953227676849
143.5 0.0010207286432160805
144.5 0.0010343182257441055
145.5 0.0012457117317356012
146.5 0.001343858716660224
147.5 0.0015628019907228444
148.5 0.001819494105141089
149.5 0.0020339075183610357
150.5 0.002273990143022807
151.5 0.0026288292423656745
152.5 0.0029595090838809433
153.5 0.0035242317356010836
154.5 0.0036903266331658304
155.5 0.004119153459605723
156.5 0.0046098883842288375
157.5 0.005272758020873598
158.5 0.005949217240046383
159.5 0.006522999613451873
160.5 0.007311195400077314
161.5 0.008019363645148818
162.5 0.008804539524545806
163.5 0.009536867027444917
164.5 0.010235975550831077
165.5 0.011229525028991107
166.5 0.011954302763819096
167.5 0.012967481638964048
168.5 0.01354126401236954
169.5 0.014501594511016621
170.5 0.015295830112098958
171.5 0.01638450666795516
172.5 0.016944699458832622
173.5 0.017538111229223042
174.5 0.018430493815229997
175.5 0.018646417182064175
176.5 0.01891065906455354
177.5 0.019505580788558175
178.5 0.019877029377657517
179.5 0.019881559238500185
180.5 0.0195856083301121
181.5 0.01960825763432548
182.5 0.01969130508310785
183.5 0.019054104657904906
184.5 0.018841201198299188
185.5 0.018441063490529565
186.5 0.017592469559335137
187.5 0.016897890896791643
188.5 0.01626220042520294
189.5 0.015490614128333973
190.5 0.014488004928488594
191.5 0.013797956126787785
192.5 0.013014290201005026
193.5 0.012235154136064942
194.5 0.01113741785852338
195.5 0.01043528942790877
196.5 0.009665213084654041
197.5 0.008729041843834552
198.5 0.008297195110166213
199.5 0.007137550734441439
200.5 0.006613596830305371
201.5 0.005763492945496716
202.5 0.005244068902203323
203.5 0.004631027734827987
204.5 0.004298837939698493
205.5 0.003743175009663704
206.5 0.0033762562814070355
207.5 0.0029428995941244685
208.5 0.002579000773096251
209.5 0.0022513408388094304
210.5 0.0020127681677618863
211.5 0.0017696656358716658
212.5 0.0015446825473521453
213.5 0.0014918341708542707
214.5 0.001217022613065327
215.5 0.0010358281793583298
216.5 0.0009391911480479323
217.5 0.0007670564360262851
218.5 0.0006447501932740626
219.5 0.0006477701005025123
220.5 0.0005466032083494397
221.5 0.00048469511016621555
222.5 0.0004107073830691924
223.5 0.0003986277541553925
224.5 0.0003336997487437187
225.5 0.0003306798415152687
226.5 0.0003110504445303441
227.5 0.00024763239273289527
228.5 0.00025820206803247014
229.5 0.00022800299574797072
230.5 0.00022196318129107093
231.5 0.00019176410900657124
232.5 0.00018270438732122162
233.5 0.0001509953614224971
234.5 0.00017062475840742177
235.5 0.00015099536142249714
236.5 0.00015854512949362194
237.5 0.00013740577889447225
238.5 0.00012230624275222252
239.5 0.00015401526865094697
240.5 0.00014042568612292227
241.5 0.00013891573250869726
242.5 0.00012230624275222254
243.5 0.000155525222265172
244.5 0.00017666457286432161
245.5 0.0001268361035948975
246.5 0.00013589582528024735
247.5 0.00019478401623502134
248.5 0.0001751546192500967
249.5 0.0001917641090065714
250.5 0.0002053536915345961
251.5 0.0002068636451488212
252.5 0.00021743332044839585
253.5 0.0002597120216466952
254.5 0.00025971202164669523
255.5 0.00025820206803247014
256.5 0.0003291698879010439
257.5 0.0003321897951294938
258.5 0.00035634905295709335
259.5 0.000419767104754542
260.5 0.00041674719752609213
261.5 0.00038050831078469284
262.5 0.0005299937185929647
263.5 0.0006190809818322382
264.5 0.000679479126401237
265.5 0.0007504469462698107
266.5 0.0007957455546965597
267.5 0.0008380242558948586
268.5 0.0009844897564746811
269.5 0.0010720670660997298
270.5 0.0011777638190954768
271.5 0.0012834605720912252
272.5 0.0014510654232701976
273.5 0.001609610552763819
274.5 0.0017741954967143401
275.5 0.0018466732701971401
276.5 0.0020535369153459617
277.5 0.0022996593544646303
278.5 0.002479343834557403
279.5 0.00276472506764592
280.5 0.002938369733281794
281.5 0.0030999347700038623
282.5 0.0032313007344414377
283.5 0.0034668534982605333
284.5 0.0036706972361809057
285.5 0.0039002101855430986
286.5 0.004055735407808272
287.5 0.004175021743332047
288.5 0.004172001836103593
289.5 0.0043894351565519915
290.5 0.004544960378817163
291.5 0.0045389205643602635
292.5 0.0046340476420564354
293.5 0.004635557595670661
294.5 0.004480032373405487
295.5 0.004523821028218011
296.5 0.0045872390800154594
297.5 0.004326017104754542
298.5 0.00414029281020487
299.5 0.003989297448782374
300.5 0.003725055566293003
301.5 0.003477423173560108
302.5 0.0033128382296095872
303.5 0.0030984248163896406
304.5 0.0029157204290684176
305.5 0.002603160030923848
306.5 0.0023781769424043287
307.5 0.0022709702357943578
308.5 0.0020369274255894864
309.5 0.0017409765172013913
310.5 0.0016262200425202944
311.5 0.0013257392732895247
312.5 0.0012593013142636255
313.5 0.0010856566486277545
314.5 0.0009875096637031314
315.5 0.0008803029570931583
316.5 0.0006236108426749128
317.5 0.0005828420950908385
318.5 0.00044392636258214164
319.5 0.00040466756861229234
320.5 0.0003487992848859684
321.5 0.0002884011403169696
322.5 0.0002506522999613452
323.5 0.00021894327406262086
324.5 0.00017666457286432164
325.5 0.00012834605720912242
326.5 0.00010267684576729794
327.5 7.54976807112485e-05
328.5 6.03981445689988e-05
329.5 6.190809818322378e-05
330.5 6.643795902589868e-05
331.5 5.8888190954773846e-05
332.5 3.925879396984924e-05
333.5 2.566921144182451e-05
334.5 1.2079628913799769e-05
335.5 1.5099536142249712e-05
336.5 9.059721685349826e-06
337.5 1.2079628913799769e-05
338.5 1.5099536142249712e-05
339.5 9.059721685349826e-06
340.5 1.0569675299574797e-05
341.5 3.019907228449942e-06
342.5 4.529860842674913e-06
343.5 4.529860842674913e-06
344.5 1.509953614224971e-06
345.5 0.0
346.5 3.019907228449942e-06
347.5 0.0
348.5 3.019907228449942e-06
349.5 1.509953614224971e-06
350.5 3.019907228449942e-06
351.5 0.0
352.5 0.0
353.5 0.0
354.5 1.509953614224971e-06
355.5 1.509953614224971e-06
356.5 1.509953614224971e-06
357.5 0.0
358.5 0.0
359.5 0.0
