0.5 0.0
1.5 0.0
2.5 0.0
3.5 0.0
4.5 0.0
5.5 0.0
6.5 0.0
7.5 0.0
8.5 0.0
9.5 0.0
10.5 0.0
11.5 0.0
12.5 0.0
13.5 0.0
14.5 0.0
15.5 0.0
16.5 0.0
17.5 0.0
18.5 0.0
19.5 0.0
20.5 0.0
21.5 0.0
22.5 0.0
23.5 0.0
24.5 0.0
25.5 0.0
26.5 0.0
27.5 0.0
28.5 0.0
29.5 3.019907228449942e-06
30.5 0.0
31.5 0.0
32.5 0.0
33.5 0.0
34.5 3.019907228449942e-06
35.5 1.509953614224971e-06
36.5 6.039814456899884e-06
37.5 7.549768071124854e-06
38.5 4.529860842674913e-06
39.5 3.019907228449942e-06
40.5 1.2079628913799767e-05
41.5 2.717916505604948e-05
42.5 1.6609489756474684e-05
43.5 2.8689118670274453e-05
44.5 4.378865481252415e-05
45.5 5.133842288364901e-05
46.5 6.945786625434864e-05
47.5 7.54976807112485e-05
48.5 0.0001072067066099729
49.5 0.000102676845767298
50.5 0.00016458494395052181
51.5 0.00017817452647854665
52.5 0.0001978039234634712
53.5 0.00023857267104754546
54.5 0.000315580305373019
55.5 0.0003457793776575184
56.5 0.00044392636258214164
57.5 0.0005375434866640897
58.5 0.000677969172787012
59.5 0.00076856638964051
60.5 0.0008863427715500583
61.5 0.001082636741399304
62.5 0.0012683610359489755
63.5 0.00154619250096637
64.5 0.0018391235021260146
65.5 0.002252850792423657
66.5 0.0026816776188635467
67.5 0.0032705595284112875
68.5 0.0036903266331658278
69.5 0.004708035369153461
70.5 0.005541529764205645
71.5 0.00669211441824507
72.5 0.008105431001159645
73.5 0.009361712408194818
74.5 0.011300492848859686
75.5 0.013003720525705453
76.5 0.014891162543486663
77.5 0.017295008697332814
78.5 0.019247378720525708
79.5 0.021385473038268273
80.5 0.02349789814456901
81.5 0.02490064505218399
82.5 0.02667635050251257
83.5 0.0275732629493622
84.5 0.027730298125241592
85.5 0.027342240046385774
86.5 0.026557064166988793
87.5 0.025179986470815617
88.5 0.02334388287591805
89.5 0.02051271984924623
90.5 0.018068104947815997
91.5 0.0156491592578276
92.5 0.013278532083494395
93.5 0.010773519037495167
94.5 0.00848140945110166
95.5 0.00674043293390027
96.5 0.005236519134132199
97.5 0.0037930034789331268
98.5 0.0028734417278701214
99.5 0.00209883552377271
100.5 0.001454085330498648
101.5 0.0011113258600695787
102.5 0.0006356904715887127
103.5 0.0005511330691921144
104.5 0.00031709025898724394
105.5 0.00020686364514882109
106.5 0.0001857242945496715
107.5 0.00010418679938152295
108.5 7.096781986857357e-05
109.5 6.039814456899883e-05
110.5 3.321897951294937e-05
111.5 1.9629396984924627e-05
112.5 1.509953614224971e-05
113.5 1.9629396984924627e-05
114.5 1.8119443370699652e-05
115.5 1.0569675299574797e-05
116.5 9.059721685349826e-06
117.5 6.039814456899884e-06
118.5 4.529860842674913e-06
119.5 9.059721685349826e-06
120.5 3.019907228449942e-06
121.5 7.549768071124854e-06
122.5 7.549768071124854e-06
123.5 1.509953614224971e-06
124.5 4.529860842674913e-06
125.5 1.509953614224971e-06
126.5 1.2079628913799767e-05
127.5 4.529860842674913e-06
128.5 3.019907228449942e-06
129.5 7.549768071124854e-06
130.5 3.019907228449942e-06
131.5 6.039814456899884e-06
132.5 6.039814456899884e-06
133.5 3.019907228449942e-06
134.5 4.529860842674913e-06
135.5 4.529860842674913e-06
136.5 4.529860842674913e-06
137.5 7.549768071124854e-06
138.5 3.019907228449942e-06
139.5 6.039814456899884e-06
140.5 4.529860842674913e-06
141.5 4.529860842674913e-06
142.5 1.509953614224971e-06
143.5 4.529860842674913e-06
144.5 3.019907228449942e-06
145.5 4.529860842674913e-06
146.5 4.529860842674913e-06
147.5 1.509953614224971e-06
148.5 4.529860842674913e-06
149.5 0.0
150.5 1.509953614224971e-06
151.5 1.509953614224971e-06
152.5 3.019907228449942e-06
153.5 3.019907228449942e-06
154.5 0.0
155.5 0.0
156.5 0.0
157.5 0.0
158.5 1.509953614224971e-06
159.5 0.0
160.5 0.0
161.5 0.0
162.5 0.0
163.5 0.0
164.5 0.0
165.5 0.0
166.5 0.0
167.5 0.0
168.5 0.0
169.5 0.0
170.5 0.0
171.5 0.0
172.5 0.0
173.5 0.0
174.5 0.0
175.5 0.0
176.5 0.0
177.5 0.0
178.5 0.0
179.5 0.0
180.5 0.0
181.5 0.0
182.5 0.0
183.5 0.0
184.5 0.0
185.5 0.0
186.5 0.0
187.5 0.0
188.5 0.0
189.5 0.0
190.5 0.0
191.5 0.0
192.5 0.0
193.5 0.0
194.5 0.0
195.5 0.0
196.5 0.0
197.5 0.0
198.5 1.509953614224971e-06
199.5 0.0
200.5 0.0
201.5 0.0
202.5 0.0
203.5 1.509953614224971e-06
204.5 0.0
205.5 3.019907228449942e-06
206.5 0.0
207.5 1.509953614224971e-06
208.5 0.0
209.5 3.019907228449942e-06
210.5 6.039814456899884e-06
211.5 0.0
212.5 0.0
213.5 3.019907228449942e-06
214.5 1.509953614224971e-06
215.5 1.509953614224971e-06
216.5 6.039814456899884e-06
217.5 1.509953614224971e-06
218.5 4.529860842674913e-06
219.5 0.0
220.5 1.509953614224971e-06
221.5 6.039814456899884e-06
222.5 4.529860842674913e-06
223.5 1.509953614224971e-06
224.5 4.529860842674913e-06
225.5 4.529860842674913e-06
226.5 4.529860842674913e-06
227.5 3.019907228449942e-06
228.5 4.529860842674913e-06
229.5 3.019907228449942e-06
230.5 7.549768071124855e-06
231.5 6.039814456899884e-06
232.5 9.059721685349826e-06
233.5 6.039814456899884e-06
234.5 7.549768071124854e-06
235.5 1.2079628913799769e-05
236.5 9.059721685349826e-06
237.5 1.0569675299574797e-05
238.5 1.509953614224971e-05
239.5 1.9629396984924623e-05
240.5 1.509953614224971e-05
241.5 1.2079628913799769e-05
242.5 1.8119443370699652e-05
243.5 2.5669211441824506e-05
244.5 1.8119443370699652e-05
245.5 2.2649304213374563e-05
246.5 3.019907228449942e-05
247.5 2.4159257827599538e-05
248.5 3.6238886741399304e-05
249.5 3.925879396984925e-05
250.5 4.5298608426749126e-05
251.5 9.059721685349823e-05
252.5 0.00010418679938152295
253.5 0.00014193563973714722
254.5 0.00018119443370699645
255.5 0.0003457793776575183
256.5 0.00047865529570931595
257.5 0.0006975985697719363
258.5 0.0010056291070738308
259.5 0.001292520293776575
260.5 0.001849693177425589
261.5 0.002607689891766525
262.5 0.003300758600695787
263.5 0.004683876111325861
264.5 0.005967336683417086
265.5 0.007875918051797447
266.5 0.009850937379203714
267.5 0.011981481928875147
268.5 0.014629940568225745
269.5 0.016861652010050254
270.5 0.01946934190181677
271.5 0.021640655199072288
272.5 0.023719861325860066
273.5 0.025053150367220726
274.5 0.025957612582141482
275.5 0.026469486857363743
276.5 0.02642871810977967
277.5 0.025918353788171627
278.5 0.02469227145342095
279.5 0.02334992269037495
280.5 0.02158931677618863
281.5 0.019845320351758802
282.5 0.01796240819482026
283.5 0.015845453227676845
284.5 0.01403048898337843
285.5 0.012343870796289137
286.5 0.010598364418245071
287.5 0.0091971274642443
288.5 0.007884977773482797
289.5 0.006651345670660996
290.5 0.00572876401236954
291.5 0.0048846999420177825
292.5 0.0040361060108233485
293.5 0.003469873405488984
294.5 0.0029595090838809433
295.5 0.002492933417085427
296.5 0.0021380943177425594
297.5 0.0017847651720139157
298.5 0.0014888142636258217
299.5 0.0013076198299188245
300.5 0.001085656648627754
301.5 0.0009074821221492077
302.5 0.0007881957866254348
303.5 0.0006387103788171627
304.5 0.0005617027444916892
305.5 0.0005043245071511402
306.5 0.00039560784692694245
307.5 0.00039107798608426766
308.5 0.0003065205836876692
309.5 0.00024008262466177044
310.5 0.00024159257827599542
311.5 0.0001857242945496715
312.5 0.0001313659644375724
313.5 0.00011928633552377265
314.5 6.190809818322379e-05
315.5 6.492800541167374e-05
316.5 4.831851565519905e-05
317.5 4.680856204097409e-05
318.5 4.529860842674912e-05
319.5 1.9629396984924623e-05
320.5 2.2649304213374567e-05
321.5 9.059721685349826e-06
322.5 1.660948975647468e-05
323.5 9.059721685349826e-06
324.5 1.0569675299574797e-05
325.5 4.529860842674913e-06
326.5 7.549768071124854e-06
327.5 4.529860842674913e-06
328.5 3.019907228449942e-06
329.5 1.509953614224971e-06
330.5 1.509953614224971e-06
331.5 0.0
332.5 0.0
333.5 0.0
334.5 0.0
335.5 0.0
336.5 0.0
337.5 0.0
338.5 0.0
339.5 0.0
340.5 0.0
341.5 0.0
342.5 0.0
343.5 0.0
344.5 0.0
345.5 0.0
346.5 0.0
347.5 0.0
348.5 0.0
349.5 0.0
350.5 0.0
351.5 0.0
352.5 0.0
353.5 0.0
354.5 0.0
355.5 0.0
356.5 0.0
357.5 0.0
358.5 0.0
359.5 0.0
