0.5 1.509953614224971e-06
1.5 1.509953614224971e-06
2.5 1.509953614224971e-06
3.5 1.509953614224971e-06
4.5 0.0
5.5 0.0
6.5 0.0
7.5 3.019907228449942e-06
8.5 3.019907228449942e-06
9.5 1.509953614224971e-06
10.5 0.0
11.5 7.549768071124854e-06
12.5 0.0
13.5 4.529860842674913e-06
14.5 4.529860842674913e-06
15.5 3.019907228449942e-06
16.5 7.549768071124854e-06
17.5 1.0569675299574797e-05
18.5 9.059721685349826e-06
19.5 1.2079628913799769e-05
20.5 1.0569675299574797e-05
21.5 4.529860842674913e-06
22.5 2.11393505991496e-05
23.5 1.8119443370699655e-05
24.5 2.1139350599149595e-05
25.5 2.8689118670274456e-05
26.5 3.62388867413993e-05
27.5 3.774884035562427e-05
28.5 6.190809818322378e-05
29.5 5.888819095477384e-05
30.5 7.851758793969843e-05
31.5 9.210717046772315e-05
32.5 9.965693853884801e-05
33.5 0.0001509953614224971
34.5 0.000155525222265172
35.5 0.00021441341321994597
36.5 0.00023706271743332053
37.5 0.00030652058368766945
38.5 0.00031407035175879414
39.5 0.00044392636258214164
40.5 0.0005088543679938152
41.5 0.0005964316776188633
42.5 0.0007247777348279862
43.5 0.0008078251836103592
44.5 0.000925601565519907
45.5 0.0011067959992269037
46.5 0.0012124927522226515
47.5 0.0013876473714727485
48.5 0.0015356228256667953
49.5 0.0017107774449168914
50.5 0.0019795491882489366
51.5 0.002287579725550832
52.5 0.0025050130459992265
53.5 0.002657518361035948
54.5 0.0028855213567839195
55.5 0.0031301338422883643
56.5 0.003388335910320835
57.5 0.0036752270970235776
58.5 0.003749214824120603
59.5 0.003876050927715501
60.5 0.004046675686122924
61.5 0.004338096733668341
62.5 0.004359236084267489
63.5 0.004554020100502511
64.5 0.00467783629686896
65.5 0.0047986325860069606
66.5 0.0047065254155392346
67.5 0.004726154812524158
68.5 0.0046446173173560115
69.5 0.004846951101662159
70.5 0.0045811992655585615
71.5 0.004649147178198684
72.5 0.004569119636644762
73.5 0.00439245506378044
74.5 0.0040194965210668746
75.5 0.0038896405102435243
76.5 0.003844341901816775
77.5 0.00358462988017008
78.5 0.0033460572091225348
79.5 0.0030606759760340167
80.5 0.002941389640510243
81.5 0.002643928778507925
82.5 0.002435555179744878
83.5 0.0022030223231542328
84.5 0.0021199748743718594
85.5 0.0019780392346347114
86.5 0.0016805783726323922
87.5 0.0016201802280633936
88.5 0.0014782445883262465
89.5 0.001324229319675299
90.5 0.0012004131233088518
91.5 0.0010569675299574805
92.5 0.0009754300347893313
93.5 0.0009346612872052569
94.5 0.0008063152299961344
95.5 0.000729307595670661
96.5 0.0006553198685736371
97.5 0.0006175710282180131
98.5 0.00047261548125241597
99.5 0.000487715017394666
100.5 0.0004152372439118673
101.5 0.00037597844994201785
102.5 0.0003518191921144184
103.5 0.00028236132586006985
104.5 0.00025669211441824527
105.5 0.00027179165056049487
106.5 0.00024763239273289527
107.5 0.00019025415539234642
108.5 0.00022045322767684584
109.5 0.00019780392346347122
110.5 0.00018723424816389646
111.5 0.00013891573250869732
112.5 0.00015401526865094705
113.5 0.00016156503672207193
114.5 0.00012985601082334745
115.5 0.00012683610359489746
116.5 0.000157035175879397
117.5 0.00012230624275222254
118.5 0.00012532614998067248
119.5 0.00014495554696559716
120.5 0.00011475647468109768
121.5 0.00014193563973714722
122.5 0.00011475647468109768
123.5 0.00011324652106687272
124.5 0.00012079628913799758
125.5 0.00013438587166602232
126.5 0.00013891573250869726
127.5 0.00013438587166602237
128.5 0.0001555252222651721
129.5 0.00016609489756474682
130.5 0.00014042568612292224
131.5 0.00017515461925009663
132.5 0.00018874420177812141
133.5 0.00021139350599149606
134.5 0.0001978039234634713
135.5 0.0002385726710475455
136.5 0.0002476323927328953
137.5 0.00031860021260146903
138.5 0.00032011016621569406
139.5 0.00041523724391186726
140.5 0.0004031576149980674
141.5 0.000526973811364515
142.5 0.0005315036722071896
143.5 0.0006417302860456126
144.5 0.0006643795902589871
145.5 0.000718737920371086
146.5 0.0009648603594897562
147.5 0.0011007561847700034
148.5 0.001223062427522226
149.5 0.001405766814843448
150.5 0.0017228570738306922
151.5 0.0019478401623502124
152.5 0.0021365843641283334
153.5 0.002601650077309624
154.5 0.0029081706609972945
155.5 0.003321897951294936
156.5 0.003817162736760726
157.5 0.004200690954773869
158.5 0.004801652493235405
159.5 0.005568708929261691
160.5 0.006104742462311553
161.5 0.006873308851952068
162.5 0.007833639350599149
163.5 0.008546337456513335
164.5 0.009550456609972943
165.5 0.01048662785079242
166.5 0.011428838906068804
167.5 0.01267002077696173
168.5 0.013666590162350212
169.5 0.014874553053730189
170.5 0.01565217916505605
171.5 0.016565701101662163
172.5 0.017717795709315816
173.5 0.018439553536915343
174.5 0.01918698057595671
175.5 0.019673185639737148
176.5 0.020598787205257058
177.5 0.021168039717819866
178.5 0.02120729851178973
179.5 0.021178609393119444
180.5 0.02141718206416699
181.5 0.020752802473908004
182.5 0.021536468399690766
183.5 0.020630496231155787
184.5 0.019931387707769622
185.5 0.019147721781986857
186.5 0.018428983861615775
187.5 0.017479223038268266
188.5 0.016659318225744096
189.5 0.015697477773482793
190.5 0.014580112098956322
191.5 0.013726988306919211
192.5 0.012467686992655585
193.5 0.011599463664476228
194.5 0.010453408871279466
195.5 0.009565556146115194
196.5 0.008682233281793583
197.5 0.007542218303053729
198.5 0.006994105141090065
199.5 0.006346335040587552
200.5 0.005467542037108618
201.5 0.004852990916119057
202.5 0.004418124275222263
203.5 0.0038443419018167773
204.5 0.003287169018167761
205.5 0.0028341829339002702
206.5 0.0025155827212988017
207.5 0.002290599632779281
208.5 0.0019523700231928868
209.5 0.0016307499033629688
210.5 0.0014706948202551221
211.5 0.0011913534016235027
212.5 0.0011173656745264782
213.5 0.001016198782373405
214.5 0.000742897178198686
215.5 0.0007051483378430614
216.5 0.0005873719559335137
217.5 0.0005813321414766137
218.5 0.0005013045999226905
219.5 0.0004318467336683418
220.5 0.00041674719752609235
221.5 0.00036691872825666806
222.5 0.00032464002705836885
223.5 0.00024008262466177047
224.5 0.00026575183610359505
225.5 0.00023555276381909555
226.5 0.0002370627174333207
227.5 0.00017968448009277152
228.5 0.00017515461925009666
229.5 0.0001494854078082721
230.5 0.00018723424816389638
231.5 0.00014193563973714722
232.5 0.00014042568612292224
233.5 0.000155525222265172
234.5 0.00012230624275222254
235.5 0.00011324652106687272
236.5 0.00011777638190954767
237.5 0.0001192863355237726
238.5 9.965693853884802e-05
239.5 0.00011626642829532266
240.5 9.059721685349818e-05
241.5 0.00011777638190954761
242.5 0.00012230624275222257
243.5 0.00012985601082334742
244.5 0.0001192863355237726
245.5 0.00016156503672207193
246.5 0.00015250531503672204
247.5 0.00018119443370699656
248.5 0.00015854512949362191
249.5 0.00019780392346347128
250.5 0.00022498308851952073
251.5 0.00018270438732122162
252.5 0.00019327406262079644
253.5 0.00023857267104754543
254.5 0.00025065229996134534
255.5 0.00027783146501739474
256.5 0.00032765993428681897
257.5 0.000320110166215694
258.5 0.0004363765945110168
259.5 0.00042882682643989193
260.5 0.0005284837649787401
261.5 0.0005541529764205644
262.5 0.0005888819095477385
263.5 0.0007262876884422111
264.5 0.0006991085233861612
265.5 0.0008516138384228838
266.5 0.0009150318902203327
267.5 0.000992039524545806
268.5 0.0011536045612678778
269.5 0.0012366520100502516
270.5 0.0014178464437572473
271.5 0.0014948540780827214
272.5 0.001611120506378044
273.5 0.0017515461925009673
274.5 0.0018345936412833394
275.5 0.002133564456899885
276.5 0.00232381861229223
277.5 0.002388746617703903
278.5 0.002764725067645923
279.5 0.00289760098569772
280.5 0.0031588229609586394
281.5 0.0033218979512949364
282.5 0.0036163389060688065
283.5 0.003909269907228449
284.5 0.003863971298801701
285.5 0.003990807402396597
286.5 0.004230890027058369
287.5 0.00441661432160804
288.5 0.004517781213761113
289.5 0.004585729126401239
290.5 0.004683876111325859
291.5 0.004650657131812911
292.5 0.004908859199845381
293.5 0.004782023096250484
294.5 0.004812222168534979
295.5 0.004567609683030535
296.5 0.00460837843061461
297.5 0.004393965017394664
298.5 0.0042565592385001945
299.5 0.004144822671047546
300.5 0.003921349536142249
301.5 0.0037537446849632773
302.5 0.0034532639157325096
303.5 0.003281129203710861
304.5 0.003095404909161189
305.5 0.0029187403362968692
306.5 0.0026575183610359474
307.5 0.0024582044839582527
308.5 0.0021531938538848078
309.5 0.0019765292810204876
310.5 0.0017364466563587159
311.5 0.0016171603208349444
312.5 0.0013680179744878238
313.5 0.0012819506184770005
314.5 0.0010916964630846545
315.5 0.0009120119829918828
316.5 0.0008440640703517588
317.5 0.0006613596830305369
318.5 0.000575292327019714
319.5 0.0005133842288364903
320.5 0.000418257151140317
321.5 0.0003518191921144184
322.5 0.0002778314650173948
323.5 0.00024461248550444536
324.5 0.00019780392346347125
325.5 0.00017515461925009666
326.5 0.00011626642829532263
327.5 8.304744878237334e-05
328.5 6.190809818322376e-05
329.5 5.58682837263239e-05
330.5 7.09678198685736e-05
331.5 6.190809818322378e-05
332.5 3.321897951294937e-05
333.5 3.321897951294937e-05
334.5 1.2079628913799769e-05
335.5 3.321897951294936e-05
336.5 1.5099536142249712e-05
337.5 1.8119443370699655e-05
338.5 1.2079628913799769e-05
339.5 1.509953614224971e-05
340.5 1.0569675299574797e-05
341.5 1.0569675299574797e-05
342.5 1.358958252802474e-05
343.5 3.019907228449942e-06
344.5 3.019907228449942e-06
345.5 4.529860842674913e-06
346.5 6.039814456899884e-06
347.5 1.509953614224971e-06
348.5 4.529860842674913e-06
349.5 3.019907228449942e-06
350.5 1.509953614224971e-06
351.5 0.0
352.5 1.509953614224971e-06
353.5 3.019907228449942e-06
354.5 1.509953614224971e-06
355.5 0.0
356.5 0.0
357.5 0.0
358.5 3.019907228449942e-06
359.5 0.0
