0.5 0.0
1.5 0.0
2.5 1.509953614224971e-06
3.5 0.0
4.5 1.509953614224971e-06
5.5 1.509953614224971e-06
6.5 1.509953614224971e-06
7.5 0.0
8.5 1.509953614224971e-06
9.5 1.509953614224971e-06
10.5 0.0
11.5 1.509953614224971e-06
12.5 0.0
13.5 4.529860842674913e-06
14.5 4.529860842674913e-06
15.5 1.509953614224971e-06
16.5 4.529860842674913e-06
17.5 9.059721685349826e-06
18.5 4.529860842674913e-06
19.5 1.0569675299574797e-05
20.5 1.6609489756474684e-05
21.5 1.2079628913799769e-05
22.5 2.415925782759954e-05
23.5 4.529860842674913e-06
24.5 1.2079628913799769e-05
25.5 2.5669211441824513e-05
26.5 2.4159257827599538e-05
27.5 3.925879396984925e-05
28.5 4.831851565519905e-05
29.5 4.378865481252414e-05
30.5 5.1338422883648985e-05
31.5 7.700763432547347e-05
32.5 7.096781986857359e-05
33.5 0.00012532614998067253
34.5 0.00013589582528024732
35.5 0.00016307499033629691
36.5 0.00021592336683417095
37.5 0.00025518216080402034
38.5 0.000274811557788945
39.5 0.000377488403556243
40.5 0.00040013770776961777
41.5 0.0005103643216080404
42.5 0.0005873719559335135
43.5 0.0007746062040974103
44.5 0.0008229247197526096
45.5 0.0009558006378044067
46.5 0.0011128358136838037
47.5 0.0013227193660610747
48.5 0.0014903242172400464
49.5 0.0015733716660224193
50.5 0.0019055614611519134
51.5 0.0020641065906455355
52.5 0.002350997777348278
53.5 0.002556351468882875
54.5 0.00282210330498647
55.5 0.0030772854657904903
56.5 0.003228280827212988
57.5 0.003586139833784305
58.5 0.00365408774642443
59.5 0.003832262272902977
60.5 0.004181061557788943
61.5 0.004193141186702745
62.5 0.004433223811364513
63.5 0.00445285320834944
64.5 0.00456609972941631
65.5 0.00470501546192501
66.5 0.004747294163123306
67.5 0.004741254348666406
68.5 0.004596298801700811
69.5 0.004703505508310783
70.5 0.004396984924623116
71.5 0.004389435156551991
72.5 0.004294308078855818
73.5 0.004164452068032471
74.5 0.003966648144568998
75.5 0.0037824338036335538
76.5 0.00366314746810978
77.5 0.0033596467916505593
78.5 0.0031437234248163906
79.5 0.0028689118670274455
80.5 0.0028115336296868952
81.5 0.002485383649014302
82.5 0.002435555179744878
83.5 0.002162253575570159
84.5 0.0020263577502899104
85.5 0.0017379566099729408
86.5 0.0015854512949362194
87.5 0.0015205232895245456
88.5 0.001364998067259374
89.5 0.0012064529377657516
90.5 0.0010720670660997289
91.5 0.0010161987823734053
92.5 0.0008501038848086589
93.5 0.000821414766138384
94.5 0.000637200425202938
95.5 0.0006462601468882871
96.5 0.0006251207962891381
97.5 0.0005148941824507152
98.5 0.00047714534209509075
99.5 0.0004937548318515656
100.5 0.00037899835717046786
101.5 0.000366918728256668
102.5 0.0003231300734441438
103.5 0.00032916988790104385
104.5 0.0002717916505604949
105.5 0.00026424188248937007
106.5 0.0002612219752609201
107.5 0.0002551821608040202
108.5 0.0002204532276768459
109.5 0.00021743332044839596
110.5 0.0001751546192500966
111.5 0.00015703517587939693
112.5 0.00019478401623502134
113.5 0.00016911480479319673
114.5 0.00014797545419404715
115.5 0.00017213471202164672
116.5 0.00014344559335137218
117.5 0.00017062475840742171
118.5 0.00014344559335137223
119.5 0.00013136596443757235
120.5 0.000155525222265172
121.5 0.0001509953614224971
122.5 0.00015401526865094702
123.5 0.0001404256861229223
124.5 0.00015854512949362197
125.5 0.00015250531503672204
126.5 0.00016005508310784687
127.5 0.00018119443370699648
128.5 0.00018119443370699653
129.5 0.00019327406262079636
130.5 0.0002295129493621957
131.5 0.0002853812330885197
132.5 0.00032765993428681897
133.5 0.0002853812330885198
134.5 0.00033671965597216875
135.5 0.0003850381716273678
136.5 0.00035785900657131844
137.5 0.00046355575956706613
138.5 0.00044694626981059166
139.5 0.0006145511209895633
140.5 0.0006492800541167376
141.5 0.0007730962504831853
142.5 0.0008153749516814841
143.5 0.0009361712408194815
144.5 0.0010781068805566292
145.5 0.0012215524739080017
146.5 0.0014948540780827203
147.5 0.0015341128720525704
148.5 0.0018345936412833387
149.5 0.001956899884035562
150.5 0.0023676072671047536
151.5 0.0025729609586393506
152.5 0.0029579991302667195
153.5 0.003296228739853111
154.5 0.0035831199265558564
155.5 0.004250519424043296
156.5 0.004612908291457289
157.5 0.0053210765365288
158.5 0.005893348956320064
159.5 0.006367474391186701
160.5 0.007110371569385387
161.5 0.007919706706609976
162.5 0.008661093931194434
163.5 0.009195617510630076
164.5 0.010065350792423653
165.5 0.011058900270583689
166.5 0.011836526381909546
167.5 0.01254167471975261
168.5 0.013431037398531118
169.5 0.014308320448395822
170.5 0.015191643312717431
171.5 0.016037217336683417
172.5 0.016876751546192507
173.5 0.01727839920757634
174.5 0.017683066776188645
175.5 0.018878950038654817
176.5 0.01899370651333591
177.5 0.019259458349439505
178.5 0.01935307547352146
179.5 0.019528230092771562
180.5 0.019662615964437576
181.5 0.019676205546965614
182.5 0.019221709509083886
183.5 0.018912169018167755
184.5 0.018409354464630844
185.5 0.018104343834557404
186.5 0.01748677280633939
187.5 0.01664119878237341
188.5 0.016108185156551998
189.5 0.015478534499420183
190.5 0.014481965114031697
191.5 0.013600152203324316
192.5 0.012519025415539238
193.5 0.012058489563200613
194.5 0.011228015075376881
195.5 0.010291843834557403
196.5 0.009514217723231543
197.5 0.00862485504445304
198.5 0.00789403749516815
199.5 0.00703789379590259
200.5 0.006414282953227676
201.5 0.005660816099729418
202.5 0.005331646211828372
203.5 0.00485148096250483
204.5 0.0042022009083880945
205.5 0.0037054261693080797
206.5 0.0032026116157711617
207.5 0.002918740336296869
208.5 0.0026182595670661
209.5 0.002245301024352531
210.5 0.00204145728643216
211.5 0.0017575860069578666
212.5 0.0015779015268650946
213.5 0.0013423487630459985
214.5 0.0012608112678778511
215.5 0.0011037760919984539
216.5 0.0009648603594897565
217.5 0.0008304744878237342
218.5 0.0007142080595284112
219.5 0.0006281407035175875
220.5 0.0005873719559335134
221.5 0.00046808562040974097
222.5 0.00041372729029764206
223.5 0.0004091974294549672
224.5 0.00035634905295709335
225.5 0.00034275947042906884
226.5 0.00030501063007344425
227.5 0.00024612243911867034
228.5 0.00021592336683417092
229.5 0.00019327406262079636
230.5 0.00019025415539234634
231.5 0.00017968448009277158
232.5 0.00017062475840742188
233.5 0.00015250531503672207
234.5 0.0001660948975647469
235.5 0.00015250531503672204
236.5 0.0001645849439505219
237.5 0.00013136596443757238
238.5 0.00014344559335137223
239.5 0.00013287591805179733
240.5 0.00012381619636644752
241.5 0.00015401526865094708
242.5 0.000152505315036722
243.5 0.00012683610359489746
244.5 0.0001615650367220719
245.5 0.00016307499033629686
246.5 0.00017666457286432161
247.5 0.00016156503672207196
248.5 0.000155525222265172
249.5 0.0001811944337069965
250.5 0.00022196318129107082
251.5 0.00023555276381909558
252.5 0.0002325328565906456
253.5 0.00023253285659064559
254.5 0.00027330160417471985
255.5 0.00027481155778894494
256.5 0.0003352097023579439
257.5 0.00038201826439891815
258.5 0.0003608789137997684
259.5 0.0003865481252415927
260.5 0.0004892249710088908
261.5 0.00051942404329339
262.5 0.0005541529764205644
263.5 0.0006236108426749131
264.5 0.0006855189408581369
265.5 0.0007398772709702358
266.5 0.0007519568998840354
267.5 0.0009482508697332816
268.5 0.001017708735987631
269.5 0.0011822936799381523
270.5 0.001197393216080402
271.5 0.001331779087746424
272.5 0.0015688418051797452
273.5 0.0016775584654039428
274.5 0.0018315737340548895
275.5 0.0020112582141476616
276.5 0.0021682933900270583
277.5 0.0023842167568612297
278.5 0.0026242993815230003
279.5 0.0027783146501739455
280.5 0.0028779715887127947
281.5 0.0032101613838422883
282.5 0.00342004493621956
283.5 0.003581609972941633
284.5 0.003788473618090452
285.5 0.004027046289137997
286.5 0.004049695593351374
287.5 0.004333566872825664
288.5 0.004418124275222266
289.5 0.00446795274449169
290.5 0.004730684673366833
291.5 0.004576669404715889
292.5 0.004626497873985315
293.5 0.004804672400463859
294.5 0.004692935833011211
295.5 0.004603848569771938
296.5 0.004570629590258988
297.5 0.004457383069192116
298.5 0.004294308078855819
299.5 0.0041644520680324685
300.5 0.0038534016235021247
301.5 0.003747704870506378
302.5 0.00331434818322381
303.5 0.003349077116350985
304.5 0.0029987678778507915
305.5 0.0027345259953614216
306.5 0.00238119684963278
307.5 0.002335898241206029
308.5 0.00205051700811751
309.5 0.0018859320641669882
310.5 0.001668498743718592
311.5 0.0013997270003865486
312.5 0.0012306121955933513
313.5 0.00106602725164283
314.5 0.0009105020293776575
315.5 0.000880302957093158
316.5 0.000729307595670661
317.5 0.0005511330691921144
318.5 0.0005375434866640897
319.5 0.00041674719752609224
320.5 0.0003608789137997683
321.5 0.00030199072284499455
322.5 0.00023706271743332053
323.5 0.0002174333204483959
324.5 0.00016005508310784687
325.5 0.00015401526865094694
326.5 0.0001343858716660224
327.5 0.00011022661383842276
328.5 7.247777348279855e-05
329.5 6.64379590258987e-05
330.5 7.700763432547346e-05
331.5 3.321897951294937e-05
332.5 3.62388867413993e-05
333.5 2.415925782759954e-05
334.5 2.7179165056049485e-05
335.5 2.1139350599149595e-05
336.5 1.2079628913799769e-05
337.5 1.6609489756474684e-05
338.5 1.6609489756474684e-05
339.5 9.059721685349826e-06
340.5 9.059721685349826e-06
341.5 4.529860842674913e-06
342.5 4.529860842674913e-06
343.5 3.019907228449942e-06
344.5 4.529860842674913e-06
345.5 6.039814456899884e-06
346.5 4.529860842674913e-06
347.5 3.019907228449942e-06
348.5 0.0
349.5 1.509953614224971e-06
350.5 0.0
351.5 3.019907228449942e-06
352.5 1.509953614224971e-06
353.5 1.509953614224971e-06
354.5 0.0
355.5 1.509953614224971e-06
356.5 0.0
357.5 1.509953614224971e-06
358.5 3.019907228449942e-06
359.5 1.509953614224971e-06
