0.5 0.00010116689215307306
1.5 0.00013287591805179752
2.5 0.00013136596443757251
3.5 0.00016005508310784698
4.5 0.00014344559335137231
5.5 0.00017968448009277158
6.5 0.0001676048511789718
7.5 0.00020082383069192127
8.5 0.00021894327406262083
9.5 0.0002295129493621956
10.5 0.00021592336683417092
11.5 0.00026273192887514503
12.5 0.00023555276381909552
13.5 0.00023857267104754546
14.5 0.0002838712794742947
15.5 0.0002929310011596445
16.5 0.000323130073444144
17.5 0.00036691872825666796
18.5 0.00041825715114031695
19.5 0.0004529860842674914
20.5 0.0004982846926942405
21.5 0.0006190809818322378
22.5 0.0007142080595284113
23.5 0.0008138649980672591
24.5 0.0010116689215307305
25.5 0.001093206416698879
26.5 0.0014253962118283723
27.5 0.0015461925009663696
28.5 0.0019161311364514874
29.5 0.0021245047352145335
30.5 0.0024536746231155777
31.5 0.0029353498260533436
32.5 0.0034094752609199848
33.5 0.0037220356590645545
34.5 0.004129723134905295
35.5 0.004483052280633939
36.5 0.004973787205257055
37.5 0.00525916843834557
38.5 0.005402614031696944
39.5 0.00555511934673367
40.5 0.00577104271356784
41.5 0.005727254058755316
42.5 0.005793692017781214
43.5 0.005834460765365288
44.5 0.0055898482798608425
45.5 0.005352785562427523
46.5 0.005151961731735603
47.5 0.005071934190181678
48.5 0.005053814746810979
49.5 0.004777493235407809
50.5 0.004415104367993816
51.5 0.004215790490916119
52.5 0.00417955160417472
53.5 0.003827732412060301
54.5 0.0036374782566679564
55.5 0.003569530344027832
56.5 0.0034623236374178583
57.5 0.003368706513335911
58.5 0.003424574797062233
59.5 0.0033188780440664865
60.5 0.003291698879010438
61.5 0.0034306146115191337
62.5 0.0036178488596830295
63.5 0.003602749323540781
64.5 0.003709956030150753
65.5 0.0038971902783146504
66.5 0.00413123308851952
67.5 0.004427183996907614
68.5 0.004780513142636258
69.5 0.005251618670274449
70.5 0.005671385775028991
71.5 0.006282916988790105
72.5 0.0070227942597603414
73.5 0.007501449555469656
74.5 0.008274545805952837
75.5 0.00918655778894472
76.5 0.010033641766524933
77.5 0.010701041264012367
78.5 0.011347301410900658
79.5 0.012580933513722461
80.5 0.012511475647468105
81.5 0.013408388094317741
82.5 0.013257392732895251
83.5 0.013888553343641283
84.5 0.013545793873212216
85.5 0.013225683706996517
86.5 0.012667000869733278
87.5 0.01183803633552377
88.5 0.010756909547738688
89.5 0.009908315616544264
90.5 0.008796989756474681
91.5 0.007549768071124854
92.5 0.006532059335137227
93.5 0.0056547762852725125
94.5 0.004791082817935832
95.5 0.0037658243138770776
96.5 0.003264519713954386
97.5 0.0026665780827212983
98.5 0.0022739901430228063
99.5 0.0019387804406648624
100.5 0.0016790684190181675
101.5 0.0013559383455740237
102.5 0.0012834605720912244
103.5 0.001165684190181677
104.5 0.00105092771550058
105.5 0.0009512707769617313
106.5 0.0009422110552763814
107.5 0.0008757730962504832
108.5 0.0008350043486664088
109.5 0.0008667133745651333
110.5 0.0007746062040974097
111.5 0.0007217578275995361
112.5 0.0007836659257827597
113.5 0.0007987654619250092
114.5 0.0008078251836103593
115.5 0.0008591636064940085
116.5 0.0007897057402396597
117.5 0.000770076343254735
118.5 0.000671929358330112
119.5 0.0007474270390413605
120.5 0.0008531237920371084
121.5 0.0008063152299961344
122.5 0.0008848328179358328
123.5 0.0008667133745651331
124.5 0.0009014423076923073
125.5 0.001004119153459606
126.5 0.0010041191534596056
127.5 0.0010267684576729804
128.5 0.0010599874371859297
129.5 0.0011128358136838039
130.5 0.0012895003865481252
131.5 0.001333289041360649
132.5 0.0014193563973714728
133.5 0.0015250531503672204
134.5 0.0015356228256667949
135.5 0.0016926580015461923
136.5 0.0019463302087359866
137.5 0.002014278121376111
138.5 0.002204532276768457
139.5 0.0023525077309625043
140.5 0.002671107943563973
141.5 0.002817573444143797
142.5 0.0028960910320834934
143.5 0.0033037785079242364
144.5 0.0037658243138770785
145.5 0.0040451657325086985
146.5 0.004430203904136064
147.5 0.004748804116737534
148.5 0.005124782566679554
149.5 0.005559649207576343
150.5 0.006045854271356783
151.5 0.006319155875531504
152.5 0.006909547738693469
153.5 0.007492389833784308
154.5 0.007807970139157326
155.5 0.008399871955933516
156.5 0.00870941244684963
157.5 0.009257525608813301
158.5 0.00970447187862389
159.5 0.009906805662930031
160.5 0.010678391959798996
161.5 0.011217445400077311
162.5 0.011572284499420176
163.5 0.011871255315036727
164.5 0.012494866157711634
165.5 0.012565833977580206
166.5 0.01310790732508697
167.5 0.013505025125628132
168.5 0.01358505266718206
169.5 0.013625821414766141
170.5 0.013686219559335133
171.5 0.01333440036722072
172.5 0.013052039041360647
173.5 0.012712299478160029
174.5 0.012017720815616539
175.5 0.011365420854271358
176.5 0.010492667665249318
177.5 0.009502138094317741
178.5 0.00842554116737534
179.5 0.007789850695786626
180.5 0.007015244491689215
181.5 0.006601517201391574
182.5 0.00605340403942791
183.5 0.005623067259373792
184.5 0.0052380290877464255
185.5 0.004806182354078081
186.5 0.004818261982991883
187.5 0.00461441824507151
188.5 0.004590258987243913
189.5 0.00450117172400464
190.5 0.004381885388480866
191.5 0.004316957383069192
192.5 0.004091974294549671
193.5 0.004067815036722072
194.5 0.0038383020873598763
195.5 0.003592179648241206
196.5 0.0033551169308078856
197.5 0.0031331537495168133
198.5 0.002871931774255895
199.5 0.0025095429068419024
200.5 0.002204532276768457
201.5 0.0020807160804020095
202.5 0.0018028846153846146
203.5 0.0015310929648241205
204.5 0.0013317790877464244
205.5 0.001133975164282953
206.5 0.0009739200811751061
207.5 0.0008078251836103594
208.5 0.0007036383842288366
209.5 0.0005994515848473134
210.5 0.0005073444143795905
211.5 0.0004741254348666411
212.5 0.0004001377077696174
213.5 0.00037597844994201785
214.5 0.00033822960958639347
215.5 0.0003019907228449944
216.5 0.00026424188248936996
217.5 0.0002566921144182451
218.5 0.0002566921144182451
219.5 0.0002385726710475455
220.5 0.00023857267104754546
221.5 0.00028840114031696945
222.5 0.00027934141863161967
223.5 0.0002853812330885195
224.5 0.00031558030537301906
225.5 0.0003774884035562428
226.5 0.0004122173366834172
227.5 0.0004786552957093159
228.5 0.00047714534209509097
229.5 0.0005148941824507152
230.5 0.0006568298221878625
231.5 0.0007293075956706607
232.5 0.0007912156938538846
233.5 0.000869733281793583
234.5 0.0009799598956320061
235.5 0.001067537205257054
236.5 0.001165684190181677
237.5 0.0011868235407808268
238.5 0.0012608112678778502
239.5 0.0013076198299188243
240.5 0.001251751546192501
241.5 0.0013106397371472748
242.5 0.0013544283919597984
243.5 0.0013544283919597984
244.5 0.0013619781600309232
245.5 0.001324229319675299
246.5 0.0011505846540394277
247.5 0.001224572381136451
248.5 0.00102978836490143
249.5 0.0009105020293776573
250.5 0.0008712432354078079
251.5 0.00077762611132586
252.5 0.0007368573637417858
253.5 0.0006704194047158873
254.5 0.000561702744491689
255.5 0.0005647226517201393
256.5 0.0005375434866640895
257.5 0.000520933996907615
258.5 0.00046355575956706624
259.5 0.00044090645535369157
260.5 0.0004967747390800155
261.5 0.0004529860842674914
262.5 0.0004560059914959414
263.5 0.0004061775222265172
264.5 0.00034577937765751843
265.5 0.00035332914572864323
266.5 0.00035030923850019326
267.5 0.0002506522999613452
268.5 0.0002461224391186703
269.5 0.00023706271743332048
270.5 0.00021592336683417092
271.5 0.00015552522226517203
272.5 0.00010720670660997293
273.5 8.908726323927328e-05
274.5 7.700763432547351e-05
275.5 6.945786625434866e-05
276.5 5.1338422883649006e-05
277.5 4.529860842674911e-05
278.5 3.0199072284499424e-05
279.5 2.415925782759954e-05
280.5 1.9629396984924623e-05
281.5 1.8119443370699652e-05
282.5 7.549768071124854e-06
283.5 1.0569675299574797e-05
284.5 7.549768071124854e-06
285.5 6.039814456899884e-06
286.5 6.039814456899884e-06
287.5 3.019907228449942e-06
288.5 0.0
289.5 6.039814456899884e-06
290.5 0.0
291.5 1.509953614224971e-06
292.5 0.0
293.5 4.529860842674913e-06
294.5 1.509953614224971e-06
295.5 3.019907228449942e-06
296.5 0.0
297.5 0.0
298.5 3.019907228449942e-06
299.5 3.019907228449942e-06
300.5 1.509953614224971e-06
301.5 0.0
302.5 3.019907228449942e-06
303.5 3.019907228449942e-06
304.5 0.0
305.5 1.509953614224971e-06
306.5 1.509953614224971e-06
307.5 0.0
308.5 3.019907228449942e-06
309.5 4.529860842674913e-06
310.5 6.039814456899884e-06
311.5 4.529860842674913e-06
312.5 4.529860842674913e-06
313.5 6.039814456899884e-06
314.5 7.549768071124854e-06
315.5 1.0569675299574797e-05
316.5 1.660948975647468e-05
317.5 1.509953614224971e-05
318.5 2.566921144182451e-05
319.5 3.0199072284499424e-05
320.5 3.774884035562428e-05
321.5 3.925879396984925e-05
322.5 3.6238886741399304e-05
323.5 4.5298608426749126e-05
324.5 5.586828372632391e-05
325.5 6.341805179744876e-05
326.5 7.851758793969845e-05
327.5 9.059721685349824e-05
328.5 8.606735601082331e-05
329.5 9.059721685349823e-05
330.5 9.059721685349824e-05
331.5 0.00011022661383842281
332.5 0.000101166892153073
333.5 9.965693853884808e-05
334.5 0.00011324652106687279
335.5 7.398772709702356e-05
336.5 9.512707769617313e-05
337.5 0.00010116689215307302
338.5 9.21071704677232e-05
339.5 9.361712408194816e-05
340.5 9.512707769617313e-05
341.5 8.606735601082332e-05
342.5 8.002754155392342e-05
343.5 8.002754155392342e-05
344.5 6.341805179744876e-05
345.5 6.0398144568998835e-05
346.5 5.435833011209895e-05
347.5 6.341805179744877e-05
348.5 7.096781986857363e-05
349.5 5.7378237340548885e-05
350.5 7.549768071124854e-05
351.5 6.794791264012368e-05
352.5 6.643795902589872e-05
353.5 8.908726323927328e-05
354.5 7.549768071124853e-05
355.5 8.455740239659835e-05
356.5 0.000102676845767298
357.5 9.361712408194819e-05
358.5 8.153749516814842e-05
359.5 9.059721685349824e-05
