0.5 1.509953614224971e-06
1.5 1.509953614224971e-06
2.5 1.509953614224971e-06
3.5 0.0
4.5 3.019907228449942e-06
5.5 0.0
6.5 1.509953614224971e-06
7.5 4.529860842674913e-06
8.5 3.019907228449942e-06
9.5 4.529860842674913e-06
10.5 4.529860842674913e-06
11.5 0.0
12.5 3.019907228449942e-06
13.5 3.019907228449942e-06
14.5 4.529860842674913e-06
15.5 3.019907228449942e-06
16.5 6.039814456899884e-06
17.5 1.509953614224971e-06
18.5 4.529860842674913e-06
19.5 9.059721685349826e-06
20.5 1.0569675299574797e-05
21.5 1.0569675299574797e-05
22.5 1.9629396984924627e-05
23.5 1.8119443370699655e-05
24.5 1.9629396984924627e-05
25.5 3.17090258987244e-05
26.5 3.17090258987244e-05
27.5 3.321897951294937e-05
28.5 5.2848376497873954e-05
29.5 6.341805179744874e-05
30.5 6.190809818322378e-05
31.5 7.700763432547347e-05
32.5 0.00011626642829532263
33.5 0.00013589582528024732
34.5 0.00016005508310784695
35.5 0.00020988355237727094
36.5 0.0002521622535755702
37.5 0.0002974608620023195
38.5 0.0003563490529570932
39.5 0.0004001377077696175
40.5 0.0004982846926942408
41.5 0.000588881909547739
42.5 0.0007504469462698108
43.5 0.0008002754155392345
44.5 0.0009150318902203325
45.5 0.0011098159064553527
46.5 0.0012517515461925005
47.5 0.0015114635678391956
48.5 0.0015220332431387712
49.5 0.0018481832238113648
50.5 0.0020021984924623107
51.5 0.002237751256281407
52.5 0.0025986301700811764
53.5 0.002773784789331271
54.5 0.0030319868573637394
55.5 0.0031346637031310397
56.5 0.0034472241012756095
57.5 0.0036087891379976804
58.5 0.003915309721685348
59.5 0.004267128913799769
60.5 0.004339606687282565
61.5 0.0044045346926942395
62.5 0.0044075545999226915
63.5 0.004720114998067259
64.5 0.0047518240239659846
65.5 0.004871110359489754
66.5 0.005108173076923077
67.5 0.004919428875144955
68.5 0.004911879107073832
69.5 0.004806182354078082
70.5 0.004683876111325859
71.5 0.0046113983378430635
72.5 0.004508721492075763
73.5 0.004436243718592965
74.5 0.004280718496327793
75.5 0.004175021743332046
76.5 0.003838302087359877
77.5 0.0037386451488210285
78.5 0.003537821318129109
79.5 0.003214691244684963
80.5 0.0030772854657904916
81.5 0.0027148965983764964
82.5 0.0026016500773096236
83.5 0.002403846153846153
84.5 0.002168293390027059
85.5 0.0019614297448782374
86.5 0.0017817452647854652
87.5 0.0016322598569771928
88.5 0.0015159934286818708
89.5 0.0014827744491689213
90.5 0.0012200425202937763
91.5 0.001167194143795902
92.5 0.0009512707769617315
93.5 0.0008606735601082338
94.5 0.0007957455546965601
95.5 0.0007564867607267103
96.5 0.0006960886161577116
97.5 0.0006024714920757635
98.5 0.0005345235794356398
99.5 0.0004348666408967918
100.5 0.00046959557402396606
101.5 0.0004091974294549674
102.5 0.0003563490529570935
103.5 0.00033369974874371895
104.5 0.00029293100115964456
105.5 0.00026424188248937007
106.5 0.00028387127947429467
107.5 0.00022498308851952076
108.5 0.0002053536915345962
109.5 0.00020535369153459613
110.5 0.00020686364514882106
111.5 0.0001842143409354465
112.5 0.00016760485117897175
113.5 0.0001509953614224971
114.5 0.00012230624275222252
115.5 0.0001313659644375724
116.5 0.0001298560108233474
117.5 0.00013891573250869726
118.5 0.00011626642829532263
119.5 0.00012683610359489746
120.5 0.00013589582528024727
121.5 0.00013287591805179733
122.5 9.51270776961731e-05
123.5 0.00011324652106687271
124.5 0.00010569675299574788
125.5 0.00014646550057982212
126.5 0.00012381619636644752
127.5 0.00015250531503672201
128.5 0.00012834605720912247
129.5 0.0001449555469655972
130.5 0.00015250531503672204
131.5 0.00019176410900657138
132.5 0.00018119443370699659
133.5 0.0001917641090065714
134.5 0.00020233378430614617
135.5 0.00024310253189022046
136.5 0.00029746086200231934
137.5 0.000265751836103595
138.5 0.0003518191921144183
139.5 0.00040466756861229266
140.5 0.00044694626981059155
141.5 0.00048771501739466573
142.5 0.0005722724197912639
143.5 0.000588881909547739
144.5 0.0007187379203710861
145.5 0.0008576536528797834
146.5 0.000922581658291457
147.5 0.0010675372052570543
148.5 0.0012895003865481247
149.5 0.0013951971395438731
150.5 0.001629239949748744
151.5 0.0019100913219945882
152.5 0.0022619105141090056
153.5 0.002494443370699652
154.5 0.0029640389447236183
155.5 0.0033264278121376114
156.5 0.0038247125048318504
157.5 0.0042988379396984916
158.5 0.004685386064940088
159.5 0.005656286238886743
160.5 0.006174200328565904
161.5 0.006877838712794739
162.5 0.007768711345187476
163.5 0.00862787495168148
164.5 0.009295274449168923
165.5 0.010211816293003474
166.5 0.011244624565133358
167.5 0.01223062427522226
168.5 0.013347989949748739
169.5 0.014664669501352907
170.5 0.015330559045226129
171.5 0.016512852725164288
172.5 0.01725423994974875
173.5 0.018166251932740622
174.5 0.01888045999226905
175.5 0.01984834025898725
176.5 0.020141271260146892
177.5 0.020772431870892928
178.5 0.02108348231542328
179.5 0.020885678391959806
180.5 0.021276756378044066
181.5 0.020778471685349825
182.5 0.020527819385388488
183.5 0.020257537688442205
184.5 0.01973207383069192
185.5 0.018900089389253957
186.5 0.018317247294163123
187.5 0.017559250579822192
188.5 0.016253140703517598
189.5 0.015329049091611908
190.5 0.014303790587553156
191.5 0.013479355914186319
192.5 0.012641331658291457
193.5 0.011320122245844609
194.5 0.010240505411673751
195.5 0.0092877246810978
196.5 0.008428561074603786
197.5 0.007741532180131427
198.5 0.006705704000773096
199.5 0.006168160514109008
200.5 0.005382984634712022
201.5 0.00465367703904136
202.5 0.0042973279860842655
203.5 0.003779413896405101
204.5 0.003312838229609587
205.5 0.0027903942790877445
206.5 0.0025050130459992256
207.5 0.0020656165442597607
208.5 0.00187385243525319
209.5 0.0016881281407035169
210.5 0.0014299260726710473
211.5 0.0012940302473908004
212.5 0.0010584774835717043
213.5 0.0010192186896018556
214.5 0.0008002754155392341
215.5 0.0007881957866254349
216.5 0.0006160610746037883
217.5 0.0005164041360649402
218.5 0.00047865529570931584
219.5 0.00045600599149594117
220.5 0.0004182571511403172
221.5 0.0003140703517587943
222.5 0.0002944409547738696
223.5 0.0002929310011596445
224.5 0.00027632151140316976
225.5 0.00023857267104754548
226.5 0.0001857242945496714
227.5 0.00019478401623502142
228.5 0.0001600550831078469
229.5 0.00019629396984924635
230.5 0.00013740577889447236
231.5 0.00012834605720912247
232.5 0.00012532614998067248
233.5 0.0001479754541940471
234.5 0.0001298560108233474
235.5 0.00010569675299574787
236.5 0.00011173656745264775
237.5 0.00011777638190954764
238.5 0.00011173656745264777
239.5 0.0001192863355237726
240.5 0.00010418679938152291
241.5 9.965693853884798e-05
242.5 0.00010871666022419782
243.5 0.00011626642829532267
244.5 0.0001389157325086973
245.5 0.00015099536142249711
246.5 0.00014646550057982217
247.5 0.00015854512949362205
248.5 0.00015401526865094708
249.5 0.0002008238306919212
250.5 0.00020082383069192124
251.5 0.00021592336683417092
252.5 0.0002113935059914961
253.5 0.00023404281020487065
254.5 0.0002627319288751451
255.5 0.00026424188248937
256.5 0.00036389882102821815
257.5 0.0003231300734441441
258.5 0.00040013770776961755
259.5 0.00042127705836876746
260.5 0.0004575159451101663
261.5 0.0005435833011209896
262.5 0.0005601927908774642
263.5 0.0006432402396598374
264.5 0.0006930687089292618
265.5 0.000785175879396985
266.5 0.0009120119829918826
267.5 0.0010297883649014305
268.5 0.001150584654039428
269.5 0.0012230624275222268
270.5 0.0012955402010050249
271.5 0.0013921772323154228
272.5 0.0015990408774642449
273.5 0.0017319167955160415
274.5 0.001970489466563587
275.5 0.0021622535755701573
276.5 0.00232381861229223
277.5 0.002592590355624275
278.5 0.002726976227290298
279.5 0.003065205836876692
280.5 0.0031769424043293403
281.5 0.0033158581368380375
282.5 0.0034396743332044824
283.5 0.003966648144568997
284.5 0.0040285562427522245
285.5 0.004135762949362196
286.5 0.004457383069192112
287.5 0.0046340476420564354
288.5 0.004575159451101663
289.5 0.00495717771550058
290.5 0.004757863838422881
291.5 0.0050236156745264784
292.5 0.004792592771550059
293.5 0.004887719849246232
294.5 0.004877150173946653
295.5 0.0048182619829918805
296.5 0.004825811751063006
297.5 0.00450721153846154
298.5 0.004671796482412058
299.5 0.004258069192114417
300.5 0.004069324990336296
301.5 0.0037899835717046765
302.5 0.0037099560301507542
303.5 0.003460813683803633
304.5 0.0032494201778121377
305.5 0.0029474294549671435
306.5 0.002689227386934673
307.5 0.002387236664089678
308.5 0.0022332213954387318
309.5 0.002094305662930035
310.5 0.001885932064166988
311.5 0.001611120506378045
312.5 0.0014586151913413225
313.5 0.0012698709895632007
314.5 0.0010916964630846542
315.5 0.0009195617510630077
316.5 0.0007836659257827603
317.5 0.0007142080595284113
318.5 0.000620590935446463
319.5 0.0005043245071511401
320.5 0.00045147613065326655
321.5 0.00035634905295709314
322.5 0.0003035006764592194
323.5 0.00025820206803247014
324.5 0.00021139350599149603
325.5 0.00016760485117897178
326.5 0.0001479754541940471
327.5 9.210717046772315e-05
328.5 8.45574023965983e-05
329.5 7.851758793969844e-05
330.5 7.096781986857359e-05
331.5 4.378865481252415e-05
332.5 3.925879396984924e-05
333.5 3.4728933127174336e-05
334.5 3.170902589872439e-05
335.5 3.6238886741399304e-05
336.5 2.7179165056049485e-05
337.5 1.5099536142249712e-05
338.5 1.5099536142249712e-05
339.5 1.2079628913799769e-05
340.5 1.358958252802474e-05
341.5 9.059721685349826e-06
342.5 6.039814456899884e-06
343.5 6.039814456899884e-06
344.5 6.039814456899884e-06
345.5 4.529860842674913e-06
346.5 4.529860842674913e-06
347.5 3.019907228449942e-06
348.5 1.509953614224971e-06
349.5 0.0
350.5 1.509953614224971e-06
351.5 0.0
352.5 1.509953614224971e-06
353.5 4.529860842674913e-06
354.5 1.509953614224971e-06
355.5 3.019907228449942e-06
356.5 1.509953614224971e-06
357.5 0.0
358.5 0.0
359.5 3.019907228449942e-06
