0.5 4.8318515655199076e-05
1.5 4.5298608426749126e-05
2.5 3.925879396984924e-05
3.5 4.378865481252416e-05
4.5 6.794791264012368e-05
5.5 8.757730962504829e-05
6.5 0.00010267684576729797
7.5 0.0001223062427522226
8.5 0.00015401526865094705
9.5 0.00018421434093544655
10.5 0.00022347313490529578
11.5 0.00025971202164669507
12.5 0.00031407035175879403
13.5 0.0003669187282566682
14.5 0.0005254638577502901
15.5 0.000628140703517588
16.5 0.0007157180131426361
17.5 0.0008621835137224582
18.5 0.0010071390606880555
19.5 0.0012019230769230761
20.5 0.0014148265365287983
21.5 0.001733426749130266
22.5 0.002053536915345961
23.5 0.002097325570158485
24.5 0.0025352121182837264
25.5 0.0028794815423270163
26.5 0.00314070351758794
27.5 0.0034502440085040563
28.5 0.0037431750096637026
29.5 0.004008926845767298
30.5 0.004427183996907613
31.5 0.004727664766138381
32.5 0.0050855237727097016
33.5 0.005268228160030924
34.5 0.005687995264785466
35.5 0.005896368863548512
36.5 0.006066993621955932
37.5 0.006054913993042133
38.5 0.006130411673753379
39.5 0.005991495941244687
40.5 0.0059884760340162355
41.5 0.005980926265945111
42.5 0.0058661697912640145
43.5 0.005645716563587164
44.5 0.005434323057595668
45.5 0.005129312427522224
46.5 0.005047774932354077
47.5 0.004659716853498263
48.5 0.004313937475840742
49.5 0.0041493525318902205
50.5 0.003820182643989176
51.5 0.0035680203904136067
52.5 0.003204121569385389
53.5 0.002817573444143796
54.5 0.0025895704483958246
55.5 0.0023645873598763046
56.5 0.0020701464051024344
57.5 0.0018104343834557403
58.5 0.0016262200425202942
59.5 0.0014616350985697723
60.5 0.0012668510823347504
61.5 0.0011309552570545037
62.5 0.0009618404522613064
63.5 0.0009225816582914569
64.5 0.0007459170854271355
65.5 0.0006960886161577114
66.5 0.0006477701005025124
67.5 0.0005752923270197139
68.5 0.0004620458059528414
69.5 0.0004016476613838426
70.5 0.0004001377077696175
71.5 0.00036087891379976825
72.5 0.00030954049091611903
73.5 0.00029746086200231945
74.5 0.0002717916505604951
75.5 0.0003155803053730192
76.5 0.00027783146501739496
77.5 0.00026424188248937
78.5 0.0002884011403169696
79.5 0.00028538123308851965
80.5 0.0002612219752609201
81.5 0.0003155803053730191
82.5 0.00033218979512949376
83.5 0.00032765993428681876
84.5 0.00027783146501739485
85.5 0.00032313007344414403
86.5 0.0003986277541553927
87.5 0.00036238886741399317
88.5 0.0003306798415152688
89.5 0.00039409789331271746
90.5 0.00035936896018554315
91.5 0.00040768747584074246
92.5 0.0004258069192114419
93.5 0.0003835282180131428
94.5 0.0003910779860842676
95.5 0.0003744684963277929
96.5 0.0003986277541553923
97.5 0.0003971178005411677
98.5 0.00043637659451101695
99.5 0.0004650657131812914
100.5 0.00042127705836876697
101.5 0.00042278701198299217
102.5 0.0004258069192114423
103.5 0.00038201826439891766
104.5 0.000371448589099343
105.5 0.0004076874758407424
106.5 0.0003925879396984928
107.5 0.00036087891379976814
108.5 0.00035634905295709346
109.5 0.00039107798608426766
110.5 0.0003910779860842678
111.5 0.0003835282180131429
112.5 0.00039409789331271773
113.5 0.0003684286818708933
114.5 0.00039107798608426766
115.5 0.00042882682643989193
116.5 0.0004378865481252417
117.5 0.00044090645535369157
118.5 0.0005435833011209896
119.5 0.000570762466177039
120.5 0.0006100212601468884
121.5 0.0007126981059141861
122.5 0.0008410441631233081
123.5 0.0009301314263625821
124.5 0.000990529570931581
125.5 0.0012336321028218011
126.5 0.0013846274642442982
127.5 0.001526563103981446
128.5 0.0017757054503285657
129.5 0.0020203179358330107
130.5 0.0024098859683030533
131.5 0.002834182933900271
132.5 0.003102954677232317
133.5 0.003420044936219559
134.5 0.004046675686122922
135.5 0.00438339534209509
136.5 0.005121762659451101
137.5 0.005728764012369539
138.5 0.0062451681484344814
139.5 0.006895958156165441
140.5 0.00749993960185543
141.5 0.008066172207189791
142.5 0.008642974487823737
143.5 0.009538376981059141
144.5 0.010305433417085424
145.5 0.010919984538074985
146.5 0.011295962988017008
147.5 0.011930143505991496
148.5 0.012393699265558555
149.5 0.01287839437572478
150.5 0.013435567259373792
151.5 0.013498985311171233
152.5 0.013794936219559338
153.5 0.013778326729802861
154.5 0.014003309818322379
155.5 0.014201113741785851
156.5 0.014090887127947425
157.5 0.013692259373792036
158.5 0.013165285562427523
159.5 0.012852725164282949
160.5 0.012603582817935825
161.5 0.012096238403556241
162.5 0.011418269230769234
163.5 0.010788618573637419
164.5 0.010355261886354848
165.5 0.00985848714727483
166.5 0.008964594607653654
167.5 0.008230757151140316
168.5 0.007903097216853495
169.5 0.0070318539814456914
170.5 0.006562258407421721
171.5 0.006142491302667182
172.5 0.0055973980479319665
173.5 0.005159511499806727
174.5 0.004815242075763432
175.5 0.004437753672207189
176.5 0.004191631233088521
177.5 0.003892660417471975
178.5 0.0036223787205257076
179.5 0.0033520970235794345
180.5 0.003365686606107458
181.5 0.0035302715500579816
182.5 0.003314348183223812
183.5 0.0033883359103208353
184.5 0.0035000724777734826
185.5 0.0034124951681484333
186.5 0.0038805807885581743
187.5 0.0038866206030150775
188.5 0.004190121279474295
189.5 0.004261089099342867
190.5 0.004621968013142635
191.5 0.004809202261306533
192.5 0.005138372149207576
193.5 0.005251618670274448
194.5 0.005562669114804789
195.5 0.005724234151526868
196.5 0.006056423946656359
197.5 0.006314626014688829
198.5 0.006497330402010051
199.5 0.00676157228449942
200.5 0.006820460475454198
201.5 0.007018264398917665
202.5 0.007243247487437186
203.5 0.007161709992269038
204.5 0.007391222941631234
205.5 0.007009204677232315
206.5 0.0070484634712021646
207.5 0.006959376207962891
208.5 0.006600007247777349
209.5 0.006580377850792425
210.5 0.006418812814070348
211.5 0.006000555662930034
212.5 0.0057136644762272905
213.5 0.005567198975647466
214.5 0.005171591128720527
215.5 0.004985866834170856
216.5 0.004718605044453035
217.5 0.004217300444530345
218.5 0.0037869636644762257
219.5 0.0034306146115191355
220.5 0.0031799623115577897
221.5 0.0028991109393119436
222.5 0.002568431097796675
223.5 0.002355527638190954
224.5 0.002109405199072284
225.5 0.0019191510436799377
226.5 0.0017545660997294159
227.5 0.0015235431967529954
228.5 0.0012819506184770005
229.5 0.0011400149787398534
230.5 0.00104186799381523
231.5 0.000896912446849633
232.5 0.000892382586006958
233.5 0.0007534668534982599
234.5 0.0007187379203710859
235.5 0.0005873719559335135
236.5 0.000563212698105914
237.5 0.0005511330691921145
238.5 0.00048167520293776575
239.5 0.0004726154812524161
240.5 0.0004816752029377661
241.5 0.0004711055276381914
242.5 0.00046355575956706624
243.5 0.0004726154812524162
244.5 0.0004786552957093161
245.5 0.0004922448782373408
246.5 0.0005209339969076151
247.5 0.0005360335330498649
248.5 0.0005058344607653654
249.5 0.0004937548318515657
250.5 0.0005420733475067647
251.5 0.0005405633938925396
252.5 0.0006024714920757635
253.5 0.0005798221878623891
254.5 0.0005949217240046384
255.5 0.0005964316776188634
256.5 0.0006130411673753381
257.5 0.0006809890800154615
258.5 0.0006205909354464634
259.5 0.0006024714920757635
260.5 0.0006356904715887128
261.5 0.0006341805179744878
262.5 0.0006341805179744878
263.5 0.0006704194047158871
264.5 0.0006462601468882875
265.5 0.0006522999613451873
266.5 0.0006643795902589876
267.5 0.0006311606107460376
268.5 0.0006039814456899887
269.5 0.0006145511209895631
270.5 0.0006236108426749133
271.5 0.0005617027444916888
272.5 0.0006311606107460378
273.5 0.0006251207962891382
274.5 0.000582842095090839
275.5 0.000585862002319289
276.5 0.0005647226517201394
277.5 0.0005435833011209897
278.5 0.000536033533049865
279.5 0.000480165249323541
280.5 0.00046355575956706624
281.5 0.0004454363161963668
282.5 0.00043033678005411697
283.5 0.0004544960378817165
284.5 0.00038956803247004274
285.5 0.00035785900657131834
286.5 0.00032916988790104374
287.5 0.0003503092385001935
288.5 0.0003578590065713182
289.5 0.0003382296095863935
290.5 0.00036238886741399306
291.5 0.00031709025898724426
292.5 0.0003487992848859683
293.5 0.0004107073830691925
294.5 0.0003684286818708932
295.5 0.00039711780054116754
296.5 0.0004227870119829919
297.5 0.0004877150173946656
298.5 0.0006130411673753386
299.5 0.0006160610746037882
300.5 0.0006960886161577117
301.5 0.0007942356010823346
302.5 0.0008244346733668336
303.5 0.0009271115191341318
304.5 0.0010297883649014298
305.5 0.0012472216853498257
306.5 0.0013242293196752987
307.5 0.0014827744491689217
308.5 0.0015884712021646693
309.5 0.0016866181870892924
310.5 0.0018723424816389637
311.5 0.0020943056629300345
312.5 0.002168293390027058
313.5 0.0023660973134905293
314.5 0.0024853836490143005
315.5 0.0027299961345187474
316.5 0.0027828445110166205
317.5 0.0028885412640123707
318.5 0.0030712456513335906
319.5 0.003035006764592191
320.5 0.003323407904909162
321.5 0.0032086514302280644
322.5 0.003324917858523385
323.5 0.0032554599922690382
324.5 0.0032267708735987622
325.5 0.003063695883262466
326.5 0.00316184286818709
327.5 0.002998767877850793
328.5 0.002900620892926169
329.5 0.002725466273676073
330.5 0.002521622535755701
331.5 0.0023721371279474294
332.5 0.0022105720912253585
333.5 0.002012768167761886
334.5 0.0018179841515268643
335.5 0.001728896888287591
336.5 0.0013997270003865477
337.5 0.001309129783533049
338.5 0.0011475647468109776
339.5 0.0010448879010436793
340.5 0.0008561436992655585
341.5 0.0007036383842288364
342.5 0.0006070013529184382
343.5 0.0005330136258214149
344.5 0.00045600599149594133
345.5 0.00036993863548511814
346.5 0.00028840114031696956
347.5 0.00027632151140316965
348.5 0.000209883552377271
349.5 0.00016458494395052176
350.5 0.0001494854078082721
351.5 0.00011173656745264782
352.5 9.21071704677232e-05
353.5 6.945786625434864e-05
354.5 6.492800541167373e-05
355.5 5.435833011209894e-05
356.5 6.341805179744877e-05
357.5 3.6238886741399304e-05
358.5 4.076874758407421e-05
359.5 3.62388867413993e-05
