0.5 0.0
1.5 0.0
2.5 0.0
3.5 0.0
4.5 3.019907228449942e-06
5.5 1.509953614224971e-06
6.5 3.019907228449942e-06
7.5 4.529860842674913e-06
8.5 1.509953614224971e-06
9.5 4.529860842674913e-06
10.5 0.0
11.5 0.0
12.5 6.039814456899884e-06
13.5 1.509953614224971e-06
14.5 3.019907228449942e-06
15.5 1.509953614224971e-06
16.5 4.529860842674913e-06
17.5 0.0
18.5 4.529860842674913e-06
19.5 1.5099536142249712e-05
20.5 4.529860842674913e-06
21.5 7.549768071124854e-06
22.5 1.2079628913799769e-05
23.5 1.2079628913799769e-05
24.5 1.2079628913799769e-05
25.5 1.0569675299574797e-05
26.5 2.7179165056049485e-05
27.5 2.11393505991496e-05
28.5 4.227870119829918e-05
29.5 5.284837649787396e-05
30.5 5.737823734054886e-05
31.5 6.190809818322378e-05
32.5 8.002754155392338e-05
33.5 9.361712408194811e-05
34.5 0.0001253261499806725
35.5 0.0001464655005798222
36.5 0.0001932740626207963
37.5 0.00023102290297642066
38.5 0.0002853812330885196
39.5 0.00032464002705836906
40.5 0.0004122173366834172
41.5 0.0005073444143795904
42.5 0.0005768022806339392
43.5 0.0006266307499033628
44.5 0.0008742631426362584
45.5 0.0008787930034789329
46.5 0.0010962263239273288
47.5 0.0012170226130653267
48.5 0.0014012369540007726
49.5 0.00156431194433707
50.5 0.0017621158678005405
51.5 0.0018904619250096643
52.5 0.002254360746037882
53.5 0.0024249855044453034
54.5 0.002733016041747197
55.5 0.002874951681484343
56.5 0.0032116713374565125
57.5 0.003232810688055662
58.5 0.003688816679551602
59.5 0.0038171627367607273
60.5 0.0040949942017781205
61.5 0.004235419887901042
62.5 0.004359236084267491
63.5 0.00435621617703904
64.5 0.004406044646308463
65.5 0.00443473376497874
66.5 0.004570629590258988
67.5 0.004552510146888286
68.5 0.004458893022806338
69.5 0.0044392636258214135
70.5 0.004466442790877461
71.5 0.004387925202937767
72.5 0.004084424526478547
73.5 0.003877560881329724
74.5 0.004110093737920373
75.5 0.003720525705450328
76.5 0.003500072477773484
77.5 0.003202611615771164
78.5 0.0030289669501352904
79.5 0.0028643820061847692
80.5 0.0027133866447622726
81.5 0.002394786432160804
82.5 0.0023253285659064556
83.5 0.0020822260340162355
84.5 0.0018889519713954383
85.5 0.0018043945689988404
86.5 0.001593001063007344
87.5 0.0014193563973714724
88.5 0.0013166795516041743
89.5 0.0011973932160804024
90.5 0.0011279353498260532
91.5 0.0009995892926169308
92.5 0.0008787930034789332
93.5 0.0007987654619250096
94.5 0.0007217578275995358
95.5 0.0006341805179744876
96.5 0.0005843520487050634
97.5 0.0005571728836490142
98.5 0.0005254638577502901
99.5 0.0004695955740239663
100.5 0.00039862775415539273
101.5 0.00038503817162736774
102.5 0.0003880580788558177
103.5 0.00030048076923076957
104.5 0.00030350067645921943
105.5 0.00025518216080402023
106.5 0.0002597120216466953
107.5 0.0002521622535755702
108.5 0.0002415925782759955
109.5 0.00020686364514882106
110.5 0.00020082383069192132
111.5 0.0001781745264785466
112.5 0.0001585451294936219
113.5 0.00016760485117897183
114.5 0.0001419356397371473
115.5 0.00014797545419404712
116.5 0.0001449555469655972
117.5 0.000154015268650947
118.5 0.00015854512949362197
119.5 0.0001389157325086972
120.5 0.00014797545419404712
121.5 0.0001449555469655971
122.5 0.00011928633552377258
123.5 0.00017817452647854654
124.5 0.00019327406262079639
125.5 0.00016458494395052187
126.5 0.00018119443370699653
127.5 0.00017364466563587162
128.5 0.00018119443370699648
129.5 0.0002461224391186705
130.5 0.00024310253189022043
131.5 0.00024914234634712047
132.5 0.000268771743332045
133.5 0.00032464002705836906
134.5 0.00035785900657131834
135.5 0.0003638988210282184
136.5 0.00039560784692694277
137.5 0.0005058344607653654
138.5 0.0004967747390800152
139.5 0.0005043245071511403
140.5 0.0006462601468882873
141.5 0.000732327502899111
142.5 0.0008697332817935836
143.5 0.0009256015655199069
144.5 0.0010282784112872053
145.5 0.0012411818708929264
146.5 0.0013529184383455732
147.5 0.001547702454580595
148.5 0.001740976517201392
149.5 0.002085245941244684
150.5 0.002255870699652107
151.5 0.002594100309238499
152.5 0.0029715887127947428
153.5 0.0033505870699652093
154.5 0.003738645148821028
155.5 0.004348666408967914
156.5 0.0047246448589099346
157.5 0.005280307788944723
158.5 0.005749903362968687
159.5 0.006536589195979897
160.5 0.007051483378430615
161.5 0.007676604174719754
162.5 0.00863844462698106
163.5 0.00947344897564747
164.5 0.010417169984538073
165.5 0.011001522033243137
166.5 0.012022250676459217
167.5 0.013005230479319676
168.5 0.013884023482798614
169.5 0.014663159547738695
170.5 0.015495143989176657
171.5 0.01625918051797449
172.5 0.01683296289137999
173.5 0.01747318322381136
174.5 0.0184425734441438
175.5 0.018682656068805564
176.5 0.01950860069578663
177.5 0.019620337263239276
178.5 0.019587118283726328
179.5 0.019874009470429062
180.5 0.019614297448782368
181.5 0.019839280537301895
182.5 0.019590138190954783
183.5 0.019039005121762664
184.5 0.018877440085040584
185.5 0.01800317694240432
186.5 0.017459593641283338
187.5 0.017002077696173176
188.5 0.01613536432160804
189.5 0.015520813200618478
190.5 0.01479452551217626
191.5 0.013684709605720912
192.5 0.012872354561267882
193.5 0.012218544646308468
194.5 0.011300492848859683
195.5 0.010377911190568226
196.5 0.009547436702744496
197.5 0.008701862678778507
198.5 0.00791970670660997
199.5 0.007220598183223809
200.5 0.00661359683030537
201.5 0.005903918631619637
202.5 0.00514894182450715
203.5 0.004834871472748356
204.5 0.00425806919211442
205.5 0.0037899835717046778
206.5 0.0033475671627367625
207.5 0.003078795419404715
208.5 0.002579000773096251
209.5 0.002248320931580983
210.5 0.0020414572864321605
211.5 0.0017606059141863162
212.5 0.001611120506378044
213.5 0.0013559383455740233
214.5 0.0012366520100502508
215.5 0.001091696463084654
216.5 0.0009391911480479317
217.5 0.0008214147661383844
218.5 0.0007821559721685348
219.5 0.0006855189408581367
220.5 0.0005737823734054891
221.5 0.0005269738113645149
222.5 0.0004952647854657906
223.5 0.0003940978933127177
224.5 0.00032614998067259405
225.5 0.0003170902589872441
226.5 0.00033520970235794394
227.5 0.00026122197526092026
228.5 0.00027028169694626994
229.5 0.00019780392346347117
230.5 0.00020988355237727105
231.5 0.00022347313490529588
232.5 0.0001736446656358717
233.5 0.00019176410900657138
234.5 0.0001600550831078469
235.5 0.00015250531503672204
236.5 0.00015250531503672207
237.5 0.00014344559335137212
238.5 0.00015552522226517203
239.5 0.00015401526865094697
240.5 0.0001253261499806725
241.5 0.00011928633552377262
242.5 0.00013438587166602234
243.5 0.00016760485117897183
244.5 0.00018421434093544658
245.5 0.00016911480479319681
246.5 0.00018572429454967148
247.5 0.00016458494395052184
248.5 0.00017062475840742174
249.5 0.00018572429454967153
250.5 0.00020233378430614625
251.5 0.00025669211441824527
252.5 0.0002431025318902204
253.5 0.00027028169694627
254.5 0.0002914210475454195
255.5 0.0002672617897178199
256.5 0.000321620119829919
257.5 0.0003563490529570936
258.5 0.00042127705836876686
259.5 0.000422787011982992
260.5 0.00048620506378044075
261.5 0.0005013045999226905
262.5 0.0005888819095477386
263.5 0.0005662326053343642
264.5 0.0006960886161577117
265.5 0.0006855189408581368
266.5 0.0007806460185543101
267.5 0.0008848328179358331
268.5 0.001002609199845381
269.5 0.0010901865094704287
270.5 0.0011430348859683033
271.5 0.0013242293196752998
272.5 0.001448045516041747
273.5 0.0016473593931194438
274.5 0.001777215403942791
275.5 0.0019418003478933123
276.5 0.0020429672400463844
277.5 0.0023328783339775813
278.5 0.0024491447622729035
279.5 0.0028825014495554684
280.5 0.0030138674139930416
281.5 0.0031527831465017397
282.5 0.0033052884615384637
283.5 0.0034925227097023595
284.5 0.003796023386161576
285.5 0.003870011113258599
286.5 0.003975707866254348
287.5 0.004144822671047545
288.5 0.004342626594511018
289.5 0.004321487243911865
290.5 0.0045434504252029355
291.5 0.00454798028604561
292.5 0.004600828662543485
293.5 0.0045872390800154594
294.5 0.004552510146888285
295.5 0.0043547062234248176
296.5 0.004372825666795517
297.5 0.004224850212601468
298.5 0.004082914572864322
299.5 0.0038851106494008484
300.5 0.0037099560301507534
301.5 0.0035574507151140307
302.5 0.0033400173946656346
303.5 0.003246400270583688
304.5 0.00301688732122149
305.5 0.0026907373405488997
306.5 0.0024083760146888272
307.5 0.0021682933900270583
308.5 0.0019946487243911867
309.5 0.0018255339195979887
310.5 0.001642829532276768
311.5 0.0013423487630459996
312.5 0.001183803633552377
313.5 0.0011067959992269035
314.5 0.000937681194433707
315.5 0.0008667133745651334
316.5 0.0006840089872439119
317.5 0.0005813321414766137
318.5 0.00048167520293776564
319.5 0.0004031576149980675
320.5 0.0003744684963277929
321.5 0.0003035006764592193
322.5 0.00023404281020487065
323.5 0.0001691148047931968
324.5 0.00017666457286432161
325.5 0.00013589582528024732
326.5 9.512707769617312e-05
327.5 0.00011777638190954761
328.5 7.549768071124849e-05
329.5 5.133842288364899e-05
330.5 3.925879396984925e-05
331.5 3.321897951294936e-05
332.5 2.7179165056049485e-05
333.5 3.321897951294937e-05
334.5 2.11393505991496e-05
335.5 2.4159257827599538e-05
336.5 6.039814456899884e-06
337.5 1.2079628913799769e-05
338.5 1.358958252802474e-05
339.5 1.0569675299574797e-05
340.5 9.059721685349826e-06
341.5 6.039814456899884e-06
342.5 3.019907228449942e-06
343.5 4.529860842674913e-06
344.5 4.529860842674913e-06
345.5 3.019907228449942e-06
346.5 4.529860842674913e-06
347.5 4.529860842674913e-06
348.5 1.509953614224971e-06
349.5 3.019907228449942e-06
350.5 0.0
351.5 4.529860842674913e-06
352.5 6.039814456899884e-06
353.5 0.0
354.5 0.0
355.5 1.509953614224971e-06
356.5 1.509953614224971e-06
357.5 0.0
358.5 0.0
359.5 0.0
