0.5 3.019907228449942e-06
1.5 1.509953614224971e-06
2.5 1.509953614224971e-06
3.5 0.0
4.5 1.509953614224971e-06
5.5 3.019907228449942e-06
6.5 1.509953614224971e-06
7.5 0.0
8.5 0.0
9.5 3.019907228449942e-06
10.5 1.509953614224971e-06
11.5 4.529860842674913e-06
12.5 0.0
13.5 1.509953614224971e-06
14.5 3.019907228449942e-06
15.5 4.529860842674913e-06
16.5 3.019907228449942e-06
17.5 1.0569675299574797e-05
18.5 1.509953614224971e-06
19.5 3.019907228449942e-06
20.5 4.529860842674913e-06
21.5 4.529860842674913e-06
22.5 7.549768071124854e-06
23.5 1.509953614224971e-06
24.5 7.549768071124854e-06
25.5 3.019907228449942e-06
26.5 1.8119443370699655e-05
27.5 1.9629396984924627e-05
28.5 2.7179165056049478e-05
29.5 2.717916505604948e-05
30.5 3.4728933127174336e-05
31.5 3.0199072284499424e-05
32.5 4.680856204097408e-05
33.5 5.284837649787396e-05
34.5 7.398772709702355e-05
35.5 7.398772709702355e-05
36.5 9.210717046772317e-05
37.5 0.00011475647468109773
38.5 0.00015703517587939701
39.5 0.00014646550057982214
40.5 0.00017968448009277155
41.5 0.00020233378430614625
42.5 0.00027632151140316987
43.5 0.0002748115577889448
44.5 0.0003352097023579438
45.5 0.00039258793969849264
46.5 0.0003820182643989179
47.5 0.0005028145535369156
48.5 0.0005194240432933903
49.5 0.0005979416312330886
50.5 0.0006356904715887129
51.5 0.0007806460185543102
52.5 0.0007866858330112098
53.5 0.0008078251836103595
54.5 0.0009573105914186315
55.5 0.0010131788751449558
56.5 0.0011385050251256279
57.5 0.001099246231155779
58.5 0.0012019230769230761
59.5 0.001221552473908002
60.5 0.0013438587166602243
61.5 0.0013166795516041745
62.5 0.0013408388094317736
63.5 0.0014480455160417467
64.5 0.0014646550057982209
65.5 0.0015099536142249713
66.5 0.0013967070931580976
67.5 0.00150693370699652
68.5 0.0015280730575956704
69.5 0.0014918341708542709
70.5 0.0015431725937379195
71.5 0.001508443660610746
72.5 0.0014601251449555467
73.5 0.001346878623888674
74.5 0.0013740577889447235
75.5 0.0013227193660610742
76.5 0.0011702140510243522
77.5 0.0012004131233088508
78.5 0.0011747439118670272
79.5 0.0010720670660997293
80.5 0.0011173656745264789
81.5 0.0009467409161190564
82.5 0.0009452309625048319
83.5 0.0009029522613065329
84.5 0.0008229247197526093
85.5 0.0008017853691534597
86.5 0.0007323275028991107
87.5 0.0006704194047158869
88.5 0.0005813321414766141
89.5 0.000575292327019714
90.5 0.00046959557402396633
91.5 0.0004877150173946657
92.5 0.00039862775415539257
93.5 0.000428826826439892
94.5 0.0003457793776575185
95.5 0.0002838712794742948
96.5 0.00028991109393119443
97.5 0.0002536722071897952
98.5 0.00020233378430614603
99.5 0.00022196318129107085
100.5 0.00021290345960572096
101.5 0.00015250531503672207
102.5 0.00013438587166602237
103.5 0.00013740577889447236
104.5 0.00010871666022419786
105.5 0.00010569675299574792
106.5 8.002754155392342e-05
107.5 8.757730962504828e-05
108.5 8.304744878237334e-05
109.5 7.54976807112485e-05
110.5 7.096781986857359e-05
111.5 8.304744878237337e-05
112.5 4.5298608426749126e-05
113.5 5.2848376497873974e-05
114.5 5.7378237340548885e-05
115.5 5.133842288364899e-05
116.5 3.472893312717433e-05
117.5 4.9828469269424024e-05
118.5 5.2848376497873974e-05
119.5 3.321897951294937e-05
120.5 4.6808562040974094e-05
121.5 5.5868283726323903e-05
122.5 4.3788654812524145e-05
123.5 4.831851565519907e-05
124.5 3.0199072284499428e-05
125.5 6.945786625434863e-05
126.5 4.9828469269424024e-05
127.5 5.5868283726323903e-05
128.5 6.945786625434862e-05
129.5 6.794791264012366e-05
130.5 8.002754155392341e-05
131.5 9.965693853884802e-05
132.5 9.663703131039806e-05
133.5 9.210717046772317e-05
134.5 0.0001223062427522226
135.5 0.00013740577889447228
136.5 0.00016307499033629691
137.5 0.00016911480479319681
138.5 0.00020535369153459608
139.5 0.00020384373792037126
140.5 0.00031407035175879414
141.5 0.00034426942404329366
142.5 0.0003533291457286434
143.5 0.0004529860842674913
144.5 0.0004907349246231155
145.5 0.0005768022806339388
146.5 0.000726287688442211
147.5 0.0008244346733668342
148.5 0.000982979802860456
149.5 0.001129445303440278
150.5 0.001380097603401623
151.5 0.0014676749130266712
152.5 0.0018406334557402398
153.5 0.0020792061267877852
154.5 0.0023660973134905293
155.5 0.002736035948975647
156.5 0.0031361736567452653
157.5 0.0036299284885968294
158.5 0.004143312717433319
159.5 0.004849971008890608
160.5 0.005464522129880168
161.5 0.006121351952068032
162.5 0.006912567645921917
163.5 0.0075799671434093555
164.5 0.008440640703517587
165.5 0.009343592964824116
166.5 0.010238995458059529
167.5 0.010987932450715119
168.5 0.012186835620409744
169.5 0.013254372825666787
170.5 0.01399727000386548
171.5 0.014951560688055657
172.5 0.015955679841515268
173.5 0.016796724004638573
174.5 0.01752905150753769
175.5 0.018397274835717053
176.5 0.019035985214534222
177.5 0.019478401623502124
178.5 0.01951464051024353
179.5 0.020153350889060697
180.5 0.020373804116737542
181.5 0.020326995554696557
182.5 0.020465911287205263
183.5 0.02003557450715114
184.5 0.01922321946269811
185.5 0.018872910224197917
186.5 0.018675106300734448
187.5 0.017808392926169307
188.5 0.0168646719172787
189.5 0.01631202889447236
190.5 0.015412096540394276
191.5 0.014155815133359107
192.5 0.013477845960572091
193.5 0.012431448105914188
194.5 0.011536045612678772
195.5 0.010536456320061848
196.5 0.009538376981059145
197.5 0.00867468351372246
198.5 0.007836659257827595
199.5 0.006974475744105139
200.5 0.006364454483958252
201.5 0.005678935543100114
202.5 0.004833361519134132
203.5 0.004280718496327793
204.5 0.003910779860842675
205.5 0.0034094752609199835
206.5 0.0028447526091998445
207.5 0.002508032953227676
208.5 0.0022875797255508313
209.5 0.0019991785852338613
210.5 0.0016564191148047932
211.5 0.001420866350985698
212.5 0.0012396719172787015
213.5 0.0010947163703131037
214.5 0.0009452309625048317
215.5 0.0008501038848086587
216.5 0.000727797642056436
217.5 0.0006432402396598377
218.5 0.0005511330691921142
219.5 0.00044090645535369173
220.5 0.00036238886741399317
221.5 0.0003850381716273677
222.5 0.0003170902589872443
223.5 0.0002642418824893701
224.5 0.00023253285659064564
225.5 0.0002325328565906456
226.5 0.00019780392346347128
227.5 0.00016458494395052184
228.5 0.0001494854078082721
229.5 0.00015401526865094697
230.5 0.00014646550057982222
231.5 0.0001253261499806725
232.5 0.00010116689215307299
233.5 0.00012230624275222254
234.5 9.814698492462304e-05
235.5 9.361712408194812e-05
236.5 0.00010116689215307298
237.5 0.00011324652106687272
238.5 8.606735601082327e-05
239.5 7.398772709702352e-05
240.5 9.05972168534982e-05
241.5 9.361712408194813e-05
242.5 7.096781986857361e-05
243.5 9.512707769617312e-05
244.5 9.965693853884802e-05
245.5 0.00010418679938152293
246.5 9.814698492462303e-05
247.5 0.00011626642829532268
248.5 0.0001253261499806725
249.5 0.00014646550057982212
250.5 0.00016005508310784692
251.5 0.00013438587166602232
252.5 0.00017817452647854662
253.5 0.00023555276381909555
254.5 0.00022045322767684592
255.5 0.00024612243911867034
256.5 0.0002506522999613453
257.5 0.00030501063007344436
258.5 0.00034124951681484375
259.5 0.0003654087746424432
260.5 0.0004348666408967919
261.5 0.00048469511016621593
262.5 0.0006175710282180131
263.5 0.0006341805179744881
264.5 0.0007897057402396597
265.5 0.0008712432354078083
266.5 0.0009648603594897562
267.5 0.0010705571124855042
268.5 0.001200413123308852
269.5 0.0013755677425589484
270.5 0.0016367897178198691
271.5 0.0017862751256281398
272.5 0.0021018554310011594
273.5 0.0024884035562427512
274.5 0.0025563514688828758
275.5 0.003041046579049091
276.5 0.0033611567452647845
277.5 0.0036118090452261294
278.5 0.003898700231928875
279.5 0.004570629590258988
280.5 0.004907349246231156
281.5 0.005432813103981444
282.5 0.005855600115964441
283.5 0.006313116061074604
284.5 0.006793281310398144
285.5 0.007412362292230384
286.5 0.007933296289138
287.5 0.00819149835717047
288.5 0.008606735601082341
289.5 0.008911746231155782
290.5 0.009372282083494391
291.5 0.009515727676845767
292.5 0.009633504058755312
293.5 0.009767889930421334
294.5 0.009986833204483962
295.5 0.009728631136451487
296.5 0.009766379976807113
297.5 0.009548946656358717
298.5 0.009224306629300344
299.5 0.008665623792037107
300.5 0.008442150657131811
301.5 0.008144689795129492
302.5 0.007425951874758409
303.5 0.006917097506764595
304.5 0.006467131329725553
305.5 0.005912978353304985
306.5 0.005268228160030922
307.5 0.004803162446849632
308.5 0.004422654136064939
309.5 0.003892660417471975
310.5 0.00340796530730576
311.5 0.0031256039814456897
312.5 0.002669597989949748
313.5 0.0023419380556629304
314.5 0.0019719994201778117
315.5 0.0016745385581754927
316.5 0.0014510654232701972
317.5 0.0012683610359489753
318.5 0.0009995892926169306
319.5 0.0008561436992655581
320.5 0.0007489369926555856
321.5 0.0005783122342481638
322.5 0.0004907349246231156
323.5 0.0004137272902976421
324.5 0.000315580305373019
325.5 0.00030048076923076936
326.5 0.00020384373792037115
327.5 0.00020686364514882106
328.5 0.00016911480479319681
329.5 0.00013589582528024738
330.5 0.00010418679938152294
331.5 8.304744878237334e-05
332.5 5.7378237340548885e-05
333.5 5.7378237340548865e-05
334.5 5.737823734054888e-05
335.5 3.925879396984925e-05
336.5 3.6238886741399304e-05
337.5 2.11393505991496e-05
338.5 2.4159257827599538e-05
339.5 2.415925782759954e-05
340.5 1.0569675299574797e-05
341.5 1.0569675299574797e-05
342.5 1.5099536142249712e-05
343.5 1.6609489756474684e-05
344.5 1.0569675299574797e-05
345.5 4.529860842674913e-06
346.5 7.549768071124854e-06
347.5 4.529860842674913e-06
348.5 1.509953614224971e-06
349.5 3.019907228449942e-06
350.5 3.019907228449942e-06
351.5 1.509953614224971e-06
352.5 3.019907228449942e-06
353.5 4.529860842674913e-06
354.5 3.019907228449942e-06
355.5 1.509953614224971e-06
356.5 0.0
357.5 4.529860842674913e-06
358.5 1.509953614224971e-06
359.5 0.0
