0.5 3.0422507788161993e-06
1.5 1.5211253894080996e-06
2.5 1.5211253894080996e-06
3.5 0.0
4.5 4.563376168224299e-06
5.5 0.0
6.5 3.0422507788161993e-06
7.5 1.5211253894080996e-06
8.5 3.0422507788161993e-06
9.5 1.5211253894080996e-06
10.5 4.563376168224299e-06
11.5 3.0422507788161993e-06
12.5 1.5211253894080996e-06
13.5 3.0422507788161993e-06
14.5 3.0422507788161993e-06
15.5 3.0422507788161993e-06
16.5 4.563376168224299e-06
17.5 7.6056269470404984e-06
18.5 1.2169003115264797e-05
19.5 1.2169003115264797e-05
20.5 6.084501557632399e-06
21.5 1.2169003115264797e-05
22.5 1.5211253894080997e-05
23.5 1.8253504672897195e-05
24.5 2.5859131619937694e-05
25.5 2.8901382398753894e-05
26.5 2.1295755451713395e-05
27.5 3.498588395638629e-05
28.5 2.5859131619937694e-05
29.5 5.628163940809969e-05
30.5 7.301401869158878e-05
31.5 8.214077102803738e-05
32.5 8.974639797507788e-05
33.5 0.00010495765186915888
34.5 0.00013385903426791276
35.5 0.00018101392133956386
36.5 0.00020535192757009345
37.5 0.00023273218457943925
38.5 0.0002950983255451713
39.5 0.0003194363317757009
40.5 0.0004487319898753894
41.5 0.0004761122468847352
42.5 0.0005810698987538934
43.5 0.0006069290303738311
44.5 0.0008031542056074753
45.5 0.000920280860591899
46.5 0.001111942659657319
47.5 0.0012442805685358234
48.5 0.0014329001168224276
49.5 0.001569801401869157
50.5 0.001867941978193144
51.5 0.002050477024922116
52.5 0.0022862514602803715
53.5 0.002535716024143299
54.5 0.002696955315420558
55.5 0.002976842387071648
56.5 0.0031107014213395613
57.5 0.003399715245327101
58.5 0.0036932924454828662
59.5 0.003711545950155761
60.5 0.004140503309968843
61.5 0.004277404595015574
62.5 0.004405179127725853
63.5 0.0045648972936137054
64.5 0.004497967776479746
65.5 0.004497967776479747
66.5 0.004685066199376943
67.5 0.004686587324766353
68.5 0.004723094334112147
69.5 0.004774812597352022
70.5 0.004724615459501556
71.5 0.004458418516355138
72.5 0.004116165303738315
73.5 0.004313911604361367
74.5 0.003884954244548283
75.5 0.0038530106113707136
76.5 0.0036963346962616776
77.5 0.003428616627725855
78.5 0.0033145322235202464
79.5 0.0030346451518691565
80.5 0.0027562792056074737
81.5 0.0026406736760124588
82.5 0.0023744767328660404
83.5 0.0021508713006230503
84.5 0.0021158854166666635
85.5 0.0018147025895638605
86.5 0.0016990970599688453
87.5 0.0015576323987538917
88.5 0.0014192099883177547
89.5 0.0012762242017133937
90.5 0.001137801791277256
91.5 0.0010845624026479734
92.5 0.0009856892523364468
93.5 0.000860956970404983
94.5 0.0007240556853582543
95.5 0.0007027599299065407
96.5 0.0006525627920560739
97.5 0.0005810698987538937
98.5 0.0005476051401869156
99.5 0.0004958868769470403
100.5 0.0004152672313084112
101.5 0.0004030982281931464
102.5 0.0003650700934579439
103.5 0.0003620278426791277
104.5 0.000305746203271028
105.5 0.0002966194509345794
106.5 0.0002661969431464174
107.5 0.00023577443535825545
108.5 0.00022664768302180685
109.5 0.00022664768302180685
110.5 0.00020535192757009345
111.5 0.00021143642912772585
112.5 0.00017797167056074766
113.5 0.00016428154205607476
114.5 0.00016428154205607476
115.5 0.00019318292445482865
116.5 0.00018557729750778816
117.5 0.00015059141355140186
118.5 0.00017645054517133956
119.5 0.00013994353582554516
120.5 0.00015971816588785046
121.5 0.00015667591510903426
122.5 0.00015819704049844236
123.5 0.00013081678348909656
124.5 0.00015515478971962616
125.5 0.00017188716900311526
126.5 0.00018253504672897196
127.5 0.00013994353582554516
128.5 0.00017797167056074766
129.5 0.00021904205607476635
130.5 0.00024185893691588785
131.5 0.0002570701908099688
132.5 0.00022816880841121495
133.5 0.0002935772001557632
134.5 0.0003407320872274143
135.5 0.0003620278426791277
136.5 0.0004183094820872274
137.5 0.000442647488317757
138.5 0.0004563376168224299
139.5 0.0004989291277258565
140.5 0.0006586472936137062
141.5 0.0006981965537383168
142.5 0.0007757739485981293
143.5 0.0009354921144859793
144.5 0.0010054638823987518
145.5 0.0011667031736760098
146.5 0.0012853509540498424
147.5 0.0015135197624610572
148.5 0.001632167542834889
149.5 0.002006364388629281
150.5 0.0022071529400311506
151.5 0.002584392036604358
152.5 0.0028931804906542034
153.5 0.0032034900700934543
154.5 0.0037252360786604317
155.5 0.004259151090342677
156.5 0.004709404205607473
157.5 0.005190079828660432
158.5 0.005765065225856696
159.5 0.006286811234423673
160.5 0.007077796436915888
161.5 0.00778511974299065
162.5 0.008395091024143297
163.5 0.00929255500389408
164.5 0.00998314593068536
165.5 0.010819764894859817
166.5 0.011785679517133957
167.5 0.01263598860981308
168.5 0.013396551304517126
169.5 0.014510015089563852
170.5 0.01512150749610592
171.5 0.015959647585669784
172.5 0.01685406931464174
173.5 0.017432096962616828
174.5 0.018124209014797495
175.5 0.01866268740264797
176.5 0.01904144762461058
177.5 0.019158574279595015
178.5 0.019617954147196272
179.5 0.01965598228193147
180.5 0.01993739047897195
181.5 0.019423250097352032
182.5 0.019534292250778823
183.5 0.019278743185358268
184.5 0.0187813351830218
185.5 0.017958406347352025
186.5 0.017505110981308414
187.5 0.016895139700155756
188.5 0.01602201372663551
189.5 0.015226465147975073
190.5 0.014426353193146406
191.5 0.013341790790498433
192.5 0.012850467289719624
193.5 0.012050355334890973
194.5 0.011099651966510906
195.5 0.010063765576323993
196.5 0.009304724007009345
197.5 0.008448330412772584
198.5 0.007786640868380058
199.5 0.007023035922897191
200.5 0.0062670366043613675
201.5 0.00571638921339564
202.5 0.005257009345794393
203.5 0.004674418321651087
204.5 0.00400816540109034
205.5 0.0037952078465732066
206.5 0.003334306853582552
207.5 0.0028505889797507777
208.5 0.00245509637850467
209.5 0.0022375754478193115
210.5 0.0019166179906542028
211.5 0.0017067026869158851
212.5 0.0015591535241432995
213.5 0.0013355480919003096
214.5 0.0012321115654205595
215.5 0.000985689252336447
216.5 0.0009278864875389394
217.5 0.0008731259735202479
218.5 0.0007407880646417435
219.5 0.0006236614096573203
220.5 0.0005765065225856694
221.5 0.0005034925038940809
222.5 0.0004335207359813084
223.5 0.0003894080996884735
224.5 0.0003924503504672897
225.5 0.000320957457165109
226.5 0.0002935772001557632
227.5 0.00023881668613707165
228.5 0.0002661969431464174
229.5 0.00019318292445482865
230.5 0.00022360543224299065
231.5 0.00021447867990654205
232.5 0.00016884491822429906
233.5 0.00015819704049844236
234.5 0.00018253504672897196
235.5 0.00019318292445482865
236.5 0.00017340829439252336
237.5 0.00014298578660436136
238.5 0.00015211253894080996
239.5 0.00012929565809968846
240.5 0.00013538015965732086
241.5 0.00014146466121495326
242.5 0.00013994353582554516
243.5 0.00019470404984423675
244.5 0.00016732379283489096
245.5 0.00017645054517133956
246.5 0.00014754916277258566
247.5 0.00019470404984423675
248.5 0.00015515478971962616
249.5 0.00019166179906542055
250.5 0.00021599980529595015
251.5 0.00022512655763239875
252.5 0.0002494645638629283
253.5 0.00024338006230529595
254.5 0.0002707603193146417
255.5 0.0003011828271028037
256.5 0.0003726757204049844
257.5 0.0003620278426791277
258.5 0.0004532953660436137
259.5 0.0004167883566978193
260.5 0.0004745911214953271
261.5 0.0005156615070093456
262.5 0.0006449571651090334
263.5 0.0006692951713395629
264.5 0.0007651260708722729
265.5 0.0007225345599688461
266.5 0.0008792104750778802
267.5 0.0009324498637071633
268.5 0.0010678300233644847
269.5 0.00109521028037383
270.5 0.0012549284462616804
271.5 0.0013918297313084088
272.5 0.0015758859034267889
273.5 0.0016428154205607452
274.5 0.0018238293419003094
275.5 0.001994195385514016
276.5 0.002267997955607473
277.5 0.0024763921339563833
278.5 0.00260720891744548
279.5 0.002804955218068533
280.5 0.0029601100077881596
281.5 0.003130476051401866
282.5 0.003469687013239872
283.5 0.0035411799065420526
284.5 0.004009686526479747
285.5 0.003964052764797505
286.5 0.004029461156542053
287.5 0.004382362246884732
288.5 0.004505573403426787
289.5 0.004602925428348907
290.5 0.0047535168419003074
291.5 0.004564897293613701
292.5 0.004791544976635509
293.5 0.004770249221183796
294.5 0.004672897196261679
295.5 0.004540559287383175
296.5 0.0045907564252336405
297.5 0.004196784949376944
298.5 0.004102475175233641
299.5 0.00419070044781931
300.5 0.00396101051401869
301.5 0.0036126727998442337
302.5 0.0034894616433021786
303.5 0.0032597717095015563
304.5 0.00296011000778816
305.5 0.0026969553154205595
306.5 0.002456617503894076
307.5 0.002283209209501555
308.5 0.0020337446456386273
309.5 0.001794927959501555
310.5 0.0016154351635513991
311.5 0.0014268156152647952
312.5 0.001206252433800621
313.5 0.0010769567757009323
314.5 0.0009856892523364465
315.5 0.0007909852024922102
316.5 0.0007286190615264784
317.5 0.0005841121495327097
318.5 0.0004745911214953271
319.5 0.0004517742406542056
320.5 0.0004046193535825545
321.5 0.0002874926985981308
322.5 0.0002570701908099688
323.5 0.00017797167056074766
324.5 0.00015971816588785046
325.5 0.00012929565809968846
326.5 0.00011256327881619938
327.5 8.822527258566978e-05
328.5 0.00010191540109034268
329.5 6.388726635514018e-05
330.5 4.867601246105919e-05
331.5 4.411263629283489e-05
332.5 2.7380257009345794e-05
333.5 3.346475856697819e-05
334.5 2.7380257009345794e-05
335.5 2.1295755451713395e-05
336.5 9.126752336448597e-06
337.5 1.0647877725856697e-05
338.5 1.6732379283489095e-05
339.5 9.126752336448597e-06
340.5 4.563376168224299e-06
341.5 4.563376168224299e-06
342.5 7.6056269470404984e-06
343.5 6.084501557632399e-06
344.5 4.563376168224299e-06
345.5 4.563376168224299e-06
346.5 1.5211253894080996e-06
347.5 1.5211253894080996e-06
348.5 3.0422507788161993e-06
349.5 3.0422507788161993e-06
350.5 1.5211253894080996e-06
351.5 1.5211253894080996e-06
352.5 1.5211253894080996e-06
353.5 1.5211253894080996e-06
354.5 0.0
355.5 1.5211253894080996e-06
356.5 1.5211253894080996e-06
357.5 0.0
358.5 0.0
359.5 3.0422507788161993e-06
