0.5 0.0
1.5 1.5211253894080996e-06
2.5 1.5211253894080996e-06
3.5 1.5211253894080996e-06
4.5 1.5211253894080996e-06
5.5 3.0422507788161993e-06
6.5 1.5211253894080996e-06
7.5 0.0
8.5 0.0
9.5 3.0422507788161993e-06
10.5 1.5211253894080996e-06
11.5 4.563376168224299e-06
12.5 1.5211253894080996e-06
13.5 3.0422507788161993e-06
14.5 6.084501557632399e-06
15.5 1.5211253894080996e-06
16.5 4.563376168224299e-06
17.5 1.2169003115264797e-05
18.5 3.0422507788161993e-06
19.5 6.084501557632399e-06
20.5 6.084501557632399e-06
21.5 1.6732379283489095e-05
22.5 1.8253504672897195e-05
23.5 1.2169003115264797e-05
24.5 1.6732379283489095e-05
25.5 2.4338006230529594e-05
26.5 2.7380257009345794e-05
27.5 3.194363317757009e-05
28.5 3.802813473520249e-05
29.5 5.780276479750779e-05
30.5 5.323938862928349e-05
31.5 6.845064252336448e-05
32.5 0.00010495765186915888
33.5 0.00012625340732087226
34.5 0.00014298578660436136
35.5 0.00018861954828660436
36.5 0.00021447867990654205
37.5 0.0002981405763239875
38.5 0.0003042250778816199
39.5 0.0003757179711838006
40.5 0.0004806756230529595
41.5 0.000573464271806853
42.5 0.0006662529205607468
43.5 0.0007833795755451702
44.5 0.0008183654595015561
45.5 0.001064787772585668
46.5 0.0012290693146417425
47.5 0.0014100832359813062
48.5 0.0016154351635513996
49.5 0.0016154351635513991
50.5 0.001972899630062303
51.5 0.0021280544197819296
52.5 0.0024094626168224263
53.5 0.0025281103971962603
54.5 0.0029631522585669774
55.5 0.003238475954049843
56.5 0.0033814617406542047
57.5 0.0036476586838006214
58.5 0.003831714855919001
59.5 0.003976221767912771
60.5 0.0041511511876947006
61.5 0.004484277647975075
62.5 0.004682023948598129
63.5 0.004595319801401869
64.5 0.00474439008956386
65.5 0.004952784267912771
66.5 0.004969516647196257
67.5 0.004723094334112147
68.5 0.005027319411993767
69.5 0.004768728095794391
70.5 0.004899544879283489
71.5 0.004643995813862925
72.5 0.004535995911214952
73.5 0.004354981989875386
74.5 0.004291094723520246
75.5 0.003977742893302177
76.5 0.00387886974299065
77.5 0.0036157150506230507
78.5 0.0034027574961059165
79.5 0.003133518302180682
80.5 0.0028764481113707145
81.5 0.0026437159267912735
82.5 0.0025448427764797467
83.5 0.002333406347352022
84.5 0.00212653329439252
85.5 0.0019044489875389384
86.5 0.0017219139408099664
87.5 0.0015621957749221158
88.5 0.0014587592484423654
89.5 0.0012245059384735182
90.5 0.0011864778037383162
91.5 0.0010617455218068514
92.5 0.0009309287383177552
93.5 0.0008457457165109019
94.5 0.0007681683216510887
95.5 0.0006464782904984413
96.5 0.0006114924065420554
97.5 0.0005415206386292829
98.5 0.0005399995132398752
99.5 0.0004350418613707165
100.5 0.0003650700934579439
101.5 0.000381802472741433
102.5 0.0003285630841121495
103.5 0.0003027039524922118
104.5 0.0002981405763239875
105.5 0.0002798870716510903
106.5 0.0002996617017133956
107.5 0.00022512655763239875
108.5 0.00023121105919003115
109.5 0.00021143642912772585
110.5 0.00018861954828660436
111.5 0.00015211253894080996
112.5 0.00014298578660436136
113.5 0.00017188716900311526
114.5 0.00015059141355140186
115.5 0.00013233790887850466
116.5 0.00013385903426791276
117.5 0.00015363366433021806
118.5 0.00013233790887850466
119.5 0.00014298578660436136
120.5 0.00014450691199376946
121.5 0.00014146466121495326
122.5 0.00012473228193146416
123.5 0.00014602803738317756
124.5 0.00012929565809968846
125.5 0.00016732379283489096
126.5 0.00015211253894080996
127.5 0.00015819704049844236
128.5 0.00018557729750778816
129.5 0.00018861954828660436
130.5 0.00020230967679127725
131.5 0.0002677180685358255
132.5 0.0002798870716510903
133.5 0.0003285630841121495
134.5 0.00033616871105919
135.5 0.0003163940809968847
136.5 0.0004046193535825545
137.5 0.0004365629867601246
138.5 0.0004745911214953271
139.5 0.0005704220210280366
140.5 0.0005993234034267908
141.5 0.0006525627920560739
142.5 0.0007681683216510892
143.5 0.0008944217289719612
144.5 0.0009735202492211821
145.5 0.001204731308411213
146.5 0.0013705339758566955
147.5 0.0015302521417445462
148.5 0.0017249561915887825
149.5 0.0018968433605918978
150.5 0.0021599980529594994
151.5 0.002462702005451711
152.5 0.002914476246105916
153.5 0.0031259126752336422
154.5 0.0034940250194704036
155.5 0.0041039963006230485
156.5 0.004647038064641739
157.5 0.004949742017133955
158.5 0.005664670950155763
159.5 0.006406980140186912
160.5 0.006974359910436138
161.5 0.00770602122274143
162.5 0.008598921826323977
163.5 0.009120667834890956
164.5 0.010094188084112152
165.5 0.010641793224299069
166.5 0.011507313570872278
167.5 0.012712044879283487
168.5 0.013314410533489092
169.5 0.014120606989875387
170.5 0.014794465537383167
171.5 0.015760380159657313
172.5 0.016203027647975075
173.5 0.01714156201323987
174.5 0.017482294100467286
175.5 0.017897561331775693
176.5 0.018413222838785034
177.5 0.018633786020249236
178.5 0.019061222254672886
179.5 0.018939532223520246
180.5 0.019106856016355145
181.5 0.019096208138629278
182.5 0.019154010903426787
183.5 0.018846743574766362
184.5 0.01796601197429906
185.5 0.017861054322429896
186.5 0.01718567464953271
187.5 0.01652398510514018
188.5 0.01560978874610592
189.5 0.015167141257788168
190.5 0.014196663259345784
191.5 0.013238354264018686
192.5 0.012707481503115263
193.5 0.011536214953271031
194.5 0.01077717338395639
195.5 0.010121568341121498
196.5 0.009207371982087226
197.5 0.00868562597352024
198.5 0.007795767620716506
199.5 0.0071979653426791235
200.5 0.006263994353582553
201.5 0.005740727219626166
202.5 0.0050759954244548235
203.5 0.004466024143302178
204.5 0.003995996397975075
205.5 0.00360050379672897
206.5 0.0032126168224299043
207.5 0.0028566734813084103
208.5 0.002514420268691586
209.5 0.00219042056074766
210.5 0.001962251752336446
211.5 0.0017219139408099673
212.5 0.0014846183800623029
213.5 0.0013933508566978173
214.5 0.0012275481892523347
215.5 0.0010784779010903412
216.5 0.00090354848130841
217.5 0.0008183654595015562
218.5 0.0007149289330218056
219.5 0.0006677740459501547
220.5 0.000521746008566978
221.5 0.0005004502531152648
222.5 0.0004198306074766355
223.5 0.0004000559774143302
224.5 0.0003468165887850467
225.5 0.0003346475856697819
226.5 0.0003011828271028037
227.5 0.0002920560747663551
228.5 0.00022664768302180685
229.5 0.00022816880841121495
230.5 0.00019318292445482865
231.5 0.00022360543224299065
232.5 0.00019470404984423675
233.5 0.00015515478971962616
234.5 0.00015819704049844236
235.5 0.00017188716900311526
236.5 0.00017492941978193146
237.5 0.00016732379283489096
238.5 0.00012473228193146416
239.5 0.00012016890576323988
240.5 0.00016732379283489096
241.5 0.00013690128504672896
242.5 0.00015211253894080996
243.5 0.00014602803738317756
244.5 0.00014602803738317756
245.5 0.00016276041666666666
246.5 0.00020078855140186915
247.5 0.00020383080218068535
248.5 0.00017188716900311526
249.5 0.00016428154205607476
250.5 0.00022208430685358255
251.5 0.00020687305295950155
252.5 0.00022816880841121495
253.5 0.0002783659462616822
254.5 0.0002768448208722741
255.5 0.0003087884540498442
256.5 0.000320957457165109
257.5 0.0003392109618380062
258.5 0.0003681123442367601
259.5 0.0003954926012461059
260.5 0.0004821967484423676
261.5 0.0004974080023364485
262.5 0.0006388726635514012
263.5 0.0006616895443925223
264.5 0.0006890698014018683
265.5 0.0007696894470404973
266.5 0.0008214077102803724
267.5 0.0009065907320872259
268.5 0.0009811258761682228
269.5 0.001110421534267911
270.5 0.0012959988317756983
271.5 0.001326421339563861
272.5 0.001557632398753892
273.5 0.0017371251947040473
274.5 0.0019014067367601212
275.5 0.0020900262850467263
276.5 0.002290814836448596
277.5 0.002439885124610589
278.5 0.0026254624221183783
279.5 0.0028840537383177547
280.5 0.0031046169197819287
281.5 0.0034088419976635483
282.5 0.0034772926401869116
283.5 0.0038697429906542017
284.5 0.003927545755451711
285.5 0.004253066588785043
286.5 0.004321517231308405
287.5 0.004504052278037381
288.5 0.004701798578660433
289.5 0.004622700058411215
290.5 0.004812840732087223
291.5 0.00493605188862928
292.5 0.005054699669003113
293.5 0.004974080023364488
294.5 0.0049877701518691595
295.5 0.004697235202492209
296.5 0.00472765771028037
297.5 0.004615094431464171
298.5 0.004470587519470401
299.5 0.004400615751557629
300.5 0.003961010514018689
301.5 0.003956447137850464
302.5 0.003755658586448596
303.5 0.0033784194898753873
304.5 0.0032004478193146412
305.5 0.0028718847352024895
306.5 0.002601124415887849
307.5 0.0023364485981308375
308.5 0.002172167056074763
309.5 0.0019074912383177539
310.5 0.001627604166666664
311.5 0.0014496324961059167
312.5 0.0012777453271028021
313.5 0.0011819144275700914
314.5 0.001055661020249219
315.5 0.0009005062305295937
316.5 0.0008122809579439241
317.5 0.0006114924065420553
318.5 0.0005247882593457942
319.5 0.0004487319898753894
320.5 0.0003909292250778816
321.5 0.0003087884540498442
322.5 0.00021904205607476635
323.5 0.00022664768302180685
324.5 0.00017797167056074766
325.5 0.00011408440420560748
326.5 0.00010495765186915888
327.5 7.757739485981308e-05
328.5 8.214077102803738e-05
329.5 7.909852024922118e-05
330.5 5.476051401869159e-05
331.5 4.259151090342679e-05
332.5 4.259151090342679e-05
333.5 3.194363317757009e-05
334.5 3.0422507788161994e-05
335.5 1.8253504672897195e-05
336.5 1.2169003115264797e-05
337.5 1.2169003115264797e-05
338.5 1.3690128504672897e-05
339.5 1.3690128504672897e-05
340.5 1.3690128504672897e-05
341.5 9.126752336448597e-06
342.5 4.563376168224299e-06
343.5 9.126752336448597e-06
344.5 4.563376168224299e-06
345.5 1.5211253894080996e-06
346.5 0.0
347.5 3.0422507788161993e-06
348.5 1.5211253894080996e-06
349.5 0.0
350.5 1.5211253894080996e-06
351.5 0.0
352.5 0.0
353.5 0.0
354.5 3.0422507788161993e-06
355.5 0.0
356.5 3.0422507788161993e-06
357.5 1.5211253894080996e-06
358.5 0.0
359.5 1.5211253894080996e-06
