0.5 1.8253504672897195e-05
1.5 3.0422507788161994e-05
2.5 4.563376168224299e-05
3.5 2.5859131619937694e-05
4.5 5.171826323987539e-05
5.5 5.171826323987539e-05
6.5 5.323938862928349e-05
7.5 7.149289330218068e-05
8.5 0.00010039427570093458
9.5 0.00011256327881619938
10.5 0.00013690128504672896
11.5 0.00016276041666666666
12.5 0.00021904205607476635
13.5 0.0002479434384735202
14.5 0.0002890138239875389
15.5 0.0004061404789719626
16.5 0.0005050136292834888
17.5 0.0005460840147975076
18.5 0.0006327881619937688
19.5 0.0007985908294392513
20.5 0.0009446188668224287
21.5 0.001101294781931462
22.5 0.0013142523364485965
23.5 0.0015637169003115232
24.5 0.001651942172897194
25.5 0.0018831532320872247
26.5 0.0021934628115264773
27.5 0.002293857087227411
28.5 0.0026863074376947006
29.5 0.0030133493964174434
30.5 0.003179152063862925
31.5 0.003446870132398752
32.5 0.003723714953271024
33.5 0.0040233766549844195
34.5 0.004198306074766353
35.5 0.004336728485202488
36.5 0.004397573500778813
37.5 0.004726136584890961
38.5 0.004517742406542054
39.5 0.0047626435942367575
40.5 0.004837178738317754
41.5 0.0047550379672897155
42.5 0.004665291569314636
43.5 0.004523826908099685
44.5 0.004388446748442364
45.5 0.0043701932437694695
46.5 0.004009686526479746
47.5 0.003916897877725852
48.5 0.0035989826713395613
49.5 0.0033951518691588754
50.5 0.0031563351830218044
51.5 0.0029783635124610575
52.5 0.002739546826323984
53.5 0.0025174625194704027
54.5 0.0022436599493769454
55.5 0.0019181391160436108
56.5 0.0019333503699376922
57.5 0.0016412942951713368
58.5 0.0013096889602803713
59.5 0.0012686185747663528
60.5 0.0011104215342679117
61.5 0.0010708722741433001
62.5 0.000874647098909656
63.5 0.0007605626947040484
64.5 0.0006738585475077873
65.5 0.0006099712811526473
66.5 0.0005476051401869155
67.5 0.0004852389992211838
68.5 0.0004411263629283489
69.5 0.0003574644665109034
70.5 0.0003939714758566978
71.5 0.0003407320872274143
72.5 0.0003300842095015576
73.5 0.0003270419587227414
74.5 0.0002920560747663551
75.5 0.0003011828271028037
76.5 0.0002829293224299065
77.5 0.0002798870716510903
78.5 0.0003635489680685358
79.5 0.000275323695482866
80.5 0.0003498588395638629
81.5 0.0003376898364485981
82.5 0.0003255208333333333
83.5 0.0003544222157320872
84.5 0.0003376898364485981
85.5 0.0003954926012461059
86.5 0.0003939714758566978
87.5 0.0003985348520249221
88.5 0.0003939714758566978
89.5 0.000397013726635514
90.5 0.0004228728582554517
91.5 0.0004989291277258566
92.5 0.000473069996105919
93.5 0.0005156615070093457
94.5 0.000427436234423676
95.5 0.0004396052375389408
96.5 0.0004776333722741433
97.5 0.0004548164914330218
98.5 0.0004685066199376947
99.5 0.0005034925038940809
100.5 0.0004669854945482866
101.5 0.0004502531152647975
102.5 0.0005019713785046727
103.5 0.0004593798676012461
104.5 0.0004502531152647975
105.5 0.000442647488317757
106.5 0.0004335207359813084
107.5 0.0004563376168224299
108.5 0.0004411263629283489
109.5 0.0004289573598130841
110.5 0.0004061404789719626
111.5 0.0004167883566978193
112.5 0.0004563376168224299
113.5 0.0003878869742990654
114.5 0.00048828125
115.5 0.0004411263629283489
116.5 0.0005202248831775699
117.5 0.0004669854945482866
118.5 0.0005263093847352022
119.5 0.0005354361370716508
120.5 0.0006464782904984414
121.5 0.0007331824376947034
122.5 0.0008655203465732075
123.5 0.000909632982866042
124.5 0.001045013142523362
125.5 0.0013005622079439237
126.5 0.0013720551012461031
127.5 0.001480055003894079
128.5 0.0018299138434579411
129.5 0.002003322137850465
130.5 0.0024064203660436128
131.5 0.0027060820677570056
132.5 0.0031426450545171316
133.5 0.0036126727998442337
134.5 0.004011207651869155
135.5 0.004528390284267908
136.5 0.0051277136876947
137.5 0.005736163843457942
138.5 0.006152952200155759
139.5 0.006545402550623049
140.5 0.007502190420560743
141.5 0.008036105432242984
142.5 0.008855992017133954
143.5 0.009507033683800618
144.5 0.010037906444704044
145.5 0.010576384832554511
146.5 0.0113247785241433
147.5 0.011869341413551397
148.5 0.012260270638629285
149.5 0.012979762947819313
150.5 0.012896101051401869
151.5 0.013218579633956387
152.5 0.013483255451713395
153.5 0.013750973520249217
154.5 0.013720551012461061
155.5 0.013614072235202487
156.5 0.013573001849688477
157.5 0.013428494937694706
158.5 0.013042129088785048
159.5 0.012474749318535826
160.5 0.01220398899922118
161.5 0.011720271125389406
162.5 0.011146806853582554
163.5 0.010357342776479752
164.5 0.00996641355140187
165.5 0.009170864972741432
166.5 0.00870083722741433
167.5 0.00811520395249221
168.5 0.007690809968847353
169.5 0.006978923286604358
170.5 0.006553008177570089
171.5 0.0060708114291277235
172.5 0.005491262655763236
173.5 0.005156615070093454
174.5 0.004992333528037379
175.5 0.004546643788940806
176.5 0.0042439398364485965
177.5 0.004107038551401868
178.5 0.003910813376168223
179.5 0.0036278840537383125
180.5 0.0036370108060747664
181.5 0.0036217995521806838
182.5 0.0036446164330218036
183.5 0.003650700934579436
184.5 0.0039457992601246075
185.5 0.0037632642133956368
186.5 0.004288052472741431
187.5 0.0042089539524922115
188.5 0.004612052180685355
189.5 0.004776333722741432
190.5 0.005322417737538938
191.5 0.005491262655763238
192.5 0.00592934676791277
193.5 0.006254867601246102
194.5 0.006522585669781928
195.5 0.006779655860591897
196.5 0.007109740070093458
197.5 0.0073242187499999965
198.5 0.007652781834112144
199.5 0.007666471962616819
200.5 0.008154753212616822
201.5 0.008252105237538937
202.5 0.008226246105919
203.5 0.008217119353582552
204.5 0.008309908002336443
205.5 0.00808021806853582
206.5 0.008020894178348902
207.5 0.007896161896417443
208.5 0.007833795755451711
209.5 0.007429176401869157
210.5 0.007412444022585668
211.5 0.007016951421339563
212.5 0.006577346183800624
213.5 0.006204670463395635
214.5 0.005933910144080994
215.5 0.005787882106697815
216.5 0.005158136195482862
217.5 0.004812840732087226
218.5 0.004414305880062302
219.5 0.00406444704049844
220.5 0.0035563911604361326
221.5 0.0031837154400311506
222.5 0.0029175184968847317
223.5 0.0026345891744548257
224.5 0.0024094626168224284
225.5 0.0020018010124610566
226.5 0.0018938011098130812
227.5 0.0016397731697819292
228.5 0.0015089563862928322
229.5 0.0013127312110591876
230.5 0.0011956045560747642
231.5 0.0010617455218068514
232.5 0.0009278864875389392
233.5 0.0008198865848909643
234.5 0.0007575204439252325
235.5 0.0006008445288161988
236.5 0.0005917177764797505
237.5 0.0005962811526479747
238.5 0.000538478387850467
239.5 0.0004974080023364485
240.5 0.0004502531152647975
241.5 0.0005156615070093457
242.5 0.0004806756230529595
243.5 0.0004563376168224299
244.5 0.0004548164914330218
245.5 0.0004593798676012461
246.5 0.0004609009929906542
247.5 0.0004928446261682242
248.5 0.0005080558800623052
249.5 0.000505013629283489
250.5 0.0004502531152647975
251.5 0.0005278305101246104
252.5 0.0004913235007788162
253.5 0.0005202248831775699
254.5 0.0005415206386292833
255.5 0.000521746008566978
256.5 0.0005552107671339562
257.5 0.0005019713785046727
258.5 0.000553689641744548
259.5 0.0005476051401869157
260.5 0.000571943146417445
261.5 0.0005339150116822428
262.5 0.0005034925038940809
263.5 0.0005841121495327098
264.5 0.0005293516355140186
265.5 0.0005841121495327099
266.5 0.0004776333722741433
267.5 0.0004852389992211838
268.5 0.0005552107671339561
269.5 0.0005552107671339562
270.5 0.0004958868769470404
271.5 0.0004593798676012461
272.5 0.0004943657515576324
273.5 0.0004548164914330218
274.5 0.0004943657515576324
275.5 0.0004441686137071651
276.5 0.0004259151090342679
277.5 0.0004365629867601246
278.5 0.0004076616043613707
279.5 0.0003757179711838006
280.5 0.0003848447235202492
281.5 0.0004000559774143302
282.5 0.0003909292250778816
283.5 0.0003437743380062305
284.5 0.0003270419587227414
285.5 0.0003498588395638629
286.5 0.0003300842095015576
287.5 0.0002874926985981308
288.5 0.0003589855919003115
289.5 0.0003574644665109034
290.5 0.0003711545950155763
291.5 0.0003620278426791277
292.5 0.0004091827297507788
293.5 0.0004304784852024922
294.5 0.0004456897390965732
295.5 0.0005217460085669781
296.5 0.0005521685163551399
297.5 0.0006677740459501552
298.5 0.0007423091900311515
299.5 0.000789464077102803
300.5 0.0008852949766355127
301.5 0.0010298018886292822
302.5 0.0010723933995327082
303.5 0.0012214636876947027
304.5 0.0013674917250778797
305.5 0.0015987027842679113
306.5 0.0016534632982866026
307.5 0.0018192659657320855
308.5 0.0019820263823987516
309.5 0.0022406176985981276
310.5 0.002283209209501555
311.5 0.002522025895638628
312.5 0.002733462324766352
313.5 0.0030316029010903417
314.5 0.0031183070482866007
315.5 0.0032962787188473503
316.5 0.0033206167250778773
317.5 0.003481856016355137
318.5 0.0036126727998442355
319.5 0.0037587008372274118
320.5 0.003752616335669779
321.5 0.0037617430880062274
322.5 0.003745010708722738
323.5 0.003813461351246103
324.5 0.00348033489096573
325.5 0.0034772926401869133
326.5 0.00340732087227414
327.5 0.0033327857281931434
328.5 0.0030042226440809955
329.5 0.002914476246105917
330.5 0.002731941199376944
331.5 0.0024505330023364452
332.5 0.002240617698598128
333.5 0.0020352657710280353
334.5 0.0018359983450155744
335.5 0.0016854069314641725
336.5 0.0014024776090342656
337.5 0.001330984715732086
338.5 0.001124111662772584
339.5 0.0009400554906542043
340.5 0.0007742528232087218
341.5 0.0006997176791277253
342.5 0.0005749853971962611
343.5 0.0005232671339563861
344.5 0.0004411263629283489
345.5 0.00033616871105919
346.5 0.0003376898364485981
347.5 0.00020383080218068535
348.5 0.00020078855140186915
349.5 0.00015667591510903426
350.5 0.00011408440420560748
351.5 0.00011408440420560748
352.5 8.518302180685358e-05
353.5 4.867601246105919e-05
354.5 5.171826323987539e-05
355.5 3.498588395638629e-05
356.5 3.498588395638629e-05
357.5 2.8901382398753894e-05
358.5 2.5859131619937694e-05
359.5 2.7380257009345794e-05
