0.5 0.0
1.5 1.5211253894080996e-06
2.5 0.0
3.5 4.563376168224299e-06
4.5 0.0
5.5 4.563376168224299e-06
6.5 0.0
7.5 1.5211253894080996e-06
8.5 0.0
9.5 1.5211253894080996e-06
10.5 4.563376168224299e-06
11.5 4.563376168224299e-06
12.5 4.563376168224299e-06
13.5 0.0
14.5 1.5211253894080996e-06
15.5 1.5211253894080996e-06
16.5 1.5211253894080996e-06
17.5 4.563376168224299e-06
18.5 1.5211253894080996e-06
19.5 3.0422507788161993e-06
20.5 3.0422507788161993e-06
21.5 1.5211253894080996e-06
22.5 3.0422507788161993e-06
23.5 4.563376168224299e-06
24.5 0.0
25.5 1.5211253894080996e-06
26.5 6.084501557632399e-06
27.5 0.0
28.5 1.5211253894080996e-06
29.5 1.5211253894080996e-06
30.5 6.084501557632399e-06
31.5 9.126752336448597e-06
32.5 4.563376168224299e-06
33.5 4.563376168224299e-06
34.5 9.126752336448597e-06
35.5 6.084501557632399e-06
36.5 7.6056269470404984e-06
37.5 1.2169003115264797e-05
38.5 4.563376168224299e-06
39.5 1.3690128504672897e-05
40.5 1.0647877725856697e-05
41.5 1.5211253894080997e-05
42.5 1.5211253894080997e-05
43.5 9.126752336448597e-06
44.5 1.2169003115264797e-05
45.5 9.126752336448597e-06
46.5 1.3690128504672897e-05
47.5 1.3690128504672897e-05
48.5 7.6056269470404984e-06
49.5 1.2169003115264797e-05
50.5 7.6056269470404984e-06
51.5 1.0647877725856697e-05
52.5 1.3690128504672897e-05
53.5 1.3690128504672897e-05
54.5 7.6056269470404984e-06
55.5 7.6056269470404984e-06
56.5 9.126752336448597e-06
57.5 9.126752336448597e-06
58.5 4.563376168224299e-06
59.5 3.0422507788161993e-06
60.5 7.6056269470404984e-06
61.5 1.2169003115264797e-05
62.5 6.084501557632399e-06
63.5 1.5211253894080996e-06
64.5 3.0422507788161993e-06
65.5 7.6056269470404984e-06
66.5 0.0
67.5 1.5211253894080996e-06
68.5 1.5211253894080996e-06
69.5 3.0422507788161993e-06
70.5 1.5211253894080996e-06
71.5 3.0422507788161993e-06
72.5 1.5211253894080996e-06
73.5 3.0422507788161993e-06
74.5 1.5211253894080996e-06
75.5 0.0
76.5 3.0422507788161993e-06
77.5 4.563376168224299e-06
78.5 1.5211253894080996e-06
79.5 0.0
80.5 1.5211253894080996e-06
81.5 1.5211253894080996e-06
82.5 1.5211253894080996e-06
83.5 4.563376168224299e-06
84.5 1.5211253894080996e-06
85.5 3.0422507788161993e-06
86.5 0.0
87.5 3.0422507788161993e-06
88.5 1.5211253894080996e-06
89.5 1.5211253894080996e-06
90.5 4.563376168224299e-06
91.5 3.0422507788161993e-06
92.5 3.0422507788161993e-06
93.5 4.563376168224299e-06
94.5 1.3690128504672897e-05
95.5 1.2169003115264797e-05
96.5 1.3690128504672897e-05
97.5 1.2169003115264797e-05
98.5 1.0647877725856697e-05
99.5 1.0647877725856697e-05
100.5 2.890138239875389e-05
101.5 3.346475856697819e-05
102.5 3.802813473520249e-05
103.5 4.411263629283489e-05
104.5 7.757739485981308e-05
105.5 0.00010799990264797508
106.5 0.00011864778037383178
107.5 0.00014298578660436136
108.5 0.00019470404984423675
109.5 0.0002722814447040498
110.5 0.0002661969431464174
111.5 0.0003483377141744548
112.5 0.0004548164914330218
113.5 0.0005567318925233643
114.5 0.0006981965537383173
115.5 0.0007636049454828653
116.5 0.0009446188668224289
117.5 0.00105566102024922
118.5 0.001285350954049843
119.5 0.0014724493769470387
120.5 0.0015469845210280353
121.5 0.0017827589563862917
122.5 0.0018801109813084088
123.5 0.002324279595015574
124.5 0.0024566175038940796
125.5 0.0028597157320872247
126.5 0.0029312086253894046
127.5 0.0032871519665109
128.5 0.0034149264992211804
129.5 0.0037039403232087187
130.5 0.0039534048870716485
131.5 0.004231770833333329
132.5 0.004434080510124604
133.5 0.004926925136292829
134.5 0.0050759954244548235
135.5 0.005339150116822423
136.5 0.005891318633177564
137.5 0.006009966413551401
138.5 0.006295937986760121
139.5 0.006629064447040495
140.5 0.007261852609034265
141.5 0.007654302959501552
142.5 0.008230809482087223
143.5 0.008709963979750773
144.5 0.00927582262461059
145.5 0.009989230432242986
146.5 0.010529229945482861
147.5 0.01118787723909657
148.5 0.01201232720015576
149.5 0.012812439154984425
150.5 0.013776832651869159
151.5 0.014321395541277255
152.5 0.015524605724299066
153.5 0.01637339369158878
154.5 0.017053336740654207
155.5 0.017938631717289724
156.5 0.018881729458722744
157.5 0.019395869840342674
158.5 0.020264432437694692
159.5 0.02071164330218068
160.5 0.02143265673676011
161.5 0.021714064933800632
162.5 0.02225254332165108
163.5 0.022237332067757007
164.5 0.022488317757009338
165.5 0.022736261195482867
166.5 0.022115642036604363
167.5 0.021933106989875387
168.5 0.021315530081775686
169.5 0.0210143472546729
170.5 0.020389164719626162
171.5 0.020087981892523372
172.5 0.019526686623831783
173.5 0.01865660290109035
174.5 0.01822308216510904
175.5 0.01752336448598132
176.5 0.01695294246495327
177.5 0.016253224785825547
178.5 0.015745168905763243
179.5 0.015130634248442361
180.5 0.01445373345015576
181.5 0.014078015478971962
182.5 0.013487818827881614
183.5 0.01292500243380062
184.5 0.012464101440809968
185.5 0.012199425623052956
186.5 0.011632045852803736
187.5 0.01118027161214953
188.5 0.010561173578660434
189.5 0.010182413356697818
190.5 0.009651540595794388
191.5 0.00908111857476635
192.5 0.008475710669781925
193.5 0.008151710961838003
194.5 0.007363768010124606
195.5 0.007044331678348907
196.5 0.006574303933021804
197.5 0.0058928397585669735
198.5 0.005619037188473516
199.5 0.005059263045171335
200.5 0.004586193049065416
201.5 0.003977742893302177
202.5 0.003740447332554513
203.5 0.0033221378504672866
204.5 0.0027882228387850435
205.5 0.002439885124610589
206.5 0.002240617698598129
207.5 0.0019531249999999967
208.5 0.0016443365459501529
209.5 0.0014465902453271
210.5 0.0012427594431464156
211.5 0.0011575764213395616
212.5 0.0009065907320872262
213.5 0.0008274922118380051
214.5 0.0006890698014018684
215.5 0.0005339150116822428
216.5 0.0004593798676012461
217.5 0.0004015771028037383
218.5 0.0003726757204049844
219.5 0.0002966194509345794
220.5 0.0002464223130841121
221.5 0.00020991530373831775
222.5 0.00019622517523364485
223.5 0.00015971816588785046
224.5 0.00014754916277258566
225.5 0.00012929565809968846
226.5 8.518302180685358e-05
227.5 9.430977414330218e-05
228.5 0.00010343652647975078
229.5 6.388726635514018e-05
230.5 6.692951713395638e-05
231.5 3.802813473520249e-05
232.5 5.171826323987539e-05
233.5 5.932389018691589e-05
234.5 4.715488707165109e-05
235.5 2.8901382398753894e-05
236.5 2.8901382398753894e-05
237.5 3.194363317757009e-05
238.5 3.194363317757009e-05
239.5 2.2816880841121494e-05
240.5 2.1295755451713395e-05
241.5 2.1295755451713395e-05
242.5 1.2169003115264797e-05
243.5 1.2169003115264797e-05
244.5 1.8253504672897195e-05
245.5 1.8253504672897195e-05
246.5 1.2169003115264797e-05
247.5 1.2169003115264797e-05
248.5 1.0647877725856697e-05
249.5 2.2816880841121494e-05
250.5 1.6732379283489095e-05
251.5 1.6732379283489095e-05
252.5 1.6732379283489095e-05
253.5 9.126752336448597e-06
254.5 1.0647877725856697e-05
255.5 1.2169003115264797e-05
256.5 1.5211253894080997e-05
257.5 1.2169003115264797e-05
258.5 1.5211253894080997e-05
259.5 7.6056269470404984e-06
260.5 6.084501557632399e-06
261.5 1.2169003115264797e-05
262.5 1.0647877725856697e-05
263.5 6.084501557632399e-06
264.5 1.8253504672897195e-05
265.5 1.5211253894080997e-05
266.5 1.6732379283489095e-05
267.5 1.6732379283489095e-05
268.5 1.6732379283489095e-05
269.5 1.8253504672897195e-05
270.5 1.3690128504672897e-05
271.5 1.3690128504672897e-05
272.5 1.9774630062305295e-05
273.5 9.126752336448597e-06
274.5 3.498588395638629e-05
275.5 3.498588395638629e-05
276.5 4.411263629283489e-05
277.5 4.259151090342679e-05
278.5 6.540839174454828e-05
279.5 6.692951713395638e-05
280.5 7.301401869158878e-05
281.5 7.149289330218068e-05
282.5 0.00010343652647975078
283.5 0.00012016890576323988
284.5 0.00017797167056074766
285.5 0.00018253504672897196
286.5 0.00019014067367601246
287.5 0.00020535192757009345
288.5 0.00021752093068535825
289.5 0.00021295755451713395
290.5 0.0002661969431464174
291.5 0.0002829293224299065
292.5 0.0003011828271028037
293.5 0.0002585913161993769
294.5 0.0003194363317757009
295.5 0.0002935772001557632
296.5 0.0003346475856697819
297.5 0.0003239997079439252
298.5 0.0003285630841121495
299.5 0.0003483377141744548
300.5 0.0003255208333333333
301.5 0.0003148729556074766
302.5 0.0002996617017133956
303.5 0.0002479434384735202
304.5 0.0002509856892523364
305.5 0.000244901187694704
306.5 0.00021599980529595015
307.5 0.00020230967679127725
308.5 0.00018709842289719626
309.5 0.00016732379283489096
310.5 0.00016428154205607476
311.5 0.00012321115654205606
312.5 0.00012473228193146416
313.5 8.822527258566978e-05
314.5 0.00012777453271028036
315.5 8.822527258566978e-05
316.5 6.540839174454828e-05
317.5 4.715488707165109e-05
318.5 4.563376168224299e-05
319.5 3.0422507788161994e-05
320.5 4.411263629283489e-05
321.5 3.954926012461059e-05
322.5 2.4338006230529594e-05
323.5 1.8253504672897195e-05
324.5 1.3690128504672897e-05
325.5 9.126752336448597e-06
326.5 1.6732379283489095e-05
327.5 1.2169003115264797e-05
328.5 1.2169003115264797e-05
329.5 3.0422507788161993e-06
330.5 7.605626947040498e-06
331.5 6.084501557632399e-06
332.5 4.563376168224299e-06
333.5 4.563376168224299e-06
334.5 0.0
335.5 3.0422507788161993e-06
336.5 3.0422507788161993e-06
337.5 1.5211253894080996e-06
338.5 0.0
339.5 0.0
340.5 1.5211253894080996e-06
341.5 4.563376168224299e-06
342.5 1.5211253894080996e-06
343.5 1.5211253894080996e-06
344.5 3.0422507788161993e-06
345.5 0.0
346.5 0.0
347.5 3.0422507788161993e-06
348.5 3.0422507788161993e-06
349.5 3.0422507788161993e-06
350.5 1.5211253894080996e-06
351.5 1.5211253894080996e-06
352.5 3.0422507788161993e-06
353.5 4.563376168224299e-06
354.5 0.0
355.5 3.0422507788161993e-06
356.5 1.5211253894080996e-06
357.5 7.6056269470404984e-06
358.5 1.5211253894080996e-06
359.5 0.0
