0.5 8.670414719626168e-05
1.5 0.00011712665498442368
2.5 0.00013233790887850466
3.5 0.00017797167056074766
4.5 0.00020383080218068535
5.5 0.0002707603193146417
6.5 0.000290534949376947
7.5 0.0002494645638629283
8.5 0.00024033781152647975
9.5 0.00024033781152647975
10.5 0.00021143642912772585
11.5 0.00017340829439252336
12.5 0.00014298578660436136
13.5 8.366189641744548e-05
14.5 6.084501557632399e-05
15.5 5.019713785046729e-05
16.5 2.5859131619937694e-05
17.5 3.346475856697819e-05
18.5 2.4338006230529594e-05
19.5 1.2169003115264797e-05
20.5 4.563376168224299e-06
21.5 4.563376168224299e-06
22.5 1.5211253894080996e-06
23.5 3.0422507788161993e-06
24.5 0.0
25.5 0.0
26.5 1.5211253894080996e-06
27.5 1.5211253894080996e-06
28.5 0.0
29.5 0.0
30.5 0.0
31.5 0.0
32.5 0.0
33.5 0.0
34.5 1.5211253894080996e-06
35.5 0.0
36.5 0.0
37.5 0.0
38.5 4.563376168224299e-06
39.5 1.5211253894080996e-06
40.5 0.0
41.5 0.0
42.5 0.0
43.5 0.0
44.5 3.0422507788161993e-06
45.5 1.5211253894080996e-06
46.5 0.0
47.5 9.126752336448597e-06
48.5 1.2169003115264797e-05
49.5 1.2169003115264797e-05
50.5 2.5859131619937694e-05
51.5 4.411263629283489e-05
52.5 5.780276479750779e-05
53.5 0.00012169003115264798
54.5 0.00013690128504672896
55.5 0.0002738025700934579
56.5 0.000381802472741433
57.5 0.0005034925038940809
58.5 0.000716450058411214
59.5 0.0008548724688473507
60.5 0.0010434920171339547
61.5 0.0012032101830218049
62.5 0.0013355480919003098
63.5 0.0013553227219626144
64.5 0.0013127312110591878
65.5 0.0012077735591900297
66.5 0.0012047313084112127
67.5 0.0013355480919003087
68.5 0.0017006181853582538
69.5 0.002474871008566976
70.5 0.003974700642523364
71.5 0.006612332067757003
72.5 0.009776272877725851
73.5 0.013332664038161992
74.5 0.01759485737928349
75.5 0.021788600077881606
76.5 0.024876484618380042
77.5 0.026380877628504655
78.5 0.026963468652647975
79.5 0.025460596767912774
80.5 0.02292031736760124
81.5 0.02002409462616822
82.5 0.01638708382009345
83.5 0.012385002920560743
84.5 0.009280386000778814
85.5 0.0068420220015576304
86.5 0.004841742114485978
87.5 0.0032886730919003074
88.5 0.00221475856697819
89.5 0.0014526747468847324
90.5 0.0009811258761682226
91.5 0.0006190980334890958
92.5 0.000412224980529595
93.5 0.00024338006230529595
94.5 0.00016123929127725856
95.5 0.00010191540109034268
96.5 4.715488707165109e-05
97.5 5.323938862928349e-05
98.5 2.2816880841121494e-05
99.5 1.8253504672897195e-05
100.5 1.3690128504672897e-05
101.5 1.5211253894080997e-05
102.5 9.126752336448597e-06
103.5 1.2169003115264797e-05
104.5 9.126752336448597e-06
105.5 3.0422507788161993e-06
106.5 4.563376168224299e-06
107.5 7.6056269470404984e-06
108.5 9.126752336448597e-06
109.5 1.5211253894080996e-06
110.5 6.084501557632399e-06
111.5 1.5211253894080996e-06
112.5 6.084501557632399e-06
113.5 0.0
114.5 0.0
115.5 3.0422507788161993e-06
116.5 4.563376168224299e-06
117.5 1.5211253894080996e-06
118.5 4.563376168224299e-06
119.5 1.5211253894080996e-06
120.5 1.0647877725856697e-05
121.5 6.084501557632399e-06
122.5 4.563376168224299e-06
123.5 9.126752336448597e-06
124.5 1.6732379283489095e-05
125.5 1.0647877725856697e-05
126.5 1.6732379283489095e-05
127.5 1.5211253894080997e-05
128.5 3.194363317757009e-05
129.5 2.7380257009345794e-05
130.5 3.802813473520249e-05
131.5 4.715488707165109e-05
132.5 5.780276479750779e-05
133.5 6.692951713395638e-05
134.5 5.476051401869159e-05
135.5 6.084501557632399e-05
136.5 7.757739485981308e-05
137.5 5.780276479750779e-05
138.5 6.236614096573208e-05
139.5 6.084501557632399e-05
140.5 6.540839174454828e-05
141.5 8.214077102803738e-05
142.5 5.780276479750779e-05
143.5 6.540839174454828e-05
144.5 6.692951713395638e-05
145.5 6.388726635514018e-05
146.5 5.171826323987539e-05
147.5 4.259151090342679e-05
148.5 5.476051401869159e-05
149.5 4.563376168224299e-05
150.5 7.605626947040498e-05
151.5 8.974639797507788e-05
152.5 8.366189641744548e-05
153.5 0.00011408440420560748
154.5 0.00011712665498442368
155.5 9.583089953271028e-05
156.5 0.00014298578660436136
157.5 0.00011408440420560748
158.5 0.00012169003115264798
159.5 0.00013994353582554516
160.5 0.00011712665498442368
161.5 0.00012016890576323988
162.5 0.00012016890576323988
163.5 0.00015059141355140186
164.5 0.00012929565809968846
165.5 0.00011560552959501558
166.5 0.00012169003115264798
167.5 0.00011864778037383178
168.5 0.00011408440420560748
169.5 0.00011256327881619938
170.5 0.00011712665498442368
171.5 9.430977414330218e-05
172.5 0.00010952102803738318
173.5 8.670414719626168e-05
174.5 9.278864875389408e-05
175.5 8.822527258566978e-05
176.5 6.084501557632398e-05
177.5 8.518302180685358e-05
178.5 6.388726635514018e-05
179.5 7.909852024922118e-05
180.5 7.301401869158878e-05
181.5 8.670414719626168e-05
182.5 6.997176791277258e-05
183.5 6.845064252336448e-05
184.5 3.954926012461059e-05
185.5 5.932389018691589e-05
186.5 6.540839174454828e-05
187.5 7.301401869158878e-05
188.5 5.780276479750779e-05
189.5 5.476051401869159e-05
190.5 6.845064252336448e-05
191.5 6.084501557632399e-05
192.5 5.628163940809969e-05
193.5 5.323938862928349e-05
194.5 6.540839174454828e-05
195.5 5.019713785046729e-05
196.5 4.563376168224299e-05
197.5 4.259151090342679e-05
198.5 3.954926012461059e-05
199.5 4.107038551401869e-05
200.5 6.084501557632399e-05
201.5 4.715488707165109e-05
202.5 4.563376168224299e-05
203.5 4.563376168224299e-05
204.5 6.845064252336448e-05
205.5 5.932389018691589e-05
206.5 7.757739485981308e-05
207.5 8.822527258566978e-05
208.5 0.00015363366433021806
209.5 0.00017797167056074766
210.5 0.00023881668613707165
211.5 0.0002646758177570093
212.5 0.0003726757204049844
213.5 0.0004532953660436137
214.5 0.0005901966510903421
215.5 0.0006860275506230518
216.5 0.0008792104750778803
217.5 0.001072393399532708
218.5 0.0012762242017133939
219.5 0.0013720551012461034
220.5 0.0014374634929906517
221.5 0.0014830972546728942
222.5 0.0015165620132398733
223.5 0.0014283367406542037
224.5 0.0013264213395638613
225.5 0.0012838298286604341
226.5 0.001149970794392521
227.5 0.0009294076129283477
228.5 0.0008290133372274131
229.5 0.0007255768107476625
230.5 0.0005415206386292832
231.5 0.0004167883566978193
232.5 0.0003878869742990654
233.5 0.00023121105919003115
234.5 0.00018405617211838006
235.5 0.00014754916277258566
236.5 0.00012016890576323988
237.5 0.00010343652647975078
238.5 7.149289330218068e-05
239.5 4.259151090342679e-05
240.5 4.715488707165109e-05
241.5 2.8901382398753894e-05
242.5 2.4338006230529594e-05
243.5 1.8253504672897195e-05
244.5 4.563376168224299e-06
245.5 1.0647877725856697e-05
246.5 9.126752336448597e-06
247.5 4.563376168224299e-06
248.5 1.6732379283489095e-05
249.5 6.084501557632399e-06
250.5 7.6056269470404984e-06
251.5 6.084501557632399e-06
252.5 9.126752336448597e-06
253.5 1.5211253894080996e-06
254.5 7.6056269470404984e-06
255.5 3.0422507788161993e-06
256.5 1.6732379283489095e-05
257.5 1.3690128504672897e-05
258.5 7.6056269470404984e-06
259.5 2.1295755451713395e-05
260.5 1.9774630062305295e-05
261.5 3.194363317757009e-05
262.5 4.259151090342679e-05
263.5 5.323938862928349e-05
264.5 8.670414719626168e-05
265.5 0.00010039427570093458
266.5 0.00017797167056074766
267.5 0.0002981405763239875
268.5 0.0004517742406542056
269.5 0.0006799430490654197
270.5 0.001028280763239874
271.5 0.0015378577686915864
272.5 0.0023060260903426766
273.5 0.003332785728193143
274.5 0.004919319509345791
275.5 0.00704889505451713
276.5 0.00951159705996884
277.5 0.012310467776479744
278.5 0.015244718652647976
279.5 0.01879350418613707
280.5 0.021418966608255437
281.5 0.023332542348130834
282.5 0.02396533051012461
283.5 0.023419246495327103
284.5 0.021225783683800604
285.5 0.018577504380841114
286.5 0.015643253504672897
287.5 0.012902185552959496
288.5 0.011808496397975076
289.5 0.011922580802180683
290.5 0.014503930588006234
291.5 0.01909620813862928
292.5 0.025141160436137077
293.5 0.03142645054517133
294.5 0.037340586059190044
295.5 0.041128188278816195
296.5 0.042748186818535816
297.5 0.0411616530373832
298.5 0.0375809238707165
299.5 0.031940590926791274
300.5 0.025760258469626162
301.5 0.019938911604361374
302.5 0.014230128017912777
303.5 0.010188497858255447
304.5 0.006581909559968843
305.5 0.0041009540498442324
306.5 0.002613293419003113
307.5 0.00165498442367601
308.5 0.0009354921144859795
309.5 0.0005430417640186914
310.5 0.0003270419587227414
311.5 0.00019774630062305295
312.5 0.00010952102803738318
313.5 6.692951713395638e-05
314.5 4.259151090342679e-05
315.5 1.5211253894080997e-05
316.5 1.0647877725856697e-05
317.5 4.563376168224299e-06
318.5 6.084501557632399e-06
319.5 1.5211253894080996e-06
320.5 1.5211253894080996e-06
321.5 1.5211253894080996e-06
322.5 1.5211253894080996e-06
323.5 1.5211253894080996e-06
324.5 0.0
325.5 0.0
326.5 1.5211253894080996e-06
327.5 0.0
328.5 0.0
329.5 1.5211253894080996e-06
330.5 0.0
331.5 0.0
332.5 0.0
333.5 1.5211253894080996e-06
334.5 1.5211253894080996e-06
335.5 1.5211253894080996e-06
336.5 3.0422507788161993e-06
337.5 1.5211253894080996e-06
338.5 9.126752336448597e-06
339.5 3.0422507788161993e-06
340.5 7.6056269470404984e-06
341.5 3.0422507788161993e-06
342.5 6.084501557632399e-06
343.5 9.126752336448597e-06
344.5 1.0647877725856697e-05
345.5 1.5211253894080997e-05
346.5 2.7380257009345794e-05
347.5 2.7380257009345794e-05
348.5 3.954926012461059e-05
349.5 4.563376168224299e-05
350.5 6.540839174454828e-05
351.5 4.715488707165109e-05
352.5 6.540839174454828e-05
353.5 4.715488707165109e-05
354.5 4.563376168224299e-05
355.5 5.628163940809969e-05
356.5 4.411263629283489e-05
357.5 3.498588395638629e-05
358.5 3.802813473520249e-05
359.5 4.715488707165109e-05
