0.5 1.5211253894080996e-06
1.5 0.0
2.5 1.5211253894080996e-06
3.5 3.0422507788161993e-06
4.5 0.0
5.5 0.0
6.5 0.0
7.5 1.5211253894080996e-06
8.5 0.0
9.5 1.5211253894080996e-06
10.5 1.5211253894080996e-06
11.5 1.5211253894080996e-06
12.5 3.0422507788161993e-06
13.5 1.5211253894080996e-06
14.5 3.0422507788161993e-06
15.5 3.0422507788161993e-06
16.5 1.5211253894080996e-06
17.5 6.084501557632399e-06
18.5 4.563376168224299e-06
19.5 6.084501557632399e-06
20.5 1.0647877725856697e-05
21.5 7.6056269470404984e-06
22.5 1.8253504672897195e-05
23.5 1.6732379283489095e-05
24.5 1.5211253894080997e-05
25.5 1.8253504672897195e-05
26.5 2.5859131619937694e-05
27.5 3.346475856697819e-05
28.5 3.346475856697819e-05
29.5 3.0422507788161994e-05
30.5 4.867601246105919e-05
31.5 6.997176791277258e-05
32.5 6.997176791277258e-05
33.5 0.00011712665498442368
34.5 0.00011104215342679128
35.5 0.00016732379283489096
36.5 0.00022816880841121495
37.5 0.00020839417834890965
38.5 0.0002935772001557632
39.5 0.0003574644665109034
40.5 0.0004548164914330218
41.5 0.0005110981308411213
42.5 0.000571943146417445
43.5 0.0006267036604361364
44.5 0.0008350978387850454
45.5 0.0009370132398753877
46.5 0.0011104215342679104
47.5 0.001229069314641743
48.5 0.0014754916277258542
49.5 0.0016397731697819298
50.5 0.0017553786993769456
51.5 0.002032223520249218
52.5 0.0022345331970404963
53.5 0.0024414062499999987
54.5 0.0027395468263239848
55.5 0.00299205364096573
56.5 0.0032932364680685346
57.5 0.0034057997468847335
58.5 0.0036735178154205573
59.5 0.0038773486176012445
60.5 0.004032503407320869
61.5 0.004225686331775699
62.5 0.004578587422118375
63.5 0.004469066394080992
64.5 0.00451317903037383
65.5 0.004435601635514014
66.5 0.004755037967289718
67.5 0.0047763337227414325
68.5 0.004621178933021804
69.5 0.004779375973520246
70.5 0.00442495375778816
71.5 0.004491883274922112
72.5 0.004405179127725856
73.5 0.003941235883956383
74.5 0.003965573890186913
75.5 0.003749574084890964
76.5 0.0034118842484423674
77.5 0.0034894616433021764
78.5 0.003366250486760122
79.5 0.0029874902647975053
80.5 0.002757800330996882
81.5 0.0025874342873831754
82.5 0.002301462714174452
83.5 0.0021949839369158853
84.5 0.0019789841316199355
85.5 0.001709744937694701
86.5 0.0016336886682242968
87.5 0.0015028718847352007
88.5 0.0012747030763239854
89.5 0.001233632690809967
90.5 0.001051097644080995
91.5 0.0010024216316199361
92.5 0.0008989851051401856
93.5 0.0007727316978193134
94.5 0.0006829852998442354
95.5 0.0006677740459501548
96.5 0.0005962811526479745
97.5 0.0005445628894080992
98.5 0.0004821967484423676
99.5 0.0004609009929906542
100.5 0.0004046193535825545
101.5 0.0003650700934579439
102.5 0.0003452954633956386
103.5 0.0002722814447040498
104.5 0.0002677180685358255
105.5 0.0002570701908099688
106.5 0.000244901187694704
107.5 0.0002464223130841121
108.5 0.00018709842289719626
109.5 0.00021143642912772585
110.5 0.00017949279595015576
111.5 0.00020230967679127725
112.5 0.00015667591510903426
113.5 0.00017188716900311526
114.5 0.00015211253894080996
115.5 0.00014907028816199376
116.5 0.00012929565809968846
117.5 0.00012777453271028036
118.5 0.00013538015965732086
119.5 0.00014754916277258566
120.5 0.00013842241043613706
121.5 0.00013385903426791276
122.5 0.00015515478971962616
123.5 0.00013538015965732086
124.5 0.00012169003115264798
125.5 0.00015059141355140186
126.5 0.00015059141355140186
127.5 0.00017645054517133956
128.5 0.00019318292445482865
129.5 0.00021904205607476635
130.5 0.00022360543224299065
131.5 0.000244901187694704
132.5 0.00024338006230529595
133.5 0.0003011828271028037
134.5 0.0003027039524922118
135.5 0.0003559433411214953
136.5 0.0003589855919003115
137.5 0.0004076616043613707
138.5 0.0004852389992211838
139.5 0.0005901966510903422
140.5 0.0006327881619937685
141.5 0.0007164500584112136
142.5 0.0008153232087227403
143.5 0.0009294076129283475
144.5 0.001048055393302179
145.5 0.0011530130451713383
146.5 0.0014344212422118356
147.5 0.0015834915303738297
148.5 0.0017675477024922095
149.5 0.0019379137461059165
150.5 0.0022162796923675984
151.5 0.0025539695288161975
152.5 0.002929687499999996
153.5 0.00335256035825545
154.5 0.0037358839563862898
155.5 0.004257629964953269
156.5 0.004619657807632397
157.5 0.00529047410436137
158.5 0.005926304517133954
159.5 0.006510416666666663
160.5 0.007274021612149529
161.5 0.008004161799065417
162.5 0.00848331629672897
163.5 0.00950703368380062
164.5 0.010080497955607478
165.5 0.011122468847352024
166.5 0.011946918808411219
167.5 0.012651199863707165
168.5 0.013725114388629276
169.5 0.014660606503115257
170.5 0.015375535436137075
171.5 0.016052436234423675
172.5 0.01674454828660437
173.5 0.017356040693146422
174.5 0.017991871105919013
175.5 0.01842995521806853
176.5 0.019217898169781922
177.5 0.019296996690031158
178.5 0.019309165693146422
179.5 0.020084939641744546
180.5 0.020062122760903432
181.5 0.019444545852803745
182.5 0.019487137363707167
183.5 0.018737222546728962
184.5 0.018580546631619926
185.5 0.018175927278037376
186.5 0.017442744840342674
187.5 0.016860153816199368
188.5 0.01607373198987539
189.5 0.01545463395638628
190.5 0.014470465829439247
191.5 0.013921339563862918
192.5 0.012626861857476634
193.5 0.01204274970794392
194.5 0.01085170852803739
195.5 0.010319314641744553
196.5 0.009452273169781927
197.5 0.008624780957943915
198.5 0.007772950739875386
199.5 0.007179711838006224
200.5 0.006507374415887847
201.5 0.006028219918224299
202.5 0.005220502336448598
203.5 0.0045877141744548235
204.5 0.004125292056074763
205.5 0.0035974615459501533
206.5 0.0032795463395638583
207.5 0.002885574863707163
208.5 0.00259960329049844
209.5 0.0022543078271028026
210.5 0.0020961107866043593
211.5 0.0017949279595015554
212.5 0.001492224007009344
213.5 0.001413125486760123
214.5 0.0012062524338006212
215.5 0.001108900408878503
216.5 0.0009902526285046711
217.5 0.0007636049454828652
218.5 0.000669295171339563
219.5 0.0005978022780373825
220.5 0.0006099712811526473
221.5 0.0005202248831775699
222.5 0.0004472108644859813
223.5 0.000427436234423676
224.5 0.0003939714758566978
225.5 0.0003422532126168224
226.5 0.0002996617017133956
227.5 0.0002479434384735202
228.5 0.00023729556074766355
229.5 0.00021599980529595015
230.5 0.00020383080218068535
231.5 0.00018709842289719626
232.5 0.00018709842289719626
233.5 0.00019622517523364485
234.5 0.00018405617211838006
235.5 0.00014450691199376946
236.5 0.00014602803738317756
237.5 0.00014907028816199376
238.5 0.00016276041666666666
239.5 0.00011712665498442368
240.5 0.00016428154205607476
241.5 0.00014450691199376946
242.5 0.00014450691199376946
243.5 0.00012473228193146416
244.5 0.00012777453271028036
245.5 0.00015515478971962616
246.5 0.00016276041666666666
247.5 0.00019014067367601246
248.5 0.00015819704049844236
249.5 0.00018405617211838006
250.5 0.00019470404984423675
251.5 0.00020687305295950155
252.5 0.0002661969431464174
253.5 0.000275323695482866
254.5 0.0002646758177570093
255.5 0.0002464223130841121
256.5 0.0003163940809968847
257.5 0.0003452954633956386
258.5 0.0003376898364485981
259.5 0.0004289573598130841
260.5 0.0004441686137071651
261.5 0.0005126192562305295
262.5 0.000573464271806853
263.5 0.0005947600272585663
264.5 0.0006434360397196251
265.5 0.0006875486760124599
266.5 0.0008122809579439237
267.5 0.0009507033683800606
268.5 0.001045013142523363
269.5 0.0010510976440809947
270.5 0.0011682242990654185
271.5 0.0013963931074766334
272.5 0.0014420268691588765
273.5 0.0017097449376947016
274.5 0.0017173505646417419
275.5 0.001937913746105917
276.5 0.0021037164135513996
277.5 0.0023394908489096544
278.5 0.0025935187889408063
279.5 0.002645237052180682
280.5 0.0030179127725856675
281.5 0.0031167859228971944
282.5 0.0033768983644859797
283.5 0.003504672897196261
284.5 0.003729799454828658
285.5 0.003999038648753891
286.5 0.004193742698598128
287.5 0.004263714466510901
288.5 0.004281967971183797
289.5 0.004467545268691586
290.5 0.0046835450739875365
291.5 0.004780897098909656
292.5 0.004631826810747663
293.5 0.004619657807632395
294.5 0.004680502823208718
295.5 0.004589235299844233
296.5 0.004469066394080998
297.5 0.004564897293613702
298.5 0.0042302497079439215
299.5 0.004142024435358254
300.5 0.003926024630062302
301.5 0.003637010806074762
302.5 0.0034864193925233634
303.5 0.003148729556074765
304.5 0.002963152258566978
305.5 0.0028034340926791253
306.5 0.0024596597546728926
307.5 0.0023242795950155735
308.5 0.0020185333917445455
309.5 0.0018481673481308383
310.5 0.0016945336838006205
311.5 0.0013431537188473496
312.5 0.0012564495716510878
313.5 0.001125632788161991
314.5 0.0009476611176012441
315.5 0.0008092387071651077
316.5 0.0007407880646417435
317.5 0.000555210767133956
318.5 0.00048828125
319.5 0.000412224980529595
320.5 0.0003620278426791277
321.5 0.0002950983255451713
322.5 0.0002692391939252336
323.5 0.00016580266744548286
324.5 0.00015515478971962616
325.5 0.00011864778037383178
326.5 0.00010191540109034268
327.5 0.00011560552959501558
328.5 6.236614096573208e-05
329.5 4.715488707165109e-05
330.5 4.563376168224299e-05
331.5 3.802813473520249e-05
332.5 2.4338006230529594e-05
333.5 2.4338006230529594e-05
334.5 2.4338006230529594e-05
335.5 9.126752336448597e-06
336.5 1.5211253894080997e-05
337.5 1.5211253894080997e-05
338.5 1.0647877725856697e-05
339.5 9.126752336448597e-06
340.5 7.6056269470404984e-06
341.5 3.0422507788161993e-06
342.5 0.0
343.5 3.0422507788161993e-06
344.5 3.0422507788161993e-06
345.5 6.084501557632399e-06
346.5 6.084501557632399e-06
347.5 3.0422507788161993e-06
348.5 4.563376168224299e-06
349.5 0.0
350.5 3.0422507788161993e-06
351.5 3.0422507788161993e-06
352.5 1.5211253894080996e-06
353.5 0.0
354.5 1.5211253894080996e-06
355.5 0.0
356.5 1.5211253894080996e-06
357.5 1.5211253894080996e-06
358.5 1.5211253894080996e-06
359.5 0.0
