0.5 0.0
1.5 1.5211253894080996e-06
2.5 0.0
3.5 0.0
4.5 0.0
5.5 3.0422507788161993e-06
6.5 1.5211253894080996e-06
7.5 0.0
8.5 0.0
9.5 0.0
10.5 0.0
11.5 1.5211253894080996e-06
12.5 0.0
13.5 0.0
14.5 0.0
15.5 0.0
16.5 0.0
17.5 0.0
18.5 0.0
19.5 0.0
20.5 0.0
21.5 0.0
22.5 0.0
23.5 0.0
24.5 1.5211253894080996e-06
25.5 0.0
26.5 0.0
27.5 1.5211253894080996e-06
28.5 0.0
29.5 3.0422507788161993e-06
30.5 0.0
31.5 0.0
32.5 4.563376168224299e-06
33.5 0.0
34.5 3.0422507788161993e-06
35.5 0.0
36.5 1.5211253894080996e-06
37.5 6.084501557632399e-06
38.5 7.6056269470404984e-06
39.5 4.563376168224299e-06
40.5 6.084501557632399e-06
41.5 1.5211253894080996e-06
42.5 7.605626947040498e-06
43.5 6.084501557632399e-06
44.5 7.6056269470404984e-06
45.5 4.563376168224299e-06
46.5 1.0647877725856697e-05
47.5 6.084501557632399e-06
48.5 9.126752336448597e-06
49.5 4.563376168224299e-06
50.5 6.084501557632399e-06
51.5 1.6732379283489095e-05
52.5 1.5211253894080995e-05
53.5 9.126752336448597e-06
54.5 1.6732379283489095e-05
55.5 2.2816880841121494e-05
56.5 4.563376168224299e-06
57.5 1.3690128504672895e-05
58.5 1.8253504672897195e-05
59.5 9.126752336448597e-06
60.5 1.2169003115264797e-05
61.5 9.126752336448597e-06
62.5 1.3690128504672897e-05
63.5 6.084501557632399e-06
64.5 1.0647877725856697e-05
65.5 6.084501557632399e-06
66.5 4.563376168224299e-06
67.5 6.084501557632399e-06
68.5 4.563376168224299e-06
69.5 4.563376168224299e-06
70.5 9.126752336448597e-06
71.5 3.0422507788161993e-06
72.5 6.084501557632399e-06
73.5 3.0422507788161993e-06
74.5 1.5211253894080996e-06
75.5 1.5211253894080996e-06
76.5 1.5211253894080996e-06
77.5 3.0422507788161993e-06
78.5 0.0
79.5 1.5211253894080996e-06
80.5 1.5211253894080996e-06
81.5 0.0
82.5 0.0
83.5 0.0
84.5 0.0
85.5 0.0
86.5 0.0
87.5 0.0
88.5 0.0
89.5 0.0
90.5 0.0
91.5 0.0
92.5 0.0
93.5 0.0
94.5 0.0
95.5 0.0
96.5 0.0
97.5 0.0
98.5 0.0
99.5 0.0
100.5 0.0
101.5 0.0
102.5 0.0
103.5 0.0
104.5 0.0
105.5 0.0
106.5 0.0
107.5 0.0
108.5 0.0
109.5 0.0
110.5 0.0
111.5 0.0
112.5 0.0
113.5 0.0
114.5 0.0
115.5 0.0
116.5 0.0
117.5 0.0
118.5 0.0
119.5 0.0
120.5 0.0
121.5 0.0
122.5 0.0
123.5 0.0
124.5 0.0
125.5 0.0
126.5 0.0
127.5 0.0
128.5 0.0
129.5 0.0
130.5 0.0
131.5 0.0
132.5 0.0
133.5 0.0
134.5 1.5211253894080996e-06
135.5 0.0
136.5 0.0
137.5 0.0
138.5 1.5211253894080996e-06
139.5 0.0
140.5 0.0
141.5 3.0422507788161993e-06
142.5 3.0422507788161993e-06
143.5 1.5211253894080996e-06
144.5 1.6732379283489095e-05
145.5 1.0647877725856697e-05
146.5 1.9774630062305295e-05
147.5 1.5211253894080997e-05
148.5 2.4338006230529594e-05
149.5 2.7380257009345794e-05
150.5 4.259151090342679e-05
151.5 6.388726635514018e-05
152.5 8.061964563862928e-05
153.5 9.735202492211838e-05
154.5 0.00012625340732087226
155.5 0.00017645054517133956
156.5 0.0002494645638629283
157.5 0.000351379964953271
158.5 0.000457858742211838
159.5 0.0006175769080996881
160.5 0.0008122809579439243
161.5 0.0010100272585669768
162.5 0.0012534073208722725
163.5 0.0015606746495327084
164.5 0.0020504770249221167
165.5 0.0024353217484423656
166.5 0.00322478582554517
167.5 0.0038454049844236743
168.5 0.0046379113123052925
169.5 0.005568840050623048
170.5 0.006636670073987534
171.5 0.007756218360591897
172.5 0.009000498929127724
173.5 0.010120047215732085
174.5 0.011444947429906538
175.5 0.012885453173676004
176.5 0.01431835329049844
177.5 0.015523084598909654
178.5 0.01652398510514019
179.5 0.017251083041277256
180.5 0.018615532515576315
181.5 0.019144884151090336
182.5 0.019808094820872268
183.5 0.01987350321261681
184.5 0.020384601343457938
185.5 0.020021052375389408
186.5 0.019245278426791274
187.5 0.01919508128894081
188.5 0.018586631133177565
189.5 0.017380378699376944
190.5 0.01656049211448598
191.5 0.015621957749221186
192.5 0.01452978971962616
193.5 0.013360044295171337
194.5 0.011927144178348907
195.5 0.01092320142133956
196.5 0.009829512266355136
197.5 0.008738865362149528
198.5 0.007596500194704047
199.5 0.0068070361176012445
200.5 0.006111881814641742
201.5 0.005196164330218066
202.5 0.004496446651090341
203.5 0.0038590951129283467
204.5 0.003103095794392522
205.5 0.00284754672897196
206.5 0.002385124610591898
207.5 0.0018770687305295938
208.5 0.0017356040693146395
209.5 0.0013492382204049827
210.5 0.0011347595404984407
211.5 0.0009187597352024905
212.5 0.0008183654595015563
213.5 0.0006312670366043606
214.5 0.0005536896417445478
215.5 0.0004441686137071651
216.5 0.0003909292250778816
217.5 0.0003103095794392523
218.5 0.0002661969431464174
219.5 0.00021143642912772585
220.5 0.00017645054517133956
221.5 0.00017188716900311526
222.5 0.00012321115654205606
223.5 0.00012625340732087226
224.5 0.00010799990264797508
225.5 9.430977414330218e-05
226.5 8.670414719626168e-05
227.5 6.845064252336448e-05
228.5 6.845064252336448e-05
229.5 6.388726635514018e-05
230.5 4.107038551401869e-05
231.5 5.628163940809969e-05
232.5 5.019713785046729e-05
233.5 5.019713785046729e-05
234.5 5.019713785046729e-05
235.5 4.107038551401869e-05
236.5 5.780276479750779e-05
237.5 2.7380257009345794e-05
238.5 5.323938862928349e-05
239.5 6.236614096573208e-05
240.5 7.149289330218068e-05
241.5 4.867601246105919e-05
242.5 4.715488707165109e-05
243.5 5.628163940809969e-05
244.5 5.780276479750779e-05
245.5 6.388726635514018e-05
246.5 7.605626947040498e-05
247.5 7.149289330218068e-05
248.5 0.00010799990264797508
249.5 0.00011408440420560748
250.5 0.00014298578660436136
251.5 0.00011864778037383178
252.5 0.00015515478971962616
253.5 0.00015515478971962616
254.5 0.00018557729750778816
255.5 0.0002738025700934579
256.5 0.0002966194509345794
257.5 0.0003270419587227414
258.5 0.0003270419587227414
259.5 0.0003878869742990654
260.5 0.0004669854945482866
261.5 0.000573464271806853
262.5 0.0006008445288161991
263.5 0.0007575204439252329
264.5 0.0008563935942367592
265.5 0.000978083625389407
266.5 0.0011743088006230511
267.5 0.0013096889602803718
268.5 0.0015439422702492188
269.5 0.0018010124610591878
270.5 0.002118927667445481
271.5 0.002357744353582553
272.5 0.0026391525506230503
273.5 0.0030635465342679098
274.5 0.0035031517718068514
275.5 0.00396861614096573
276.5 0.004475150895638628
277.5 0.004870643496884734
278.5 0.005606868185358256
279.5 0.006087543808411209
280.5 0.00699261341510903
281.5 0.008052837811526478
282.5 0.008653682340342679
283.5 0.00969717435747663
284.5 0.01052466656931464
285.5 0.011166581483644857
286.5 0.012754636390186909
287.5 0.013426973812305294
288.5 0.014131254867601237
289.5 0.015085000486760106
290.5 0.015801450545171333
291.5 0.016373393691588776
292.5 0.016863196066978187
293.5 0.017634406639408098
294.5 0.017711984034267905
295.5 0.01809834988317757
296.5 0.01837519470404985
297.5 0.018107476635514024
298.5 0.017605505257009338
299.5 0.017152209890965726
300.5 0.016263872663551403
301.5 0.015434859326323979
302.5 0.014665169879283489
303.5 0.01382855091510903
304.5 0.0128839320482866
305.5 0.011755257009345791
306.5 0.01082432827102803
307.5 0.00977779400311526
308.5 0.008761682242990653
309.5 0.0075204439252336405
310.5 0.0067720502336448525
311.5 0.005882191880841118
312.5 0.005133798189252331
313.5 0.0044264748831775655
314.5 0.003714588200934578
315.5 0.0031685041861370675
316.5 0.002640673676012458
317.5 0.002274082457165107
318.5 0.0017203928154205577
319.5 0.0014815761292834866
320.5 0.0011910411799065403
321.5 0.001046534267912771
322.5 0.0007849007009345783
323.5 0.0005932389018691585
324.5 0.0004989291277258566
325.5 0.0003772390965732087
326.5 0.000320957457165109
327.5 0.0002768448208722741
328.5 0.00019926742601246105
329.5 0.00014907028816199376
330.5 0.00012473228193146416
331.5 0.00011408440420560748
332.5 7.909852024922118e-05
333.5 6.236614096573208e-05
334.5 4.715488707165109e-05
335.5 3.802813473520249e-05
336.5 3.0422507788161994e-05
337.5 2.2816880841121494e-05
338.5 1.9774630062305295e-05
339.5 1.5211253894080997e-05
340.5 2.2816880841121494e-05
341.5 1.5211253894080997e-05
342.5 3.0422507788161993e-06
343.5 1.5211253894080996e-06
344.5 4.563376168224299e-06
345.5 7.6056269470404984e-06
346.5 3.0422507788161993e-06
347.5 0.0
348.5 0.0
349.5 1.5211253894080996e-06
350.5 3.0422507788161993e-06
351.5 1.5211253894080996e-06
352.5 3.0422507788161993e-06
353.5 1.5211253894080996e-06
354.5 0.0
355.5 0.0
356.5 0.0
357.5 0.0
358.5 0.0
359.5 0.0
