0.5 0.0
1.5 1.5211253894080996e-06
2.5 1.5211253894080996e-06
3.5 3.0422507788161993e-06
4.5 0.0
5.5 0.0
6.5 1.5211253894080996e-06
7.5 3.0422507788161993e-06
8.5 0.0
9.5 3.0422507788161993e-06
10.5 1.5211253894080996e-06
11.5 1.5211253894080996e-06
12.5 4.563376168224299e-06
13.5 9.126752336448597e-06
14.5 4.563376168224299e-06
15.5 1.5211253894080996e-06
16.5 1.5211253894080996e-06
17.5 1.5211253894080996e-06
18.5 1.0647877725856697e-05
19.5 6.084501557632399e-06
20.5 7.6056269470404984e-06
21.5 9.126752336448597e-06
22.5 1.8253504672897195e-05
23.5 2.4338006230529594e-05
24.5 2.2816880841121494e-05
25.5 3.194363317757009e-05
26.5 4.259151090342679e-05
27.5 4.867601246105919e-05
28.5 6.084501557632399e-05
29.5 6.692951713395638e-05
30.5 5.932389018691589e-05
31.5 9.887315031152648e-05
32.5 0.00010495765186915888
33.5 0.00015667591510903426
34.5 0.00015971816588785046
35.5 0.0002464223130841121
36.5 0.00024185893691588785
37.5 0.0002722814447040498
38.5 0.0003757179711838006
39.5 0.0004502531152647975
40.5 0.0004958868769470404
41.5 0.0006388726635514011
42.5 0.0007423091900311514
43.5 0.0008046753309968835
44.5 0.001014590634735201
45.5 0.0011286750389408083
46.5 0.0012701397001557615
47.5 0.0014313789914330197
48.5 0.0016184774143302152
49.5 0.0017888434579439233
50.5 0.0020124488901869138
51.5 0.0022634345794392487
52.5 0.0024338006230529563
53.5 0.0026254624221183774
54.5 0.0029996592679127692
55.5 0.0033114899727414307
56.5 0.0034392645054517096
57.5 0.0037237149532710254
58.5 0.003959489388629282
59.5 0.0039625316394080986
60.5 0.004324559482087226
61.5 0.004326080607476633
62.5 0.004548164914330215
63.5 0.004770249221183796
64.5 0.00468962957554517
65.5 0.004929967387071649
66.5 0.004840220989096567
67.5 0.0048569533683800615
68.5 0.004966474396417442
69.5 0.004879770249221183
70.5 0.004604446553738316
71.5 0.004721573208722739
72.5 0.004564897293613705
73.5 0.004307827102803736
74.5 0.004359545366043612
75.5 0.003994475272585669
76.5 0.003901686623831774
77.5 0.0037008980724299034
78.5 0.0034681658878504646
79.5 0.0032293492017133932
80.5 0.0029281663746105885
81.5 0.0027365045755451682
82.5 0.0025357160241432997
83.5 0.0023683922313084086
84.5 0.002156955802180682
85.5 0.0020839417834890932
86.5 0.001753857573987536
87.5 0.0015971816588785021
88.5 0.0014465902453271009
89.5 0.0013264213395638603
90.5 0.0012138580607476618
91.5 0.001125632788161992
92.5 0.0010100272585669768
93.5 0.0009598301207165097
94.5 0.0007544781931464161
95.5 0.0007636049454828645
96.5 0.0006434360397196254
97.5 0.0006190980334890958
98.5 0.0005110981308411213
99.5 0.0004532953660436137
100.5 0.0004350418613707165
101.5 0.0003681123442367601
102.5 0.0003726757204049844
103.5 0.0002798870716510903
104.5 0.0002707603193146417
105.5 0.0002661969431464174
106.5 0.0002631546923676012
107.5 0.00022512655763239875
108.5 0.00020383080218068535
109.5 0.00017188716900311526
110.5 0.00019014067367601246
111.5 0.00017492941978193146
112.5 0.00017340829439252336
113.5 0.00013538015965732086
114.5 0.00012777453271028036
115.5 0.00013842241043613706
116.5 0.00012777453271028036
117.5 0.00011256327881619938
118.5 0.00010647877725856698
119.5 0.00011560552959501558
120.5 0.00011864778037383178
121.5 0.00011864778037383178
122.5 0.00010952102803738318
123.5 0.00011864778037383178
124.5 0.00014450691199376946
125.5 0.00012169003115264798
126.5 0.00014298578660436136
127.5 0.00014907028816199376
128.5 0.00015059141355140186
129.5 0.00012929565809968846
130.5 0.00015819704049844236
131.5 0.00015971816588785046
132.5 0.00020230967679127725
133.5 0.00020383080218068535
134.5 0.00023577443535825545
135.5 0.0002525068146417445
136.5 0.0002844504478193146
137.5 0.0002707603193146417
138.5 0.0003924503504672897
139.5 0.0004000559774143302
140.5 0.0004806756230529595
141.5 0.0004609009929906542
142.5 0.0005871544003115259
143.5 0.0005810698987538935
144.5 0.0006905909267912761
145.5 0.0008183654595015561
146.5 0.0009522244937694687
147.5 0.001078477901090341
148.5 0.0013081678348909633
149.5 0.0014085621105918982
150.5 0.001658026674454826
151.5 0.00186337860202492
152.5 0.002266476830218066
153.5 0.0024490118769470376
154.5 0.002894701616043609
155.5 0.0032932364680685316
156.5 0.0038317148559189997
157.5 0.004146587811526476
158.5 0.004660728193146417
159.5 0.005404558508566978
160.5 0.006035825545171337
161.5 0.007091486565420555
162.5 0.0075645565615264755
163.5 0.008495485299844233
164.5 0.009681963103582544
165.5 0.01025086399922118
166.5 0.011276102511682243
167.5 0.01248235494548286
168.5 0.013420889310747657
169.5 0.01450697283878504
170.5 0.015655422507788154
171.5 0.016335365556853585
172.5 0.01732409705996885
173.5 0.018293053933021795
174.5 0.01895930685358255
175.5 0.01963164427570093
176.5 0.02037699571651092
177.5 0.020962628991433033
178.5 0.021064544392523376
179.5 0.020737502433800646
180.5 0.02101434725467291
181.5 0.020675136292834906
182.5 0.02094741773753896
183.5 0.020118404400311523
184.5 0.019373052959501563
185.5 0.01898516598520249
186.5 0.0183675890771028
187.5 0.017573561623831772
188.5 0.01663198500778815
189.5 0.01572387315031152
190.5 0.014573902355918988
191.5 0.013361565420560741
192.5 0.012210073500778814
193.5 0.011545341705607486
194.5 0.010466863804517135
195.5 0.00958765332943925
196.5 0.00855633031542056
197.5 0.007628443827881618
198.5 0.006810078368380057
199.5 0.006248783099688471
200.5 0.005310248734423674
201.5 0.004808277355918999
202.5 0.00422264408099688
203.5 0.0037069825739875365
204.5 0.003255208333333332
205.5 0.0029844480140186896
206.5 0.002435321748442365
207.5 0.0022299698208722717
208.5 0.001829913843457942
209.5 0.0016336886682242959
210.5 0.0014389846183800595
211.5 0.0012975199571651067
212.5 0.001122590537383176
213.5 0.0010145906347352011
214.5 0.00084726684190031
215.5 0.0006997176791277249
216.5 0.0006114924065420554
217.5 0.0005034925038940808
218.5 0.0004867601246105919
219.5 0.0004259151090342679
220.5 0.0003376898364485981
221.5 0.0003985348520249221
222.5 0.0002707603193146417
223.5 0.0002677180685358255
224.5 0.000260112441588785
225.5 0.00024338006230529595
226.5 0.00017797167056074766
227.5 0.00015819704049844236
228.5 0.00015363366433021806
229.5 0.00017036604361370716
230.5 0.00015363366433021806
231.5 0.00014146466121495326
232.5 0.00012929565809968846
233.5 0.00012169003115264798
234.5 0.00014754916277258566
235.5 0.00013081678348909656
236.5 0.00013842241043613706
237.5 0.00011712665498442368
238.5 0.00013081678348909656
239.5 0.00011104215342679128
240.5 0.00012169003115264798
241.5 0.00012777453271028036
242.5 0.00013385903426791276
243.5 0.00013233790887850466
244.5 0.00013842241043613706
245.5 0.00013233790887850466
246.5 0.00015211253894080996
247.5 0.00015059141355140186
248.5 0.00019014067367601246
249.5 0.00019926742601246105
250.5 0.00018101392133956386
251.5 0.00022056318146417445
252.5 0.0002479434384735202
253.5 0.00022360543224299065
254.5 0.0003042250778816199
255.5 0.0002966194509345794
256.5 0.0003605067172897196
257.5 0.0003148729556074766
258.5 0.0003681123442367601
259.5 0.0004183094820872274
260.5 0.0005126192562305294
261.5 0.0005263093847352022
262.5 0.0005780276479750771
263.5 0.0006753796728971949
264.5 0.0007210134345794377
265.5 0.0007833795755451702
266.5 0.0009446188668224282
267.5 0.0009339709890965716
268.5 0.000978083625389406
269.5 0.0011575764213395618
270.5 0.0013279424649532694
271.5 0.0014146466121495306
272.5 0.0015576323987538923
273.5 0.0018177448403426763
274.5 0.002003322137850465
275.5 0.002117406542056072
276.5 0.0023349274727414316
277.5 0.002534194898753892
278.5 0.002794307340342676
279.5 0.0029768423870716494
280.5 0.003177630938473518
281.5 0.003373856113707163
282.5 0.0036370108060747633
283.5 0.003856052862149529
284.5 0.004187658197040497
285.5 0.004195263823987535
286.5 0.004434080510124606
287.5 0.00461813668224299
288.5 0.004561855042834887
289.5 0.004806756230529594
290.5 0.00478546047507788
291.5 0.004850868866822428
292.5 0.0047687280957943905
293.5 0.004937573014018689
294.5 0.004951263142523361
295.5 0.004707883080218061
296.5 0.004552728290498439
297.5 0.004613573306074762
298.5 0.004497967776479749
299.5 0.004117686429127722
300.5 0.004157235689252334
301.5 0.004018813278816197
302.5 0.003705461448598128
303.5 0.003372334988317753
304.5 0.0031061380451713368
305.5 0.0029236029984423648
306.5 0.002774532710280371
307.5 0.0024961667640186896
308.5 0.0022086740654205577
309.5 0.001994195385514016
310.5 0.0017797167056074748
311.5 0.0016488999221183785
312.5 0.0013979142328660412
313.5 0.0012549284462616797
314.5 0.001089125778816198
315.5 0.0008898583528037365
316.5 0.000801633080218067
317.5 0.0006677740459501551
318.5 0.0006267036604361363
319.5 0.0005278305101246104
320.5 0.0004137461059190031
321.5 0.0003802813473520249
322.5 0.0003027039524922118
323.5 0.0002798870716510903
324.5 0.00020839417834890965
325.5 0.00016123929127725856
326.5 0.00014450691199376946
327.5 0.00010952102803738318
328.5 9.583089953271028e-05
329.5 5.171826323987539e-05
330.5 6.540839174454828e-05
331.5 3.194363317757009e-05
332.5 4.867601246105919e-05
333.5 3.0422507788161994e-05
334.5 2.8901382398753894e-05
335.5 2.7380257009345794e-05
336.5 2.5859131619937694e-05
337.5 1.9774630062305295e-05
338.5 9.126752336448597e-06
339.5 7.6056269470404984e-06
340.5 1.2169003115264797e-05
341.5 7.6056269470404984e-06
342.5 6.084501557632399e-06
343.5 1.5211253894080996e-06
344.5 4.563376168224299e-06
345.5 4.563376168224299e-06
346.5 0.0
347.5 0.0
348.5 4.563376168224299e-06
349.5 1.5211253894080996e-06
350.5 3.0422507788161993e-06
351.5 1.5211253894080996e-06
352.5 1.5211253894080996e-06
353.5 0.0
354.5 0.0
355.5 3.0422507788161993e-06
356.5 1.5211253894080996e-06
357.5 0.0
358.5 1.5211253894080996e-06
359.5 1.5211253894080996e-06
