0.5 0.0
1.5 0.0
2.5 1.5211253894080996e-06
3.5 3.0422507788161993e-06
4.5 1.5211253894080996e-06
5.5 1.5211253894080996e-06
6.5 1.5211253894080996e-06
7.5 0.0
8.5 1.5211253894080996e-06
9.5 0.0
10.5 4.563376168224299e-06
11.5 3.0422507788161993e-06
12.5 0.0
13.5 3.0422507788161993e-06
14.5 7.6056269470404984e-06
15.5 3.0422507788161993e-06
16.5 7.6056269470404984e-06
17.5 6.084501557632399e-06
18.5 7.6056269470404984e-06
19.5 6.084501557632399e-06
20.5 9.126752336448597e-06
21.5 1.2169003115264797e-05
22.5 1.3690128504672897e-05
23.5 2.2816880841121494e-05
24.5 1.2169003115264797e-05
25.5 1.9774630062305295e-05
26.5 2.8901382398753894e-05
27.5 4.867601246105919e-05
28.5 5.171826323987539e-05
29.5 3.802813473520249e-05
30.5 5.932389018691589e-05
31.5 6.997176791277258e-05
32.5 0.00010039427570093458
33.5 0.00010343652647975078
34.5 0.00014450691199376946
35.5 0.00016732379283489096
36.5 0.00018861954828660436
37.5 0.0002494645638629283
38.5 0.0002935772001557632
39.5 0.0003757179711838006
40.5 0.0004243939836448598
41.5 0.0005567318925233642
42.5 0.0006175769080996879
43.5 0.0007301401869158871
44.5 0.000862478095794391
45.5 0.0009963371300623035
46.5 0.001187998929127724
47.5 0.0012944777063862913
48.5 0.0015089563862928329
49.5 0.0017234350661993745
50.5 0.001950082749221181
51.5 0.0021630403037383155
52.5 0.0023577443535825514
53.5 0.002496166764018689
54.5 0.0028688424844236743
55.5 0.003154814057632397
56.5 0.003372334988317754
57.5 0.0037100248247663513
58.5 0.003719151577102801
59.5 0.003971658391744545
60.5 0.004135939933800621
61.5 0.004233291958722739
62.5 0.004522305782710278
63.5 0.004593798676012458
64.5 0.004695714077102801
65.5 0.004788502725856697
66.5 0.00476264359423676
67.5 0.004923882885514016
68.5 0.004885854750778814
69.5 0.004730699961059184
70.5 0.00470484082943925
71.5 0.004482756522585665
72.5 0.004339770735981307
73.5 0.004186137071651088
74.5 0.0040294611565420526
75.5 0.0039777428933021755
76.5 0.0036430953076323964
77.5 0.0036202784267912753
78.5 0.003430137753115262
79.5 0.0030483352803738297
80.5 0.0028216875973520214
81.5 0.0024581386292834863
82.5 0.0024261949961059174
83.5 0.0021691248052959464
84.5 0.0020307023948598103
85.5 0.0017143083138629258
86.5 0.0017447308216510882
87.5 0.00159109715732087
88.5 0.0013385903426791255
89.5 0.0012731819509345774
90.5 0.0010221962616822416
91.5 0.0009735202492211815
92.5 0.0009233231113707149
93.5 0.0007909852024922106
94.5 0.0007347035630841109
95.5 0.0006921120521806843
96.5 0.0006038867795950149
97.5 0.0005506473909657317
98.5 0.0005080558800623051
99.5 0.0004396052375389408
100.5 0.0004183094820872274
101.5 0.0003894080996884735
102.5 0.0003924503504672897
103.5 0.0003163940809968847
104.5 0.000320957457165109
105.5 0.0002677180685358255
106.5 0.0002509856892523364
107.5 0.0002844504478193146
108.5 0.00024338006230529595
109.5 0.00018557729750778816
110.5 0.00017949279595015576
111.5 0.00019166179906542055
112.5 0.00017492941978193146
113.5 0.00016884491822429906
114.5 0.00013081678348909656
115.5 0.00015211253894080996
116.5 0.00012625340732087226
117.5 0.00014298578660436136
118.5 0.00016580266744548286
119.5 0.00013994353582554516
120.5 0.00016732379283489096
121.5 0.00015363366433021806
122.5 0.00016580266744548286
123.5 0.00017340829439252336
124.5 0.00012321115654205606
125.5 0.00013233790887850466
126.5 0.00022360543224299065
127.5 0.00020383080218068535
128.5 0.00019014067367601246
129.5 0.00023577443535825545
130.5 0.00020535192757009345
131.5 0.00023121105919003115
132.5 0.0002631546923676012
133.5 0.0002798870716510903
134.5 0.0003300842095015576
135.5 0.000366591218847352
136.5 0.0003894080996884735
137.5 0.0004791544976635514
138.5 0.0005445628894080993
139.5 0.0005567318925233641
140.5 0.0006860275506230518
141.5 0.000812280957943924
142.5 0.0007772950739875378
143.5 0.0009354921144859795
144.5 0.0010602243964174436
145.5 0.001242759443146415
146.5 0.0012899143302180665
147.5 0.0014983085085669753
148.5 0.001837519470404982
149.5 0.0019957165109034244
150.5 0.002269519080996883
151.5 0.002512899143302178
152.5 0.0029540255062305266
153.5 0.003258250584112148
154.5 0.0036796023169781873
155.5 0.004199827200155759
156.5 0.004616615556853582
157.5 0.005276783975856694
158.5 0.0058776285046728965
159.5 0.006498247663551398
160.5 0.006916557145638628
161.5 0.007879429517133952
162.5 0.008452893788940805
163.5 0.009254526869158872
164.5 0.010325399143302182
165.5 0.0107589198792835
166.5 0.011953003309968853
167.5 0.012804833528037381
168.5 0.013229227511682234
169.5 0.014161677375389403
170.5 0.015269056658878498
171.5 0.015583929614485983
172.5 0.01657722449376947
173.5 0.01728302667445482
174.5 0.01796296972352025
175.5 0.018049673870716505
176.5 0.01850905373831775
177.5 0.018951701226635514
178.5 0.019336545950155767
179.5 0.01927265868380063
180.5 0.01920725029205607
181.5 0.01922246154595016
182.5 0.01883001119548286
183.5 0.0186885465342679
184.5 0.018178969528816206
185.5 0.01763288551401868
186.5 0.016920998831775707
187.5 0.016663928640965733
188.5 0.015701056269470402
189.5 0.015285789038161987
190.5 0.014231649143302176
191.5 0.013600382106697813
192.5 0.012591875973520242
193.5 0.01168376411604361
194.5 0.011052497079439257
195.5 0.01014438522196261
196.5 0.009234752239096568
197.5 0.008649118964174451
198.5 0.007719711351246103
199.5 0.007077796436915885
200.5 0.006378078757788155
201.5 0.005763544100467287
202.5 0.005203769957165105
203.5 0.0046120521806853575
204.5 0.00413593993380062
205.5 0.003693292445482862
206.5 0.003224785825545168
207.5 0.002993574766355137
208.5 0.0025220258956386256
209.5 0.002477913259345792
210.5 0.0019561672507788135
211.5 0.001753857573987536
212.5 0.0014739705023364463
213.5 0.0013416325934579414
214.5 0.0011469285436137052
215.5 0.0010252385124610575
216.5 0.0009233231113707151
217.5 0.000794027453271027
218.5 0.0007073233060747653
219.5 0.0006023656542056069
220.5 0.0005795487733644853
221.5 0.0004548164914330218
222.5 0.0004639432437694704
223.5 0.0003772390965732087
224.5 0.000381802472741433
225.5 0.000290534949376947
226.5 0.0002722814447040498
227.5 0.00024185893691588785
228.5 0.00020687305295950155
229.5 0.00024033781152647975
230.5 0.00019318292445482865
231.5 0.00017036604361370716
232.5 0.00018405617211838006
233.5 0.00017188716900311526
234.5 0.00016580266744548286
235.5 0.00014602803738317756
236.5 0.00016123929127725856
237.5 0.00014298578660436136
238.5 0.00016580266744548286
239.5 0.00013690128504672896
240.5 0.00010647877725856698
241.5 0.00013385903426791276
242.5 0.00013081678348909656
243.5 0.00012169003115264798
244.5 0.00015363366433021806
245.5 0.00014602803738317756
246.5 0.00018557729750778816
247.5 0.00015059141355140186
248.5 0.00018709842289719626
249.5 0.00020078855140186915
250.5 0.00020078855140186915
251.5 0.00020383080218068535
252.5 0.00022208430685358255
253.5 0.000244901187694704
254.5 0.000244901187694704
255.5 0.0002829293224299065
256.5 0.00033616871105919
257.5 0.0003772390965732087
258.5 0.0004289573598130841
259.5 0.0004243939836448598
260.5 0.0004183094820872274
261.5 0.0004806756230529595
262.5 0.0006190980334890957
263.5 0.0006297459112149526
264.5 0.0006997176791277247
265.5 0.0007240556853582546
266.5 0.0007499148169781919
267.5 0.0009567878699376928
268.5 0.0009598301207165097
269.5 0.001076956775700933
270.5 0.0012199425623052938
271.5 0.0013264213395638611
272.5 0.0014754916277258542
273.5 0.0016154351635513996
274.5 0.0018922799844236736
275.5 0.001989632009345792
276.5 0.002228448695482864
277.5 0.002458138629283487
278.5 0.002640673676012459
279.5 0.002801912967289716
280.5 0.0030392085280373797
281.5 0.0033890673676012432
282.5 0.0034164476246105902
283.5 0.00368872906931464
284.5 0.0038560528621495315
285.5 0.0038469261098130793
286.5 0.004297179225077877
287.5 0.004648559190031151
288.5 0.004501010027258566
289.5 0.004742868964174451
290.5 0.0048463054906542
291.5 0.004788502725856695
292.5 0.00485695336838006
293.5 0.004794587227414326
294.5 0.00494974201713395
295.5 0.004695714077102801
296.5 0.0047580802180685325
297.5 0.004569460669781929
298.5 0.0044432072624610575
299.5 0.004204390576323985
300.5 0.003939714758566976
301.5 0.0038651796144859784
302.5 0.003643095307632397
303.5 0.003314532223520246
304.5 0.0031061380451713363
305.5 0.00292816637461059
306.5 0.0025539695288161962
307.5 0.0023988147390965704
308.5 0.002204110689252333
309.5 0.0019135757398753873
310.5 0.0017660265771028015
311.5 0.001618477414330216
312.5 0.0012351538161993751
313.5 0.0011210694119937678
314.5 0.001002421631619936
315.5 0.0008792104750778801
316.5 0.0007666471962616815
317.5 0.0005917177764797501
318.5 0.0005187037577881618
319.5 0.0004350418613707165
320.5 0.0003635489680685358
321.5 0.0003087884540498442
322.5 0.00024185893691588785
323.5 0.00022056318146417445
324.5 0.00015363366433021806
325.5 0.00014450691199376946
326.5 0.00010495765186915888
327.5 0.00010343652647975078
328.5 8.366189641744548e-05
329.5 7.909852024922118e-05
330.5 5.476051401869159e-05
331.5 4.563376168224299e-05
332.5 1.9774630062305295e-05
333.5 2.4338006230529594e-05
334.5 1.9774630062305295e-05
335.5 1.0647877725856697e-05
336.5 1.3690128504672897e-05
337.5 1.5211253894080997e-05
338.5 1.0647877725856697e-05
339.5 7.6056269470404984e-06
340.5 3.0422507788161993e-06
341.5 7.6056269470404984e-06
342.5 4.563376168224299e-06
343.5 4.563376168224299e-06
344.5 4.563376168224299e-06
345.5 6.084501557632399e-06
346.5 0.0
347.5 1.5211253894080996e-06
348.5 3.0422507788161993e-06
349.5 0.0
350.5 4.563376168224299e-06
351.5 1.5211253894080996e-06
352.5 0.0
353.5 1.5211253894080996e-06
354.5 0.0
355.5 0.0
356.5 1.5211253894080996e-06
357.5 3.0422507788161993e-06
358.5 0.0
359.5 4.563376168224299e-06
