0.5 0.0
1.5 0.0
2.5 0.0
3.5 0.0
4.5 0.0
5.5 0.0
6.5 0.0
7.5 0.0
8.5 0.0
9.5 0.0
10.5 0.0
11.5 0.0
12.5 0.0
13.5 0.0
14.5 0.0
15.5 0.0
16.5 0.0
17.5 0.0
18.5 0.0
19.5 0.0
20.5 0.0
21.5 1.5211253894080996e-06
22.5 1.5211253894080996e-06
23.5 0.0
24.5 3.0422507788161993e-06
25.5 0.0
26.5 1.5211253894080996e-06
27.5 3.0422507788161993e-06
28.5 1.5211253894080996e-06
29.5 1.5211253894080996e-06
30.5 6.084501557632399e-06
31.5 9.126752336448597e-06
32.5 6.084501557632399e-06
33.5 1.6732379283489095e-05
34.5 3.194363317757009e-05
35.5 4.107038551401869e-05
36.5 4.715488707165109e-05
37.5 8.822527258566978e-05
38.5 8.061964563862928e-05
39.5 0.00011864778037383178
40.5 0.00014907028816199376
41.5 0.00022664768302180685
42.5 0.0003300842095015576
43.5 0.0004228728582554517
44.5 0.0005156615070093457
45.5 0.0007757739485981308
46.5 0.0009385343652647973
47.5 0.0012047313084112149
48.5 0.0015926182827102802
49.5 0.0019744207554517126
50.5 0.002404899240654205
51.5 0.003068109910436136
52.5 0.003480334890965731
53.5 0.004211996203271028
54.5 0.005083601051401869
55.5 0.005810698987538941
56.5 0.006587994061526479
57.5 0.007050416179906544
58.5 0.00782010562694704
59.5 0.008273400992990653
60.5 0.008798189252336448
61.5 0.008918358158099687
62.5 0.009199766355140188
63.5 0.009347315517912772
64.5 0.009100893204828663
65.5 0.008789062499999998
66.5 0.008469626168224298
67.5 0.007849007009345795
68.5 0.007298359618380061
69.5 0.006519543419003116
70.5 0.005793966608255451
71.5 0.005068389797507788
72.5 0.004309348228193146
73.5 0.003668954439252336
74.5 0.003071152161214953
75.5 0.002602645541277258
76.5 0.002036786896417445
77.5 0.0017067026869158877
78.5 0.0013750973520249214
79.5 0.0010085061331775698
80.5 0.0008092387071651087
81.5 0.0005749853971962615
82.5 0.0004609009929906542
83.5 0.0003270419587227414
84.5 0.00023729556074766352
85.5 0.00020078855140186915
86.5 0.00013842241043613706
87.5 9.126752336448598e-05
88.5 7.757739485981308e-05
89.5 3.954926012461059e-05
90.5 3.802813473520249e-05
91.5 2.2816880841121494e-05
92.5 1.6732379283489095e-05
93.5 9.126752336448597e-06
94.5 1.3690128504672895e-05
95.5 3.0422507788161993e-06
96.5 3.0422507788161993e-06
97.5 3.0422507788161993e-06
98.5 1.5211253894080996e-06
99.5 0.0
100.5 0.0
101.5 1.5211253894080996e-06
102.5 0.0
103.5 0.0
104.5 1.5211253894080996e-06
105.5 0.0
106.5 0.0
107.5 0.0
108.5 0.0
109.5 0.0
110.5 0.0
111.5 0.0
112.5 0.0
113.5 0.0
114.5 0.0
115.5 0.0
116.5 0.0
117.5 0.0
118.5 0.0
119.5 0.0
120.5 0.0
121.5 0.0
122.5 0.0
123.5 0.0
124.5 0.0
125.5 0.0
126.5 0.0
127.5 1.5211253894080996e-06
128.5 0.0
129.5 0.0
130.5 0.0
131.5 0.0
132.5 0.0
133.5 1.5211253894080996e-06
134.5 1.5211253894080996e-06
135.5 0.0
136.5 0.0
137.5 0.0
138.5 0.0
139.5 1.5211253894080996e-06
140.5 4.563376168224299e-06
141.5 4.563376168224299e-06
142.5 1.5211253894080996e-06
143.5 3.0422507788161993e-06
144.5 4.563376168224299e-06
145.5 1.0647877725856697e-05
146.5 1.9774630062305295e-05
147.5 1.3690128504672897e-05
148.5 2.7380257009345794e-05
149.5 2.8901382398753894e-05
150.5 5.323938862928349e-05
151.5 8.061964563862928e-05
152.5 0.00012929565809968846
153.5 0.00015211253894080996
154.5 0.00021752093068535825
155.5 0.0003224785825545171
156.5 0.0004198306074766355
157.5 0.0005978022780373825
158.5 0.0009187597352024912
159.5 0.0012153791861370703
160.5 0.0016854069314641723
161.5 0.0022041106892523353
162.5 0.0030376874026479734
163.5 0.003938193633177569
164.5 0.005234192464953269
165.5 0.006618416569314639
166.5 0.008363147390965732
167.5 0.01034213152258567
168.5 0.012782016647196262
169.5 0.016025055977414323
170.5 0.019143363025700934
171.5 0.022982683508566974
172.5 0.026426511390186928
173.5 0.030058958820093455
174.5 0.03344498393691589
175.5 0.03681275554906544
176.5 0.03990064008956387
177.5 0.04203934238707165
178.5 0.04326689057632399
179.5 0.04404874902647976
180.5 0.04372322819314644
181.5 0.042821200837227416
182.5 0.04059731551791276
183.5 0.038373430198598124
184.5 0.03517602463006232
185.5 0.032044027453271014
186.5 0.02790656639408101
187.5 0.024727414330218064
188.5 0.020818122079439255
189.5 0.017518801109813083
190.5 0.01416319850077882
191.5 0.011481454439252328
192.5 0.009084160825545173
193.5 0.007204049844236756
194.5 0.005366530373831772
195.5 0.0040963906736760074
196.5 0.0031335183021806825
197.5 0.0023303640965732066
198.5 0.0018086180880062285
199.5 0.001189520054517132
200.5 0.0009248442367601237
201.5 0.0006251825350467283
202.5 0.0004335207359813084
203.5 0.0003331264602803738
204.5 0.00021904205607476635
205.5 0.00013233790887850466
206.5 9.735202492211838e-05
207.5 6.997176791277258e-05
208.5 3.498588395638629e-05
209.5 2.7380257009345794e-05
210.5 2.4338006230529594e-05
211.5 1.9774630062305295e-05
212.5 1.3690128504672897e-05
213.5 1.5211253894080996e-06
214.5 4.563376168224299e-06
215.5 3.0422507788161993e-06
216.5 3.0422507788161993e-06
217.5 1.5211253894080996e-06
218.5 0.0
219.5 0.0
220.5 0.0
221.5 0.0
222.5 0.0
223.5 0.0
224.5 0.0
225.5 0.0
226.5 0.0
227.5 0.0
228.5 0.0
229.5 0.0
230.5 0.0
231.5 0.0
232.5 0.0
233.5 0.0
234.5 0.0
235.5 0.0
236.5 0.0
237.5 0.0
238.5 0.0
239.5 0.0
240.5 0.0
241.5 0.0
242.5 0.0
243.5 0.0
244.5 0.0
245.5 0.0
246.5 0.0
247.5 0.0
248.5 0.0
249.5 0.0
250.5 0.0
251.5 0.0
252.5 0.0
253.5 0.0
254.5 0.0
255.5 0.0
256.5 0.0
257.5 0.0
258.5 0.0
259.5 0.0
260.5 0.0
261.5 0.0
262.5 0.0
263.5 0.0
264.5 0.0
265.5 0.0
266.5 0.0
267.5 0.0
268.5 0.0
269.5 0.0
270.5 0.0
271.5 3.0422507788161993e-06
272.5 1.5211253894080996e-06
273.5 1.5211253894080996e-06
274.5 3.0422507788161993e-06
275.5 3.0422507788161993e-06
276.5 1.2169003115264797e-05
277.5 1.8253504672897195e-05
278.5 1.5211253894080995e-05
279.5 1.9774630062305295e-05
280.5 2.2816880841121494e-05
281.5 3.498588395638629e-05
282.5 5.476051401869158e-05
283.5 6.236614096573208e-05
284.5 0.00010191540109034266
285.5 0.00011712665498442366
286.5 0.00017340829439252336
287.5 0.00018405617211838006
288.5 0.0002814081970404984
289.5 0.0003011828271028037
290.5 0.0003954926012461059
291.5 0.0004791544976635514
292.5 0.0005339150116822429
293.5 0.0007042810552959501
294.5 0.0007377458138629284
295.5 0.0007499148169781932
296.5 0.00082444996105919
297.5 0.000886816102024922
298.5 0.0009704779984423676
299.5 0.0010267596378504672
300.5 0.0009811258761682241
301.5 0.0010739145249221184
302.5 0.0009963371300623052
303.5 0.0009446188668224297
304.5 0.0009400554906542055
305.5 0.0008533513434579439
306.5 0.0007970697040498441
307.5 0.000778816199376947
308.5 0.0006586472936137072
309.5 0.0006388726635514018
310.5 0.0005460840147975077
311.5 0.00047611224688473515
312.5 0.0003878869742990654
313.5 0.0003087884540498442
314.5 0.0003331264602803738
315.5 0.00024338006230529592
316.5 0.00019926742601246105
317.5 0.00014907028816199376
318.5 0.00011256327881619936
319.5 0.00010495765186915888
320.5 5.323938862928349e-05
321.5 4.867601246105918e-05
322.5 3.650700934579439e-05
323.5 1.9774630062305295e-05
324.5 1.9774630062305295e-05
325.5 1.3690128504672895e-05
326.5 1.2169003115264797e-05
327.5 1.2169003115264797e-05
328.5 6.084501557632399e-06
329.5 6.084501557632399e-06
330.5 6.084501557632399e-06
331.5 3.0422507788161993e-06
332.5 3.0422507788161993e-06
333.5 0.0
334.5 1.5211253894080996e-06
335.5 6.084501557632399e-06
336.5 0.0
337.5 0.0
338.5 1.5211253894080996e-06
339.5 0.0
340.5 0.0
341.5 0.0
342.5 0.0
343.5 1.5211253894080996e-06
344.5 0.0
345.5 0.0
346.5 0.0
347.5 0.0
348.5 0.0
349.5 0.0
350.5 0.0
351.5 0.0
352.5 0.0
353.5 0.0
354.5 0.0
355.5 0.0
356.5 0.0
357.5 0.0
358.5 0.0
359.5 0.0
