0.5 0.00010191540109034268
1.5 8.214077102803738e-05
2.5 6.692951713395638e-05
3.5 6.540839174454828e-05
4.5 6.692951713395638e-05
5.5 6.236614096573208e-05
6.5 5.628163940809969e-05
7.5 4.107038551401869e-05
8.5 3.346475856697819e-05
9.5 2.8901382398753894e-05
10.5 3.194363317757009e-05
11.5 1.5211253894080997e-05
12.5 2.4338006230529594e-05
13.5 1.3690128504672897e-05
14.5 1.2169003115264797e-05
15.5 1.2169003115264797e-05
16.5 7.6056269470404984e-06
17.5 7.6056269470404984e-06
18.5 6.084501557632399e-06
19.5 7.6056269470404984e-06
20.5 3.0422507788161993e-06
21.5 3.0422507788161993e-06
22.5 1.5211253894080996e-06
23.5 0.0
24.5 0.0
25.5 1.5211253894080996e-06
26.5 0.0
27.5 1.5211253894080996e-06
28.5 0.0
29.5 1.5211253894080996e-06
30.5 0.0
31.5 0.0
32.5 0.0
33.5 0.0
34.5 0.0
35.5 0.0
36.5 0.0
37.5 0.0
38.5 0.0
39.5 0.0
40.5 0.0
41.5 0.0
42.5 0.0
43.5 0.0
44.5 0.0
45.5 0.0
46.5 0.0
47.5 0.0
48.5 0.0
49.5 0.0
50.5 0.0
51.5 0.0
52.5 0.0
53.5 0.0
54.5 0.0
55.5 0.0
56.5 0.0
57.5 0.0
58.5 0.0
59.5 0.0
60.5 0.0
61.5 0.0
62.5 0.0
63.5 0.0
64.5 0.0
65.5 0.0
66.5 0.0
67.5 0.0
68.5 0.0
69.5 0.0
70.5 0.0
71.5 0.0
72.5 0.0
73.5 0.0
74.5 0.0
75.5 0.0
76.5 0.0
77.5 0.0
78.5 0.0
79.5 0.0
80.5 0.0
81.5 0.0
82.5 0.0
83.5 0.0
84.5 0.0
85.5 0.0
86.5 0.0
87.5 0.0
88.5 0.0
89.5 0.0
90.5 0.0
91.5 0.0
92.5 0.0
93.5 0.0
94.5 0.0
95.5 0.0
96.5 0.0
97.5 0.0
98.5 0.0
99.5 0.0
100.5 0.0
101.5 0.0
102.5 0.0
103.5 0.0
104.5 0.0
105.5 0.0
106.5 1.5211253894080996e-06
107.5 0.0
108.5 1.5211253894080996e-06
109.5 1.5211253894080996e-06
110.5 3.0422507788161993e-06
111.5 1.5211253894080996e-06
112.5 0.0
113.5 4.563376168224299e-06
114.5 4.563376168224299e-06
115.5 7.6056269470404984e-06
116.5 1.3690128504672897e-05
117.5 1.8253504672897195e-05
118.5 1.8253504672897195e-05
119.5 2.4338006230529594e-05
120.5 4.107038551401869e-05
121.5 3.802813473520249e-05
122.5 4.563376168224299e-05
123.5 3.802813473520249e-05
124.5 5.323938862928349e-05
125.5 5.780276479750779e-05
126.5 8.518302180685358e-05
127.5 8.366189641744548e-05
128.5 8.822527258566978e-05
129.5 0.00013690128504672896
130.5 0.00014754916277258566
131.5 0.00017340829439252336
132.5 0.00020535192757009345
133.5 0.00023577443535825545
134.5 0.0002920560747663551
135.5 0.0003635489680685358
136.5 0.0005278305101246103
137.5 0.0006297459112149526
138.5 0.0008244499610591884
139.5 0.00109521028037383
140.5 0.0014116043613707138
141.5 0.0019211813668224271
142.5 0.002617856795171336
143.5 0.0032567294587227385
144.5 0.004034024532710278
145.5 0.005260051596573205
146.5 0.006852669879283488
147.5 0.008606527453271022
148.5 0.010439483547507783
149.5 0.012626861857476631
150.5 0.015158014505451707
151.5 0.018034462616822428
152.5 0.02082116433021807
153.5 0.023408598617601247
154.5 0.026402173383956378
155.5 0.029015466802959494
156.5 0.031246957749221184
157.5 0.032772646514797506
158.5 0.03427703952492213
159.5 0.03544526382398754
160.5 0.0355152355919003
161.5 0.0350467289719626
162.5 0.03421619450934581
163.5 0.03319399824766356
164.5 0.03129563376168225
165.5 0.029388142523364486
166.5 0.027436538648753898
167.5 0.025314568730529598
168.5 0.022886852609034267
169.5 0.020921558605919006
170.5 0.01884826470015577
171.5 0.016514858352803734
172.5 0.01505305685358255
173.5 0.013210974007009343
174.5 0.011784158391744546
175.5 0.010293455510124611
176.5 0.009284949376947035
177.5 0.008382922021028033
178.5 0.007456556658878502
179.5 0.007424613025700934
180.5 0.007144725954049839
181.5 0.0072435991043613675
182.5 0.007296838492990652
183.5 0.00727554273753894
184.5 0.008014809676791275
185.5 0.008472668419003111
186.5 0.008959428543613708
187.5 0.009354921144859814
188.5 0.009923822040498442
189.5 0.010591596086448597
190.5 0.010877567659657318
191.5 0.011283708138629278
192.5 0.011703538746105918
193.5 0.011481454439252331
194.5 0.011589454341900316
195.5 0.011473848812305289
196.5 0.011008384443146418
197.5 0.010580948208722737
198.5 0.010209793613707161
199.5 0.00925604799454828
200.5 0.008405738901869153
201.5 0.00780793662383177
202.5 0.0068009516160436115
203.5 0.005982586156542054
204.5 0.005164220697040496
205.5 0.0043960523753894054
206.5 0.003535095404984421
207.5 0.0029083917445482848
208.5 0.0024109837422118348
209.5 0.0019059701129283467
210.5 0.001612392912772584
211.5 0.001245801693925232
212.5 0.0009446188668224285
213.5 0.0006692951713395632
214.5 0.0004791544976635514
215.5 0.0003468165887850467
216.5 0.0002464223130841121
217.5 0.00019470404984423675
218.5 0.00013842241043613706
219.5 0.00010799990264797508
220.5 8.974639797507788e-05
221.5 7.453514408099688e-05
222.5 6.388726635514018e-05
223.5 3.954926012461059e-05
224.5 3.802813473520249e-05
225.5 5.171826323987539e-05
226.5 3.954926012461059e-05
227.5 3.346475856697819e-05
228.5 3.802813473520249e-05
229.5 2.7380257009345794e-05
230.5 2.1295755451713395e-05
231.5 2.4338006230529594e-05
232.5 2.2816880841121494e-05
233.5 1.9774630062305295e-05
234.5 3.802813473520249e-05
235.5 1.9774630062305295e-05
236.5 2.7380257009345794e-05
237.5 2.4338006230529594e-05
238.5 1.9774630062305295e-05
239.5 9.126752336448597e-06
240.5 9.126752336448597e-06
241.5 1.3690128504672897e-05
242.5 4.563376168224299e-06
243.5 1.2169003115264797e-05
244.5 9.126752336448597e-06
245.5 7.6056269470404984e-06
246.5 4.563376168224299e-06
247.5 4.563376168224299e-06
248.5 1.5211253894080996e-06
249.5 4.563376168224299e-06
250.5 1.5211253894080996e-06
251.5 0.0
252.5 1.5211253894080996e-06
253.5 0.0
254.5 3.0422507788161993e-06
255.5 0.0
256.5 0.0
257.5 0.0
258.5 0.0
259.5 0.0
260.5 0.0
261.5 0.0
262.5 0.0
263.5 0.0
264.5 0.0
265.5 0.0
266.5 0.0
267.5 0.0
268.5 0.0
269.5 0.0
270.5 0.0
271.5 0.0
272.5 0.0
273.5 0.0
274.5 0.0
275.5 0.0
276.5 0.0
277.5 0.0
278.5 0.0
279.5 0.0
280.5 0.0
281.5 0.0
282.5 0.0
283.5 0.0
284.5 0.0
285.5 0.0
286.5 0.0
287.5 0.0
288.5 0.0
289.5 0.0
290.5 0.0
291.5 0.0
292.5 0.0
293.5 0.0
294.5 0.0
295.5 0.0
296.5 0.0
297.5 0.0
298.5 0.0
299.5 0.0
300.5 0.0
301.5 0.0
302.5 0.0
303.5 0.0
304.5 0.0
305.5 0.0
306.5 0.0
307.5 0.0
308.5 0.0
309.5 1.5211253894080996e-06
310.5 0.0
311.5 0.0
312.5 0.0
313.5 0.0
314.5 0.0
315.5 0.0
316.5 0.0
317.5 1.5211253894080996e-06
318.5 0.0
319.5 3.0422507788161993e-06
320.5 3.0422507788161993e-06
321.5 7.6056269470404984e-06
322.5 4.563376168224299e-06
323.5 1.5211253894080997e-05
324.5 1.6732379283489095e-05
325.5 1.9774630062305295e-05
326.5 3.802813473520249e-05
327.5 3.650700934579439e-05
328.5 5.476051401869159e-05
329.5 8.670414719626168e-05
330.5 9.430977414330218e-05
331.5 0.00012473228193146416
332.5 0.00012929565809968846
333.5 0.00019622517523364485
334.5 0.00018861954828660436
335.5 0.0002814081970404984
336.5 0.0002677180685358255
337.5 0.0003392109618380062
338.5 0.0003498588395638629
339.5 0.0003483377141744548
340.5 0.0004061404789719626
341.5 0.0004152672313084112
342.5 0.0003696334696261682
343.5 0.0003650700934579439
344.5 0.0003331264602803738
345.5 0.0003650700934579439
346.5 0.0003118307048286604
347.5 0.0002661969431464174
348.5 0.0002555490654205607
349.5 0.00022056318146417445
350.5 0.00019014067367601246
351.5 0.00017036604361370716
352.5 0.00013538015965732086
353.5 0.00013081678348909656
354.5 8.974639797507788e-05
355.5 8.061964563862928e-05
356.5 0.00010039427570093458
357.5 8.822527258566978e-05
358.5 8.822527258566978e-05
359.5 6.540839174454828e-05
