0.5 0.0
1.5 0.0
2.5 0.0
3.5 0.0
4.5 4.563376168224299e-06
5.5 0.0
6.5 0.0
7.5 1.5211253894080996e-06
8.5 0.0
9.5 3.0422507788161993e-06
10.5 1.5211253894080996e-06
11.5 3.0422507788161993e-06
12.5 1.5211253894080996e-06
13.5 1.5211253894080996e-06
14.5 7.6056269470404984e-06
15.5 4.563376168224299e-06
16.5 3.0422507788161993e-06
17.5 4.563376168224299e-06
18.5 4.563376168224299e-06
19.5 7.6056269470404984e-06
20.5 4.563376168224299e-06
21.5 1.2169003115264797e-05
22.5 7.6056269470404984e-06
23.5 2.8901382398753894e-05
24.5 1.9774630062305295e-05
25.5 1.0647877725856697e-05
26.5 2.2816880841121494e-05
27.5 3.0422507788161994e-05
28.5 4.715488707165109e-05
29.5 3.650700934579439e-05
30.5 4.563376168224299e-05
31.5 6.845064252336448e-05
32.5 8.061964563862928e-05
33.5 8.366189641744548e-05
34.5 0.00012777453271028036
35.5 0.00016428154205607476
36.5 0.00017492941978193146
37.5 0.0002570701908099688
38.5 0.0002616335669781931
39.5 0.0003331264602803738
40.5 0.0004076616043613707
41.5 0.0004563376168224299
42.5 0.0005323938862928345
43.5 0.0006662529205607469
44.5 0.0007681683216510887
45.5 0.0009202808605918988
46.5 0.0010191540109034246
47.5 0.0011378017912772567
48.5 0.0013629283489096547
49.5 0.0015682802764797484
50.5 0.0017264773169781912
51.5 0.0019150968652647954
52.5 0.0021493501752336427
53.5 0.002461180880062303
54.5 0.002531152647975075
55.5 0.0028977438668224276
56.5 0.003017912772585667
57.5 0.003282588590342676
58.5 0.0034772926401869125
59.5 0.0036278840537383146
60.5 0.003974700642523362
61.5 0.003950362636292832
62.5 0.004129855432242989
63.5 0.004354981989875386
64.5 0.004578587422118374
65.5 0.004619657807632397
66.5 0.004710925330996881
67.5 0.004619657807632395
68.5 0.004467545268691588
69.5 0.0045588127920560715
70.5 0.004494925525700933
71.5 0.00444016501168224
72.5 0.004485798773364482
73.5 0.004084221670560748
74.5 0.0039016866238317737
75.5 0.0036552643107476608
76.5 0.0035077151479750743
77.5 0.0034210110007788126
78.5 0.003192842192367598
79.5 0.003057462032710277
80.5 0.002893180490654203
81.5 0.0024824766355140155
82.5 0.002210195190809967
83.5 0.002083941783489094
84.5 0.0019470404984423659
85.5 0.0018922799844236738
86.5 0.0016595477998442346
87.5 0.001498308508566976
88.5 0.001330984715732085
89.5 0.0013264213395638605
90.5 0.0011073792834890945
91.5 0.00106326664719626
92.5 0.0009522244937694693
93.5 0.0008244499610591884
94.5 0.0007453514408099675
95.5 0.0006419149143302168
96.5 0.0005962811526479746
97.5 0.0005263093847352022
98.5 0.0004806756230529595
99.5 0.0004487319898753894
100.5 0.0004456897390965732
101.5 0.0003529010903426791
102.5 0.000305746203271028
103.5 0.0002859715732087227
104.5 0.0002616335669781931
105.5 0.00024185893691588785
106.5 0.00022360543224299065
107.5 0.00022360543224299065
108.5 0.00019774630062305295
109.5 0.00023729556074766355
110.5 0.00019774630062305295
111.5 0.00016123929127725856
112.5 0.00019622517523364485
113.5 0.00013233790887850466
114.5 0.00015667591510903426
115.5 0.00016580266744548286
116.5 0.00013994353582554516
117.5 0.00017188716900311526
118.5 0.00013081678348909656
119.5 0.00014602803738317756
120.5 0.00014450691199376946
121.5 0.00013538015965732086
122.5 0.00013538015965732086
123.5 0.00015211253894080996
124.5 0.00017492941978193146
125.5 0.00015971816588785046
126.5 0.00017036604361370716
127.5 0.00016123929127725856
128.5 0.00020535192757009345
129.5 0.00021143642912772585
130.5 0.00019774630062305295
131.5 0.00022816880841121495
132.5 0.0002814081970404984
133.5 0.0002890138239875389
134.5 0.0002692391939252336
135.5 0.0003422532126168224
136.5 0.0004365629867601246
137.5 0.0004350418613707165
138.5 0.00048828125
139.5 0.000587154400311526
140.5 0.0006753796728971953
141.5 0.0007088444314641734
142.5 0.0007483936915887839
143.5 0.0009415766160436119
144.5 0.000955266744548285
145.5 0.0012351538161993751
146.5 0.0012929565809968824
147.5 0.0015713225272585643
148.5 0.0017006181853582527
149.5 0.002053519275700932
150.5 0.00223909657320872
151.5 0.0025676596573208695
152.5 0.0029966170171339544
153.5 0.0032795463395638613
154.5 0.00371154595015576
155.5 0.004245460961838004
156.5 0.004625742309190028
157.5 0.0052919952297507756
158.5 0.005775713103582552
159.5 0.006428275895638624
160.5 0.0071645005841121465
161.5 0.00802089417834891
162.5 0.008752555490654203
163.5 0.009394470404984423
164.5 0.01012765284267913
165.5 0.011102694217289724
166.5 0.01231046777647975
167.5 0.012917396806853573
168.5 0.01380117065809968
169.5 0.014887254186137065
170.5 0.01550787334501558
171.5 0.01632319655373831
172.5 0.016674576518691583
173.5 0.01753553348909657
174.5 0.018521222741433016
175.5 0.01843451859423676
176.5 0.019225503796728972
177.5 0.01953885562694704
178.5 0.019913052472741437
179.5 0.01982026382398754
180.5 0.019900883469626176
181.5 0.020215756425233652
182.5 0.0194369402258567
183.5 0.019339588200934593
184.5 0.01896082797897195
185.5 0.018375194704049837
186.5 0.01777282904984423
187.5 0.01705485786604361
188.5 0.01637947819314642
189.5 0.015489619840342679
190.5 0.014645395249221179
191.5 0.01396240994937694
192.5 0.012842861662772582
193.5 0.012050355334890968
194.5 0.011274581386292842
195.5 0.01059463833722742
196.5 0.00949942805685358
197.5 0.008635428835669774
198.5 0.00793875340732087
199.5 0.007277063862928346
200.5 0.006694472838785043
201.5 0.005883713006230527
202.5 0.005241798091900309
203.5 0.0048432632398753865
204.5 0.004246982087227412
205.5 0.0037404473325545157
206.5 0.0034118842484423656
207.5 0.002931208625389406
208.5 0.002610251168224296
209.5 0.0024261949961059156
210.5 0.002061124902647973
211.5 0.0018907588590342664
212.5 0.0016230407904984396
213.5 0.0014268156152647952
214.5 0.0012001679322429886
215.5 0.0010693511487538919
216.5 0.000860956970404983
217.5 0.0008837738512461043
218.5 0.0006860275506230521
219.5 0.0006464782904984416
220.5 0.0005597741433021802
221.5 0.0005293516355140184
222.5 0.0004380841121495327
223.5 0.0004076616043613707
224.5 0.0003848447235202492
225.5 0.0003346475856697819
226.5 0.0002920560747663551
227.5 0.0002570701908099688
228.5 0.0002555490654205607
229.5 0.0002540279400311526
230.5 0.00021447867990654205
231.5 0.00020839417834890965
232.5 0.00016276041666666666
233.5 0.00013842241043613706
234.5 0.00013842241043613706
235.5 0.00019014067367601246
236.5 0.00014298578660436136
237.5 0.00013538015965732086
238.5 0.00014907028816199376
239.5 0.00012929565809968846
240.5 0.00013994353582554516
241.5 0.00013081678348909656
242.5 0.00013233790887850466
243.5 0.00015059141355140186
244.5 0.00013690128504672896
245.5 0.00014754916277258566
246.5 0.00017492941978193146
247.5 0.00014754916277258566
248.5 0.00018405617211838006
249.5 0.00019470404984423675
250.5 0.00018405617211838006
251.5 0.00019774630062305295
252.5 0.00022208430685358255
253.5 0.00022968993380062305
254.5 0.0002996617017133956
255.5 0.0003148729556074766
256.5 0.00033616871105919
257.5 0.0003376898364485981
258.5 0.0003772390965732087
259.5 0.0003848447235202492
260.5 0.0003894080996884735
261.5 0.0005095770054517132
262.5 0.0005095770054517132
263.5 0.0005628163940809963
264.5 0.0006510416666666657
265.5 0.0006647317951713384
266.5 0.0008381400895638612
267.5 0.0009005062305295933
268.5 0.0009583089953271012
269.5 0.0010936891549844215
270.5 0.0012169003115264784
271.5 0.0012747030763239856
272.5 0.0015302521417445457
273.5 0.0016169562889408067
274.5 0.0017143083138629253
275.5 0.0020641671534267895
276.5 0.002204110689252334
277.5 0.002345575350467286
278.5 0.002487040011682241
279.5 0.0028886171144859776
280.5 0.002868842484423672
281.5 0.0030818000389408067
282.5 0.003425574376947039
283.5 0.003477292640186913
284.5 0.0037480529595015554
285.5 0.003843883859034265
286.5 0.0041937426985981276
287.5 0.004111601927570091
288.5 0.004326080607476632
289.5 0.004426474883177567
290.5 0.00442495375778816
291.5 0.0046409535630841095
292.5 0.0045664184190031135
293.5 0.004564897293613705
294.5 0.004529911409657318
295.5 0.004418869256230526
296.5 0.004224165206386289
297.5 0.0040294611565420526
298.5 0.004103996300623049
299.5 0.0039914330218068506
300.5 0.0036719966900311493
301.5 0.0034712081386292825
302.5 0.0032582505841121474
303.5 0.0030270395249221145
304.5 0.002906870619158877
305.5 0.0025828709112149517
306.5 0.0023410119742990625
307.5 0.0020945896612149504
308.5 0.0019455193730529565
309.5 0.0017356040693146386
310.5 0.0015485056464174423
311.5 0.001209294684579437
312.5 0.0011484496690031133
313.5 0.000988731503115263
314.5 0.0008305344626168208
315.5 0.0007514359423676
316.5 0.0006769007982866031
317.5 0.0005962811526479744
318.5 0.000427436234423676
319.5 0.0004137461059190031
320.5 0.0003331264602803738
321.5 0.00022816880841121495
322.5 0.00022208430685358255
323.5 0.00021143642912772585
324.5 0.00013385903426791276
325.5 0.00013994353582554516
326.5 0.00011864778037383178
327.5 8.822527258566978e-05
328.5 5.780276479750779e-05
329.5 5.171826323987539e-05
330.5 6.084501557632399e-05
331.5 5.019713785046729e-05
332.5 3.498588395638629e-05
333.5 3.650700934579439e-05
334.5 1.8253504672897195e-05
335.5 9.126752336448597e-06
336.5 1.2169003115264797e-05
337.5 1.3690128504672897e-05
338.5 1.2169003115264797e-05
339.5 6.084501557632399e-06
340.5 1.5211253894080996e-06
341.5 3.0422507788161993e-06
342.5 9.126752336448597e-06
343.5 0.0
344.5 1.5211253894080996e-06
345.5 1.5211253894080996e-06
346.5 0.0
347.5 4.563376168224299e-06
348.5 1.5211253894080996e-06
349.5 3.0422507788161993e-06
350.5 0.0
351.5 0.0
352.5 4.563376168224299e-06
353.5 0.0
354.5 1.5211253894080996e-06
355.5 0.0
356.5 1.5211253894080996e-06
357.5 1.5211253894080996e-06
358.5 1.5211253894080996e-06
359.5 0.0
