0.5 1.5211253894080996e-06
1.5 0.0
2.5 0.0
3.5 1.5211253894080996e-06
4.5 0.0
5.5 0.0
6.5 1.5211253894080996e-06
7.5 0.0
8.5 6.084501557632399e-06
9.5 1.5211253894080996e-06
10.5 3.0422507788161993e-06
11.5 3.0422507788161993e-06
12.5 4.563376168224299e-06
13.5 1.5211253894080996e-06
14.5 6.084501557632399e-06
15.5 3.0422507788161993e-06
16.5 7.6056269470404984e-06
17.5 1.5211253894080996e-06
18.5 3.0422507788161993e-06
19.5 1.0647877725856697e-05
20.5 9.126752336448597e-06
21.5 1.3690128504672897e-05
22.5 1.6732379283489095e-05
23.5 9.126752336448597e-06
24.5 2.1295755451713395e-05
25.5 3.0422507788161994e-05
26.5 2.2816880841121494e-05
27.5 2.1295755451713395e-05
28.5 4.259151090342679e-05
29.5 4.259151090342679e-05
30.5 6.845064252336448e-05
31.5 7.453514408099688e-05
32.5 0.00010952102803738318
33.5 0.00011104215342679128
34.5 0.00012473228193146416
35.5 0.00016123929127725856
36.5 0.00019166179906542055
37.5 0.0002570701908099688
38.5 0.0003011828271028037
39.5 0.0003422532126168224
40.5 0.0004259151090342679
41.5 0.0004563376168224299
42.5 0.0005339150116822427
43.5 0.0006449571651090338
44.5 0.0007605626947040486
45.5 0.000990252628504671
46.5 0.0010450131425233631
47.5 0.0012823087032710256
48.5 0.0014176888629283462
49.5 0.0016762801791277233
50.5 0.001770589953271026
51.5 0.0020215756425233625
52.5 0.002196505062305294
53.5 0.0023699133566978167
54.5 0.002706082067757006
55.5 0.002801912967289717
56.5 0.003068109910436134
57.5 0.0032780252141744516
58.5 0.003525968652647973
59.5 0.0038210669781931434
60.5 0.003874306366822429
61.5 0.004211996203271024
62.5 0.00427284121884735
63.5 0.004394531249999996
64.5 0.004636390186915887
65.5 0.004688108450155761
66.5 0.004510136779595015
67.5 0.0044705875194704005
68.5 0.00472917883566978
69.5 0.004403658002336446
70.5 0.004371714369158877
71.5 0.004456897390965731
72.5 0.004205911701713393
73.5 0.004146587811526479
74.5 0.0039929541471962595
75.5 0.0037876022196261655
76.5 0.0035214052764797475
77.5 0.0033540814836448573
78.5 0.0031122225467289694
79.5 0.002984448014018687
80.5 0.0027456313278816165
81.5 0.0025980821651090313
82.5 0.0022071529400311493
83.5 0.0021919416861370697
84.5 0.0019820263823987507
85.5 0.0017006181853582527
86.5 0.0017508153232087202
87.5 0.001481576129283487
88.5 0.001280787577881618
89.5 0.001191041179906541
90.5 0.0010708722741433001
91.5 0.0010267596378504655
92.5 0.0009172386098130824
93.5 0.0007849007009345781
94.5 0.0007042810552959489
95.5 0.0006601684190031144
96.5 0.0005460840147975075
97.5 0.0005126192562305294
98.5 0.0005247882593457941
99.5 0.0004517742406542056
100.5 0.0003650700934579439
101.5 0.0003726757204049844
102.5 0.0003452954633956386
103.5 0.000305746203271028
104.5 0.0002616335669781931
105.5 0.0002677180685358255
106.5 0.00023121105919003115
107.5 0.0002585913161993769
108.5 0.00020687305295950155
109.5 0.00019774630062305295
110.5 0.00018253504672897196
111.5 0.00018557729750778816
112.5 0.00014907028816199376
113.5 0.00013690128504672896
114.5 0.00010647877725856698
115.5 0.00012929565809968846
116.5 0.00014298578660436136
117.5 0.00015971816588785046
118.5 0.00011712665498442368
119.5 0.00014602803738317756
120.5 0.00014298578660436136
121.5 0.00012321115654205606
122.5 0.00014146466121495326
123.5 0.00014907028816199376
124.5 0.00016276041666666666
125.5 0.00014602803738317756
126.5 0.00019318292445482865
127.5 0.00017492941978193146
128.5 0.00015363366433021806
129.5 0.00017036604361370716
130.5 0.00021752093068535825
131.5 0.00020383080218068535
132.5 0.000275323695482866
133.5 0.0002540279400311526
134.5 0.000305746203271028
135.5 0.0003194363317757009
136.5 0.0003985348520249221
137.5 0.0004380841121495327
138.5 0.0004700277453271028
139.5 0.0005947600272585662
140.5 0.000605407904984423
141.5 0.0006890698014018682
142.5 0.0008046753309968838
143.5 0.0008837738512461042
144.5 0.00103892864096573
145.5 0.0012153791861370703
146.5 0.0013538015965732062
147.5 0.001557632398753892
148.5 0.0018162237149532683
149.5 0.0019926742601246075
150.5 0.0022330120716510878
151.5 0.0026132934190031118
152.5 0.002950983255451712
153.5 0.0032871519665109
154.5 0.0037374050817756987
155.5 0.004152672313084109
156.5 0.004791544976635513
157.5 0.005114023559190029
158.5 0.006051036799065421
159.5 0.00672793759735202
160.5 0.007204049844236758
161.5 0.007911373150311523
162.5 0.008714527355919
163.5 0.009447709793613703
164.5 0.01042123004283489
165.5 0.011242637753115264
166.5 0.011937792056074772
167.5 0.013128833235981305
168.5 0.013828550915109018
169.5 0.014656043126947032
170.5 0.01569497176791277
171.5 0.016241055782710283
172.5 0.016931646709501556
173.5 0.01762832213785048
174.5 0.018273279302959484
175.5 0.019163137655763232
176.5 0.019094687013239877
177.5 0.019669672410436143
178.5 0.019724432924454825
179.5 0.019655982281931467
180.5 0.019762461059190033
181.5 0.019862855334890978
182.5 0.01942020784657321
183.5 0.01905818000389408
184.5 0.01874787042445483
185.5 0.018356941199376937
186.5 0.017570519373052946
187.5 0.016793224299065417
188.5 0.016490520346573213
189.5 0.015520042348130836
190.5 0.014940493574766352
191.5 0.013633846865264785
192.5 0.012893058800623051
193.5 0.012079256717289719
194.5 0.011154412480529601
195.5 0.010454694801401869
196.5 0.009326019762461047
197.5 0.008700837227414328
198.5 0.007897683021806854
199.5 0.007211655471183801
200.5 0.006458698403426785
201.5 0.0058228679906542034
202.5 0.005374136000778813
203.5 0.0046394324376947
204.5 0.0042363342095015554
205.5 0.0037495740848909626
206.5 0.003288673091900309
207.5 0.0028216875973520236
208.5 0.002449011876947038
209.5 0.002199547313084109
210.5 0.0021250121690031126
211.5 0.0017158294392523338
212.5 0.001489181756230527
213.5 0.001280787577881618
214.5 0.0012640551985981287
215.5 0.0010358863901869138
216.5 0.0008670414719626155
217.5 0.0008290133372274127
218.5 0.0007316613123052947
219.5 0.0005825910241433016
220.5 0.0005506473909657317
221.5 0.000473069996105919
222.5 0.0004259151090342679
223.5 0.0004000559774143302
224.5 0.0003985348520249221
225.5 0.000320957457165109
226.5 0.0002768448208722741
227.5 0.0002722814447040498
228.5 0.00023273218457943925
229.5 0.00021295755451713395
230.5 0.00020839417834890965
231.5 0.00021295755451713395
232.5 0.00017340829439252336
233.5 0.00013690128504672896
234.5 0.00013690128504672896
235.5 0.00017492941978193146
236.5 0.00015059141355140186
237.5 0.00017797167056074766
238.5 0.00015971816588785046
239.5 0.00015211253894080996
240.5 0.00014450691199376946
241.5 0.00015059141355140186
242.5 0.00015667591510903426
243.5 0.00012777453271028036
244.5 0.00013233790887850466
245.5 0.00014602803738317756
246.5 0.00016276041666666666
247.5 0.00014602803738317756
248.5 0.00016580266744548286
249.5 0.00019014067367601246
250.5 0.00018101392133956386
251.5 0.00024033781152647975
252.5 0.00021904205607476635
253.5 0.000260112441588785
254.5 0.0002479434384735202
255.5 0.0002829293224299065
256.5 0.0003072673286604361
257.5 0.000381802472741433
258.5 0.0004076616043613707
259.5 0.0003787602219626168
260.5 0.0004441686137071651
261.5 0.0005156615070093455
262.5 0.0005156615070093457
263.5 0.0005795487733644856
264.5 0.0006114924065420553
265.5 0.0007058021806853572
266.5 0.0008579147196261667
267.5 0.0009005062305295934
268.5 0.0009917737538940787
269.5 0.0010556610202492197
270.5 0.0011834355529594996
271.5 0.0013842241043613688
272.5 0.001486139505451711
273.5 0.0016747590537383149
274.5 0.0017553786993769452
275.5 0.0019090123637071634
276.5 0.0021782515576323964
277.5 0.002302983839563861
278.5 0.002623941296728969
279.5 0.0028095185942367566
280.5 0.002788222838785044
281.5 0.003138081678348906
282.5 0.003332785728193142
283.5 0.0035837714174454796
284.5 0.003702419197819312
285.5 0.0037434895833333304
286.5 0.004148108936915884
287.5 0.004116165303738316
288.5 0.004443207262461056
289.5 0.004295658099688472
290.5 0.004516221281152641
291.5 0.004423432632398749
292.5 0.004732221086448593
293.5 0.004493404400311525
294.5 0.0044842776479750756
295.5 0.0045998831775700905
296.5 0.004368672118380059
297.5 0.0043108693535825506
298.5 0.004096390673676009
299.5 0.004044672410436134
300.5 0.0038165036020249192
301.5 0.0035548700350467267
302.5 0.003279546339563859
303.5 0.0032232647001557597
304.5 0.002938814252336446
305.5 0.002672617309190028
306.5 0.002485518886292832
307.5 0.0021584769275700922
308.5 0.0019637728777258537
309.5 0.0017690688278816172
310.5 0.0015682802764797486
311.5 0.0014131254867601232
312.5 0.0012701397001557606
313.5 0.0010708722741433003
314.5 0.0008868161020249208
315.5 0.0007803373247663535
316.5 0.0006510416666666658
317.5 0.0005415206386292833
318.5 0.0004350418613707165
319.5 0.0003787602219626168
320.5 0.000305746203271028
321.5 0.0003133518302180685
322.5 0.0002555490654205607
323.5 0.00019926742601246105
324.5 0.00015667591510903426
325.5 0.00013233790887850466
326.5 0.00012777453271028036
327.5 8.366189641744548e-05
328.5 6.692951713395638e-05
329.5 6.084501557632399e-05
330.5 6.692951713395638e-05
331.5 5.171826323987539e-05
332.5 3.194363317757009e-05
333.5 3.802813473520249e-05
334.5 1.5211253894080997e-05
335.5 2.1295755451713395e-05
336.5 7.6056269470404984e-06
337.5 1.2169003115264797e-05
338.5 9.126752336448597e-06
339.5 1.0647877725856697e-05
340.5 9.126752336448597e-06
341.5 3.0422507788161993e-06
342.5 4.563376168224299e-06
343.5 4.563376168224299e-06
344.5 0.0
345.5 3.0422507788161993e-06
346.5 3.0422507788161993e-06
347.5 1.5211253894080996e-06
348.5 6.084501557632399e-06
349.5 1.5211253894080996e-06
350.5 0.0
351.5 0.0
352.5 1.5211253894080996e-06
353.5 3.0422507788161993e-06
354.5 0.0
355.5 0.0
356.5 4.563376168224299e-06
357.5 0.0
358.5 0.0
359.5 3.0422507788161993e-06
