0.5 0.0
1.5 0.0
2.5 0.0
3.5 1.5211253894080996e-06
4.5 1.5211253894080996e-06
5.5 0.0
6.5 0.0
7.5 0.0
8.5 3.0422507788161993e-06
9.5 1.5211253894080996e-06
10.5 0.0
11.5 1.5211253894080996e-06
12.5 3.0422507788161993e-06
13.5 0.0
14.5 3.0422507788161993e-06
15.5 4.563376168224299e-06
16.5 4.563376168224299e-06
17.5 1.2169003115264797e-05
18.5 4.563376168224299e-06
19.5 9.126752336448597e-06
20.5 1.2169003115264797e-05
21.5 9.126752336448597e-06
22.5 1.9774630062305295e-05
23.5 1.5211253894080997e-05
24.5 7.6056269470404984e-06
25.5 1.6732379283489095e-05
26.5 1.8253504672897195e-05
27.5 2.1295755451713395e-05
28.5 4.411263629283489e-05
29.5 5.171826323987539e-05
30.5 5.780276479750779e-05
31.5 8.061964563862928e-05
32.5 0.00010039427570093458
33.5 0.00012929565809968846
34.5 0.00013842241043613706
35.5 0.00015515478971962616
36.5 0.00019166179906542055
37.5 0.00021143642912772585
38.5 0.0003087884540498442
39.5 0.000381802472741433
40.5 0.0004243939836448598
41.5 0.000521746008566978
42.5 0.0005415206386292831
43.5 0.0006814641744548277
44.5 0.0008244499610591885
45.5 0.0009248442367601229
46.5 0.001110421534267911
47.5 0.0013340269665109014
48.5 0.00146332262461059
49.5 0.001680843555295948
50.5 0.0018679419781931445
51.5 0.0020230967679127697
52.5 0.002236054322429904
53.5 0.0024748710085669753
54.5 0.002779096086448594
55.5 0.00292816637461059
56.5 0.0032050111954828636
57.5 0.003570081288940807
58.5 0.003714588200934576
59.5 0.0038454049844236743
60.5 0.004107038551401866
61.5 0.0041937426985981276
62.5 0.004377798870716506
63.5 0.004516221281152647
64.5 0.00476720697040498
65.5 0.004709404205607474
66.5 0.004720052083333328
67.5 0.004762643594236757
68.5 0.004560333917445479
69.5 0.004660728193146412
70.5 0.004751995716510902
71.5 0.004399094626168222
72.5 0.004402136876947038
73.5 0.004196784949376945
74.5 0.0038347571066978193
75.5 0.0038879964953270995
76.5 0.0034483912577881587
77.5 0.003539658781152645
78.5 0.0032795463395638626
79.5 0.0030179127725856684
80.5 0.0026558849299065396
81.5 0.0024794343847352003
82.5 0.0022725613317756996
83.5 0.002155434676791275
84.5 0.002082420658099686
85.5 0.0018968433605918975
86.5 0.0016473787967289696
87.5 0.0015074352609034246
88.5 0.001324900214174453
89.5 0.001128675038940808
90.5 0.0010936891549844223
91.5 0.0009263653621495311
92.5 0.0008624780957943913
93.5 0.0007833795755451703
94.5 0.0007347035630841111
95.5 0.0005917177764797501
96.5 0.0006175769080996879
97.5 0.0005278305101246104
98.5 0.0005293516355140185
99.5 0.0004639432437694704
100.5 0.0004304784852024922
101.5 0.0004030982281931464
102.5 0.0003376898364485981
103.5 0.0002966194509345794
104.5 0.0002950983255451713
105.5 0.0002509856892523364
106.5 0.000244901187694704
107.5 0.0002585913161993769
108.5 0.00022816880841121495
109.5 0.00020230967679127725
110.5 0.00016123929127725856
111.5 0.00018861954828660436
112.5 0.00012777453271028036
113.5 0.00017949279595015576
114.5 0.00015819704049844236
115.5 0.00014754916277258566
116.5 0.00013994353582554516
117.5 0.00010799990264797508
118.5 0.00012777453271028036
119.5 0.00013385903426791276
120.5 0.00013081678348909656
121.5 0.00010952102803738318
122.5 0.00015667591510903426
123.5 0.00014146466121495326
124.5 0.00015059141355140186
125.5 0.00016428154205607476
126.5 0.00018405617211838006
127.5 0.00018253504672897196
128.5 0.00020230967679127725
129.5 0.00021752093068535825
130.5 0.00024033781152647975
131.5 0.0002525068146417445
132.5 0.0002555490654205607
133.5 0.0002661969431464174
134.5 0.0003118307048286604
135.5 0.0003635489680685358
136.5 0.0004289573598130841
137.5 0.0004624221183800623
138.5 0.0005339150116822429
139.5 0.000600844528816199
140.5 0.0005871544003115258
141.5 0.0007757739485981293
142.5 0.000825971086448597
143.5 0.0009750413746105905
144.5 0.0010069850077881603
145.5 0.0011621397975077863
146.5 0.0013827029789719603
147.5 0.001533294392523363
148.5 0.001732561818535823
149.5 0.002042871397975075
150.5 0.0023045049649532677
151.5 0.0026482793029594985
152.5 0.002995095891744545
153.5 0.003293236468068531
154.5 0.003633968555295949
155.5 0.004292615848909652
156.5 0.004678981697819313
157.5 0.005121629186137067
158.5 0.005704220210280373
159.5 0.006408501265576322
160.5 0.0071279935747663534
161.5 0.007984387169003113
162.5 0.00868258372274143
163.5 0.009338188765576327
164.5 0.010463821553738319
165.5 0.010798469139408108
166.5 0.011995594820872275
167.5 0.01281243915498442
168.5 0.013620156736760116
169.5 0.014487198208722738
170.5 0.015159535630841114
171.5 0.016256267036604356
172.5 0.016759759540498437
173.5 0.017631364388629278
174.5 0.01803446261682241
175.5 0.018311307437694695
176.5 0.01864291277258567
177.5 0.01908403913551401
178.5 0.019590573890186928
179.5 0.019309165693146425
180.5 0.01932741919781932
181.5 0.019456714855919016
182.5 0.019231588298286605
183.5 0.019105334890965726
184.5 0.018833053446261683
185.5 0.01834325107087227
186.5 0.017508153232087223
187.5 0.01642815420560748
188.5 0.015866858936915876
189.5 0.015294915790498435
190.5 0.014427874318535823
191.5 0.013566917348130834
192.5 0.012766805393302175
193.5 0.011767426012461063
194.5 0.01080151139018692
195.5 0.010212835864485986
196.5 0.00933210426401869
197.5 0.00848179517133956
198.5 0.007985908294392517
199.5 0.007210134345794388
200.5 0.006419149143302179
201.5 0.005661628699376945
202.5 0.005263093847352025
203.5 0.004724615459501554
204.5 0.0041085596767912735
205.5 0.003761743088006228
206.5 0.003317574474299063
207.5 0.002877969236760122
208.5 0.002642194801401868
209.5 0.002336448598130838
210.5 0.0021280544197819274
211.5 0.0018648997274143281
212.5 0.0015302521417445457
213.5 0.0013340269665109018
214.5 0.0010876046534267895
215.5 0.0011058581580996863
216.5 0.0008807316004672877
217.5 0.0007909852024922106
218.5 0.0007590415693146401
219.5 0.0006343092873831767
220.5 0.0005628163940809963
221.5 0.0004700277453271028
222.5 0.0004289573598130841
223.5 0.0003878869742990654
224.5 0.0004198306074766355
225.5 0.0003316053348909657
226.5 0.0003042250778816199
227.5 0.0002874926985981308
228.5 0.0002616335669781931
229.5 0.00021447867990654205
230.5 0.00021143642912772585
231.5 0.00023273218457943925
232.5 0.00018253504672897196
233.5 0.00016580266744548286
234.5 0.00017340829439252336
235.5 0.00013538015965732086
236.5 0.00016276041666666666
237.5 0.00013081678348909656
238.5 0.00016123929127725856
239.5 0.00014754916277258566
240.5 0.00013842241043613706
241.5 0.00013081678348909656
242.5 0.00017036604361370716
243.5 0.00017492941978193146
244.5 0.00013690128504672896
245.5 0.00011560552959501558
246.5 0.00016732379283489096
247.5 0.00017949279595015576
248.5 0.00020687305295950155
249.5 0.00019926742601246105
250.5 0.00021599980529595015
251.5 0.00022208430685358255
252.5 0.0002494645638629283
253.5 0.00022208430685358255
254.5 0.0002829293224299065
255.5 0.0002585913161993769
256.5 0.0003300842095015576
257.5 0.0003300842095015576
258.5 0.0004183094820872274
259.5 0.000457858742211838
260.5 0.0004243939836448598
261.5 0.0005019713785046727
262.5 0.0005460840147975074
263.5 0.000622140284267912
264.5 0.0007042810552959492
265.5 0.0007255768107476623
266.5 0.0008350978387850454
267.5 0.0008852949766355126
268.5 0.0010176328855140166
269.5 0.0012032101830218055
270.5 0.0012549284462616808
271.5 0.0013750973520249197
272.5 0.0014618014992211824
273.5 0.001606308411214951
274.5 0.0017690688278816182
275.5 0.0020611249026479725
276.5 0.0022756035825545152
277.5 0.0023531809774143277
278.5 0.002643715926791275
279.5 0.0026482793029595
280.5 0.0029464198792834868
281.5 0.003168504186137067
282.5 0.0034225321261682224
283.5 0.0035001095210280345
284.5 0.0037876022196261646
285.5 0.003938193633177568
286.5 0.004100954049844233
287.5 0.004335207359813082
288.5 0.004339770735981305
289.5 0.004523826908099688
290.5 0.004630305685358253
291.5 0.0047367844626168155
292.5 0.004698756327881618
293.5 0.004627263434579435
294.5 0.004732221086448595
295.5 0.004803713979750777
296.5 0.004575545171339559
297.5 0.004408221378504669
298.5 0.004294136974299064
299.5 0.004300221475856697
300.5 0.004020334404205606
301.5 0.0037130670755451682
302.5 0.0033981941199376937
303.5 0.003185236565420558
304.5 0.0029738001362928316
305.5 0.002703039816978192
306.5 0.0025691807827102763
307.5 0.0022953782126168185
308.5 0.0020474347741432997
309.5 0.0019090123637071632
310.5 0.0016686745521806835
311.5 0.0015180831386292814
312.5 0.001285350954049843
313.5 0.0011165060358255432
314.5 0.0009993793808411205
315.5 0.0008396612149532696
316.5 0.0006647317951713386
317.5 0.0005947600272585662
318.5 0.000503492503894081
319.5 0.0004243939836448598
320.5 0.00033616871105919
321.5 0.0003407320872274143
322.5 0.00024338006230529595
323.5 0.00020687305295950155
324.5 0.00017949279595015576
325.5 0.00015059141355140186
326.5 0.00011712665498442368
327.5 9.887315031152648e-05
328.5 7.301401869158878e-05
329.5 6.388726635514018e-05
330.5 5.780276479750779e-05
331.5 3.954926012461059e-05
332.5 2.4338006230529594e-05
333.5 3.346475856697819e-05
334.5 1.2169003115264797e-05
335.5 1.0647877725856697e-05
336.5 6.084501557632399e-06
337.5 1.6732379283489095e-05
338.5 7.6056269470404984e-06
339.5 7.6056269470404984e-06
340.5 7.6056269470404984e-06
341.5 6.084501557632399e-06
342.5 3.0422507788161993e-06
343.5 1.5211253894080996e-06
344.5 4.563376168224299e-06
345.5 0.0
346.5 0.0
347.5 3.0422507788161993e-06
348.5 0.0
349.5 4.563376168224299e-06
350.5 1.5211253894080996e-06
351.5 0.0
352.5 0.0
353.5 1.5211253894080996e-06
354.5 0.0
355.5 0.0
356.5 3.0422507788161993e-06
357.5 3.0422507788161993e-06
358.5 0.0
359.5 1.5211253894080996e-06
