0.5 0.0
1.5 3.0422507788161993e-06
2.5 0.0
3.5 1.5211253894080996e-06
4.5 0.0
5.5 0.0
6.5 3.0422507788161993e-06
7.5 0.0
8.5 0.0
9.5 1.5211253894080996e-06
10.5 0.0
11.5 3.0422507788161993e-06
12.5 0.0
13.5 1.5211253894080996e-06
14.5 1.5211253894080996e-06
15.5 3.0422507788161993e-06
16.5 1.5211253894080996e-06
17.5 6.084501557632399e-06
18.5 3.0422507788161993e-06
19.5 9.126752336448597e-06
20.5 1.5211253894080996e-06
21.5 7.6056269470404984e-06
22.5 1.5211253894080996e-06
23.5 1.0647877725856697e-05
24.5 6.084501557632399e-06
25.5 1.2169003115264797e-05
26.5 9.126752336448597e-06
27.5 1.9774630062305295e-05
28.5 3.194363317757009e-05
29.5 3.346475856697819e-05
30.5 3.346475856697819e-05
31.5 4.411263629283489e-05
32.5 3.802813473520249e-05
33.5 5.628163940809969e-05
34.5 8.670414719626168e-05
35.5 0.00011256327881619938
36.5 0.00012169003115264798
37.5 0.00016123929127725856
38.5 0.00017340829439252336
39.5 0.00021752093068535825
40.5 0.0002996617017133956
41.5 0.0003194363317757009
42.5 0.0003529010903426791
43.5 0.0004487319898753894
44.5 0.0005217460085669779
45.5 0.0006343092873831768
46.5 0.0007134078076323974
47.5 0.0008290133372274129
48.5 0.0009476611176012451
49.5 0.001054139894859811
50.5 0.0011560552959501542
51.5 0.0013096889602803718
52.5 0.0015241676401869138
53.5 0.0016656323014018672
54.5 0.0018329560942367577
55.5 0.0020763361565420534
56.5 0.0020915474104361343
57.5 0.002350138726635512
58.5 0.0024839977609034244
59.5 0.002666532807632396
60.5 0.002774532710280372
61.5 0.002809518594236756
62.5 0.0031061380451713376
63.5 0.0030635465342679106
64.5 0.0032780252141744507
65.5 0.0034057997468847335
66.5 0.0032886730919003096
67.5 0.0034027574961059156
68.5 0.0033267012266355116
69.5 0.0032765040887850444
70.5 0.003157856308411213
71.5 0.0031943633177570073
72.5 0.0030559409073208704
73.5 0.002952504380841119
74.5 0.0029220818730529563
75.5 0.002760842581775698
76.5 0.0025570117795950123
77.5 0.002610251168224296
78.5 0.0023410119742990638
79.5 0.0022847303348909626
80.5 0.002106758664330216
81.5 0.0018147025895638605
82.5 0.0017432096962616804
83.5 0.0016534632982866013
84.5 0.0015834915303738295
85.5 0.0014329001168224278
86.5 0.0013385903426791253
87.5 0.001273181950934578
88.5 0.00109521028037383
89.5 0.000971999123831774
90.5 0.0009035484813084096
91.5 0.0008518302180685341
92.5 0.0007818584501557618
93.5 0.0006753796728971953
94.5 0.0006875486760124606
95.5 0.0005795487733644853
96.5 0.0005476051401869155
97.5 0.0004761122468847352
98.5 0.0004319996105919003
99.5 0.0004380841121495327
100.5 0.0003483377141744548
101.5 0.0003559433411214953
102.5 0.0003498588395638629
103.5 0.0002768448208722741
104.5 0.0002814081970404984
105.5 0.0002525068146417445
106.5 0.00022968993380062305
107.5 0.0002555490654205607
108.5 0.00021599980529595015
109.5 0.00015971816588785046
110.5 0.00019470404984423675
111.5 0.00015819704049844236
112.5 0.00017797167056074766
113.5 0.00014146466121495326
114.5 0.00015059141355140186
115.5 0.00013233790887850466
116.5 0.00014298578660436136
117.5 0.00012473228193146416
118.5 0.00012777453271028036
119.5 0.00013690128504672896
120.5 0.00016580266744548286
121.5 0.00014450691199376946
122.5 0.00012929565809968846
123.5 0.00013842241043613706
124.5 0.00013994353582554516
125.5 0.00016732379283489096
126.5 0.00017188716900311526
127.5 0.00017797167056074766
128.5 0.00022056318146417445
129.5 0.00019318292445482865
130.5 0.00022360543224299065
131.5 0.0002646758177570093
132.5 0.0002859715732087227
133.5 0.0003224785825545171
134.5 0.0003103095794392523
135.5 0.0003468165887850467
136.5 0.0004700277453271028
137.5 0.0004319996105919003
138.5 0.0005628163940809964
139.5 0.0005658586448598125
140.5 0.0006190980334890962
141.5 0.000800111954828659
142.5 0.0009400554906542039
143.5 0.0010343652647975062
144.5 0.0012397171923675995
145.5 0.0013705339758566964
146.5 0.001577407028816198
147.5 0.0016686745521806838
148.5 0.0019561672507788144
149.5 0.002281688084112148
150.5 0.0026087300428348894
151.5 0.0028688424844236747
152.5 0.0032202224493769437
153.5 0.0036780811915887814
154.5 0.004213517328660433
155.5 0.004598362052180684
156.5 0.005100333430685357
157.5 0.005789403232087228
158.5 0.00657734618380062
159.5 0.007082359813084107
160.5 0.008052837811526471
161.5 0.008674978095794391
162.5 0.009665230724299064
163.5 0.010406018788940806
164.5 0.01162596135124611
165.5 0.012319594528816202
166.5 0.01354257934190031
167.5 0.014309226538161982
168.5 0.015282746787383172
169.5 0.016537675233644855
170.5 0.017410801207165105
171.5 0.018180490654205603
172.5 0.018939532223520246
173.5 0.019497785241433033
174.5 0.020296376070872275
175.5 0.020808995327102817
176.5 0.02126533294392526
177.5 0.021767304322429924
178.5 0.02196200837227416
179.5 0.021939191491433033
180.5 0.02213237441588787
181.5 0.021911811234423692
182.5 0.021543698890186935
183.5 0.02180685358255454
184.5 0.020865276966510915
185.5 0.020296376070872285
186.5 0.019508433119158883
187.5 0.019027757496105913
188.5 0.01798882885514018
189.5 0.017240435163551393
190.5 0.01625778816199376
191.5 0.015386183313862921
192.5 0.01453891647196261
193.5 0.013544100467289715
194.5 0.012395650798286601
195.5 0.011592496592679125
196.5 0.010623539719626169
197.5 0.009450752044392517
198.5 0.008792104750778814
199.5 0.007824669003115261
200.5 0.007126472449376944
201.5 0.006782698111370715
202.5 0.005889797507788159
203.5 0.005197685455607474
204.5 0.004797629478193142
205.5 0.0040629259151090304
206.5 0.0035913770443925194
207.5 0.0032704195872274118
208.5 0.0027121665693146404
209.5 0.0024824766355140155
210.5 0.0021736881814641723
211.5 0.002001801012461057
212.5 0.0017143083138629269
213.5 0.0015013507593457914
214.5 0.0014131254867601225
215.5 0.0011986468068535803
216.5 0.0009887315031152633
217.5 0.0008868161020249205
218.5 0.0008198865848909643
219.5 0.0007073233060747652
220.5 0.0006038867795950149
221.5 0.0005491262655763236
222.5 0.0004654643691588785
223.5 0.0004243939836448598
224.5 0.0003802813473520249
225.5 0.0003498588395638629
226.5 0.0003239997079439252
227.5 0.0002661969431464174
228.5 0.0002479434384735202
229.5 0.0002494645638629283
230.5 0.00022664768302180685
231.5 0.00015515478971962616
232.5 0.00017645054517133956
233.5 0.00020230967679127725
234.5 0.00014602803738317756
235.5 0.00016276041666666666
236.5 0.00014907028816199376
237.5 0.00016732379283489096
238.5 0.00013842241043613706
239.5 0.00014146466121495326
240.5 0.00014450691199376946
241.5 0.00014602803738317756
242.5 0.00015059141355140186
243.5 0.00013842241043613706
244.5 0.00015971816588785046
245.5 0.00013385903426791276
246.5 0.00017492941978193146
247.5 0.00017645054517133956
248.5 0.00019014067367601246
249.5 0.00021295755451713395
250.5 0.00018709842289719626
251.5 0.00023425330996884735
252.5 0.00022664768302180685
253.5 0.00024033781152647975
254.5 0.0002494645638629283
255.5 0.0002768448208722741
256.5 0.0002950983255451713
257.5 0.0003255208333333333
258.5 0.0003681123442367601
259.5 0.0003574644665109034
260.5 0.0004456897390965732
261.5 0.0004411263629283489
262.5 0.000521746008566978
263.5 0.0005612952686915883
264.5 0.0005765065225856691
265.5 0.0006373515381619931
266.5 0.0006966754283489088
267.5 0.0007925063278816186
268.5 0.0008837738512461044
269.5 0.0009719991238317738
270.5 0.0010313230140186899
271.5 0.0010967314057632382
272.5 0.0012184214369158853
273.5 0.0013477170950155742
274.5 0.0014100832359813062
275.5 0.0016245619158878474
276.5 0.0017082238123052938
277.5 0.0018116603387850437
278.5 0.001963772877725855
279.5 0.0020961107866043598
280.5 0.0022223641939252315
281.5 0.002397293613707162
282.5 0.00260720891744548
283.5 0.002788222838785043
284.5 0.0028095185942367588
285.5 0.0028962227414330182
286.5 0.0031593774338006192
287.5 0.0032247858255451687
288.5 0.0033358279789719586
289.5 0.003360165985202491
290.5 0.003402757496105917
291.5 0.003311489972741431
292.5 0.0033966729945482843
293.5 0.003395151869158876
294.5 0.0032202224493769445
295.5 0.0031867576908099662
296.5 0.003086363415109031
297.5 0.0030833211643302148
298.5 0.0029479410046728935
299.5 0.002838419976635512
300.5 0.0026695750584112125
301.5 0.0025281103971962586
302.5 0.002325800720404981
303.5 0.0022132374415887836
304.5 0.0020154911409657303
305.5 0.001890758859034265
306.5 0.0016762801791277233
307.5 0.0014815761292834863
308.5 0.001329463590342677
309.5 0.0012488439447040482
310.5 0.0010845624026479732
311.5 0.0009294076129283477
312.5 0.0008700837227414315
313.5 0.0007316613123052947
314.5 0.0005993234034267909
315.5 0.0005430417640186912
316.5 0.0004502531152647975
317.5 0.0003589855919003115
318.5 0.0003270419587227414
319.5 0.0002570701908099688
320.5 0.00020230967679127725
321.5 0.00016123929127725856
322.5 0.00017949279595015576
323.5 0.00012625340732087226
324.5 9.430977414330218e-05
325.5 7.149289330218068e-05
326.5 5.628163940809969e-05
327.5 4.259151090342679e-05
328.5 5.171826323987539e-05
329.5 3.802813473520249e-05
330.5 3.0422507788161994e-05
331.5 2.1295755451713395e-05
332.5 3.650700934579439e-05
333.5 9.126752336448597e-06
334.5 1.2169003115264797e-05
335.5 7.6056269470404984e-06
336.5 4.563376168224299e-06
337.5 7.6056269470404984e-06
338.5 9.126752336448597e-06
339.5 6.084501557632399e-06
340.5 1.5211253894080996e-06
341.5 1.5211253894080996e-06
342.5 1.5211253894080996e-06
343.5 4.563376168224299e-06
344.5 0.0
345.5 1.5211253894080996e-06
346.5 1.5211253894080996e-06
347.5 1.5211253894080996e-06
348.5 3.0422507788161993e-06
349.5 0.0
350.5 0.0
351.5 3.0422507788161993e-06
352.5 0.0
353.5 0.0
354.5 1.5211253894080996e-06
355.5 0.0
356.5 0.0
357.5 0.0
358.5 1.5211253894080996e-06
359.5 1.5211253894080996e-06
