0.5 5.019713785046729e-05
1.5 3.954926012461059e-05
2.5 3.954926012461059e-05
3.5 2.4338006230529594e-05
4.5 2.5859131619937694e-05
5.5 3.0422507788161994e-05
6.5 3.802813473520249e-05
7.5 4.411263629283489e-05
8.5 2.7380257009345794e-05
9.5 3.194363317757009e-05
10.5 3.346475856697819e-05
11.5 4.107038551401869e-05
12.5 4.411263629283489e-05
13.5 5.171826323987539e-05
14.5 4.411263629283489e-05
15.5 7.757739485981308e-05
16.5 9.126752336448598e-05
17.5 0.00011560552959501558
18.5 0.00013538015965732086
19.5 0.00013233790887850466
20.5 0.00015059141355140186
21.5 0.00022208430685358255
22.5 0.00023273218457943925
23.5 0.000305746203271028
24.5 0.0003224785825545171
25.5 0.000351379964953271
26.5 0.0004061404789719626
27.5 0.0004654643691588785
28.5 0.00052783051012461
29.5 0.0005704220210280367
30.5 0.0006038867795950145
31.5 0.0006784219236760112
32.5 0.0006951543029595005
33.5 0.0008016330802180669
34.5 0.0008320555880062289
35.5 0.0008548724688473509
36.5 0.0008259710864485965
37.5 0.000895942854361369
38.5 0.0009218019859813065
39.5 0.000920280860591899
40.5 0.00091115410825545
41.5 0.0008822527258566962
42.5 0.0009187597352024905
43.5 0.0009856892523364468
44.5 0.0010085061331775683
45.5 0.0009187597352024909
46.5 0.0008807316004672882
47.5 0.0008959428543613692
48.5 0.0008685625973520238
49.5 0.0008305344626168212
50.5 0.0008046753309968833
51.5 0.0008381400895638619
52.5 0.0007042810552959491
53.5 0.0006753796728971951
54.5 0.0006449571651090335
55.5 0.0006084501557632391
56.5 0.0006069290303738312
57.5 0.0006130135319314636
58.5 0.0005536896417445478
59.5 0.0005187037577881618
60.5 0.0004989291277258563
61.5 0.0003863658489096573
62.5 0.0004183094820872274
63.5 0.0003954926012461059
64.5 0.0004046193535825545
65.5 0.0003437743380062305
66.5 0.0003376898364485981
67.5 0.000305746203271028
68.5 0.0003270419587227414
69.5 0.0002707603193146417
70.5 0.0003605067172897196
71.5 0.0003802813473520249
72.5 0.0003529010903426791
73.5 0.0003635489680685358
74.5 0.000412224980529595
75.5 0.0004152672313084112
76.5 0.000473069996105919
77.5 0.0004365629867601246
78.5 0.0004441686137071651
79.5 0.0004639432437694704
80.5 0.0005080558800623052
81.5 0.0005628163940809965
82.5 0.0005263093847352023
83.5 0.0005612952686915885
84.5 0.0005263093847352024
85.5 0.0006373515381619935
86.5 0.0006114924065420555
87.5 0.0006175769080996878
88.5 0.0006206191588785043
89.5 0.0006829852998442355
90.5 0.0006632106697819307
91.5 0.0006510416666666661
92.5 0.0006206191588785041
93.5 0.0006571261682242982
94.5 0.0006114924065420555
95.5 0.0006114924065420555
96.5 0.0006069290303738311
97.5 0.0006297459112149527
98.5 0.0006130135319314636
99.5 0.000568900895638629
100.5 0.0005506473909657318
101.5 0.0006008445288161988
102.5 0.0005765065225856694
103.5 0.0005156615070093456
104.5 0.0005552107671339561
105.5 0.0004776333722741433
106.5 0.0004411263629283489
107.5 0.0004639432437694704
108.5 0.000473069996105919
109.5 0.0003909292250778816
110.5 0.0004319996105919003
111.5 0.0004213517328660436
112.5 0.0004015771028037383
113.5 0.0003392109618380062
114.5 0.0003711545950155763
115.5 0.0003574644665109034
116.5 0.0004502531152647975
117.5 0.0004091827297507788
118.5 0.0004335207359813084
119.5 0.0004243939836448598
120.5 0.0004867601246105919
121.5 0.0005643375194704047
122.5 0.000652562792056074
123.5 0.0007483936915887837
124.5 0.0008548724688473503
125.5 0.0009248442367601232
126.5 0.0010237173870716492
127.5 0.0011043370327102782
128.5 0.0013614072235202473
129.5 0.0014633226246105902
130.5 0.0016336886682242963
131.5 0.0019470404984423656
132.5 0.0021447867990654172
133.5 0.0024383639992211813
134.5 0.002669575058411212
135.5 0.003019433897975074
136.5 0.003381461740654202
137.5 0.0037069825739875356
138.5 0.0041116019275700905
139.5 0.004361066491433017
140.5 0.004902587130062299
141.5 0.005247882593457942
142.5 0.005787882106697815
143.5 0.005848727122274139
144.5 0.0062852901090342615
145.5 0.0066397123247663534
146.5 0.006756838979750779
147.5 0.006939374026479746
148.5 0.00764213395638629
149.5 0.007707542348130834
150.5 0.008002640673676007
151.5 0.008192781347352022
152.5 0.008145626460280369
153.5 0.008325119256230525
154.5 0.008078696943146418
155.5 0.008201908099688474
156.5 0.008005682924454827
157.5 0.007788161993769465
158.5 0.0076771198403426735
159.5 0.007576725564641742
160.5 0.007283148364485974
161.5 0.006794867114485979
162.5 0.00644044489875389
163.5 0.006236614096573203
164.5 0.005868501752336446
165.5 0.005649459696261679
166.5 0.005212896709501554
167.5 0.004835657612928347
168.5 0.004602925428348906
169.5 0.004128334306853578
170.5 0.003971658391744545
171.5 0.003646137558411212
172.5 0.0033616871105918962
173.5 0.003128954926012459
174.5 0.003092447916666663
175.5 0.002928166374610589
176.5 0.002782138337227412
177.5 0.002811039719626167
178.5 0.0027790960864485952
179.5 0.0028186453465732075
180.5 0.002900786117601244
181.5 0.003217180198598129
182.5 0.003338870229750777
183.5 0.003732841705607474
184.5 0.0038393204828660417
185.5 0.004289573598130838
186.5 0.004656164816978189
187.5 0.005022756035825541
188.5 0.005573403426791275
189.5 0.006054079049844237
190.5 0.006565177180685353
191.5 0.007394190517912773
192.5 0.00779880987149533
193.5 0.008293175623052955
194.5 0.009205850856697817
195.5 0.00959982233255452
196.5 0.010346694898753893
197.5 0.010825849396417443
198.5 0.011022074571651086
199.5 0.011951482184579441
200.5 0.01197582019080997
201.5 0.012388045171339564
202.5 0.012763763142523362
203.5 0.01238043954439252
204.5 0.012602523851246106
205.5 0.012751594139408096
206.5 0.012789622274143304
207.5 0.012353059287383178
208.5 0.012013848325545175
209.5 0.011446468555295946
210.5 0.011254806756230524
211.5 0.010859314154984423
212.5 0.010218920366043617
213.5 0.009984667056074762
214.5 0.009292555003894082
215.5 0.00851221767912772
216.5 0.00808934482087227
217.5 0.007357683508566975
218.5 0.0065712616822429905
219.5 0.006279205607476632
220.5 0.005473009151090339
221.5 0.005109460183021806
222.5 0.0046789816978193115
223.5 0.004134418808411214
224.5 0.003579208041277256
225.5 0.0033479969820872247
226.5 0.0029433776285046685
227.5 0.002550927278037381
228.5 0.0022041106892523336
229.5 0.0019318292445482839
230.5 0.001724956191588783
231.5 0.0015728436526479723
232.5 0.0013279424649532692
233.5 0.0011165060358255428
234.5 0.0010404497663551388
235.5 0.0008776893496884722
236.5 0.0007544781931464164
237.5 0.0006769007982866037
238.5 0.0006312670366043606
239.5 0.0005491262655763236
240.5 0.0005034925038940809
241.5 0.0004821967484423676
242.5 0.000427436234423676
243.5 0.0003346475856697819
244.5 0.0002829293224299065
245.5 0.000305746203271028
246.5 0.0002479434384735202
247.5 0.00023729556074766355
248.5 0.0002540279400311526
249.5 0.0002570701908099688
250.5 0.00020535192757009345
251.5 0.00021752093068535825
252.5 0.00017188716900311526
253.5 0.00020383080218068535
254.5 0.00018861954828660436
255.5 0.00018405617211838006
256.5 0.00019014067367601246
257.5 0.00016732379283489096
258.5 0.00019926742601246105
259.5 0.00017949279595015576
260.5 0.00018861954828660436
261.5 0.00017188716900311526
262.5 0.00015971816588785046
263.5 0.00019166179906542055
264.5 0.00018101392133956386
265.5 0.00021752093068535825
266.5 0.00016884491822429906
267.5 0.00018253504672897196
268.5 0.00020535192757009345
269.5 0.00017949279595015576
270.5 0.00019774630062305295
271.5 0.00020383080218068535
272.5 0.00021143642912772585
273.5 0.00021599980529595015
274.5 0.00019926742601246105
275.5 0.0002540279400311526
276.5 0.0002768448208722741
277.5 0.0002722814447040498
278.5 0.0003163940809968847
279.5 0.000305746203271028
280.5 0.0003605067172897196
281.5 0.0003894080996884735
282.5 0.000473069996105919
283.5 0.0005476051401869154
284.5 0.00059171777647975
285.5 0.0006814641744548275
286.5 0.0007590415693146408
287.5 0.0008579147196261666
288.5 0.0009141963590342661
289.5 0.0011028159073208702
290.5 0.0012321115654205582
291.5 0.001323379088785044
292.5 0.0016549844236760105
293.5 0.0018481673481308373
294.5 0.0021965050623052934
295.5 0.0024033781152647945
296.5 0.0026300257982866016
297.5 0.0030863634151090326
298.5 0.0035046728971962586
299.5 0.003754137461059187
300.5 0.0040005597741433
301.5 0.004619657807632393
302.5 0.0049512631425233655
303.5 0.005518642912772582
304.5 0.006133177570093455
305.5 0.006498247663551398
306.5 0.007013909170560744
307.5 0.007348556756230528
308.5 0.007771429614485976
309.5 0.007960049162772586
310.5 0.00839965440031152
311.5 0.00874038648753894
312.5 0.008900104653426793
313.5 0.009030921436915883
314.5 0.00871756960669782
315.5 0.008971597546728972
316.5 0.00881035825545171
317.5 0.008608048578660434
318.5 0.008352499513239877
319.5 0.008224724980529598
320.5 0.007871823890186912
321.5 0.00773188035436137
322.5 0.007146247079439249
323.5 0.006726416471962614
324.5 0.006222923968068531
325.5 0.005866980626947037
326.5 0.0053710937499999965
327.5 0.0048097984813084095
328.5 0.004380841121495326
329.5 0.004020334404205603
330.5 0.0036872079439252297
331.5 0.0033479969820872256
332.5 0.0030300817757009314
333.5 0.0025965610397196246
334.5 0.0023851246105918984
335.5 0.0020352657710280345
336.5 0.0018223082165109018
337.5 0.0014830972546728944
338.5 0.0013325058411214933
339.5 0.0011971256814641727
340.5 0.0009780836253894067
341.5 0.0009339709890965718
342.5 0.0007833795755451706
343.5 0.0006251825350467283
344.5 0.000536957262461059
345.5 0.0004715488707165109
346.5 0.0003802813473520249
347.5 0.0003346475856697819
348.5 0.0002844504478193146
349.5 0.00023121105919003115
350.5 0.00021904205607476635
351.5 0.00016428154205607476
352.5 0.00015211253894080996
353.5 0.00012929565809968846
354.5 0.00012777453271028036
355.5 8.366189641744548e-05
356.5 7.453514408099688e-05
357.5 8.061964563862928e-05
358.5 7.453514408099688e-05
359.5 4.563376168224299e-05
