0.5 0.0
1.5 4.563376168224299e-06
2.5 1.5211253894080996e-06
3.5 0.0
4.5 1.5211253894080996e-06
5.5 0.0
6.5 1.5211253894080996e-06
7.5 4.563376168224299e-06
8.5 1.5211253894080996e-06
9.5 1.5211253894080996e-06
10.5 1.5211253894080996e-06
11.5 1.5211253894080996e-06
12.5 3.0422507788161993e-06
13.5 1.5211253894080996e-06
14.5 6.084501557632399e-06
15.5 4.563376168224299e-06
16.5 1.5211253894080996e-06
17.5 3.0422507788161993e-06
18.5 7.6056269470404984e-06
19.5 3.0422507788161993e-06
20.5 6.084501557632399e-06
21.5 1.8253504672897195e-05
22.5 1.2169003115264797e-05
23.5 1.9774630062305295e-05
24.5 1.3690128504672897e-05
25.5 1.6732379283489095e-05
26.5 2.4338006230529594e-05
27.5 3.346475856697819e-05
28.5 3.0422507788161994e-05
29.5 4.107038551401869e-05
30.5 6.540839174454828e-05
31.5 6.845064252336448e-05
32.5 9.735202492211838e-05
33.5 0.00012777453271028036
34.5 0.00013233790887850466
35.5 0.00014907028816199376
36.5 0.00018709842289719626
37.5 0.00024338006230529595
38.5 0.0002738025700934579
39.5 0.0003605067172897196
40.5 0.0004396052375389408
41.5 0.0004654643691588785
42.5 0.0005597741433021803
43.5 0.0006951543029595004
44.5 0.0007529570677570084
45.5 0.0009141963590342663
46.5 0.0010556610202492195
47.5 0.001171266549844235
48.5 0.0014085621105918975
49.5 0.001612392912772583
50.5 0.0017751533294392493
51.5 0.001994195385514016
52.5 0.002118927667445481
53.5 0.0024794343847352003
54.5 0.0026878285630841077
55.5 0.002909912869937693
56.5 0.0030848422897196246
57.5 0.0034103631230529576
58.5 0.0035655179127725826
59.5 0.0038104191004672875
60.5 0.0037526163356697787
61.5 0.0041070385514018655
62.5 0.004172446943146413
63.5 0.004423432632398751
64.5 0.004595319801401865
65.5 0.004376277745327098
66.5 0.0044827565225856675
67.5 0.004475150895638627
68.5 0.0044356016355140155
69.5 0.0045694606697819305
70.5 0.004373235494548284
71.5 0.0041146441783489075
72.5 0.0040614047897196215
73.5 0.00388951762071651
74.5 0.003961010514018687
75.5 0.0035944192951713376
76.5 0.0036065882982866016
77.5 0.003201968944704049
78.5 0.003130476051401866
79.5 0.002887095989096571
80.5 0.002719772196261679
81.5 0.0024870400116822396
82.5 0.002223885319314639
83.5 0.0020474347741432984
84.5 0.0019394348714953256
85.5 0.00175081532320872
86.5 0.0016184774143302156
87.5 0.001387266355140185
88.5 0.0012564495716510882
89.5 0.001250365070093455
90.5 0.0010815201518691578
91.5 0.0009735202492211818
92.5 0.0008594358450155743
93.5 0.0007985908294392509
94.5 0.0007316613123052948
95.5 0.0006343092873831769
96.5 0.0006479994158878498
97.5 0.0005065347546728971
98.5 0.000473069996105919
99.5 0.000473069996105919
100.5 0.0004198306074766355
101.5 0.0003498588395638629
102.5 0.0003452954633956386
103.5 0.0003103095794392523
104.5 0.000275323695482866
105.5 0.0002616335669781931
106.5 0.0002555490654205607
107.5 0.00023425330996884735
108.5 0.00021599980529595015
109.5 0.00017340829439252336
110.5 0.00019014067367601246
111.5 0.00018861954828660436
112.5 0.00015819704049844236
113.5 0.00013385903426791276
114.5 0.00015971816588785046
115.5 0.00016580266744548286
116.5 0.00015059141355140186
117.5 0.00015211253894080996
118.5 0.00012929565809968846
119.5 0.00015363366433021806
120.5 0.00013538015965732086
121.5 0.00015819704049844236
122.5 0.00013233790887850466
123.5 0.00013538015965732086
124.5 0.00013081678348909656
125.5 0.00013081678348909656
126.5 0.00015059141355140186
127.5 0.00019014067367601246
128.5 0.00016428154205607476
129.5 0.00022056318146417445
130.5 0.00023881668613707165
131.5 0.00024185893691588785
132.5 0.0003042250778816199
133.5 0.0002859715732087227
134.5 0.0003270419587227414
135.5 0.0003696334696261682
136.5 0.0004365629867601246
137.5 0.0004867601246105919
138.5 0.0004700277453271028
139.5 0.0005962811526479743
140.5 0.0006540839174454819
141.5 0.0007590415693146407
142.5 0.0007712105724299053
143.5 0.0009005062305295931
144.5 0.0011180271612149513
145.5 0.0011971256814641718
146.5 0.0012929565809968822
147.5 0.0015637169003115238
148.5 0.0017386463200934547
149.5 0.0021113220404984398
150.5 0.002372955607476633
151.5 0.002581349785825543
152.5 0.002849067854361368
153.5 0.0033662504867601234
154.5 0.0037632642133956333
155.5 0.004319996105919
156.5 0.004818925233644859
157.5 0.0053832627531152635
158.5 0.005968896028037382
159.5 0.006521064544392521
160.5 0.007237514602803734
161.5 0.007795767620716506
162.5 0.008808837130062305
163.5 0.009484216802959494
164.5 0.010171765478971964
165.5 0.011429736176012463
166.5 0.01175069363317757
167.5 0.012850467289719619
168.5 0.013852888921339563
169.5 0.0146499586253894
170.5 0.015732999902647964
171.5 0.016295816296728976
172.5 0.017085280373831772
173.5 0.01769373052959502
174.5 0.01807857525311526
175.5 0.018746349299065428
176.5 0.019368489583333336
177.5 0.019652940031152654
178.5 0.019675756911993775
179.5 0.019800489193925234
180.5 0.01991609472352025
181.5 0.01991457359813085
182.5 0.01966510903426791
183.5 0.019094687013239877
184.5 0.018995813862928358
185.5 0.018423870716510894
186.5 0.01783215294003114
187.5 0.017322575934579438
188.5 0.016434238707165098
189.5 0.01565998588395639
190.5 0.014576944606697817
191.5 0.013741846767912761
192.5 0.013119706483644859
193.5 0.012170524240654212
194.5 0.011215257496105923
195.5 0.010313230140186916
196.5 0.009607427959501551
197.5 0.00874190761292834
198.5 0.007891598520249215
199.5 0.0072816272390965695
200.5 0.006545402550623052
201.5 0.005835036993769468
202.5 0.005375657126168222
203.5 0.004680502823208722
204.5 0.004173968068535823
205.5 0.0037495740848909618
206.5 0.0033403913551401845
207.5 0.002926645249221181
208.5 0.002526589271806851
209.5 0.002287772585669781
210.5 0.001969857379283486
211.5 0.0017508153232087208
212.5 0.0014952662577881596
213.5 0.0014222522390965706
214.5 0.0011834355529594998
215.5 0.0010845624026479734
216.5 0.0009522244937694685
217.5 0.0007772950739875372
218.5 0.0007194923091900303
219.5 0.000635830412772585
220.5 0.0005506473909657318
221.5 0.0005095770054517132
222.5 0.0004593798676012461
223.5 0.0003954926012461059
224.5 0.0003559433411214953
225.5 0.0003300842095015576
226.5 0.0002631546923676012
227.5 0.0002692391939252336
228.5 0.0002464223130841121
229.5 0.00023881668613707165
230.5 0.00019622517523364485
231.5 0.00016276041666666666
232.5 0.00019166179906542055
233.5 0.00015819704049844236
234.5 0.00014602803738317756
235.5 0.00014754916277258566
236.5 0.00012929565809968846
237.5 0.00013690128504672896
238.5 0.00013842241043613706
239.5 0.00014298578660436136
240.5 0.00012929565809968846
241.5 0.00014450691199376946
242.5 0.00015819704049844236
243.5 0.00015059141355140186
244.5 0.00015059141355140186
245.5 0.00017340829439252336
246.5 0.00013690128504672896
247.5 0.00016428154205607476
248.5 0.00016276041666666666
249.5 0.00016428154205607476
250.5 0.00016580266744548286
251.5 0.00020991530373831775
252.5 0.00020687305295950155
253.5 0.0002509856892523364
254.5 0.0002525068146417445
255.5 0.0002829293224299065
256.5 0.0002798870716510903
257.5 0.0003133518302180685
258.5 0.0003757179711838006
259.5 0.0004289573598130841
260.5 0.000473069996105919
261.5 0.0004441686137071651
262.5 0.0005369572624610589
263.5 0.0005810698987538936
264.5 0.0005962811526479745
265.5 0.0006936331775700923
266.5 0.0007636049454828648
267.5 0.0008852949766355128
268.5 0.0009583089953271011
269.5 0.0010602243964174438
270.5 0.001174308800623051
271.5 0.0013674917250778794
272.5 0.001507435260903425
273.5 0.0016245619158878485
274.5 0.0017356040693146397
275.5 0.0019485616238317726
276.5 0.0020276601440809947
277.5 0.0022938570872274113
278.5 0.002546363901869156
279.5 0.002706082067757005
280.5 0.0029874902647975053
281.5 0.0031639408099688425
282.5 0.003220222449376945
283.5 0.003504672897196259
284.5 0.0037328417056074746
285.5 0.00378455996884735
286.5 0.004087263921339561
287.5 0.004224165206386288
288.5 0.004257629964953268
289.5 0.004502531152647974
290.5 0.004504052278037382
291.5 0.004630305685358252
292.5 0.004546643788940808
293.5 0.004482756522585667
294.5 0.004380841121495323
295.5 0.004479714271806852
296.5 0.004382362246884731
297.5 0.004242418711059188
298.5 0.004190700447819313
299.5 0.0038864753699376906
300.5 0.003926024630062303
301.5 0.003570081288940807
302.5 0.0032977998442367557
303.5 0.003118307048286601
304.5 0.0029585888823987524
305.5 0.0027365045755451687
306.5 0.002418589369158877
307.5 0.00222236419392523
308.5 0.0020565615264797484
309.5 0.0018101392133956361
310.5 0.0015348155179127705
311.5 0.001329463590342677
312.5 0.0011727876752336433
313.5 0.0011089004088785028
314.5 0.0009719991238317736
315.5 0.0008487879672897185
316.5 0.0006921120521806842
317.5 0.0005339150116822428
318.5 0.000473069996105919
319.5 0.0003985348520249221
320.5 0.0003544222157320872
321.5 0.000290534949376947
322.5 0.0002585913161993769
323.5 0.00016884491822429906
324.5 0.00015363366433021806
325.5 0.00012929565809968846
326.5 0.00011560552959501558
327.5 0.00010191540109034268
328.5 7.605626947040498e-05
329.5 5.628163940809969e-05
330.5 5.628163940809969e-05
331.5 4.259151090342679e-05
332.5 2.4338006230529594e-05
333.5 1.8253504672897195e-05
334.5 2.1295755451713395e-05
335.5 2.1295755451713395e-05
336.5 1.9774630062305295e-05
337.5 1.2169003115264797e-05
338.5 9.126752336448597e-06
339.5 7.6056269470404984e-06
340.5 9.126752336448597e-06
341.5 9.126752336448597e-06
342.5 3.0422507788161993e-06
343.5 0.0
344.5 4.563376168224299e-06
345.5 3.0422507788161993e-06
346.5 3.0422507788161993e-06
347.5 1.5211253894080996e-06
348.5 1.5211253894080996e-06
349.5 1.5211253894080996e-06
350.5 0.0
351.5 0.0
352.5 1.5211253894080996e-06
353.5 1.5211253894080996e-06
354.5 1.5211253894080996e-06
355.5 1.5211253894080996e-06
356.5 1.5211253894080996e-06
357.5 0.0
358.5 1.5211253894080996e-06
359.5 1.5211253894080996e-06
