0.5 1.5211253894080996e-06
1.5 0.0
2.5 0.0
3.5 0.0
4.5 1.5211253894080996e-06
5.5 0.0
6.5 0.0
7.5 1.5211253894080996e-06
8.5 0.0
9.5 0.0
10.5 0.0
11.5 1.5211253894080996e-06
12.5 0.0
13.5 0.0
14.5 1.5211253894080996e-06
15.5 3.0422507788161993e-06
16.5 3.0422507788161993e-06
17.5 0.0
18.5 1.5211253894080996e-06
19.5 3.0422507788161993e-06
20.5 0.0
21.5 4.563376168224299e-06
22.5 0.0
23.5 7.6056269470404984e-06
24.5 6.084501557632399e-06
25.5 7.6056269470404984e-06
26.5 1.2169003115264797e-05
27.5 1.0647877725856697e-05
28.5 1.5211253894080997e-05
29.5 3.194363317757009e-05
30.5 3.0422507788161994e-05
31.5 4.107038551401869e-05
32.5 4.563376168224299e-05
33.5 5.476051401869159e-05
34.5 7.453514408099688e-05
35.5 7.909852024922118e-05
36.5 9.583089953271028e-05
37.5 9.887315031152648e-05
38.5 0.00014907028816199376
39.5 0.00017492941978193146
40.5 0.00023121105919003115
41.5 0.0002631546923676012
42.5 0.0002555490654205607
43.5 0.0003711545950155763
44.5 0.0004228728582554517
45.5 0.000457858742211838
46.5 0.0005765065225856692
47.5 0.0006860275506230517
48.5 0.0007772950739875377
49.5 0.0008487879672897182
50.5 0.0010054638823987522
51.5 0.0010571821456386273
52.5 0.0012503650700934556
53.5 0.0013127312110591885
54.5 0.0015226465147975053
55.5 0.0016199985397196237
56.5 0.0017492941978193128
57.5 0.0019485616238317733
58.5 0.0020018010124610566
59.5 0.002167603679906538
60.5 0.0022725613317756996
61.5 0.002401856989875387
62.5 0.0024520541277258555
63.5 0.0023927302375389386
64.5 0.0026741384345794353
65.5 0.002655884929906539
66.5 0.002756279205607475
67.5 0.0027456313278816165
68.5 0.0026984764408099662
69.5 0.002722814447040496
70.5 0.0025630962811526467
71.5 0.0026528426791277235
72.5 0.0025707019080996843
73.5 0.0024687865070093422
74.5 0.0022953782126168202
75.5 0.0022512655763239856
76.5 0.0022923359618380024
77.5 0.002056561526479747
78.5 0.0019394348714953243
79.5 0.0018466462227414299
80.5 0.0017781955802180665
81.5 0.0016108717873831748
82.5 0.0015682802764797486
83.5 0.0013431537188473505
84.5 0.0013431537188473498
85.5 0.0012001679322429883
86.5 0.0011332384151090326
87.5 0.0010191540109034257
88.5 0.000956787869937693
89.5 0.0009065907320872259
90.5 0.0008320555880062289
91.5 0.0008061964563862916
92.5 0.0007453514408099676
93.5 0.0006571261682242982
94.5 0.0006449571651090335
95.5 0.0005628163940809965
96.5 0.0005354361370716508
97.5 0.0004913235007788162
98.5 0.000489802375389408
99.5 0.0004137461059190031
100.5 0.000381802472741433
101.5 0.0003498588395638629
102.5 0.0003452954633956386
103.5 0.0002935772001557632
104.5 0.0002844504478193146
105.5 0.0002920560747663551
106.5 0.0002722814447040498
107.5 0.00022208430685358255
108.5 0.00020687305295950155
109.5 0.00020230967679127725
110.5 0.00019166179906542055
111.5 0.00017492941978193146
112.5 0.00015819704049844236
113.5 0.00016123929127725856
114.5 0.00018861954828660436
115.5 0.00013994353582554516
116.5 0.00017188716900311526
117.5 0.00015515478971962616
118.5 0.00014298578660436136
119.5 0.00015059141355140186
120.5 0.00013538015965732086
121.5 0.00015971816588785046
122.5 0.00016276041666666666
123.5 0.00012169003115264798
124.5 0.00016884491822429906
125.5 0.00019622517523364485
126.5 0.00018861954828660436
127.5 0.00015059141355140186
128.5 0.00019774630062305295
129.5 0.00021295755451713395
130.5 0.000244901187694704
131.5 0.0002692391939252336
132.5 0.0002722814447040498
133.5 0.000320957457165109
134.5 0.0003589855919003115
135.5 0.0003452954633956386
136.5 0.0004502531152647975
137.5 0.0004761122468847352
138.5 0.0005780276479750771
139.5 0.0005780276479750774
140.5 0.0007149289330218058
141.5 0.0007620838200934568
142.5 0.0008655203465732068
143.5 0.0009796047507788144
144.5 0.0011362806658878485
145.5 0.0012549284462616806
146.5 0.0014207311137071634
147.5 0.0016686745521806835
148.5 0.0019774630062305274
149.5 0.0022254064447040454
150.5 0.002570701908099685
151.5 0.002844504478193143
152.5 0.0032050111954828636
153.5 0.003627884053738315
154.5 0.0042256863317756965
155.5 0.0045740240459501555
156.5 0.00520985445872274
157.5 0.005831994742990652
158.5 0.00653019129672897
159.5 0.00733638775311526
160.5 0.007934190031152644
161.5 0.008998977803738316
162.5 0.009444667542834892
163.5 0.010768046631619935
164.5 0.011534693827881626
165.5 0.01260404497663551
166.5 0.013506072332554511
167.5 0.014745789524922111
168.5 0.015819704049844233
169.5 0.016819083430685354
170.5 0.017759138921339557
171.5 0.01852730724299065
172.5 0.019692489291277256
173.5 0.02021119304906543
174.5 0.02078922069704051
175.5 0.02158476927570095
176.5 0.022555247274143316
177.5 0.023011584890965733
178.5 0.022921838492990666
179.5 0.022829049844236775
180.5 0.022856430101246123
181.5 0.02312871154595016
182.5 0.02282904984423678
183.5 0.022225163064641756
184.5 0.021756656444704068
185.5 0.021087361273364504
186.5 0.020338967581775714
187.5 0.019738123052959505
188.5 0.018807194314641743
189.5 0.01797513872663551
190.5 0.01673694265965732
191.5 0.015608267620716506
192.5 0.014951141452492201
193.5 0.01363688911604361
194.5 0.012946298189252333
195.5 0.012007763823987539
196.5 0.010828891647196267
197.5 0.00997706142912773
198.5 0.009008104556074764
199.5 0.008061964563862925
200.5 0.007315091997663545
201.5 0.0066457968263239865
202.5 0.00588067075545171
203.5 0.005349797994548283
204.5 0.004825009735202491
205.5 0.004218080704828658
206.5 0.0037952078465732053
207.5 0.0033525603582554467
208.5 0.0028505889797507756
209.5 0.0026954341900311493
210.5 0.0022223641939252315
211.5 0.0019303081191588758
212.5 0.0016762801791277246
213.5 0.0014374634929906513
214.5 0.0013340269665109007
215.5 0.0010860835280373817
216.5 0.0011012947819314626
217.5 0.0009385343652647959
218.5 0.0008229288356697805
219.5 0.000701238804517133
220.5 0.0006084501557632393
221.5 0.0005491262655763236
222.5 0.0004715488707165109
223.5 0.0004137461059190031
224.5 0.0004411263629283489
225.5 0.0003620278426791277
226.5 0.0003103095794392523
227.5 0.0003224785825545171
228.5 0.0002631546923676012
229.5 0.0002525068146417445
230.5 0.00023881668613707165
231.5 0.00020991530373831775
232.5 0.00020991530373831775
233.5 0.00021295755451713395
234.5 0.00020535192757009345
235.5 0.00020078855140186915
236.5 0.00017492941978193146
237.5 0.00019014067367601246
238.5 0.00017645054517133956
239.5 0.00019318292445482865
240.5 0.00020078855140186915
241.5 0.00019622517523364485
242.5 0.00017036604361370716
243.5 0.00019014067367601246
244.5 0.00018557729750778816
245.5 0.00017492941978193146
246.5 0.00018557729750778816
247.5 0.00017340829439252336
248.5 0.00020839417834890965
249.5 0.00023121105919003115
250.5 0.00022968993380062305
251.5 0.0002479434384735202
252.5 0.000244901187694704
253.5 0.0002966194509345794
254.5 0.0003103095794392523
255.5 0.0003605067172897196
256.5 0.0003316053348909657
257.5 0.0003772390965732087
258.5 0.000427436234423676
259.5 0.0004700277453271028
260.5 0.0005171826323987535
261.5 0.000489802375389408
262.5 0.0005384783878504669
263.5 0.0006145346573208714
264.5 0.0007438303154205596
265.5 0.000752957067757008
266.5 0.0008092387071651078
267.5 0.0008427034657320858
268.5 0.0009522244937694688
269.5 0.0009400554906542043
270.5 0.0011590975467289698
271.5 0.0011423651674454807
272.5 0.0013218579633956363
273.5 0.0013994353582554497
274.5 0.0014024776090342664
275.5 0.0016428154205607448
276.5 0.0017234350661993751
277.5 0.00183143496884735
278.5 0.0019805052570093435
279.5 0.0021965050623052942
280.5 0.002248223325545168
281.5 0.0024368428738317737
282.5 0.00247791325934579
283.5 0.00260720891744548
284.5 0.0027365045755451682
285.5 0.0028566734813084086
286.5 0.0029601100077881583
287.5 0.0029266452492211796
288.5 0.0029312086253894067
289.5 0.003016391647196258
290.5 0.003084842289719623
291.5 0.003206532320872272
292.5 0.003116785922897193
293.5 0.0030681099104361348
294.5 0.0029448987538940774
295.5 0.0029950958917445455
296.5 0.0029266452492211826
297.5 0.0027927862149532694
298.5 0.002739546826323985
299.5 0.002525068146417443
300.5 0.0024733498831775664
301.5 0.002321237344236756
302.5 0.0021402234228971935
303.5 0.002059603777258564
304.5 0.0017736322040498413
305.5 0.001693012558411212
306.5 0.0014952662577881598
307.5 0.0013720551012461034
308.5 0.0012701397001557613
309.5 0.0011058581580996871
310.5 0.0009461399922118364
311.5 0.000810759832554516
312.5 0.0007590415693146403
313.5 0.0006358304127725849
314.5 0.0005491262655763237
315.5 0.0004289573598130841
316.5 0.0004015771028037383
317.5 0.0003483377141744548
318.5 0.0002920560747663551
319.5 0.0002570701908099688
320.5 0.00020991530373831775
321.5 0.00014754916277258566
322.5 0.00013233790887850466
323.5 0.00010647877725856698
324.5 9.430977414330218e-05
325.5 6.540839174454828e-05
326.5 4.715488707165109e-05
327.5 5.019713785046729e-05
328.5 4.107038551401869e-05
329.5 1.9774630062305295e-05
330.5 1.8253504672897195e-05
331.5 2.2816880841121494e-05
332.5 7.6056269470404984e-06
333.5 1.6732379283489095e-05
334.5 7.6056269470404984e-06
335.5 1.2169003115264797e-05
336.5 4.563376168224299e-06
337.5 6.084501557632399e-06
338.5 4.563376168224299e-06
339.5 3.0422507788161993e-06
340.5 4.563376168224299e-06
341.5 0.0
342.5 1.5211253894080996e-06
343.5 3.0422507788161993e-06
344.5 1.5211253894080996e-06
345.5 3.0422507788161993e-06
346.5 1.5211253894080996e-06
347.5 0.0
348.5 0.0
349.5 1.5211253894080996e-06
350.5 0.0
351.5 1.5211253894080996e-06
352.5 0.0
353.5 1.5211253894080996e-06
354.5 0.0
355.5 0.0
356.5 0.0
357.5 0.0
358.5 0.0
359.5 0.0
