0.5 3.0422507788161993e-06
1.5 3.0422507788161993e-06
2.5 3.0422507788161993e-06
3.5 0.0
4.5 4.563376168224299e-06
5.5 0.0
6.5 3.0422507788161993e-06
7.5 1.5211253894080996e-06
8.5 1.5211253894080996e-06
9.5 1.5211253894080996e-06
10.5 4.563376168224299e-06
11.5 1.5211253894080996e-06
12.5 1.5211253894080996e-06
13.5 0.0
14.5 3.0422507788161993e-06
15.5 6.084501557632399e-06
16.5 9.126752336448597e-06
17.5 6.084501557632399e-06
18.5 1.5211253894080996e-06
19.5 1.0647877725856697e-05
20.5 4.563376168224299e-06
21.5 1.0647877725856697e-05
22.5 7.6056269470404984e-06
23.5 4.563376168224299e-06
24.5 4.563376168224299e-06
25.5 1.2169003115264797e-05
26.5 1.8253504672897195e-05
27.5 1.5211253894080997e-05
28.5 1.9774630062305295e-05
29.5 3.650700934579439e-05
30.5 2.5859131619937694e-05
31.5 4.411263629283489e-05
32.5 5.019713785046729e-05
33.5 4.867601246105919e-05
34.5 6.997176791277258e-05
35.5 9.430977414330218e-05
36.5 0.00010191540109034268
37.5 0.00012625340732087226
38.5 0.00013385903426791276
39.5 0.00016428154205607476
40.5 0.00018709842289719626
41.5 0.00021752093068535825
42.5 0.0002874926985981308
43.5 0.0003316053348909657
44.5 0.0003939714758566978
45.5 0.0004259151090342679
46.5 0.0004867601246105919
47.5 0.0005476051401869152
48.5 0.0005765065225856688
49.5 0.0007240556853582539
50.5 0.0007179711838006217
51.5 0.0008274922118380047
52.5 0.0009096329828660413
53.5 0.0009309287383177545
54.5 0.0010587032710280353
55.5 0.0011454074182242968
56.5 0.0011317172897196233
57.5 0.0012077735591900288
58.5 0.0012701397001557606
59.5 0.0013218579633956368
60.5 0.0013157734618380042
61.5 0.0013644494742990627
62.5 0.0014085621105918984
63.5 0.0014450691199376924
64.5 0.0014146466121495302
65.5 0.0014618014992211813
66.5 0.0014770127531152626
67.5 0.001522646514797506
68.5 0.0014694071261682218
69.5 0.001475491627725854
70.5 0.001429857866043612
71.5 0.0014435479945482843
72.5 0.0015196042640186892
73.5 0.0013461959696261657
74.5 0.0012929565809968835
75.5 0.0012944777063862896
76.5 0.0013492382204049818
77.5 0.0011986468068535807
78.5 0.0011560552959501537
79.5 0.00103892864096573
80.5 0.0011180271612149513
81.5 0.0009674357476635498
82.5 0.0009218019859813066
83.5 0.0008457457165109017
84.5 0.0007849007009345784
85.5 0.0007727316978193134
86.5 0.0007073233060747653
87.5 0.0005993234034267905
88.5 0.0005536896417445479
89.5 0.0005354361370716507
90.5 0.0005308727609034265
91.5 0.0003924503504672897
92.5 0.0003559433411214953
93.5 0.0003255208333333333
94.5 0.0002981405763239875
95.5 0.0002783659462616822
96.5 0.0002692391939252336
97.5 0.00024338006230529595
98.5 0.00021904205607476635
99.5 0.00016123929127725856
100.5 0.00016428154205607476
101.5 0.00016580266744548286
102.5 0.00013385903426791276
103.5 0.00011560552959501558
104.5 9.735202492211838e-05
105.5 0.00013081678348909656
106.5 9.735202492211838e-05
107.5 0.00011408440420560748
108.5 8.518302180685358e-05
109.5 7.149289330218068e-05
110.5 5.780276479750779e-05
111.5 5.932389018691589e-05
112.5 4.715488707165109e-05
113.5 7.605626947040498e-05
114.5 5.019713785046729e-05
115.5 6.388726635514018e-05
116.5 4.563376168224299e-05
117.5 3.194363317757009e-05
118.5 5.476051401869159e-05
119.5 5.323938862928349e-05
120.5 5.323938862928349e-05
121.5 5.171826323987539e-05
122.5 5.780276479750779e-05
123.5 5.932389018691589e-05
124.5 5.171826323987539e-05
125.5 6.540839174454828e-05
126.5 5.628163940809969e-05
127.5 6.997176791277258e-05
128.5 6.997176791277258e-05
129.5 6.997176791277258e-05
130.5 7.453514408099688e-05
131.5 7.757739485981308e-05
132.5 0.00013842241043613706
133.5 0.00012016890576323988
134.5 0.00011256327881619938
135.5 0.00014907028816199376
136.5 0.00017036604361370716
137.5 0.00014754916277258566
138.5 0.00022816880841121495
139.5 0.0002874926985981308
140.5 0.000275323695482866
141.5 0.0003529010903426791
142.5 0.0003589855919003115
143.5 0.0004228728582554517
144.5 0.0005263093847352022
145.5 0.000622140284267912
146.5 0.0007909852024922106
147.5 0.0008563935942367588
148.5 0.001060224396417444
149.5 0.0011484496690031126
150.5 0.001411604361370715
151.5 0.001642815420560745
152.5 0.001870984228971959
153.5 0.002219321943146414
154.5 0.002622420171339561
155.5 0.002888617114485979
156.5 0.003338870229750775
157.5 0.0037952078465732075
158.5 0.004391488999221181
159.5 0.004999939154984423
160.5 0.005609910436137069
161.5 0.006484557535046725
162.5 0.0072101343457943905
163.5 0.007880950642523364
164.5 0.008758639992211839
165.5 0.009849286896417443
166.5 0.010736102998442371
167.5 0.01157272196261682
168.5 0.012667932242990655
169.5 0.01344218506619938
170.5 0.014464381327881613
171.5 0.0156447746300623
172.5 0.016501168224299066
173.5 0.01709440712616822
174.5 0.018460377725856694
175.5 0.018553166374610592
176.5 0.019760939933800622
177.5 0.020068207262461057
178.5 0.020588432145638633
179.5 0.020503249123831772
180.5 0.020802910825545178
181.5 0.02075271368769471
182.5 0.020407418224299066
183.5 0.02038308021806853
184.5 0.019733559676791284
185.5 0.019265053056853592
186.5 0.01878437743380063
187.5 0.01835085669781931
188.5 0.017165900019470406
189.5 0.016642632885514014
190.5 0.015792323792834885
191.5 0.014814240167445482
192.5 0.013810297410436139
193.5 0.012601002725856696
194.5 0.011612271222741432
195.5 0.010431877920560748
196.5 0.009709343360591902
197.5 0.008679541471962612
198.5 0.007818584501557632
199.5 0.007000219042056071
200.5 0.006242698598130836
201.5 0.005544502044392523
202.5 0.004998418029595015
203.5 0.004431038259345794
204.5 0.004009686526479748
205.5 0.0032871519665109016
206.5 0.00285667348130841
207.5 0.0026634905568535803
208.5 0.0021615191783489057
209.5 0.0019303081191588763
210.5 0.0016580266744548255
211.5 0.0014085621105918978
212.5 0.001257970697040496
213.5 0.0010085061331775677
214.5 0.0009339709890965714
215.5 0.0008229288356697806
216.5 0.0006936331775700925
217.5 0.0005932389018691582
218.5 0.0005430417640186912
219.5 0.0004532953660436137
220.5 0.0004380841121495327
221.5 0.0003878869742990654
222.5 0.000320957457165109
223.5 0.0002859715732087227
224.5 0.00023425330996884735
225.5 0.0002540279400311526
226.5 0.00019014067367601246
227.5 0.00017340829439252336
228.5 0.00017036604361370716
229.5 0.00016123929127725856
230.5 0.00012473228193146416
231.5 0.00012321115654205606
232.5 0.00012016890576323988
233.5 0.00010799990264797508
234.5 0.00011104215342679128
235.5 0.00010952102803738318
236.5 9.735202492211838e-05
237.5 7.757739485981308e-05
238.5 7.909852024922118e-05
239.5 0.00010039427570093458
240.5 9.887315031152648e-05
241.5 8.670414719626168e-05
242.5 7.757739485981308e-05
243.5 8.518302180685358e-05
244.5 0.00011104215342679128
245.5 9.278864875389408e-05
246.5 0.00012625340732087226
247.5 0.00010799990264797508
248.5 8.670414719626168e-05
249.5 0.00013538015965732086
250.5 0.00014298578660436136
251.5 0.00015971816588785046
252.5 0.00017340829439252336
253.5 0.00018253504672897196
254.5 0.00018861954828660436
255.5 0.00021752093068535825
256.5 0.0002570701908099688
257.5 0.0002829293224299065
258.5 0.0002890138239875389
259.5 0.000381802472741433
260.5 0.0003924503504672897
261.5 0.000442647488317757
262.5 0.0005323938862928347
263.5 0.0006175769080996879
264.5 0.000696675428348909
265.5 0.000813802083333332
266.5 0.0009446188668224281
267.5 0.0010039427570093442
268.5 0.0011803933021806835
269.5 0.0013872663551401834
270.5 0.0014861395054517111
271.5 0.0017006181853582534
272.5 0.0020322235202492184
273.5 0.002120448792834888
274.5 0.0025691807827102784
275.5 0.0027775749610591876
276.5 0.0032369548286604335
277.5 0.0034833771417445447
278.5 0.003907771125389405
279.5 0.004427996008566978
280.5 0.004823488609813082
281.5 0.005114023559190031
282.5 0.0056570653232087195
283.5 0.006168163454049843
284.5 0.006642754575545168
285.5 0.006954585280373829
286.5 0.007342472254672895
287.5 0.007845964758566974
288.5 0.00834945726246106
289.5 0.00857154156931464
290.5 0.008709963979750776
291.5 0.00911306220794392
292.5 0.009242357866043613
293.5 0.008959428543613706
294.5 0.009190639602803738
295.5 0.009105456580996884
296.5 0.008921400408878502
297.5 0.00878754137461059
298.5 0.008372274143302178
299.5 0.008195823598130838
300.5 0.007741007106697819
301.5 0.007328782126168221
302.5 0.00705193730529595
303.5 0.0063948111370716485
304.5 0.005894360883956382
305.5 0.005424333138629277
306.5 0.004939094139408097
307.5 0.00449796777647975
308.5 0.003971658391744545
309.5 0.0035335742795950145
310.5 0.0033464758566978158
311.5 0.0029175184968847317
312.5 0.002441406249999997
313.5 0.002114364291277256
314.5 0.0018633786020249195
315.5 0.0015926182827102778
316.5 0.0013477170950155744
317.5 0.001187998929127724
318.5 0.0010206751362928333
319.5 0.0009065907320872259
320.5 0.0006814641744548279
321.5 0.0006206191588785041
322.5 0.0004913235007788161
323.5 0.0004228728582554517
324.5 0.0003650700934579439
325.5 0.0003011828271028037
326.5 0.00020991530373831775
327.5 0.00019318292445482865
328.5 0.00017949279595015576
329.5 0.00014602803738317756
330.5 0.00010647877725856698
331.5 8.518302180685358e-05
332.5 8.518302180685358e-05
333.5 6.845064252336448e-05
334.5 5.628163940809969e-05
335.5 4.411263629283489e-05
336.5 3.954926012461059e-05
337.5 3.650700934579439e-05
338.5 2.1295755451713395e-05
339.5 2.1295755451713395e-05
340.5 2.8901382398753894e-05
341.5 1.6732379283489095e-05
342.5 1.9774630062305295e-05
343.5 4.563376168224299e-06
344.5 1.3690128504672897e-05
345.5 1.2169003115264797e-05
346.5 6.084501557632399e-06
347.5 6.084501557632399e-06
348.5 4.563376168224299e-06
349.5 7.6056269470404984e-06
350.5 0.0
351.5 4.563376168224299e-06
352.5 4.563376168224299e-06
353.5 0.0
354.5 1.5211253894080996e-06
355.5 1.5211253894080996e-06
356.5 3.0422507788161993e-06
357.5 3.0422507788161993e-06
358.5 1.5211253894080996e-06
359.5 0.0
