0.5 5.781249999999998e-05
1.5 5.3125e-05
2.5 6.874999999999998e-05
3.5 4.999999999999998e-05
4.5 6.562499999999998e-05
5.5 5.468749999999998e-05
6.5 7.187499999999999e-05
7.5 8.593750000000001e-05
8.5 7.03125e-05
9.5 0.00010468750000000004
10.5 9.687499999999998e-05
11.5 0.00010312500000000003
12.5 0.00011250000000000006
13.5 0.00013125
14.5 0.0001640624999999999
15.5 0.00021093749999999986
16.5 0.0002374999999999999
17.5 0.00023593749999999985
18.5 0.0003265625
19.5 0.00030781249999999987
20.5 0.0003921874999999999
21.5 0.00045
22.5 0.0005781250000000001
23.5 0.0005781249999999999
24.5 0.0006796875000000002
25.5 0.0008234375000000001
26.5 0.0010046875000000006
27.5 0.0011093750000000003
28.5 0.0012765625000000006
29.5 0.0015015625000000012
30.5 0.0017499999999999998
31.5 0.0020609375000000003
32.5 0.0023984375
33.5 0.0027843750000000013
34.5 0.0031484375000000006
35.5 0.003465625000000001
36.5 0.004042187499999999
37.5 0.004549999999999999
38.5 0.00529375
39.5 0.005846874999999998
40.5 0.006657812500000001
41.5 0.007317187500000001
42.5 0.007987500000000003
43.5 0.008959375
44.5 0.009685937499999997
45.5 0.011025
46.5 0.011809375000000002
47.5 0.012684375000000001
48.5 0.013735937499999995
49.5 0.014629687499999997
50.5 0.015125000000000008
51.5 0.015895312499999995
52.5 0.016853125
53.5 0.01752812499999999
54.5 0.017914062499999994
55.5 0.018581249999999987
56.5 0.018903125
57.5 0.018478125
58.5 0.01825781249999999
59.5 0.018478124999999998
60.5 0.018076562499999997
61.5 0.017406249999999995
62.5 0.016798437500000003
63.5 0.0162578125
64.5 0.015464062499999995
65.5 0.014590624999999998
66.5 0.0133453125
67.5 0.012548437499999995
68.5 0.011648437500000004
69.5 0.010282812500000002
70.5 0.009517187499999996
71.5 0.008290625000000001
72.5 0.007551562500000002
73.5 0.0065937500000000015
74.5 0.005896874999999999
75.5 0.005003124999999998
76.5 0.004568750000000001
77.5 0.0037968750000000003
78.5 0.0033578125000000006
79.5 0.0029046875
80.5 0.0023562500000000016
81.5 0.001995312500000001
82.5 0.001615625000000001
83.5 0.0013015625
84.5 0.0011296875000000003
85.5 0.0009296875000000004
86.5 0.0008468750000000003
87.5 0.0006343750000000002
88.5 0.0005328125
89.5 0.00042031249999999984
90.5 0.00036874999999999983
91.5 0.0002609375
92.5 0.0002687499999999999
93.5 0.00022812499999999992
94.5 0.00016093749999999997
95.5 0.00012500000000000003
96.5 8.593750000000001e-05
97.5 8.28125e-05
98.5 7.34375e-05
99.5 3.9062499999999994e-05
100.5 5.7812499999999996e-05
101.5 3.9062499999999994e-05
102.5 2.9687500000000007e-05
103.5 2.1875000000000007e-05
104.5 2.8125000000000006e-05
105.5 1.8750000000000002e-05
106.5 1.5625000000000004e-05
107.5 1.5625000000000004e-05
108.5 9.375000000000001e-06
109.5 3.125e-06
110.5 4.6875000000000004e-06
111.5 6.25e-06
112.5 0.0
113.5 3.125e-06
114.5 3.125e-06
115.5 1.5625e-06
116.5 3.125e-06
117.5 0.0
118.5 0.0
119.5 0.0
120.5 3.125e-06
121.5 1.5625e-06
122.5 4.6875000000000004e-06
123.5 6.25e-06
124.5 3.125e-06
125.5 1.5625e-06
126.5 0.0
127.5 1.5625e-06
128.5 6.25e-06
129.5 0.0
130.5 1.5625e-06
131.5 4.6875000000000004e-06
132.5 3.125e-06
133.5 6.25e-06
134.5 3.125e-06
135.5 4.6875000000000004e-06
136.5 7.8125e-06
137.5 3.125e-06
138.5 6.25e-06
139.5 7.8125e-06
140.5 3.125e-06
141.5 1.5625e-05
142.5 1.71875e-05
143.5 9.375000000000001e-06
144.5 7.8125e-06
145.5 1.0937500000000002e-05
146.5 3.749999999999999e-05
147.5 2.0312500000000002e-05
148.5 2.3437500000000004e-05
149.5 3.75e-05
150.5 3.125e-05
151.5 3.4375e-05
152.5 4.9999999999999996e-05
153.5 5.156249999999999e-05
154.5 6.40625e-05
155.5 7.8125e-05
156.5 8.90625e-05
157.5 9.375000000000002e-05
158.5 0.00010000000000000002
159.5 0.00015156249999999998
160.5 0.0001593749999999999
161.5 0.00015781249999999997
162.5 0.00015156249999999995
163.5 0.00021718749999999996
164.5 0.00023281249999999995
165.5 0.0002546875
166.5 0.00023124999999999998
167.5 0.00026875000000000005
168.5 0.0002640625
169.5 0.0003140625
170.5 0.00034687499999999996
171.5 0.00034999999999999994
172.5 0.0003484375
173.5 0.00035156249999999993
174.5 0.00036406249999999986
175.5 0.0003859374999999999
176.5 0.00039374999999999995
177.5 0.00032500000000000004
178.5 0.00035781250000000006
179.5 0.0003421875
180.5 0.0003359375
181.5 0.000334375
182.5 0.00030625
183.5 0.00030625
184.5 0.0002359375
185.5 0.0002703125
186.5 0.0002453124999999999
187.5 0.00017343749999999995
188.5 0.00016874999999999998
189.5 0.0002046875
190.5 0.0001328125
191.5 0.000125
192.5 9.84375e-05
193.5 9.999999999999999e-05
194.5 7.812500000000002e-05
195.5 6.562500000000001e-05
196.5 6.0937499999999984e-05
197.5 5e-05
198.5 4.062499999999999e-05
199.5 3.437499999999999e-05
200.5 3.125e-05
201.5 2.0312500000000002e-05
202.5 2.8125000000000003e-05
203.5 2.0312500000000002e-05
204.5 9.375000000000001e-06
205.5 1.0937500000000002e-05
206.5 4.6875000000000004e-06
207.5 1.5625e-06
208.5 4.6875000000000004e-06
209.5 3.125e-06
210.5 0.0
211.5 4.6875000000000004e-06
212.5 4.6875000000000004e-06
213.5 0.0
214.5 1.5625e-06
215.5 1.5625e-06
216.5 0.0
217.5 0.0
218.5 0.0
219.5 0.0
220.5 0.0
221.5 1.5625e-06
222.5 0.0
223.5 0.0
224.5 0.0
225.5 0.0
226.5 0.0
227.5 0.0
228.5 0.0
229.5 0.0
230.5 1.5625e-06
231.5 0.0
232.5 0.0
233.5 0.0
234.5 0.0
235.5 0.0
236.5 0.0
237.5 0.0
238.5 0.0
239.5 0.0
240.5 0.0
241.5 1.5625e-06
242.5 0.0
243.5 0.0
244.5 0.0
245.5 0.0
246.5 0.0
247.5 0.0
248.5 0.0
249.5 0.0
250.5 0.0
251.5 1.5625e-06
252.5 0.0
253.5 1.5625e-06
254.5 0.0
255.5 0.0
256.5 1.5625e-06
257.5 3.125e-06
258.5 4.6875000000000004e-06
259.5 3.125e-06
260.5 4.6875000000000004e-06
261.5 7.8125e-06
262.5 4.6875000000000004e-06
263.5 6.25e-06
264.5 4.6875000000000004e-06
265.5 9.375000000000001e-06
266.5 1.5625000000000004e-05
267.5 3.28125e-05
268.5 3.28125e-05
269.5 4.53125e-05
270.5 6.5625e-05
271.5 7.968750000000002e-05
272.5 6.874999999999999e-05
273.5 0.00010000000000000003
274.5 0.00013281249999999998
275.5 0.00018749999999999998
276.5 0.0003062499999999999
277.5 0.00030781249999999987
278.5 0.0004265624999999997
279.5 0.0005390625000000002
280.5 0.0006265625000000002
281.5 0.0008015625000000002
282.5 0.0010140625
283.5 0.0012640625000000009
284.5 0.0015312499999999998
285.5 0.0019171875000000005
286.5 0.0021718750000000006
287.5 0.0026015624999999997
288.5 0.0031718749999999993
289.5 0.003609374999999999
290.5 0.004274999999999999
291.5 0.00498125
292.5 0.005824999999999999
293.5 0.0066734375000000005
294.5 0.007595312499999998
295.5 0.008471875000000002
296.5 0.009521874999999999
297.5 0.010501562500000002
298.5 0.011342187499999998
299.5 0.012504687499999997
300.5 0.013107812499999988
301.5 0.013931250000000001
302.5 0.014476562499999993
303.5 0.015084374999999997
304.5 0.01567812499999999
305.5 0.016149999999999998
306.5 0.016435937499999997
307.5 0.016279687499999997
308.5 0.016265624999999992
309.5 0.01568437499999999
310.5 0.01565937499999999
311.5 0.014753124999999997
312.5 0.014432812499999998
313.5 0.013817187500000001
314.5 0.013143750000000001
315.5 0.01233906249999999
316.5 0.011473437499999998
317.5 0.010420312499999997
318.5 0.009915625000000004
319.5 0.0089796875
320.5 0.008021875000000001
321.5 0.007196874999999999
322.5 0.006568749999999999
323.5 0.005803124999999998
324.5 0.00541875
325.5 0.004507812500000002
326.5 0.0040171875
327.5 0.0033124999999999995
328.5 0.002928125000000001
329.5 0.00255
330.5 0.0021734375
331.5 0.0018062500000000003
332.5 0.0016390625000000005
333.5 0.0013000000000000006
334.5 0.001106250000000001
335.5 0.0008937500000000002
336.5 0.0008421875000000007
337.5 0.0006171875000000001
338.5 0.0005625
339.5 0.0004546875
340.5 0.00035468749999999986
341.5 0.00028593749999999984
342.5 0.00029062499999999987
343.5 0.00020937499999999993
344.5 0.0002281249999999999
345.5 0.00015937499999999998
346.5 0.0001328125
347.5 0.00012343750000000007
348.5 0.00010000000000000003
349.5 0.00011562500000000003
350.5 8.124999999999998e-05
351.5 8.125e-05
352.5 9.062500000000003e-05
353.5 7.968750000000002e-05
354.5 6.249999999999999e-05
355.5 6.40625e-05
356.5 4.6874999999999994e-05
357.5 6.093749999999996e-05
358.5 3.906249999999999e-05
359.5 4.374999999999999e-05
