0.5 0.0
1.5 0.0
2.5 0.0
3.5 0.0
4.5 0.0
5.5 0.0
6.5 0.0
7.5 0.0
8.5 0.0
9.5 0.0
10.5 0.0
11.5 0.0
12.5 1.5625e-06
13.5 1.5625e-06
14.5 0.0
15.5 3.125e-06
16.5 0.0
17.5 0.0
18.5 1.5625e-06
19.5 0.0
20.5 3.125e-06
21.5 4.6875000000000004e-06
22.5 3.125e-06
23.5 0.0
24.5 6.25e-06
25.5 1.0937500000000002e-05
26.5 9.375000000000001e-06
27.5 1.2500000000000002e-05
28.5 1.8750000000000005e-05
29.5 2.3437500000000007e-05
30.5 2.3437500000000007e-05
31.5 3.2812500000000005e-05
32.5 5.781249999999998e-05
33.5 6.0937499999999984e-05
34.5 8.90625e-05
35.5 8.125000000000002e-05
36.5 0.00014062500000000002
37.5 0.0001578124999999999
38.5 0.00022656249999999993
39.5 0.0002468749999999999
40.5 0.00037187499999999997
41.5 0.0004296874999999999
42.5 0.0005390625000000004
43.5 0.0006328125000000006
44.5 0.0008703125000000006
45.5 0.0010484375
46.5 0.0012703125000000002
47.5 0.0015093750000000007
48.5 0.0018625
49.5 0.002096875000000001
50.5 0.002575
51.5 0.0029937500000000003
52.5 0.003500000000000001
53.5 0.004046875000000003
54.5 0.0046593749999999995
55.5 0.005396875000000004
56.5 0.00590625
57.5 0.006653125000000003
58.5 0.007193750000000005
59.5 0.007579687500000001
60.5 0.008554687500000003
61.5 0.008821875000000005
62.5 0.009420312500000002
63.5 0.009764062500000004
64.5 0.009890624999999998
65.5 0.010145312499999998
66.5 0.010182812500000006
67.5 0.010100000000000001
68.5 0.0101046875
69.5 0.009864062500000007
70.5 0.009467187500000003
71.5 0.009218750000000003
72.5 0.008771874999999995
73.5 0.008317187500000003
74.5 0.007695312500000003
75.5 0.007154687500000003
76.5 0.006809375000000003
77.5 0.005939062500000001
78.5 0.005468749999999998
79.5 0.004909375000000001
80.5 0.0043250000000000025
81.5 0.0038
82.5 0.0032359375000000014
83.5 0.0029328124999999997
84.5 0.0025218750000000015
85.5 0.0020796875000000004
86.5 0.0018203125000000014
87.5 0.0015765625000000005
88.5 0.0013468750000000006
89.5 0.0011765625000000003
90.5 0.0009421875000000005
91.5 0.0008859375000000007
92.5 0.0006953125000000003
93.5 0.0006500000000000003
94.5 0.0005703125000000002
95.5 0.00045312500000000013
96.5 0.00038906249999999987
97.5 0.00032499999999999993
98.5 0.00027031249999999994
99.5 0.00022968749999999994
100.5 0.00022031249999999994
101.5 0.0001749999999999998
102.5 0.00015781249999999989
103.5 0.0001375
104.5 0.00013125
105.5 0.00011250000000000006
106.5 0.00010156250000000004
107.5 8.281250000000001e-05
108.5 7.96875e-05
109.5 7.499999999999998e-05
110.5 7.499999999999998e-05
111.5 6.249999999999996e-05
112.5 3.2812500000000005e-05
113.5 4.531249999999999e-05
114.5 5.468749999999998e-05
115.5 6.562499999999997e-05
116.5 4.218749999999999e-05
117.5 3.2812500000000005e-05
118.5 3.9062499999999994e-05
119.5 5.156249999999998e-05
120.5 3.59375e-05
121.5 4.0625e-05
122.5 5.312499999999998e-05
123.5 3.75e-05
124.5 4.8437499999999985e-05
125.5 4.531249999999998e-05
126.5 4.8437499999999985e-05
127.5 3.90625e-05
128.5 5.312499999999998e-05
129.5 5.624999999999998e-05
130.5 5.624999999999997e-05
131.5 7.343749999999999e-05
132.5 5.468749999999998e-05
133.5 8.59375e-05
134.5 8.906249999999999e-05
135.5 6.874999999999998e-05
136.5 8.593750000000001e-05
137.5 0.00010937500000000003
138.5 9.218750000000002e-05
139.5 0.000175
140.5 0.00018593749999999993
141.5 0.00022187499999999982
142.5 0.00027656249999999984
143.5 0.00030468749999999984
144.5 0.0003640624999999999
145.5 0.000415625
146.5 0.0005046874999999999
147.5 0.0006531250000000005
148.5 0.0007562500000000006
149.5 0.0008500000000000004
150.5 0.001076562500000001
151.5 0.0012046875000000007
152.5 0.001434375000000001
153.5 0.001675000000000001
154.5 0.001895312500000001
155.5 0.0021515625000000003
156.5 0.0024890625
157.5 0.0027578125000000007
158.5 0.003214062500000002
159.5 0.0035906249999999996
160.5 0.0041984375000000025
161.5 0.004826562500000001
162.5 0.005415624999999999
163.5 0.005960937499999999
164.5 0.006643750000000002
165.5 0.0074390624999999995
166.5 0.008109375
167.5 0.008821875000000002
168.5 0.009487500000000005
169.5 0.0103015625
170.5 0.011257812499999999
171.5 0.011776562500000002
172.5 0.0125984375
173.5 0.0130796875
174.5 0.013551562500000003
175.5 0.014626562499999994
176.5 0.014554687499999998
177.5 0.01519687500000001
178.5 0.015384374999999999
179.5 0.01576875000000001
180.5 0.015303124999999999
181.5 0.015357812499999993
182.5 0.015059375000000002
183.5 0.014579687499999994
184.5 0.014196875000000001
185.5 0.0136453125
186.5 0.013129687500000004
187.5 0.012167187500000003
188.5 0.0118359375
189.5 0.0109859375
190.5 0.010425
191.5 0.009446875000000004
192.5 0.008606250000000005
193.5 0.008093750000000002
194.5 0.007362500000000004
195.5 0.006703125000000002
196.5 0.005990625000000001
197.5 0.005401562500000001
198.5 0.004578125
199.5 0.004253125000000003
200.5 0.0037000000000000006
201.5 0.0032031250000000007
202.5 0.002718749999999999
203.5 0.0025140625
204.5 0.0022375000000000008
205.5 0.001906250000000001
206.5 0.0015875000000000006
207.5 0.0014046875000000001
208.5 0.0011234375000000003
209.5 0.0010703125000000005
210.5 0.0008750000000000006
211.5 0.0007500000000000002
212.5 0.0006343750000000003
213.5 0.0005625000000000003
214.5 0.00047656250000000015
215.5 0.0003921874999999997
216.5 0.00035156249999999977
217.5 0.0002312499999999999
218.5 0.00018281249999999992
219.5 0.00016874999999999995
220.5 0.00015312500000000005
221.5 0.00012187500000000004
222.5 0.00014218749999999998
223.5 9.687500000000002e-05
224.5 7.96875e-05
225.5 5.937499999999996e-05
226.5 5.468749999999998e-05
227.5 6.093749999999997e-05
228.5 6.718749999999997e-05
229.5 4.843749999999999e-05
230.5 6.5625e-05
231.5 3.90625e-05
232.5 4.374999999999999e-05
233.5 5.468749999999998e-05
234.5 3.749999999999999e-05
235.5 4.531249999999999e-05
236.5 4.53125e-05
237.5 3.9062499999999994e-05
238.5 3.75e-05
239.5 4.9999999999999996e-05
240.5 2.812500000000001e-05
241.5 4.374999999999999e-05
242.5 4.687499999999999e-05
243.5 4.218749999999999e-05
244.5 4.53125e-05
245.5 4.374999999999999e-05
246.5 3.59375e-05
247.5 5.6249999999999965e-05
248.5 5.4687499999999974e-05
249.5 5.468749999999998e-05
250.5 4.687499999999999e-05
251.5 7.343749999999998e-05
252.5 9.531249999999998e-05
253.5 8.90625e-05
254.5 7.812499999999999e-05
255.5 0.00013593750000000004
256.5 0.00012656250000000005
257.5 0.00017812499999999993
258.5 0.000175
259.5 0.00018593749999999993
260.5 0.0002640624999999999
261.5 0.0002890624999999999
262.5 0.00032499999999999977
263.5 0.0003593749999999998
264.5 0.00041875000000000007
265.5 0.0005062500000000002
266.5 0.0006328124999999999
267.5 0.0007390625000000007
268.5 0.0008906250000000008
269.5 0.0010109375000000006
270.5 0.0012156250000000006
271.5 0.0012703125000000008
272.5 0.0015562500000000008
273.5 0.0018265625000000005
274.5 0.002135937500000001
275.5 0.0023875000000000007
276.5 0.0030031250000000006
277.5 0.0033890624999999997
278.5 0.0038015625000000024
279.5 0.004534374999999999
280.5 0.004979687500000001
281.5 0.005367187500000001
282.5 0.006235937500000002
283.5 0.006764062500000004
284.5 0.007159375
285.5 0.007826562500000004
286.5 0.008370312500000004
287.5 0.008725000000000004
288.5 0.009412500000000004
289.5 0.009550000000000003
290.5 0.009662500000000001
291.5 0.009884375000000003
292.5 0.010250000000000006
293.5 0.010214062500000004
294.5 0.010064062499999997
295.5 0.009945312500000001
296.5 0.009670312500000002
297.5 0.009234374999999996
298.5 0.008584375000000002
299.5 0.008190625000000002
300.5 0.0079015625
301.5 0.007101562500000005
302.5 0.0065265625
303.5 0.005618750000000003
304.5 0.005104687500000005
305.5 0.0046203124999999986
306.5 0.0040093750000000025
307.5 0.003407812500000001
308.5 0.00306875
309.5 0.0025312500000000005
310.5 0.0021718749999999998
311.5 0.0019078125000000017
312.5 0.0015031250000000008
313.5 0.001271875
314.5 0.001021875
315.5 0.0008203125000000002
316.5 0.0006078125000000003
317.5 0.0005265625
318.5 0.0004734374999999999
319.5 0.00041406250000000004
320.5 0.0002734374999999997
321.5 0.00020624999999999992
322.5 0.0002062499999999998
323.5 0.000134375
324.5 8.90625e-05
325.5 7.812500000000002e-05
326.5 6.249999999999999e-05
327.5 2.968750000000001e-05
328.5 3.9062499999999994e-05
329.5 2.0312500000000006e-05
330.5 1.5625000000000004e-05
331.5 1.2500000000000002e-05
332.5 1.5625000000000004e-05
333.5 9.375000000000001e-06
334.5 7.8125e-06
335.5 6.25e-06
336.5 3.125e-06
337.5 0.0
338.5 3.125e-06
339.5 1.5625e-06
340.5 1.5625e-06
341.5 0.0
342.5 6.25e-06
343.5 0.0
344.5 1.5625e-06
345.5 0.0
346.5 0.0
347.5 0.0
348.5 0.0
349.5 0.0
350.5 0.0
351.5 0.0
352.5 0.0
353.5 1.5625e-06
354.5 0.0
355.5 3.125e-06
356.5 0.0
357.5 0.0
358.5 0.0
359.5 0.0
