0.5 0.0003421874999999998
1.5 0.0003406249999999999
2.5 0.0003328124999999999
3.5 0.0003437499999999997
4.5 0.0003890624999999999
5.5 0.0003093749999999998
6.5 0.0003828124999999999
7.5 0.00033906249999999985
8.5 0.0003843749999999998
9.5 0.00034062499999999984
10.5 0.000421875
11.5 0.00039218749999999985
12.5 0.00040312500000000005
13.5 0.0003999999999999997
14.5 0.0003984374999999997
15.5 0.00039999999999999996
16.5 0.0004859375
17.5 0.0005015625000000001
18.5 0.0005593750000000002
19.5 0.0005531250000000001
20.5 0.0006265624999999998
21.5 0.0007468750000000001
22.5 0.0008656250000000005
23.5 0.0009265625000000004
24.5 0.0011609375
25.5 0.001350000000000001
26.5 0.0015578125000000002
27.5 0.0019093750000000005
28.5 0.0021312500000000008
29.5 0.0027093750000000004
30.5 0.0031843750000000006
31.5 0.0037984374999999997
32.5 0.004509375
33.5 0.00515
34.5 0.005984374999999999
35.5 0.006814062500000001
36.5 0.007734374999999999
37.5 0.0085859375
38.5 0.009743749999999995
39.5 0.010610937499999997
40.5 0.011206250000000001
41.5 0.012085937499999994
42.5 0.01221875
43.5 0.012735937499999997
44.5 0.013029687500000001
45.5 0.012971874999999996
46.5 0.012796875000000003
47.5 0.012318749999999998
48.5 0.011984375
49.5 0.011445312499999999
50.5 0.0106796875
51.5 0.010089062499999999
52.5 0.009393750000000001
53.5 0.008870312499999998
54.5 0.008032812499999997
55.5 0.007656249999999997
56.5 0.006995312499999999
57.5 0.0064624999999999995
58.5 0.006015624999999999
59.5 0.0057609374999999996
60.5 0.0057703125
61.5 0.005476562499999998
62.5 0.0055015625
63.5 0.00519375
64.5 0.005526562499999999
65.5 0.0054703125
66.5 0.0057406249999999975
67.5 0.005726562500000001
68.5 0.0063203125
69.5 0.006525000000000001
70.5 0.006929687499999998
71.5 0.0073375
72.5 0.007628124999999997
73.5 0.007900000000000003
74.5 0.008235937500000002
75.5 0.008323437500000001
76.5 0.00845
77.5 0.008523437499999996
78.5 0.008474999999999998
79.5 0.008110937499999998
80.5 0.007999999999999998
81.5 0.007410937499999999
82.5 0.007170312499999996
83.5 0.0063921874999999986
84.5 0.005832812500000001
85.5 0.005173437500000001
86.5 0.004470312500000002
87.5 0.004128124999999999
88.5 0.0034359375000000006
89.5 0.0030406250000000004
90.5 0.0024781250000000007
91.5 0.0021828125
92.5 0.0019171875000000005
93.5 0.001765625
94.5 0.0016140625000000007
95.5 0.0014593750000000008
96.5 0.0014781250000000005
97.5 0.0013859375000000005
98.5 0.0014671875000000002
99.5 0.0013671875000000001
100.5 0.0014078125000000004
101.5 0.0013406250000000009
102.5 0.001323437500000001
103.5 0.0012500000000000007
104.5 0.0011500000000000004
105.5 0.0011062500000000002
106.5 0.0011500000000000004
107.5 0.0009843750000000004
108.5 0.0009515625000000003
109.5 0.0007609375000000003
110.5 0.0006953125000000002
111.5 0.0006015624999999998
112.5 0.0005265625
113.5 0.00046875
114.5 0.00040312499999999995
115.5 0.0003171875
116.5 0.0002953125
117.5 0.00022656249999999996
118.5 0.00023281249999999995
119.5 0.00016718749999999996
120.5 0.0001625
121.5 0.000125
122.5 0.0001046875
123.5 0.00010156250000000002
124.5 9.84375e-05
125.5 8.4375e-05
126.5 6.71875e-05
127.5 5.7812499999999996e-05
128.5 6.71875e-05
129.5 6.406249999999999e-05
130.5 3.7500000000000003e-05
131.5 3.125e-05
132.5 4.375e-05
133.5 3.7500000000000003e-05
134.5 4.6874999999999994e-05
135.5 3.5937500000000006e-05
136.5 4.21875e-05
137.5 3.125000000000001e-05
138.5 4.0625000000000005e-05
139.5 3.75e-05
140.5 3.7500000000000003e-05
141.5 4.0625e-05
142.5 2.5e-05
143.5 4.2187499999999995e-05
144.5 3.125000000000001e-05
145.5 4.375e-05
146.5 3.7500000000000003e-05
147.5 4.2187499999999995e-05
148.5 3.4375e-05
149.5 4.53125e-05
150.5 2.8125000000000006e-05
151.5 2.6562500000000002e-05
152.5 2.9687500000000003e-05
153.5 3.59375e-05
154.5 5.46875e-05
155.5 3.4375e-05
156.5 2.8125000000000003e-05
157.5 3.90625e-05
158.5 2.6562500000000002e-05
159.5 3.125e-05
160.5 2.9687500000000003e-05
161.5 2.96875e-05
162.5 2.5000000000000005e-05
163.5 2.1875e-05
164.5 2.1875000000000003e-05
165.5 1.5625e-05
166.5 1.5625e-05
167.5 3.125e-06
168.5 9.375000000000001e-06
169.5 9.375000000000001e-06
170.5 4.6875e-06
171.5 7.8125e-06
172.5 6.25e-06
173.5 3.125e-06
174.5 3.125e-06
175.5 6.25e-06
176.5 3.125e-06
177.5 6.25e-06
178.5 4.6875000000000004e-06
179.5 3.125e-06
180.5 4.6875000000000004e-06
181.5 0.0
182.5 1.5625e-06
183.5 3.125e-06
184.5 1.5625e-06
185.5 9.375000000000001e-06
186.5 4.6875000000000004e-06
187.5 9.375000000000001e-06
188.5 7.8125e-06
189.5 1.40625e-05
190.5 1.25e-05
191.5 3.125e-05
192.5 1.40625e-05
193.5 2.5000000000000005e-05
194.5 3.90625e-05
195.5 4.0625e-05
196.5 5.625000000000001e-05
197.5 4.84375e-05
198.5 6.875e-05
199.5 0.0001078125
200.5 0.000125
201.5 0.000103125
202.5 0.0001515625
203.5 0.00019062499999999998
204.5 0.000175
205.5 0.00022968750000000002
206.5 0.00021250000000000002
207.5 0.0002359375
208.5 0.0002796875
209.5 0.00025156250000000005
210.5 0.00028281249999999997
211.5 0.0003109375
212.5 0.0003328125
213.5 0.0003375
214.5 0.0002921875
215.5 0.0003546875
216.5 0.0003390625
217.5 0.0003140625
218.5 0.0003265625
219.5 0.00031875
220.5 0.00031875
221.5 0.0003140625
222.5 0.0003125
223.5 0.00027031249999999994
224.5 0.0003046875
225.5 0.000253125
226.5 0.00025624999999999997
227.5 0.00023437499999999996
228.5 0.000271875
229.5 0.0002546875
230.5 0.0002703125
231.5 0.000253125
232.5 0.000303125
233.5 0.00028281249999999997
234.5 0.00032031249999999996
235.5 0.00038281249999999996
236.5 0.000359375
237.5 0.00039999999999999996
238.5 0.00040625
239.5 0.00046249999999999997
240.5 0.0006078125
241.5 0.0006109374999999999
242.5 0.0007046874999999999
243.5 0.0007984374999999999
244.5 0.0008703125000000001
245.5 0.0009312499999999999
246.5 0.0010109375000000001
247.5 0.001125
248.5 0.0012265625
249.5 0.0014515625000000002
250.5 0.0014531250000000002
251.5 0.0015687499999999998
252.5 0.0017140625
253.5 0.0017046875000000007
254.5 0.0017890625
255.5 0.0018531250000000002
256.5 0.0018890625000000008
257.5 0.0018859375000000007
258.5 0.0019453125000000006
259.5 0.0019203125000000006
260.5 0.0019421875000000006
261.5 0.0020484375000000008
262.5 0.001846875
263.5 0.0019328125000000007
264.5 0.0020421875000000006
265.5 0.001957812500000001
266.5 0.002174999999999999
267.5 0.0021937500000000004
268.5 0.0024500000000000004
269.5 0.0025031250000000006
270.5 0.002768749999999999
271.5 0.0032171874999999996
272.5 0.0033031250000000005
273.5 0.003804687499999999
274.5 0.004118750000000001
275.5 0.00449375
276.5 0.0045640624999999995
277.5 0.005220312499999999
278.5 0.0054703125
279.5 0.0054796875
280.5 0.005840625
281.5 0.005954687499999997
282.5 0.006001562499999998
283.5 0.006079687499999999
284.5 0.0060671875
285.5 0.005756250000000001
286.5 0.005473437500000002
287.5 0.005506250000000002
288.5 0.005324999999999999
289.5 0.005134375
290.5 0.0047734375
291.5 0.004934375
292.5 0.004698437500000002
293.5 0.004599999999999999
294.5 0.0043984375
295.5 0.004496875
296.5 0.0046296875
297.5 0.004778124999999999
298.5 0.004865625
299.5 0.0050359375000000005
300.5 0.005215624999999998
301.5 0.005753124999999998
302.5 0.006040624999999999
303.5 0.006504687499999999
304.5 0.0069421875000000004
305.5 0.007395312499999998
306.5 0.008114062500000001
307.5 0.008737499999999999
308.5 0.0093625
309.5 0.009929687499999994
310.5 0.010429687500000003
311.5 0.011078124999999998
312.5 0.011520312500000001
313.5 0.0114796875
314.5 0.011503125
315.5 0.011604687499999999
316.5 0.011421874999999996
317.5 0.011531250000000005
318.5 0.010978125
319.5 0.0106046875
320.5 0.009756249999999998
321.5 0.009296874999999991
322.5 0.008431249999999996
323.5 0.007792187500000001
324.5 0.00688125
325.5 0.006201562499999999
326.5 0.005546875000000002
327.5 0.0047265625
328.5 0.0040046875000000004
329.5 0.0035171874999999995
330.5 0.002834375
331.5 0.0025656249999999993
332.5 0.0021203125000000002
333.5 0.0018140625000000001
334.5 0.0015218750000000009
335.5 0.001296875
336.5 0.0010953125000000006
337.5 0.0008906250000000002
338.5 0.0007656250000000004
339.5 0.0006062499999999999
340.5 0.0005499999999999998
341.5 0.0005203125
342.5 0.000440625
343.5 0.0004312499999999999
344.5 0.0003734374999999999
345.5 0.00035624999999999996
346.5 0.00038906250000000003
347.5 0.00031718750000000003
348.5 0.0003296874999999999
349.5 0.00031874999999999975
350.5 0.00033749999999999996
351.5 0.00031406249999999994
352.5 0.0003515624999999998
353.5 0.00035937500000000005
354.5 0.0003343749999999998
355.5 0.00035781249999999995
356.5 0.00036093749999999993
357.5 0.00037187499999999997
358.5 0.0003749999999999998
359.5 0.0003328124999999999
