0.5 1.5625e-06
1.5 0.0
2.5 1.5625e-06
3.5 4.6875000000000004e-06
4.5 6.25e-06
5.5 3.125e-06
6.5 1.5625e-06
7.5 6.25e-06
8.5 4.6875000000000004e-06
9.5 3.125e-06
10.5 4.6875000000000004e-06
11.5 1.0937500000000002e-05
12.5 1.5625e-06
13.5 6.25e-06
14.5 3.125e-06
15.5 9.375000000000001e-06
16.5 1.0937500000000002e-05
17.5 6.25e-06
18.5 1.5625000000000004e-05
19.5 1.2500000000000002e-05
20.5 1.5625000000000004e-05
21.5 3.4375e-05
22.5 2.968750000000001e-05
23.5 2.6562500000000005e-05
24.5 5.1562499999999986e-05
25.5 4.999999999999999e-05
26.5 9.062499999999998e-05
27.5 6.718749999999997e-05
28.5 0.00011718750000000002
29.5 0.00011093749999999998
30.5 0.00015937500000000004
31.5 0.00016406249999999996
32.5 0.00020937499999999982
33.5 0.0002343749999999999
34.5 0.00032187499999999984
35.5 0.0003624999999999999
36.5 0.0003984375
37.5 0.00046718749999999994
38.5 0.0005562499999999999
39.5 0.0007375000000000005
40.5 0.0007062500000000004
41.5 0.0008937500000000006
42.5 0.0009625000000000011
43.5 0.0010921874999999998
44.5 0.0012765625000000006
45.5 0.0014265625000000005
46.5 0.0016093750000000001
47.5 0.0017687500000000008
48.5 0.0019000000000000022
49.5 0.0020250000000000003
50.5 0.002392187499999999
51.5 0.0025328125
52.5 0.002740625000000001
53.5 0.0029046875000000028
54.5 0.002943750000000001
55.5 0.0031734375000000005
56.5 0.0035046875000000004
57.5 0.003470312500000001
58.5 0.0036312500000000012
59.5 0.003762500000000001
60.5 0.0038843750000000007
61.5 0.004034375000000001
62.5 0.0041921875
63.5 0.004025
64.5 0.003940625000000002
65.5 0.004259375
66.5 0.004221875000000001
67.5 0.003928125000000002
68.5 0.0040640625
69.5 0.003998437499999999
70.5 0.004146875000000001
71.5 0.003879687500000002
72.5 0.0038328125000000025
73.5 0.0035671875000000005
74.5 0.003521875
75.5 0.0033124999999999977
76.5 0.0032359375000000014
77.5 0.003209375000000001
78.5 0.0028781250000000013
79.5 0.002835937500000001
80.5 0.002498437500000001
81.5 0.0024468750000000007
82.5 0.0024109375000000008
83.5 0.0020968749999999993
84.5 0.0021000000000000003
85.5 0.0019343750000000003
86.5 0.0017609374999999997
87.5 0.0016218750000000014
88.5 0.0015000000000000013
89.5 0.0013390625000000008
90.5 0.0013
91.5 0.0012609375000000001
92.5 0.0010703125000000005
93.5 0.0010171875000000003
94.5 0.0009546875000000005
95.5 0.0008218750000000004
96.5 0.0007875000000000008
97.5 0.0007828125000000001
98.5 0.0006421875
99.5 0.000609375
100.5 0.0005312499999999999
101.5 0.0005125
102.5 0.0004718750000000002
103.5 0.0004359375
104.5 0.0004078124999999998
105.5 0.0004125
106.5 0.00033124999999999995
107.5 0.00033749999999999975
108.5 0.00028281249999999975
109.5 0.00028593749999999973
110.5 0.0002562499999999998
111.5 0.00024062499999999995
112.5 0.0002156249999999999
113.5 0.00021874999999999984
114.5 0.00021406249999999987
115.5 0.0002124999999999998
116.5 0.00017343749999999998
117.5 0.00018437499999999994
118.5 0.00017968749999999994
119.5 0.00014531250000000002
120.5 0.00019999999999999993
121.5 0.0001734375
122.5 0.00017812499999999984
123.5 0.00017968749999999992
124.5 0.00015781249999999994
125.5 0.00019531249999999993
126.5 0.00017968749999999997
127.5 0.00016093749999999997
128.5 0.00017812499999999998
129.5 0.00018906249999999994
130.5 0.00017968750000000002
131.5 0.0002609374999999999
132.5 0.00021718749999999993
133.5 0.00025937499999999984
134.5 0.00027343749999999975
135.5 0.0003078124999999999
136.5 0.0003203124999999998
137.5 0.0004531249999999999
138.5 0.00040312499999999995
139.5 0.0005265625
140.5 0.0005328124999999999
141.5 0.0005531250000000001
142.5 0.0006265625000000003
143.5 0.0007390625000000002
144.5 0.0008281250000000005
145.5 0.0009375000000000005
146.5 0.0010203125000000008
147.5 0.0011718750000000004
148.5 0.0013984375000000008
149.5 0.0014671875000000006
150.5 0.001729687500000001
151.5 0.0021171874999999984
152.5 0.0022671875
153.5 0.002621874999999999
154.5 0.0030578125
155.5 0.003318750000000001
156.5 0.00375
157.5 0.004123437500000001
158.5 0.004784375000000001
159.5 0.005318750000000001
160.5 0.005698437500000001
161.5 0.006565625000000003
162.5 0.007268750000000001
163.5 0.007923437500000003
164.5 0.0088640625
165.5 0.009662500000000003
166.5 0.010748437500000006
167.5 0.011471875000000003
168.5 0.012371874999999997
169.5 0.013360937499999993
170.5 0.014251562500000006
171.5 0.015120312499999997
172.5 0.015803125
173.5 0.016720312500000008
174.5 0.017332812500000003
175.5 0.018234375
176.5 0.018810937499999996
177.5 0.01919375
178.5 0.0196625
179.5 0.019632812500000003
180.5 0.020143750000000002
181.5 0.019625
182.5 0.019749999999999997
183.5 0.019592187499999993
184.5 0.018748437499999996
185.5 0.018579687499999997
186.5 0.01801875
187.5 0.0174546875
188.5 0.016625000000000004
189.5 0.015585937499999997
190.5 0.014468750000000002
191.5 0.013829687500000002
192.5 0.012951562499999994
193.5 0.012112500000000005
194.5 0.0112953125
195.5 0.0101703125
196.5 0.0093859375
197.5 0.008551562499999997
198.5 0.007782812500000002
199.5 0.007143750000000002
200.5 0.006415625000000004
201.5 0.005676562500000001
202.5 0.0052828125
203.5 0.0045375000000000025
204.5 0.004242187500000002
205.5 0.0036437500000000007
206.5 0.0031625000000000004
207.5 0.0029125
208.5 0.002535937500000001
209.5 0.0022890625000000003
210.5 0.0020578125000000015
211.5 0.0018281249999999997
212.5 0.001640625
213.5 0.0014281250000000006
214.5 0.0012859375
215.5 0.0011078125000000007
216.5 0.0009843750000000004
217.5 0.0008843750000000002
218.5 0.0007734375000000005
219.5 0.0007765625000000007
220.5 0.0006578125000000002
221.5 0.00058125
222.5 0.0005312500000000001
223.5 0.0005187500000000003
224.5 0.0004234374999999997
225.5 0.00039374999999999984
226.5 0.0003578124999999999
227.5 0.00034531249999999986
228.5 0.0003296874999999998
229.5 0.0003249999999999998
230.5 0.00028593749999999984
231.5 0.00027656249999999984
232.5 0.00028281249999999975
233.5 0.00022968749999999988
234.5 0.0002640624999999998
235.5 0.00026249999999999977
236.5 0.00021249999999999993
237.5 0.00025312499999999993
238.5 0.00023749999999999992
239.5 0.0002796874999999997
240.5 0.00023124999999999987
241.5 0.00022031249999999983
242.5 0.000259375
243.5 0.0002781249999999998
244.5 0.00023749999999999986
245.5 0.00029531249999999984
246.5 0.0003203124999999999
247.5 0.00029843749999999966
248.5 0.0003234374999999997
249.5 0.00037343749999999975
250.5 0.00033749999999999996
251.5 0.0003781249999999998
252.5 0.0003781249999999999
253.5 0.0003875000000000001
254.5 0.00045312499999999986
255.5 0.00047187500000000007
256.5 0.0005046875
257.5 0.0005671875000000004
258.5 0.0005593750000000001
259.5 0.0007296875000000007
260.5 0.0007000000000000002
261.5 0.0007281250000000006
262.5 0.0007718750000000003
263.5 0.0009140625000000002
264.5 0.0010312500000000003
265.5 0.0010562500000000012
266.5 0.0011046875000000004
267.5 0.0012421875000000005
268.5 0.0013171875000000004
269.5 0.0013843750000000004
270.5 0.0014921875000000011
271.5 0.001648437500000001
272.5 0.0017250000000000004
273.5 0.0018390625000000009
274.5 0.002056250000000001
275.5 0.0021828125000000003
276.5 0.0023703124999999996
277.5 0.0023421875000000023
278.5 0.0026656250000000013
279.5 0.0029125
280.5 0.002857812500000002
281.5 0.003060937500000002
282.5 0.003303125
283.5 0.003268750000000001
284.5 0.003551562500000001
285.5 0.0037484375
286.5 0.003931250000000001
287.5 0.0037718750000000014
288.5 0.004115625000000001
289.5 0.004065625000000001
290.5 0.004279687500000001
291.5 0.004368750000000001
292.5 0.0043203125
293.5 0.004382812500000002
294.5 0.004340625000000003
295.5 0.0044218750000000005
296.5 0.0043734375000000015
297.5 0.004450000000000002
298.5 0.004167187500000001
299.5 0.004120312499999999
300.5 0.004232812500000001
301.5 0.003915625000000001
302.5 0.0037203125000000023
303.5 0.0036453125000000005
304.5 0.0035640625000000004
305.5 0.0034390624999999994
306.5 0.003178125000000001
307.5 0.0029984375000000015
308.5 0.002734375000000002
309.5 0.002542187500000001
310.5 0.0024171875
311.5 0.0021796874999999998
312.5 0.0019781250000000007
313.5 0.0018656250000000014
314.5 0.001593750000000001
315.5 0.0014859375000000011
316.5 0.0013296875000000004
317.5 0.0011140624999999998
318.5 0.0009562500000000006
319.5 0.0009031250000000003
320.5 0.0007062500000000005
321.5 0.0006593750000000001
322.5 0.0005203125000000002
323.5 0.0004984375
324.5 0.00041249999999999994
325.5 0.0003437499999999998
326.5 0.0002874999999999998
327.5 0.00019375000000000007
328.5 0.0002062499999999999
329.5 0.00016562499999999987
330.5 0.000140625
331.5 0.00011093750000000002
332.5 8.90625e-05
333.5 8.593750000000001e-05
334.5 6.0937499999999984e-05
335.5 5.156249999999998e-05
336.5 4.375e-05
337.5 3.4375e-05
338.5 2.5000000000000005e-05
339.5 2.9687500000000007e-05
340.5 1.8750000000000005e-05
341.5 7.8125e-06
342.5 2.5000000000000008e-05
343.5 1.5625000000000004e-05
344.5 1.7187500000000004e-05
345.5 1.0937500000000002e-05
346.5 1.0937500000000002e-05
347.5 1.09375e-05
348.5 4.6875000000000004e-06
349.5 3.125e-06
350.5 4.6875000000000004e-06
351.5 1.5625e-06
352.5 4.6875000000000004e-06
353.5 1.5625e-06
354.5 3.125e-06
355.5 0.0
356.5 7.8125e-06
357.5 1.5625e-06
358.5 3.125e-06
359.5 1.5625e-06
