0.5 0.0
1.5 0.0
2.5 0.0
3.5 1.5625e-06
4.5 0.0
5.5 0.0
6.5 0.0
7.5 4.6875000000000004e-06
8.5 0.0
9.5 4.6875000000000004e-06
10.5 1.5625e-06
11.5 1.5625e-06
12.5 0.0
13.5 3.125e-06
14.5 3.125e-06
15.5 6.25e-06
16.5 1.5625e-06
17.5 4.6875000000000004e-06
18.5 4.6875000000000004e-06
19.5 3.125e-06
20.5 7.8125e-06
21.5 9.375000000000001e-06
22.5 2.3437500000000007e-05
23.5 1.8750000000000005e-05
24.5 2.0312500000000006e-05
25.5 1.8750000000000005e-05
26.5 2.5000000000000008e-05
27.5 2.3437500000000007e-05
28.5 4.2187499999999995e-05
29.5 5.937499999999998e-05
30.5 5.9374999999999986e-05
31.5 7.187499999999999e-05
32.5 0.00010468749999999998
33.5 9.687500000000001e-05
34.5 0.00015781249999999997
35.5 0.00017187499999999996
36.5 0.0001921874999999999
37.5 0.00024062499999999985
38.5 0.0003062499999999999
39.5 0.0003578124999999999
40.5 0.0004234374999999999
41.5 0.00048124999999999996
42.5 0.000625
43.5 0.0006937500000000002
44.5 0.0008359375
45.5 0.0009843750000000004
46.5 0.0011078125000000005
47.5 0.0012578125
48.5 0.0014843750000000007
49.5 0.0016171875
50.5 0.001929687500000001
51.5 0.0020265625000000015
52.5 0.0023984375
53.5 0.002462500000000001
54.5 0.0027890625000000003
55.5 0.0030109375
56.5 0.0032171875000000013
57.5 0.003382812500000002
58.5 0.003646874999999999
59.5 0.003803124999999999
60.5 0.003907812500000001
61.5 0.0041421875
62.5 0.0043484375
63.5 0.0045125000000000035
64.5 0.0045703125
65.5 0.004692187500000002
66.5 0.004603125000000002
67.5 0.0046453125
68.5 0.004734375000000001
69.5 0.004520312500000001
70.5 0.004418750000000001
71.5 0.0044359375000000015
72.5 0.004121875000000001
73.5 0.004034375000000003
74.5 0.0038984375000000017
75.5 0.0037078125000000015
76.5 0.0034609375000000005
77.5 0.0034015625000000014
78.5 0.0031625000000000017
79.5 0.003015625000000001
80.5 0.002682812500000002
81.5 0.0024296875
82.5 0.0023593750000000004
83.5 0.002040625
84.5 0.0019296875000000008
85.5 0.0017437500000000012
86.5 0.0015749999999999996
87.5 0.0014828125000000008
88.5 0.0013703125000000007
89.5 0.0012046875000000005
90.5 0.0011296875000000011
91.5 0.0009843750000000009
92.5 0.0009234375000000004
93.5 0.0007500000000000003
94.5 0.00073125
95.5 0.0006671875000000004
96.5 0.000540625
97.5 0.0005218749999999998
98.5 0.0004703124999999998
99.5 0.0004218749999999997
100.5 0.00038906249999999987
101.5 0.00033749999999999975
102.5 0.0003234374999999999
103.5 0.00027968749999999993
104.5 0.00027656249999999984
105.5 0.00027499999999999996
106.5 0.00023749999999999992
107.5 0.00020937499999999982
108.5 0.0002109374999999999
109.5 0.00018906249999999997
110.5 0.00015312499999999997
111.5 0.00017187499999999994
112.5 0.00014531250000000002
113.5 0.000153125
114.5 0.00014374999999999997
115.5 0.00011562499999999999
116.5 0.00012968749999999997
117.5 0.00014062500000000004
118.5 0.00012031250000000006
119.5 0.0001078125
120.5 0.000140625
121.5 0.00013437500000000003
122.5 0.00013437499999999997
123.5 0.00015468750000000004
124.5 0.00015468749999999999
125.5 0.00018593749999999982
126.5 0.00018124999999999993
127.5 0.00017343749999999995
128.5 0.00019843749999999996
129.5 0.00021406249999999976
130.5 0.00021093749999999983
131.5 0.00024062499999999993
132.5 0.00027031249999999983
133.5 0.0002703124999999999
134.5 0.0002984374999999998
135.5 0.0003781249999999998
136.5 0.0004156250000000001
137.5 0.00044687500000000017
138.5 0.0004859374999999998
139.5 0.0005546875
140.5 0.0005578125
141.5 0.0006703125000000003
142.5 0.000835937500000001
143.5 0.0009171875000000006
144.5 0.0011171875000000006
145.5 0.0011796875000000004
146.5 0.0013531249999999995
147.5 0.0015843750000000007
148.5 0.0018578125000000005
149.5 0.0020343750000000006
150.5 0.0022390625
151.5 0.0026078125000000008
152.5 0.0029734375
153.5 0.003331250000000002
154.5 0.0037031250000000003
155.5 0.0041796874999999985
156.5 0.004645312500000001
157.5 0.0051812500000000036
158.5 0.005789062499999998
159.5 0.006387500000000003
160.5 0.007250000000000001
161.5 0.007940625000000002
162.5 0.00888125
163.5 0.009550000000000003
164.5 0.01019375
165.5 0.011287500000000002
166.5 0.012003125
167.5 0.012760937500000001
168.5 0.013715625
169.5 0.014632812500000002
170.5 0.015512500000000002
171.5 0.01629375
172.5 0.016828124999999996
173.5 0.01748125
174.5 0.018339062500000006
175.5 0.0188953125
176.5 0.018879687500000006
177.5 0.0191890625
178.5 0.01977031250000001
179.5 0.0200453125
180.5 0.019898437500000005
181.5 0.019785937500000003
182.5 0.019389062500000005
183.5 0.0189875
184.5 0.018617187499999997
185.5 0.0181296875
186.5 0.017467187500000005
187.5 0.01710156250000001
188.5 0.0160046875
189.5 0.015423437500000003
190.5 0.014828125000000004
191.5 0.013678125000000001
192.5 0.012564062500000004
193.5 0.012076562500000004
194.5 0.011246875000000005
195.5 0.010235937500000002
196.5 0.0095140625
197.5 0.008871875000000003
198.5 0.007942187500000001
199.5 0.007268750000000001
200.5 0.0065015624999999995
201.5 0.005901562500000002
202.5 0.005342187500000003
203.5 0.004642187500000003
204.5 0.0042015625
205.5 0.0037765624999999995
206.5 0.003365625000000001
207.5 0.002926562500000001
208.5 0.002578125000000002
209.5 0.002303125000000002
210.5 0.0020156250000000005
211.5 0.001779687500000001
212.5 0.0015453125000000011
213.5 0.0013468749999999995
214.5 0.0011843750000000007
215.5 0.0010265625000000006
216.5 0.0009468750000000006
217.5 0.0008062500000000001
218.5 0.0006828124999999999
219.5 0.0006125000000000004
220.5 0.0005703125000000001
221.5 0.0004968750000000002
222.5 0.00048124999999999996
223.5 0.0004062499999999996
224.5 0.0003406249999999999
225.5 0.0003265625
226.5 0.00028593749999999973
227.5 0.0002624999999999999
228.5 0.00023593749999999993
229.5 0.0001781249999999999
230.5 0.00019218749999999992
231.5 0.00020624999999999994
232.5 0.00021093749999999986
233.5 0.00017187499999999996
234.5 0.0001640625
235.5 0.000140625
236.5 0.0001578125
237.5 0.00014374999999999997
238.5 0.00012187500000000004
239.5 0.00016249999999999994
240.5 0.00013750000000000004
241.5 0.00012031250000000002
242.5 0.000140625
243.5 0.00011562500000000007
244.5 0.000146875
245.5 0.0001296875
246.5 0.00014687499999999987
247.5 0.00016562499999999992
248.5 0.00016718749999999996
249.5 0.00018124999999999996
250.5 0.00016562499999999995
251.5 0.00018437499999999983
252.5 0.00022499999999999994
253.5 0.0002203124999999999
254.5 0.00024374999999999983
255.5 0.00027499999999999975
256.5 0.00033593750000000003
257.5 0.00036874999999999983
258.5 0.0003265624999999996
259.5 0.00039062499999999997
260.5 0.0004218749999999999
261.5 0.0004281249999999998
262.5 0.0005531250000000003
263.5 0.0005906250000000005
264.5 0.0006421875000000001
265.5 0.0007281250000000003
266.5 0.0007359374999999999
267.5 0.0008343750000000004
268.5 0.0009359375000000005
269.5 0.0011203125
270.5 0.0012406250000000008
271.5 0.0012250000000000002
272.5 0.0013890625000000014
273.5 0.0015781249999999999
274.5 0.0017390625000000012
275.5 0.0019359375000000012
276.5 0.0020890625000000006
277.5 0.0023703125000000013
278.5 0.0023968750000000014
279.5 0.0027078125000000028
280.5 0.0028906250000000013
281.5 0.0031531250000000005
282.5 0.0033343750000000005
283.5 0.003535937500000001
284.5 0.0037734375000000003
285.5 0.004023437500000001
286.5 0.0039953125000000015
287.5 0.0042390625000000015
288.5 0.004371874999999998
289.5 0.004542187499999999
290.5 0.0045828125000000035
291.5 0.004424999999999999
292.5 0.0046265625000000005
293.5 0.0045984375000000036
294.5 0.004507812500000003
295.5 0.004492187500000002
296.5 0.004501562500000001
297.5 0.004290625000000003
298.5 0.004190625000000001
299.5 0.003993750000000002
300.5 0.0037921875000000004
301.5 0.003626562500000003
302.5 0.0035687500000000016
303.5 0.0030734375000000024
304.5 0.0029453125000000017
305.5 0.0027796875
306.5 0.0025124999999999995
307.5 0.0022718750000000018
308.5 0.002032812500000001
309.5 0.001828125000000001
310.5 0.0016765624999999997
311.5 0.0014640625000000012
312.5 0.0011765625000000003
313.5 0.0011234375
314.5 0.0009031250000000006
315.5 0.0007890625000000005
316.5 0.0006781250000000006
317.5 0.0005984375000000002
318.5 0.00047656249999999994
319.5 0.00042343749999999977
320.5 0.0003859374999999996
321.5 0.0002890624999999999
322.5 0.00020468749999999987
323.5 0.0002249999999999999
324.5 0.00017500000000000005
325.5 0.00012656250000000005
326.5 0.000115625
327.5 9.84375e-05
328.5 0.00010156250000000004
329.5 6.093749999999997e-05
330.5 6.249999999999997e-05
331.5 3.75e-05
332.5 4.687499999999999e-05
333.5 2.968750000000001e-05
334.5 7.8125e-06
335.5 2.656250000000001e-05
336.5 1.7187500000000004e-05
337.5 2.6562500000000005e-05
338.5 4.6875000000000004e-06
339.5 1.0937500000000002e-05
340.5 6.25e-06
341.5 6.25e-06
342.5 6.25e-06
343.5 3.125e-06
344.5 1.2500000000000002e-05
345.5 1.5625e-06
346.5 1.5625e-06
347.5 1.5625e-06
348.5 1.5625e-06
349.5 0.0
350.5 1.5625e-06
351.5 0.0
352.5 0.0
353.5 0.0
354.5 1.5625e-06
355.5 0.0
356.5 1.5625e-06
357.5 0.0
358.5 0.0
359.5 0.0
