0.5 0.0
1.5 0.0
2.5 0.0
3.5 0.0
4.5 0.0
5.5 0.0
6.5 0.0
7.5 0.0
8.5 0.0
9.5 0.0
10.5 0.0
11.5 0.0
12.5 0.0
13.5 0.0
14.5 0.0
15.5 0.0
16.5 0.0
17.5 0.0
18.5 0.0
19.5 0.0
20.5 0.0
21.5 0.0
22.5 0.0
23.5 0.0
24.5 0.0
25.5 1.5625e-06
26.5 0.0
27.5 0.0
28.5 0.0
29.5 0.0
30.5 0.0
31.5 0.0
32.5 0.0
33.5 0.0
34.5 7.8125e-06
35.5 3.125e-06
36.5 1.0937500000000002e-05
37.5 1.2500000000000002e-05
38.5 1.2500000000000002e-05
39.5 1.2500000000000002e-05
40.5 3.125000000000001e-05
41.5 4.0625e-05
42.5 3.906250000000001e-05
43.5 4.062499999999999e-05
44.5 6.71875e-05
45.5 0.00011250000000000001
46.5 0.00013125
47.5 0.00014687499999999995
48.5 0.00018906249999999989
49.5 0.00021406249999999992
50.5 0.000278125
51.5 0.00028749999999999994
52.5 0.00034062500000000005
53.5 0.00043281249999999993
54.5 0.0005109375000000001
55.5 0.0006046875000000003
56.5 0.0006953125000000002
57.5 0.0008281250000000003
58.5 0.0009718750000000001
59.5 0.0011046875
60.5 0.0012656250000000003
61.5 0.0014843749999999998
62.5 0.0018453125
63.5 0.0020953124999999995
64.5 0.0024640624999999997
65.5 0.0028203125000000003
66.5 0.003381249999999998
67.5 0.0039859375
68.5 0.004459374999999999
69.5 0.005314062500000001
70.5 0.006237500000000001
71.5 0.007414062499999998
72.5 0.008831250000000002
73.5 0.010045312499999997
74.5 0.011571874999999999
75.5 0.013623437499999998
76.5 0.015654687499999997
77.5 0.017415624999999997
78.5 0.019479687500000002
79.5 0.021596874999999995
80.5 0.02352968750000001
81.5 0.0254890625
82.5 0.02673125000000001
83.5 0.027479687500000006
84.5 0.027328124999999984
85.5 0.027331249999999998
86.5 0.02657968750000001
87.5 0.025190625000000005
88.5 0.0234796875
89.5 0.020976562499999993
90.5 0.018782812500000003
91.5 0.016285937500000004
92.5 0.013742187500000001
93.5 0.011278124999999995
94.5 0.009209374999999997
95.5 0.0070140625
96.5 0.0056953125
97.5 0.0041468749999999995
98.5 0.0031953124999999994
99.5 0.0021781249999999995
100.5 0.0017171875000000008
101.5 0.0011390625
102.5 0.0007812500000000004
103.5 0.0005531249999999998
104.5 0.0003859375000000001
105.5 0.0002687499999999999
106.5 0.0001828125
107.5 0.00013749999999999995
108.5 7.656249999999997e-05
109.5 5.468749999999998e-05
110.5 5.3124999999999983e-05
111.5 3.59375e-05
112.5 3.28125e-05
113.5 2.3437500000000007e-05
114.5 2.8125000000000006e-05
115.5 2.3437500000000004e-05
116.5 2.1875e-05
117.5 2.1875e-05
118.5 2.5e-05
119.5 2.0312500000000002e-05
120.5 2.0312500000000002e-05
121.5 1.5625e-05
122.5 1.09375e-05
123.5 1.5625e-05
124.5 2.6562500000000002e-05
125.5 2.1875e-05
126.5 1.71875e-05
127.5 2.1875000000000003e-05
128.5 1.71875e-05
129.5 3.125e-05
130.5 2.0312500000000002e-05
131.5 1.8750000000000002e-05
132.5 1.09375e-05
133.5 9.375000000000001e-06
134.5 1.4062500000000003e-05
135.5 1.25e-05
136.5 1.25e-05
137.5 2.5000000000000005e-05
138.5 1.71875e-05
139.5 2.9687500000000003e-05
140.5 2.8125000000000003e-05
141.5 1.875e-05
142.5 1.8750000000000002e-05
143.5 1.71875e-05
144.5 2.34375e-05
145.5 1.71875e-05
146.5 1.2499999999999999e-05
147.5 2.3437500000000004e-05
148.5 1.5625e-05
149.5 1.5625e-05
150.5 1.71875e-05
151.5 1.0937500000000002e-05
152.5 7.8125e-06
153.5 4.6875000000000004e-06
154.5 6.25e-06
155.5 7.8125e-06
156.5 4.6875000000000004e-06
157.5 4.6875000000000004e-06
158.5 1.5625e-06
159.5 1.5625e-06
160.5 4.6875000000000004e-06
161.5 1.5625e-06
162.5 1.5625e-06
163.5 0.0
164.5 0.0
165.5 0.0
166.5 0.0
167.5 0.0
168.5 0.0
169.5 0.0
170.5 0.0
171.5 0.0
172.5 0.0
173.5 0.0
174.5 0.0
175.5 0.0
176.5 0.0
177.5 0.0
178.5 0.0
179.5 0.0
180.5 0.0
181.5 0.0
182.5 0.0
183.5 0.0
184.5 1.5625e-06
185.5 0.0
186.5 0.0
187.5 1.5625e-06
188.5 0.0
189.5 1.5625e-06
190.5 1.5625e-06
191.5 0.0
192.5 0.0
193.5 0.0
194.5 0.0
195.5 1.5625e-06
196.5 1.5625e-06
197.5 1.5625e-06
198.5 1.5625e-06
199.5 3.125e-06
200.5 1.5625e-06
201.5 4.6875000000000004e-06
202.5 3.125e-06
203.5 7.8125e-06
204.5 4.6875000000000004e-06
205.5 7.8125e-06
206.5 1.09375e-05
207.5 1.0937500000000002e-05
208.5 1.4062500000000001e-05
209.5 1.0937500000000002e-05
210.5 1.5625000000000004e-05
211.5 2.0312500000000002e-05
212.5 1.25e-05
213.5 1.8750000000000005e-05
214.5 2.5000000000000005e-05
215.5 3.125e-05
216.5 3.906250000000001e-05
217.5 3.2812500000000005e-05
218.5 2.8125000000000003e-05
219.5 2.0312500000000002e-05
220.5 3.2812500000000005e-05
221.5 3.4375e-05
222.5 2.6562500000000002e-05
223.5 4.0625e-05
224.5 3.4374999999999995e-05
225.5 2.8125000000000003e-05
226.5 4.843749999999999e-05
227.5 6.406249999999999e-05
228.5 4.999999999999999e-05
229.5 5.4687499999999994e-05
230.5 6.25e-05
231.5 6.406249999999999e-05
232.5 5.9374999999999986e-05
233.5 5.312499999999999e-05
234.5 9.218750000000002e-05
235.5 6.5625e-05
236.5 8.90625e-05
237.5 9.999999999999999e-05
238.5 8.593750000000001e-05
239.5 8.906250000000003e-05
240.5 7.812500000000002e-05
241.5 0.000109375
242.5 0.00010312500000000003
243.5 9.218750000000002e-05
244.5 9.375000000000003e-05
245.5 0.00011093750000000005
246.5 0.00013906249999999997
247.5 0.00011718750000000002
248.5 0.00016874999999999993
249.5 0.00015156249999999998
250.5 0.00021406249999999992
251.5 0.00020781249999999994
252.5 0.0002687499999999999
253.5 0.0003046874999999999
254.5 0.0004171874999999999
255.5 0.0004765625
256.5 0.0006031250000000001
257.5 0.0008031250000000002
258.5 0.0010843750000000003
259.5 0.0015500000000000004
260.5 0.001973437500000001
261.5 0.002770312499999999
262.5 0.0034609374999999996
263.5 0.004609374999999999
264.5 0.005606249999999998
265.5 0.0074015624999999976
266.5 0.009251562500000003
267.5 0.01126875
268.5 0.013449999999999995
269.5 0.015296874999999995
270.5 0.017815624999999998
271.5 0.019703125000000005
272.5 0.021464062499999992
273.5 0.022779687500000007
274.5 0.02381406249999999
275.5 0.023910937499999993
276.5 0.023946874999999992
277.5 0.023959374999999995
278.5 0.022945312500000002
279.5 0.021673437500000003
280.5 0.020087499999999994
281.5 0.018424999999999997
282.5 0.017029687499999994
283.5 0.015131249999999995
284.5 0.013660937499999998
285.5 0.011957812499999998
286.5 0.01070625
287.5 0.009376562500000001
288.5 0.0081078125
289.5 0.006867187499999999
290.5 0.0060265625
291.5 0.005290624999999999
292.5 0.004471875
293.5 0.0039890625
294.5 0.0034109375
295.5 0.0029296875
296.5 0.0026453124999999997
297.5 0.0022281250000000005
298.5 0.0019109374999999997
299.5 0.0016265625
300.5 0.0013953124999999999
301.5 0.0012499999999999998
302.5 0.0009546875000000001
303.5 0.0008031249999999999
304.5 0.0007234375000000001
305.5 0.000584375
306.5 0.0005359375000000002
307.5 0.0004421874999999999
308.5 0.0003859375000000001
309.5 0.00026875
310.5 0.00025312499999999993
311.5 0.00019531249999999996
312.5 0.00015312499999999994
313.5 0.00011875000000000001
314.5 7.34375e-05
315.5 7.1875e-05
316.5 4.84375e-05
317.5 5.781249999999998e-05
318.5 3.5937500000000006e-05
319.5 2.812500000000001e-05
320.5 1.71875e-05
321.5 9.375000000000001e-06
322.5 7.8125e-06
323.5 9.375000000000001e-06
324.5 4.6875000000000004e-06
325.5 3.125e-06
326.5 0.0
327.5 3.125e-06
328.5 1.5625e-06
329.5 0.0
330.5 3.125e-06
331.5 0.0
332.5 0.0
333.5 0.0
334.5 0.0
335.5 0.0
336.5 0.0
337.5 0.0
338.5 0.0
339.5 0.0
340.5 0.0
341.5 0.0
342.5 0.0
343.5 0.0
344.5 0.0
345.5 0.0
346.5 0.0
347.5 0.0
348.5 0.0
349.5 0.0
350.5 0.0
351.5 0.0
352.5 0.0
353.5 0.0
354.5 0.0
355.5 0.0
356.5 0.0
357.5 0.0
358.5 0.0
359.5 0.0
