0.5 0.00032968749999999974
1.5 0.0003390624999999997
2.5 0.00034687499999999985
3.5 0.0003156249999999996
4.5 0.0003484374999999997
5.5 0.00041249999999999994
6.5 0.0004765625
7.5 0.0004874999999999998
8.5 0.0006140625000000002
9.5 0.0006250000000000002
10.5 0.0006203125000000002
11.5 0.0007640625000000002
12.5 0.0008171875000000007
13.5 0.0009687500000000012
14.5 0.0011328125000000008
15.5 0.0013093750000000002
16.5 0.0014453125000000004
17.5 0.0017453125000000003
18.5 0.0019984375
19.5 0.0022593750000000005
20.5 0.002637500000000001
21.5 0.0030046874999999995
22.5 0.0036906250000000003
23.5 0.004337500000000002
24.5 0.004695312500000001
25.5 0.005592187500000004
26.5 0.006215625000000003
27.5 0.006950000000000004
28.5 0.007831250000000001
29.5 0.0087546875
30.5 0.009678125000000004
31.5 0.0105921875
32.5 0.011140625000000001
33.5 0.011974999999999994
34.5 0.012543749999999998
35.5 0.013278124999999998
36.5 0.013289062500000002
37.5 0.013523437499999999
38.5 0.012982812499999998
39.5 0.012674999999999995
40.5 0.011703124999999998
41.5 0.010898437499999998
42.5 0.009735937499999998
43.5 0.00874375
44.5 0.007440624999999998
45.5 0.006464062499999999
46.5 0.005378125000000001
47.5 0.004054687499999998
48.5 0.0031578124999999983
49.5 0.002565625000000001
50.5 0.0018437500000000008
51.5 0.0013312500000000006
52.5 0.0009078125000000003
53.5 0.0006421874999999997
54.5 0.0004953125
55.5 0.00031406249999999994
56.5 0.0002249999999999999
57.5 0.00013749999999999998
58.5 6.562499999999998e-05
59.5 5.937499999999999e-05
60.5 2.9687500000000003e-05
61.5 2.3437500000000004e-05
62.5 6.25e-06
63.5 9.375000000000001e-06
64.5 6.2499999999999995e-06
65.5 1.5625e-06
66.5 1.5625e-06
67.5 1.5625e-06
68.5 1.5625e-06
69.5 0.0
70.5 0.0
71.5 0.0
72.5 0.0
73.5 0.0
74.5 0.0
75.5 0.0
76.5 0.0
77.5 0.0
78.5 0.0
79.5 0.0
80.5 0.0
81.5 0.0
82.5 0.0
83.5 0.0
84.5 0.0
85.5 0.0
86.5 0.0
87.5 0.0
88.5 0.0
89.5 0.0
90.5 0.0
91.5 0.0
92.5 0.0
93.5 0.0
94.5 0.0
95.5 0.0
96.5 0.0
97.5 0.0
98.5 0.0
99.5 0.0
100.5 0.0
101.5 0.0
102.5 0.0
103.5 0.0
104.5 0.0
105.5 0.0
106.5 0.0
107.5 0.0
108.5 0.0
109.5 0.0
110.5 0.0
111.5 0.0
112.5 0.0
113.5 0.0
114.5 0.0
115.5 0.0
116.5 0.0
117.5 0.0
118.5 0.0
119.5 0.0
120.5 0.0
121.5 0.0
122.5 0.0
123.5 0.0
124.5 0.0
125.5 0.0
126.5 0.0
127.5 0.0
128.5 0.0
129.5 0.0
130.5 0.0
131.5 0.0
132.5 0.0
133.5 0.0
134.5 0.0
135.5 0.0
136.5 0.0
137.5 0.0
138.5 0.0
139.5 0.0
140.5 0.0
141.5 0.0
142.5 0.0
143.5 0.0
144.5 0.0
145.5 0.0
146.5 0.0
147.5 0.0
148.5 0.0
149.5 0.0
150.5 0.0
151.5 0.0
152.5 0.0
153.5 0.0
154.5 0.0
155.5 1.5625e-06
156.5 0.0
157.5 1.5625e-06
158.5 1.5625e-06
159.5 0.0
160.5 0.0
161.5 1.5625e-06
162.5 7.8125e-06
163.5 1.40625e-05
164.5 1.8750000000000002e-05
165.5 1.5625e-05
166.5 3.4374999999999995e-05
167.5 5.625e-05
168.5 8.28125e-05
169.5 0.00011875
170.5 0.000178125
171.5 0.0002625
172.5 0.000315625
173.5 0.0004046875
174.5 0.000509375
175.5 0.0006390625
176.5 0.000678125
177.5 0.0008500000000000001
178.5 0.0008140625
179.5 0.0008234375
180.5 0.0008375
181.5 0.0008140625
182.5 0.0006875
183.5 0.0005640625
184.5 0.0004296875
185.5 0.000390625
186.5 0.00030156249999999996
187.5 0.0002078125
188.5 0.00012812499999999998
189.5 9.6875e-05
190.5 5.7812499999999996e-05
191.5 4.6875e-05
192.5 2.4999999999999998e-05
193.5 7.8125e-06
194.5 7.8125e-06
195.5 0.0
196.5 6.25e-06
197.5 1.5625e-06
198.5 0.0
199.5 0.0
200.5 0.0
201.5 0.0
202.5 0.0
203.5 0.0
204.5 0.0
205.5 0.0
206.5 0.0
207.5 0.0
208.5 0.0
209.5 0.0
210.5 0.0
211.5 0.0
212.5 0.0
213.5 0.0
214.5 0.0
215.5 0.0
216.5 0.0
217.5 0.0
218.5 0.0
219.5 0.0
220.5 0.0
221.5 0.0
222.5 0.0
223.5 0.0
224.5 0.0
225.5 0.0
226.5 0.0
227.5 0.0
228.5 0.0
229.5 0.0
230.5 0.0
231.5 0.0
232.5 0.0
233.5 0.0
234.5 0.0
235.5 0.0
236.5 0.0
237.5 0.0
238.5 0.0
239.5 0.0
240.5 0.0
241.5 0.0
242.5 0.0
243.5 0.0
244.5 0.0
245.5 0.0
246.5 0.0
247.5 0.0
248.5 0.0
249.5 0.0
250.5 0.0
251.5 0.0
252.5 0.0
253.5 0.0
254.5 0.0
255.5 0.0
256.5 0.0
257.5 0.0
258.5 0.0
259.5 0.0
260.5 0.0
261.5 0.0
262.5 0.0
263.5 0.0
264.5 0.0
265.5 0.0
266.5 0.0
267.5 0.0
268.5 0.0
269.5 0.0
270.5 0.0
271.5 0.0
272.5 0.0
273.5 0.0
274.5 0.0
275.5 0.0
276.5 0.0
277.5 0.0
278.5 0.0
279.5 0.0
280.5 0.0
281.5 0.0
282.5 1.5625e-06
283.5 0.0
284.5 0.0
285.5 0.0
286.5 0.0
287.5 3.125e-06
288.5 1.5625e-06
289.5 7.8125e-06
290.5 6.25e-06
291.5 1.7187500000000004e-05
292.5 2.5000000000000005e-05
293.5 4.0625000000000005e-05
294.5 8.28125e-05
295.5 0.0001265625
296.5 0.00017812499999999998
297.5 0.00026406249999999987
298.5 0.00039531249999999994
299.5 0.0005718749999999996
300.5 0.0008562500000000007
301.5 0.0012578125000000002
302.5 0.0018687500000000008
303.5 0.002704687500000001
304.5 0.003764062500000001
305.5 0.005020312500000001
306.5 0.006603125000000001
307.5 0.008714062499999998
308.5 0.0113546875
309.5 0.014153125
310.5 0.01743437499999999
311.5 0.020873437499999998
312.5 0.024687499999999987
313.5 0.027692187500000003
314.5 0.0310640625
315.5 0.03380625
316.5 0.0360359375
317.5 0.037831250000000004
318.5 0.038584375
319.5 0.038165625
320.5 0.03795624999999999
321.5 0.03628437500000001
322.5 0.0341890625
323.5 0.03181406250000001
324.5 0.02927500000000001
325.5 0.026520312499999997
326.5 0.023381250000000006
327.5 0.020750000000000022
328.5 0.01821249999999999
329.5 0.015450000000000005
330.5 0.012832812499999992
331.5 0.011476562499999995
332.5 0.009535937499999998
333.5 0.008065624999999998
334.5 0.006595312500000001
335.5 0.005700000000000006
336.5 0.0044937499999999995
337.5 0.0037296875
338.5 0.0032187500000000016
339.5 0.0025328125
340.5 0.0021625
341.5 0.0018140625000000004
342.5 0.0014343749999999997
343.5 0.0012468750000000008
344.5 0.0010562500000000003
345.5 0.0008937500000000006
346.5 0.0007156250000000001
347.5 0.0006859375
348.5 0.0005812500000000002
349.5 0.0004546875
350.5 0.0003999999999999999
351.5 0.00042968749999999973
352.5 0.00036093749999999977
353.5 0.0003218749999999999
354.5 0.00034062499999999984
355.5 0.0002906249999999999
356.5 0.0002999999999999998
357.5 0.0002718749999999998
358.5 0.0003078124999999998
359.5 0.0002937499999999998
