0.5 0.032717187500000015
1.5 0.032096875
2.5 0.030732812500000012
3.5 0.029301562500000006
4.5 0.0277671875
5.5 0.02597656250000001
6.5 0.024365625
7.5 0.022820312500000002
8.5 0.021093750000000005
9.5 0.018965625000000007
10.5 0.01709531249999999
11.5 0.015196874999999997
12.5 0.013618750000000002
13.5 0.011809374999999999
14.5 0.010076562499999999
15.5 0.008923437499999997
16.5 0.0075750000000000045
17.5 0.006312500000000005
18.5 0.005270312500000001
19.5 0.004407812500000001
20.5 0.0036234375000000017
21.5 0.0030234375000000014
22.5 0.0023640625000000024
23.5 0.0019687500000000013
24.5 0.0015750000000000002
25.5 0.0012531250000000012
26.5 0.0009578125000000002
27.5 0.0008437500000000006
28.5 0.0006015625
29.5 0.0005359374999999998
30.5 0.0003640624999999999
31.5 0.0003124999999999998
32.5 0.00020468749999999987
33.5 0.00015624999999999998
34.5 0.00015156250000000003
35.5 0.00012343750000000004
36.5 0.00010625000000000009
37.5 8.125e-05
38.5 6.406249999999998e-05
39.5 6.0937499999999984e-05
40.5 4.531249999999998e-05
41.5 3.9062499999999994e-05
42.5 2.8125000000000006e-05
43.5 2.3437500000000004e-05
44.5 1.7187500000000004e-05
45.5 2.1875e-05
46.5 1.0937500000000002e-05
47.5 1.4062500000000003e-05
48.5 4.6875000000000004e-06
49.5 3.125e-06
50.5 3.125e-06
51.5 7.8125e-06
52.5 4.6875000000000004e-06
53.5 6.25e-06
54.5 9.375000000000001e-06
55.5 3.125e-06
56.5 3.125e-06
57.5 1.5625e-06
58.5 1.5625e-06
59.5 0.0
60.5 0.0
61.5 1.5625e-06
62.5 1.5625e-06
63.5 0.0
64.5 0.0
65.5 0.0
66.5 4.6875000000000004e-06
67.5 0.0
68.5 3.125e-06
69.5 1.5625e-06
70.5 0.0
71.5 0.0
72.5 1.5625e-06
73.5 0.0
74.5 0.0
75.5 0.0
76.5 0.0
77.5 0.0
78.5 0.0
79.5 0.0
80.5 0.0
81.5 0.0
82.5 0.0
83.5 0.0
84.5 0.0
85.5 0.0
86.5 0.0
87.5 0.0
88.5 0.0
89.5 0.0
90.5 0.0
91.5 0.0
92.5 0.0
93.5 0.0
94.5 0.0
95.5 0.0
96.5 0.0
97.5 0.0
98.5 0.0
99.5 0.0
100.5 0.0
101.5 0.0
102.5 0.0
103.5 0.0
104.5 0.0
105.5 0.0
106.5 0.0
107.5 0.0
108.5 0.0
109.5 0.0
110.5 0.0
111.5 0.0
112.5 0.0
113.5 0.0
114.5 0.0
115.5 0.0
116.5 0.0
117.5 0.0
118.5 0.0
119.5 0.0
120.5 0.0
121.5 0.0
122.5 0.0
123.5 0.0
124.5 0.0
125.5 0.0
126.5 0.0
127.5 0.0
128.5 0.0
129.5 0.0
130.5 0.0
131.5 0.0
132.5 0.0
133.5 0.0
134.5 0.0
135.5 0.0
136.5 0.0
137.5 0.0
138.5 0.0
139.5 0.0
140.5 0.0
141.5 0.0
142.5 0.0
143.5 0.0
144.5 0.0
145.5 0.0
146.5 0.0
147.5 0.0
148.5 0.0
149.5 0.0
150.5 0.0
151.5 0.0
152.5 0.0
153.5 0.0
154.5 0.0
155.5 0.0
156.5 0.0
157.5 0.0
158.5 0.0
159.5 0.0
160.5 0.0
161.5 0.0
162.5 0.0
163.5 0.0
164.5 0.0
165.5 0.0
166.5 0.0
167.5 0.0
168.5 0.0
169.5 0.0
170.5 0.0
171.5 0.0
172.5 0.0
173.5 0.0
174.5 0.0
175.5 0.0
176.5 0.0
177.5 0.0
178.5 0.0
179.5 0.0
180.5 0.0
181.5 0.0
182.5 0.0
183.5 0.0
184.5 0.0
185.5 0.0
186.5 0.0
187.5 0.0
188.5 0.0
189.5 0.0
190.5 0.0
191.5 0.0
192.5 0.0
193.5 0.0
194.5 0.0
195.5 0.0
196.5 0.0
197.5 0.0
198.5 0.0
199.5 0.0
200.5 0.0
201.5 0.0
202.5 0.0
203.5 0.0
204.5 0.0
205.5 0.0
206.5 0.0
207.5 0.0
208.5 0.0
209.5 0.0
210.5 0.0
211.5 0.0
212.5 0.0
213.5 0.0
214.5 0.0
215.5 0.0
216.5 0.0
217.5 0.0
218.5 0.0
219.5 0.0
220.5 0.0
221.5 0.0
222.5 0.0
223.5 0.0
224.5 0.0
225.5 0.0
226.5 0.0
227.5 0.0
228.5 0.0
229.5 0.0
230.5 0.0
231.5 0.0
232.5 0.0
233.5 0.0
234.5 0.0
235.5 0.0
236.5 0.0
237.5 0.0
238.5 0.0
239.5 0.0
240.5 0.0
241.5 0.0
242.5 0.0
243.5 0.0
244.5 0.0
245.5 0.0
246.5 0.0
247.5 0.0
248.5 0.0
249.5 0.0
250.5 0.0
251.5 0.0
252.5 0.0
253.5 0.0
254.5 0.0
255.5 0.0
256.5 0.0
257.5 0.0
258.5 0.0
259.5 0.0
260.5 0.0
261.5 0.0
262.5 0.0
263.5 0.0
264.5 0.0
265.5 0.0
266.5 0.0
267.5 0.0
268.5 0.0
269.5 0.0
270.5 0.0
271.5 0.0
272.5 0.0
273.5 0.0
274.5 0.0
275.5 0.0
276.5 0.0
277.5 0.0
278.5 0.0
279.5 0.0
280.5 0.0
281.5 0.0
282.5 0.0
283.5 0.0
284.5 0.0
285.5 0.0
286.5 0.0
287.5 0.0
288.5 1.5625e-06
289.5 1.5625e-06
290.5 0.0
291.5 0.0
292.5 1.5625e-06
293.5 0.0
294.5 1.5625e-06
295.5 0.0
296.5 1.5625e-06
297.5 1.5625e-06
298.5 1.5625e-06
299.5 3.125e-06
300.5 1.5625e-06
301.5 1.5625e-06
302.5 1.5625e-06
303.5 9.375000000000001e-06
304.5 7.8125e-06
305.5 6.25e-06
306.5 9.375000000000001e-06
307.5 1.8750000000000002e-05
308.5 1.4062500000000003e-05
309.5 1.8750000000000002e-05
310.5 1.5625e-05
311.5 3.75e-05
312.5 3.90625e-05
313.5 4.6874999999999994e-05
314.5 5.781249999999998e-05
315.5 6.249999999999997e-05
316.5 7.656249999999998e-05
317.5 0.00011718750000000001
318.5 0.0001499999999999999
319.5 0.00018437499999999991
320.5 0.00020312499999999986
321.5 0.00027499999999999985
322.5 0.00040468749999999994
323.5 0.0004468749999999998
324.5 0.0006265625000000004
325.5 0.0007625000000000006
326.5 0.0009218750000000004
327.5 0.001170312500000001
328.5 0.0015156250000000005
329.5 0.0017296875
330.5 0.0023875
331.5 0.002767187499999999
332.5 0.0032874999999999996
333.5 0.0040390625
334.5 0.0050828125
335.5 0.0060750000000000005
336.5 0.00706875
337.5 0.008356249999999997
338.5 0.00971875
339.5 0.011414062500000006
340.5 0.012935937499999998
341.5 0.014971875000000006
342.5 0.016565624999999994
343.5 0.018346875
344.5 0.020082812499999995
345.5 0.022559375
346.5 0.023740624999999994
347.5 0.02578593749999999
348.5 0.027132812500000006
349.5 0.02940625
350.5 0.030460937500000007
351.5 0.031854687500000006
352.5 0.0326640625
353.5 0.03341406249999999
354.5 0.034067187500000005
355.5 0.0344359375
356.5 0.03465781250000001
357.5 0.03493593749999999
358.5 0.0341796875
359.5 0.03390000000000001
