0.5 3.125e-06
1.5 6.25e-06
2.5 3.125e-06
3.5 7.8125e-06
4.5 4.6875000000000004e-06
5.5 1.5625e-06
6.5 3.125e-06
7.5 7.8125e-06
8.5 1.5625e-06
9.5 3.125e-06
10.5 6.25e-06
11.5 4.6875000000000004e-06
12.5 1.7187500000000004e-05
13.5 4.6875000000000004e-06
14.5 7.8125e-06
15.5 1.5625000000000004e-05
16.5 1.2500000000000002e-05
17.5 1.2500000000000002e-05
18.5 9.375000000000001e-06
19.5 2.5000000000000008e-05
20.5 2.1875000000000007e-05
21.5 3.2812500000000005e-05
22.5 3.75e-05
23.5 4.062499999999999e-05
24.5 5.781249999999996e-05
25.5 6.874999999999996e-05
26.5 6.406249999999999e-05
27.5 9.843750000000004e-05
28.5 0.00010937500000000003
29.5 0.00017187499999999988
30.5 0.00019843749999999988
31.5 0.00019843749999999996
32.5 0.00022343749999999992
33.5 0.0002687499999999998
34.5 0.00036562499999999974
35.5 0.0004140624999999998
36.5 0.0004843749999999997
37.5 0.0005906250000000003
38.5 0.0005781250000000002
39.5 0.0007531250000000004
40.5 0.0008562500000000003
41.5 0.0009890625000000008
42.5 0.0011265625000000008
43.5 0.0013953125000000014
44.5 0.0014109375000000003
45.5 0.001703125000000001
46.5 0.0017015625000000004
47.5 0.002084375000000001
48.5 0.0022781250000000006
49.5 0.0024375000000000004
50.5 0.0027187500000000007
51.5 0.002810937499999999
52.5 0.0030484375000000004
53.5 0.0032031250000000002
54.5 0.003578125
55.5 0.0036375
56.5 0.003968749999999999
57.5 0.004001562500000001
58.5 0.004075
59.5 0.0043640625
60.5 0.004310937500000003
61.5 0.00435
62.5 0.004526562500000003
63.5 0.0045843750000000025
64.5 0.0046484375000000015
65.5 0.004521875000000001
66.5 0.0046234375
67.5 0.0045203125
68.5 0.004460937499999999
69.5 0.004312500000000002
70.5 0.004178125000000002
71.5 0.004142187500000001
72.5 0.004128125
73.5 0.003959374999999999
74.5 0.003562500000000001
75.5 0.0035171875000000008
76.5 0.003420312499999999
77.5 0.0032656250000000003
78.5 0.003098437500000001
79.5 0.002923437499999999
80.5 0.0027343750000000003
81.5 0.002557812500000001
82.5 0.0023624999999999996
83.5 0.0022796875000000005
84.5 0.0021765625000000014
85.5 0.0020031250000000006
86.5 0.0017906250000000014
87.5 0.0016250000000000004
88.5 0.0015796875000000004
89.5 0.001435937499999999
90.5 0.0012843750000000008
91.5 0.0012593750000000005
92.5 0.001059375
93.5 0.0010828125
94.5 0.0009171875000000006
95.5 0.0007968750000000005
96.5 0.0007468750000000009
97.5 0.0006500000000000003
98.5 0.00065625
99.5 0.0006187499999999999
100.5 0.0005859375000000002
101.5 0.000528125
102.5 0.0004890625000000001
103.5 0.00046875
104.5 0.00047187499999999986
105.5 0.0003609374999999998
106.5 0.0003781249999999999
107.5 0.00031093749999999985
108.5 0.0002999999999999997
109.5 0.00032031249999999985
110.5 0.00026562499999999986
111.5 0.00024999999999999995
112.5 0.00023281249999999995
113.5 0.00027656249999999984
114.5 0.00021874999999999973
115.5 0.00019999999999999987
116.5 0.00020156249999999986
117.5 0.00021562499999999986
118.5 0.00019374999999999988
119.5 0.00019374999999999988
120.5 0.00019218749999999979
121.5 0.00019531249999999988
122.5 0.00017499999999999986
123.5 0.00017343750000000003
124.5 0.00019999999999999977
125.5 0.00017343749999999993
126.5 0.00022968749999999988
127.5 0.00022343749999999976
128.5 0.0002171874999999999
129.5 0.0002515624999999999
130.5 0.00024531249999999987
131.5 0.0002687499999999999
132.5 0.00029218749999999986
133.5 0.00032812499999999986
134.5 0.0003937499999999998
135.5 0.00038281249999999985
136.5 0.0004437500000000001
137.5 0.0004828124999999998
138.5 0.0005203124999999998
139.5 0.0005781250000000003
140.5 0.0005796875000000004
141.5 0.0007015625000000004
142.5 0.0007750000000000005
143.5 0.0009375000000000002
144.5 0.0009562500000000005
145.5 0.0011203125000000002
146.5 0.0013593750000000008
147.5 0.0014546875
148.5 0.0016453125000000012
149.5 0.0018515625
150.5 0.0021328124999999997
151.5 0.0024234375000000007
152.5 0.002754687500000001
153.5 0.0032062500000000003
154.5 0.0033515625000000004
155.5 0.0039578124999999995
156.5 0.004471875
157.5 0.004901562500000001
158.5 0.005626562500000001
159.5 0.006140625000000002
160.5 0.00685625
161.5 0.0077031250000000025
162.5 0.008379687500000003
163.5 0.009025000000000004
164.5 0.0102828125
165.5 0.01083125
166.5 0.012253125000000002
167.5 0.013107812500000005
168.5 0.013670312499999991
169.5 0.014965624999999996
170.5 0.01571875
171.5 0.0166140625
172.5 0.01686718750000001
173.5 0.01790781250000001
174.5 0.018599999999999995
175.5 0.01894687499999999
176.5 0.019881250000000007
177.5 0.019753125
178.5 0.020164062500000003
179.5 0.020071875
180.5 0.0200125
181.5 0.019554687499999994
182.5 0.0191609375
183.5 0.019001562499999996
184.5 0.018585937499999997
185.5 0.017945312500000008
186.5 0.016956250000000006
187.5 0.0164890625
188.5 0.015178124999999997
189.5 0.014662499999999997
190.5 0.013515625
191.5 0.012723437499999999
192.5 0.011839062500000002
193.5 0.010646875
194.5 0.009801562500000006
195.5 0.008907812500000004
196.5 0.008243750000000006
197.5 0.007510937500000004
198.5 0.006592187500000003
199.5 0.0061874999999999986
200.5 0.0052765625
201.5 0.004795312500000001
202.5 0.004317187499999999
203.5 0.0037437499999999992
204.5 0.0033406250000000016
205.5 0.002965625000000001
206.5 0.002464062500000001
207.5 0.002242187500000001
208.5 0.0020843750000000007
209.5 0.0017250000000000015
210.5 0.0015937500000000003
211.5 0.001428125
212.5 0.0011312500000000003
213.5 0.0011015625000000003
214.5 0.0009281250000000005
215.5 0.0007859375000000002
216.5 0.0007546875000000004
217.5 0.0006359374999999999
218.5 0.0005703125000000001
219.5 0.0005515625000000001
220.5 0.00048281250000000006
221.5 0.00039687499999999993
222.5 0.00039843750000000003
223.5 0.00033906249999999985
224.5 0.00031406249999999983
225.5 0.0002906249999999998
226.5 0.00025625
227.5 0.0002484374999999999
228.5 0.00021718749999999985
229.5 0.0002031249999999999
230.5 0.0002093749999999999
231.5 0.0001937499999999999
232.5 0.0001890624999999998
233.5 0.00016874999999999976
234.5 0.00019374999999999983
235.5 0.00017812499999999993
236.5 0.00017187499999999988
237.5 0.00020781249999999988
238.5 0.00015312499999999994
239.5 0.00014375000000000002
240.5 0.000171875
241.5 0.00018124999999999993
242.5 0.00015312500000000005
243.5 0.00017968749999999997
244.5 0.00019531249999999993
245.5 0.00020312499999999996
246.5 0.00023437499999999988
247.5 0.0002109374999999998
248.5 0.0002328124999999998
249.5 0.00024218749999999986
250.5 0.0002499999999999998
251.5 0.0002578124999999998
252.5 0.00036718749999999995
253.5 0.0002999999999999998
254.5 0.0003593749999999998
255.5 0.00035937499999999994
256.5 0.0004109374999999999
257.5 0.0004593750000000001
258.5 0.0004078124999999999
259.5 0.000521875
260.5 0.0005453125000000003
261.5 0.0006406250000000002
262.5 0.0006281250000000002
263.5 0.0007218750000000004
264.5 0.0007703125000000004
265.5 0.0008843750000000003
266.5 0.0009421875000000011
267.5 0.0010125000000000004
268.5 0.0010875000000000001
269.5 0.0011625000000000003
270.5 0.0011984375000000007
271.5 0.0014218750000000008
272.5 0.0015343750000000001
273.5 0.001557812499999999
274.5 0.0017281250000000016
275.5 0.0019671875000000006
276.5 0.002021875000000001
277.5 0.0020187500000000006
278.5 0.0022687500000000004
279.5 0.002359375000000001
280.5 0.002490625000000001
281.5 0.0028078125000000013
282.5 0.0029187500000000016
283.5 0.00299375
284.5 0.003192187500000002
285.5 0.003382812500000001
286.5 0.0035390625000000005
287.5 0.003623437500000003
288.5 0.0036968749999999996
289.5 0.003764062500000002
290.5 0.003918750000000001
291.5 0.0039578125
292.5 0.003925000000000002
293.5 0.004050000000000001
294.5 0.0041687500000000014
295.5 0.004134375
296.5 0.004096875
297.5 0.004187500000000001
298.5 0.004142187500000001
299.5 0.0038500000000000014
300.5 0.0038093750000000007
301.5 0.003770312500000001
302.5 0.0036625000000000017
303.5 0.0035781250000000006
304.5 0.0033468750000000013
305.5 0.0032718749999999996
306.5 0.003035937500000001
307.5 0.0027578125000000003
308.5 0.002726562500000001
309.5 0.0024937500000000003
310.5 0.0023343749999999996
311.5 0.0020890625
312.5 0.0019531250000000004
313.5 0.0017531250000000006
314.5 0.0015593750000000004
315.5 0.0014093750000000007
316.5 0.00126875
317.5 0.0011296875000000003
318.5 0.0010156250000000007
319.5 0.0008640625000000004
320.5 0.0006828125000000005
321.5 0.0006406250000000001
322.5 0.0005531250000000002
323.5 0.00047500000000000005
324.5 0.0003968749999999998
325.5 0.0003515624999999999
326.5 0.00027187499999999976
327.5 0.0002578124999999998
328.5 0.00020156249999999992
329.5 0.00015781249999999994
330.5 0.0001203125
331.5 0.00013593749999999996
332.5 0.00011250000000000002
333.5 8.281249999999999e-05
334.5 6.562499999999997e-05
335.5 5.781249999999999e-05
336.5 4.9999999999999996e-05
337.5 5.156249999999998e-05
338.5 2.5000000000000005e-05
339.5 2.656250000000001e-05
340.5 3.2812500000000005e-05
341.5 1.8750000000000005e-05
342.5 1.4062500000000003e-05
343.5 1.0937500000000002e-05
344.5 9.375000000000001e-06
345.5 9.375000000000001e-06
346.5 7.8125e-06
347.5 9.375000000000001e-06
348.5 3.125e-06
349.5 1.0937500000000002e-05
350.5 4.6875000000000004e-06
351.5 1.5625e-06
352.5 3.125e-06
353.5 3.125e-06
354.5 0.0
355.5 1.2500000000000002e-05
356.5 1.5625e-06
357.5 1.5625e-06
358.5 1.5625e-06
359.5 3.125e-06
