0.5 1.5625e-06
1.5 0.0
2.5 0.0
3.5 0.0
4.5 0.0
5.5 0.0
6.5 0.0
7.5 0.0
8.5 0.0
9.5 0.0
10.5 1.5625e-06
11.5 0.0
12.5 0.0
13.5 0.0
14.5 0.0
15.5 0.0
16.5 0.0
17.5 0.0
18.5 1.5625e-06
19.5 0.0
20.5 3.125e-06
21.5 1.5625e-06
22.5 1.5625e-06
23.5 0.0
24.5 1.5625e-06
25.5 1.5625e-06
26.5 0.0
27.5 0.0
28.5 0.0
29.5 1.5625e-06
30.5 0.0
31.5 0.0
32.5 1.5625e-06
33.5 3.125e-06
34.5 0.0
35.5 1.5625e-06
36.5 1.5625e-06
37.5 1.5625e-06
38.5 1.5625e-06
39.5 0.0
40.5 3.125e-06
41.5 9.375000000000001e-06
42.5 1.5625e-06
43.5 0.0
44.5 1.5625e-06
45.5 4.6875000000000004e-06
46.5 6.25e-06
47.5 3.125e-06
48.5 1.0937500000000002e-05
49.5 1.2500000000000002e-05
50.5 2.3437500000000007e-05
51.5 2.0312500000000006e-05
52.5 1.5625000000000004e-05
53.5 2.3437500000000007e-05
54.5 3.4375e-05
55.5 1.8750000000000005e-05
56.5 2.5000000000000005e-05
57.5 3.59375e-05
58.5 4.843749999999998e-05
59.5 5.468749999999997e-05
60.5 6.249999999999996e-05
61.5 8.90625e-05
62.5 0.00011406250000000006
63.5 0.00011562500000000005
64.5 0.00015781249999999994
65.5 0.00016718750000000002
66.5 0.00020312499999999986
67.5 0.0002812499999999999
68.5 0.00031406249999999983
69.5 0.0003796874999999999
70.5 0.00040468749999999994
71.5 0.00047968750000000013
72.5 0.0005984375000000001
73.5 0.0006281250000000001
74.5 0.0007781250000000005
75.5 0.0009234375000000009
76.5 0.0009203125000000006
77.5 0.0011265625000000004
78.5 0.00125625
79.5 0.0014187500000000003
80.5 0.0015312500000000011
81.5 0.0018359375000000008
82.5 0.0018906250000000004
83.5 0.0021406250000000015
84.5 0.0021921875000000006
85.5 0.0025062500000000015
86.5 0.0028765625000000006
87.5 0.0031234375000000008
88.5 0.0031843750000000014
89.5 0.0034281250000000015
90.5 0.003778125000000002
91.5 0.004025000000000002
92.5 0.004298437499999999
93.5 0.004421875000000002
94.5 0.004790624999999998
95.5 0.0051046875000000025
96.5 0.005407812499999999
97.5 0.0056656250000000005
98.5 0.005968750000000002
99.5 0.006451562499999999
100.5 0.006773437500000004
101.5 0.006899999999999996
102.5 0.007271875000000003
103.5 0.0074578125000000035
104.5 0.007864062500000001
105.5 0.007921875
106.5 0.008032812499999998
107.5 0.00816875
108.5 0.008246875000000004
109.5 0.008431250000000003
110.5 0.008721875000000004
111.5 0.008700000000000001
112.5 0.00871875
113.5 0.008567187500000002
114.5 0.008726562500000007
115.5 0.008540625000000001
116.5 0.008529687500000003
117.5 0.008570312500000003
118.5 0.008314062500000002
119.5 0.008178125
120.5 0.008257812500000001
121.5 0.008278125000000002
122.5 0.008092187500000006
123.5 0.008006250000000001
124.5 0.008092187500000002
125.5 0.007932812500000006
126.5 0.007884375000000002
127.5 0.007875000000000004
128.5 0.007806250000000004
129.5 0.007815625000000001
130.5 0.007685937500000001
131.5 0.007601562500000001
132.5 0.007396875000000003
133.5 0.007207812500000001
134.5 0.0072515625
135.5 0.0072625
136.5 0.006715625000000004
137.5 0.006503125000000002
138.5 0.006207812499999997
139.5 0.006118749999999998
140.5 0.006065625000000001
141.5 0.005628124999999999
142.5 0.005371875000000001
143.5 0.005329687500000001
144.5 0.004920312500000002
145.5 0.004825
146.5 0.004267187500000003
147.5 0.004092187500000002
148.5 0.0039125
149.5 0.0036031250000000017
150.5 0.003576562500000001
151.5 0.0034093750000000014
152.5 0.0031390625000000017
153.5 0.0027687500000000004
154.5 0.002548437500000001
155.5 0.002370312500000001
156.5 0.0023828125
157.5 0.0021562500000000006
158.5 0.0020500000000000006
159.5 0.001839062500000001
160.5 0.0017015625
161.5 0.0016875000000000006
162.5 0.0016656250000000013
163.5 0.001453125000000001
164.5 0.0014937500000000003
165.5 0.001293750000000001
166.5 0.00138125
167.5 0.0013078125000000015
168.5 0.001162500000000001
169.5 0.001284375000000001
170.5 0.0011453125
171.5 0.0011515625000000007
172.5 0.0011296875000000005
173.5 0.0010734375000000006
174.5 0.0009843749999999996
175.5 0.0010249999999999999
176.5 0.0009953125000000003
177.5 0.0009953125
178.5 0.0010312500000000003
179.5 0.0009875000000000007
180.5 0.0010000000000000007
181.5 0.0010078125000000005
182.5 0.0009734375000000006
183.5 0.0010375000000000004
184.5 0.0010640625000000008
185.5 0.0009718750000000002
186.5 0.00109375
187.5 0.0010531250000000002
188.5 0.0010875000000000008
189.5 0.0011703125000000008
190.5 0.0012234375000000003
191.5 0.0012000000000000005
192.5 0.0013171875000000009
193.5 0.0013250000000000002
194.5 0.0014421875000000008
195.5 0.0013500000000000007
196.5 0.0015828125000000013
197.5 0.0015046875000000006
198.5 0.0016468750000000008
199.5 0.0018156250000000006
200.5 0.0018968750000000001
201.5 0.002046875000000001
202.5 0.002210937500000001
203.5 0.0024156250000000007
204.5 0.0026312500000000008
205.5 0.0027031250000000024
206.5 0.0029390625000000007
207.5 0.002954687500000001
208.5 0.003409375000000001
209.5 0.0036703125000000034
210.5 0.0038875000000000003
211.5 0.004093750000000001
212.5 0.004239062500000001
213.5 0.0044125000000000015
214.5 0.0048734375
215.5 0.004906250000000003
216.5 0.005354687499999999
217.5 0.005565625000000002
218.5 0.005875000000000002
219.5 0.005890625
220.5 0.006118750000000001
221.5 0.0064968750000000035
222.5 0.006704687499999999
223.5 0.0069531250000000044
224.5 0.007165624999999998
225.5 0.007053125000000007
226.5 0.0073468750000000044
227.5 0.007725000000000005
228.5 0.007707812500000004
229.5 0.007545312500000005
230.5 0.007892187500000002
231.5 0.0077609375000000065
232.5 0.007920312500000004
233.5 0.007940625000000002
234.5 0.0079484375
235.5 0.008096875
236.5 0.008168750000000002
237.5 0.008126562500000005
238.5 0.008393750000000004
239.5 0.008314062500000004
240.5 0.008540625
241.5 0.008626562500000006
242.5 0.0085875
243.5 0.0085765625
244.5 0.008523437500000007
245.5 0.008554687500000002
246.5 0.008659374999999997
247.5 0.008620312500000001
248.5 0.008826562500000006
249.5 0.008487500000000004
250.5 0.008693750000000007
251.5 0.008601562500000002
252.5 0.008151562500000006
253.5 0.0081375
254.5 0.008017187500000003
255.5 0.007909375000000003
256.5 0.007609375
257.5 0.0071937500000000005
258.5 0.007056250000000002
259.5 0.006650000000000002
260.5 0.006421875000000006
261.5 0.006156250000000003
262.5 0.005850000000000001
263.5 0.005404687499999998
264.5 0.005060937500000003
265.5 0.004789062500000001
266.5 0.004571875000000004
267.5 0.004218750000000001
268.5 0.003929687500000001
269.5 0.0038062499999999993
270.5 0.0035687500000000016
271.5 0.003295312499999999
272.5 0.0029921874999999996
273.5 0.002835937500000001
274.5 0.002503125000000001
275.5 0.002435937500000001
276.5 0.0021781250000000004
277.5 0.0020468750000000005
278.5 0.0017984375000000001
279.5 0.0015937500000000008
280.5 0.00144375
281.5 0.0012437499999999998
282.5 0.001137500000000001
283.5 0.0011187500000000008
284.5 0.0008593750000000003
285.5 0.0007640625000000001
286.5 0.0006859375000000005
287.5 0.0005890625000000002
288.5 0.0004562499999999998
289.5 0.0004406250000000001
290.5 0.0003171874999999998
291.5 0.0003109374999999998
292.5 0.000271875
293.5 0.00019218749999999992
294.5 0.0001890625
295.5 0.00016250000000000002
296.5 0.00015312499999999994
297.5 0.0001234375
298.5 8.4375e-05
299.5 6.874999999999999e-05
300.5 5.624999999999997e-05
301.5 5.156249999999997e-05
302.5 3.2812500000000005e-05
303.5 3.125000000000001e-05
304.5 3.59375e-05
305.5 3.125000000000001e-05
306.5 1.5625000000000004e-05
307.5 2.1875000000000007e-05
308.5 1.0937500000000002e-05
309.5 1.0937500000000002e-05
310.5 2.1875000000000007e-05
311.5 1.0937500000000002e-05
312.5 1.0937500000000002e-05
313.5 6.25e-06
314.5 7.8125e-06
315.5 3.125e-06
316.5 3.125e-06
317.5 3.125e-06
318.5 9.375000000000001e-06
319.5 6.25e-06
320.5 6.25e-06
321.5 6.25e-06
322.5 1.5625e-06
323.5 1.5625e-06
324.5 3.125e-06
325.5 4.6875000000000004e-06
326.5 0.0
327.5 4.6875000000000004e-06
328.5 3.125e-06
329.5 1.5625e-06
330.5 1.5625e-06
331.5 1.5625e-06
332.5 1.5625e-06
333.5 0.0
334.5 0.0
335.5 0.0
336.5 0.0
337.5 1.5625e-06
338.5 0.0
339.5 0.0
340.5 0.0
341.5 1.5625e-06
342.5 0.0
343.5 0.0
344.5 0.0
345.5 0.0
346.5 0.0
347.5 0.0
348.5 0.0
349.5 1.5625e-06
350.5 0.0
351.5 1.5625e-06
352.5 0.0
353.5 0.0
354.5 0.0
355.5 1.5625e-06
356.5 0.0
357.5 0.0
358.5 1.5625e-06
359.5 0.0
