0.5 1.5625e-06
1.5 0.0
2.5 0.0
3.5 0.0
4.5 0.0
5.5 0.0
6.5 0.0
7.5 1.5625e-06
8.5 4.6875000000000004e-06
9.5 3.125e-06
10.5 1.5625e-06
11.5 0.0
12.5 4.6875000000000004e-06
13.5 0.0
14.5 4.6875000000000004e-06
15.5 1.5625e-06
16.5 4.6875000000000004e-06
17.5 1.5625e-06
18.5 3.125e-06
19.5 7.8125e-06
20.5 7.8125e-06
21.5 4.6875000000000004e-06
22.5 1.7187500000000004e-05
23.5 1.0937500000000002e-05
24.5 6.25e-06
25.5 2.0312500000000006e-05
26.5 2.5000000000000005e-05
27.5 2.968750000000001e-05
28.5 4.53125e-05
29.5 5.156249999999997e-05
30.5 4.3749999999999986e-05
31.5 9.218750000000007e-05
32.5 9.218750000000004e-05
33.5 0.00010312500000000004
34.5 0.00013906249999999997
35.5 0.0001359375
36.5 0.00020156249999999984
37.5 0.00021718749999999982
38.5 0.00026093749999999994
39.5 0.00040625
40.5 0.00037031249999999993
41.5 0.0004906250000000002
42.5 0.0005890625000000004
43.5 0.0006703125000000003
44.5 0.0008406250000000004
45.5 0.0009359375000000001
46.5 0.0011546875000000003
47.5 0.0012765625000000001
48.5 0.0013562500000000011
49.5 0.001640625
50.5 0.001751562500000001
51.5 0.002046875000000001
52.5 0.002196875
53.5 0.002520312500000001
54.5 0.002657812500000001
55.5 0.0029703125
56.5 0.003134375000000001
57.5 0.003496875000000003
58.5 0.0035859375000000015
59.5 0.003712500000000001
60.5 0.003962500000000002
61.5 0.0040953125000000035
62.5 0.004404687500000001
63.5 0.0043968750000000015
64.5 0.004496875000000001
65.5 0.0046734375000000005
66.5 0.0046468750000000026
67.5 0.004434375000000001
68.5 0.004464062500000003
69.5 0.004479687500000001
70.5 0.004348437500000002
71.5 0.004271875000000001
72.5 0.004181250000000001
73.5 0.004021875000000001
74.5 0.003950000000000002
75.5 0.0036406250000000024
76.5 0.003593749999999999
77.5 0.0033390625
78.5 0.0031328125000000015
79.5 0.0030062500000000015
80.5 0.002595312500000001
81.5 0.0025625000000000014
82.5 0.002406249999999999
83.5 0.002129687500000001
84.5 0.001898437500000001
85.5 0.0017812500000000011
86.5 0.0015968750000000013
87.5 0.0014390625000000009
88.5 0.0012562500000000002
89.5 0.0012031250000000006
90.5 0.0011984375000000005
91.5 0.0009546875000000003
92.5 0.0008796875000000005
93.5 0.0007812500000000004
94.5 0.0007421875000000004
95.5 0.000646875
96.5 0.0005796875000000001
97.5 0.0005468750000000003
98.5 0.0004937500000000002
99.5 0.00043593749999999986
100.5 0.00040781249999999997
101.5 0.0003718749999999996
102.5 0.00029218749999999975
103.5 0.0002874999999999999
104.5 0.00028281249999999986
105.5 0.000290625
106.5 0.00024531249999999987
107.5 0.0002656249999999999
108.5 0.000203125
109.5 0.0001875
110.5 0.00017968749999999994
111.5 0.00018437499999999997
112.5 0.00020468749999999998
113.5 0.00020468749999999995
114.5 0.00015781249999999994
115.5 0.00018124999999999985
116.5 0.000128125
117.5 0.00015000000000000001
118.5 0.00013125
119.5 0.000140625
120.5 0.000134375
121.5 0.0001421875
122.5 0.00016874999999999993
123.5 0.0001640624999999999
124.5 0.00015625
125.5 0.00019531249999999993
126.5 0.0001843749999999999
127.5 0.00017499999999999997
128.5 0.00018906249999999994
129.5 0.0001874999999999999
130.5 0.0002499999999999998
131.5 0.00026406250000000003
132.5 0.0002640624999999999
133.5 0.00031406249999999983
134.5 0.0003343749999999997
135.5 0.00037656249999999984
136.5 0.0003656249999999998
137.5 0.000484375
138.5 0.0005390625
139.5 0.0005578125000000005
140.5 0.0006437500000000003
141.5 0.0007312500000000005
142.5 0.0007375000000000001
143.5 0.0009890625000000006
144.5 0.0010500000000000006
145.5 0.0012359375000000005
146.5 0.0013453125000000004
147.5 0.0015687500000000003
148.5 0.0018062500000000006
149.5 0.0020781250000000005
150.5 0.0023
151.5 0.0026671875000000007
152.5 0.0030359375000000004
153.5 0.0033375000000000006
154.5 0.0036437500000000016
155.5 0.004196875000000001
156.5 0.004701562500000001
157.5 0.005368750000000003
158.5 0.00579375
159.5 0.006517187500000004
160.5 0.007165625000000004
161.5 0.008045312500000004
162.5 0.008714062500000003
163.5 0.009362500000000003
164.5 0.010196875000000001
165.5 0.011156249999999998
166.5 0.012037500000000001
167.5 0.013126562500000001
168.5 0.0139203125
169.5 0.0145625
170.5 0.0156171875
171.5 0.016184374999999997
172.5 0.01687343750000001
173.5 0.01767343749999999
174.5 0.018267187500000007
175.5 0.018382812499999998
176.5 0.018900000000000004
177.5 0.019054687499999997
178.5 0.01955468749999999
179.5 0.019995312499999987
180.5 0.01980156250000001
181.5 0.019828125000000005
182.5 0.019401562500000018
183.5 0.019234375000000015
184.5 0.018803124999999997
185.5 0.018431250000000007
186.5 0.0176703125
187.5 0.016982812499999996
188.5 0.016376562499999997
189.5 0.015546874999999995
190.5 0.01443749999999999
191.5 0.013651562499999995
192.5 0.013015624999999998
193.5 0.011990625000000003
194.5 0.011285937499999999
195.5 0.010407812500000004
196.5 0.009565624999999998
197.5 0.008818750000000002
198.5 0.0078640625
199.5 0.007428125000000001
200.5 0.006445312500000001
201.5 0.005959375
202.5 0.005178124999999999
203.5 0.0048140625
204.5 0.0042875
205.5 0.0035703125000000027
206.5 0.0032609375000000004
207.5 0.002853125
208.5 0.0026265625000000004
209.5 0.0022499999999999994
210.5 0.001981250000000001
211.5 0.0018437500000000003
212.5 0.0016093750000000012
213.5 0.0013687500000000006
214.5 0.0012140625000000005
215.5 0.0010390625000000005
216.5 0.0009328125000000003
217.5 0.0009031250000000005
218.5 0.0006921875000000002
219.5 0.0006500000000000005
220.5 0.0005828125000000003
221.5 0.0004984375000000001
222.5 0.00044843750000000005
223.5 0.00041718749999999986
224.5 0.00034218749999999977
225.5 0.00031874999999999975
226.5 0.0003093749999999998
227.5 0.00021718749999999985
228.5 0.00025468749999999976
229.5 0.0002015625
230.5 0.00022499999999999994
231.5 0.00022343749999999992
232.5 0.00015937500000000004
233.5 0.00016562499999999995
234.5 0.0001640625
235.5 0.00016249999999999997
236.5 0.00015781249999999989
237.5 0.00014843750000000002
238.5 0.00012187500000000005
239.5 0.00013125000000000005
240.5 0.00013593749999999996
241.5 0.00015312500000000005
242.5 0.00014687499999999995
243.5 0.00015937500000000007
244.5 0.00015156249999999998
245.5 0.00015937499999999993
246.5 0.0001796874999999999
247.5 0.00016718749999999988
248.5 0.00016874999999999993
249.5 0.00019218749999999987
250.5 0.00022656249999999985
251.5 0.00019062499999999988
252.5 0.0002343749999999998
253.5 0.0002468749999999999
254.5 0.0002593749999999998
255.5 0.0003453124999999998
256.5 0.00034531249999999975
257.5 0.0003343749999999998
258.5 0.0003703124999999996
259.5 0.00042812499999999985
260.5 0.0004312500000000001
261.5 0.0005156250000000003
262.5 0.0005484375000000001
263.5 0.0006093750000000003
264.5 0.0006250000000000006
265.5 0.0007703125000000005
266.5 0.0008109375000000007
267.5 0.0009265625000000006
268.5 0.0010796875000000006
269.5 0.0010750000000000007
270.5 0.0011656250000000006
271.5 0.0012812500000000005
272.5 0.0014250000000000003
273.5 0.0015890625000000008
274.5 0.0016953125000000004
275.5 0.0019328124999999999
276.5 0.0020859375000000006
277.5 0.0022734375000000007
278.5 0.0023968750000000006
279.5 0.0026796874999999985
280.5 0.0028562500000000007
281.5 0.0031312499999999986
282.5 0.003295312500000001
283.5 0.003548437500000002
284.5 0.0038453125
285.5 0.0037499999999999994
286.5 0.0039890624999999996
287.5 0.004320312500000001
288.5 0.004312500000000002
289.5 0.004378125
290.5 0.004531250000000002
291.5 0.004553125000000001
292.5 0.004501562500000001
293.5 0.004482812499999998
294.5 0.0046031250000000004
295.5 0.004373437500000004
296.5 0.004396875000000002
297.5 0.004243750000000003
298.5 0.004171875000000002
299.5 0.003978125
300.5 0.0037078125
301.5 0.0035937500000000023
302.5 0.0033390625000000013
303.5 0.0031375000000000036
304.5 0.0030000000000000005
305.5 0.0027484375000000013
306.5 0.0024078125
307.5 0.0023062499999999997
308.5 0.001973437500000001
309.5 0.0017984375000000006
310.5 0.0016531250000000005
311.5 0.001387500000000001
312.5 0.0013062500000000003
313.5 0.0010750000000000002
314.5 0.0009421875000000003
315.5 0.0007984375000000003
316.5 0.0007375000000000001
317.5 0.0005468750000000003
318.5 0.00048750000000000014
319.5 0.00044218749999999976
320.5 0.00042031250000000006
321.5 0.0002968749999999998
322.5 0.0002499999999999999
323.5 0.00017187499999999996
324.5 0.0001640624999999999
325.5 0.00013593750000000002
326.5 0.0001109375
327.5 8.437499999999998e-05
328.5 7.187499999999997e-05
329.5 6.5625e-05
330.5 5.781249999999999e-05
331.5 3.59375e-05
332.5 4.218749999999999e-05
333.5 3.125000000000001e-05
334.5 2.656250000000001e-05
335.5 2.3437500000000004e-05
336.5 1.4062500000000003e-05
337.5 6.25e-06
338.5 9.375000000000001e-06
339.5 7.8125e-06
340.5 6.25e-06
341.5 1.5625e-06
342.5 1.5625e-06
343.5 3.125e-06
344.5 1.5625e-06
345.5 0.0
346.5 4.6875000000000004e-06
347.5 1.5625e-06
348.5 1.5625e-06
349.5 3.125e-06
350.5 1.5625e-06
351.5 1.5625e-06
352.5 1.5625e-06
353.5 1.5625e-06
354.5 0.0
355.5 1.5625e-06
356.5 1.5625e-06
357.5 0.0
358.5 0.0
359.5 1.5625e-06
