0.5 1.5625e-06
1.5 0.0
2.5 1.5625e-06
3.5 1.5625e-06
4.5 3.125e-06
5.5 0.0
6.5 1.5625e-06
7.5 0.0
8.5 1.5625e-06
9.5 3.125e-06
10.5 1.5625e-06
11.5 0.0
12.5 7.8125e-06
13.5 3.125e-06
14.5 4.6875000000000004e-06
15.5 1.5625e-06
16.5 1.5625e-06
17.5 9.375000000000001e-06
18.5 7.8125e-06
19.5 1.2500000000000002e-05
20.5 9.375000000000001e-06
21.5 1.7187500000000004e-05
22.5 9.375000000000001e-06
23.5 2.3437500000000007e-05
24.5 1.2500000000000002e-05
25.5 2.1875000000000007e-05
26.5 3.75e-05
27.5 2.3437500000000004e-05
28.5 4.374999999999999e-05
29.5 4.374999999999999e-05
30.5 6.249999999999999e-05
31.5 7.96875e-05
32.5 7.968749999999998e-05
33.5 0.0001609374999999999
34.5 0.0001390625
35.5 0.00018437499999999994
36.5 0.00017968749999999994
37.5 0.00022656249999999988
38.5 0.0002921874999999999
39.5 0.00035312499999999976
40.5 0.0004015624999999997
41.5 0.00047812500000000014
42.5 0.0005124999999999999
43.5 0.0006624999999999998
44.5 0.0008140625000000011
45.5 0.0009953125000000005
46.5 0.00111875
47.5 0.0011812500000000009
48.5 0.0014093749999999998
49.5 0.0016421875000000006
50.5 0.0018281250000000008
51.5 0.0019078125000000022
52.5 0.0023296875
53.5 0.0023890625000000006
54.5 0.0026296874999999996
55.5 0.0029234375000000007
56.5 0.0031078125000000008
57.5 0.0034640625000000006
58.5 0.0034453125000000013
59.5 0.003720312500000002
60.5 0.003979687500000002
61.5 0.004065625
62.5 0.004304687500000003
63.5 0.004487500000000002
64.5 0.004509374999999999
65.5 0.004612500000000001
66.5 0.004653125000000001
67.5 0.004639062500000002
68.5 0.004650000000000004
69.5 0.0045859375000000015
70.5 0.004689062500000001
71.5 0.004379687500000001
72.5 0.0042609375
73.5 0.004134374999999999
74.5 0.003992187500000001
75.5 0.0036843750000000015
76.5 0.0037500000000000033
77.5 0.0033750000000000004
78.5 0.0031828125000000003
79.5 0.0030375000000000007
80.5 0.0027390624999999997
81.5 0.002562500000000001
82.5 0.0023593749999999986
83.5 0.0021765625000000014
84.5 0.001985937500000001
85.5 0.0019015625000000011
86.5 0.0016671875000000003
87.5 0.0014562500000000005
88.5 0.0012953125000000013
89.5 0.0011765625000000007
90.5 0.0010968750000000008
91.5 0.0009671875000000006
92.5 0.0009000000000000005
93.5 0.0008421875
94.5 0.0007515625000000009
95.5 0.0006578125000000004
96.5 0.0005218750000000001
97.5 0.0005515625000000003
98.5 0.00047031249999999986
99.5 0.0004593750000000002
100.5 0.00040156249999999974
101.5 0.0003734374999999997
102.5 0.0002874999999999996
103.5 0.0002984375
104.5 0.0002796875
105.5 0.00029374999999999996
106.5 0.00021406249999999987
107.5 0.00021874999999999987
108.5 0.00021562499999999992
109.5 0.00017656249999999996
110.5 0.000175
111.5 0.00019062499999999982
112.5 0.00017656250000000002
113.5 0.00015156249999999998
114.5 0.00015312499999999997
115.5 0.00013750000000000004
116.5 0.00015156249999999992
117.5 0.00011718750000000002
118.5 0.00014062499999999996
119.5 0.00016562499999999984
120.5 0.0001375
121.5 0.00013437500000000003
122.5 0.00013906249999999997
123.5 0.00013124999999999996
124.5 0.00016874999999999987
125.5 0.0001734375
126.5 0.0001734374999999999
127.5 0.00017343749999999993
128.5 0.00018437499999999991
129.5 0.00021874999999999992
130.5 0.00022968749999999997
131.5 0.00022656249999999993
132.5 0.00027656249999999984
133.5 0.00028749999999999983
134.5 0.00031406249999999967
135.5 0.00035937499999999983
136.5 0.0003953125000000001
137.5 0.0004796875
138.5 0.0005031250000000001
139.5 0.0005671875000000004
140.5 0.0006312500000000002
141.5 0.0007484375000000003
142.5 0.0007531250000000005
143.5 0.0008796875000000003
144.5 0.0010687500000000005
145.5 0.0011875000000000004
146.5 0.0012312500000000008
147.5 0.0015500000000000004
148.5 0.0018218750000000006
149.5 0.0020093750000000007
150.5 0.0023203125
151.5 0.0025921875000000007
152.5 0.0027796875000000005
153.5 0.0032437499999999992
154.5 0.003707812500000001
155.5 0.004154687500000002
156.5 0.004626562500000002
157.5 0.0052796875000000005
158.5 0.005740625000000002
159.5 0.006429687500000001
160.5 0.006946875000000003
161.5 0.007737500000000006
162.5 0.008550000000000006
163.5 0.009278125000000005
164.5 0.010195312500000005
165.5 0.010951562499999998
166.5 0.0118046875
167.5 0.012432812499999998
168.5 0.013370312499999997
169.5 0.014562500000000015
170.5 0.015556249999999997
171.5 0.016064062500000004
172.5 0.016818750000000004
173.5 0.0174703125
174.5 0.01795312500000001
175.5 0.018387500000000005
176.5 0.018679687500000004
177.5 0.019676562499999994
178.5 0.019337500000000007
179.5 0.01970625
180.5 0.019626562500000003
181.5 0.019985937500000012
182.5 0.0193390625
183.5 0.018989062499999997
184.5 0.018756250000000012
185.5 0.01842031250000001
186.5 0.017528125000000002
187.5 0.016945312500000004
188.5 0.01605625
189.5 0.015550000000000007
190.5 0.014406250000000002
191.5 0.013578125000000002
192.5 0.012762499999999994
193.5 0.0120328125
194.5 0.011051562499999997
195.5 0.0102484375
196.5 0.009440625
197.5 0.008740624999999998
198.5 0.008123437500000004
199.5 0.007137500000000002
200.5 0.006481250000000004
201.5 0.0058375
202.5 0.005193750000000003
203.5 0.0047468749999999985
204.5 0.004287500000000002
205.5 0.0037640624999999996
206.5 0.0033140624999999997
207.5 0.002914062500000001
208.5 0.0025843750000000016
209.5 0.002375
210.5 0.0020640625
211.5 0.0017437500000000005
212.5 0.0016437500000000007
213.5 0.0014359375000000008
214.5 0.0011421875000000004
215.5 0.0011156250000000005
216.5 0.0009984375000000002
217.5 0.0008671875000000007
218.5 0.0006625000000000005
219.5 0.0006406250000000004
220.5 0.0005656250000000003
221.5 0.0005265624999999998
222.5 0.0004281249999999997
223.5 0.0004062499999999998
224.5 0.00033906249999999974
225.5 0.00029999999999999987
226.5 0.00028593749999999973
227.5 0.00027499999999999996
228.5 0.00021093749999999986
229.5 0.0002140624999999999
230.5 0.00019999999999999987
231.5 0.00017500000000000003
232.5 0.00017812499999999993
233.5 0.00017812499999999995
234.5 0.00014843750000000002
235.5 0.000146875
236.5 0.00015156249999999992
237.5 0.00011718750000000001
238.5 0.00014531250000000002
239.5 0.00013593750000000007
240.5 0.000146875
241.5 0.00016406249999999993
242.5 0.00014531249999999993
243.5 0.0001546875
244.5 0.00011718750000000001
245.5 0.00017656249999999996
246.5 0.00017812499999999987
247.5 0.0001749999999999999
248.5 0.0001812499999999999
249.5 0.00019062499999999988
250.5 0.00017031249999999992
251.5 0.000178125
252.5 0.00021562499999999978
253.5 0.00024062499999999995
254.5 0.00024375
255.5 0.00027187499999999976
256.5 0.00029218749999999975
257.5 0.0003578124999999997
258.5 0.0003937499999999998
259.5 0.0003781249999999998
260.5 0.00045000000000000015
261.5 0.00047343750000000006
262.5 0.0005218750000000001
263.5 0.0005937499999999998
264.5 0.0006921874999999999
265.5 0.0007281250000000004
266.5 0.0008468750000000003
267.5 0.0009093750000000005
268.5 0.0010046875000000002
269.5 0.0011437500000000007
270.5 0.0012046875
271.5 0.0013859375000000007
272.5 0.0015312499999999998
273.5 0.001687500000000001
274.5 0.0018234375000000008
275.5 0.0020953125000000004
276.5 0.0021875
277.5 0.0024062500000000017
278.5 0.0026359375000000007
279.5 0.0028078125000000004
280.5 0.002970312500000001
281.5 0.0033062500000000023
282.5 0.0035281250000000004
283.5 0.003810937500000003
284.5 0.003954687499999999
285.5 0.004037500000000002
286.5 0.004226562500000004
287.5 0.004410937500000004
288.5 0.004475
289.5 0.004615625000000001
290.5 0.004726562500000002
291.5 0.004748437500000002
292.5 0.004682812500000003
293.5 0.004615625
294.5 0.0049671875
295.5 0.004582812500000001
296.5 0.0046093750000000015
297.5 0.004367187500000003
298.5 0.004171875000000002
299.5 0.0041921875000000015
300.5 0.0038609375000000015
301.5 0.0036734375000000014
302.5 0.0033921875000000007
303.5 0.003226562499999999
304.5 0.0028906250000000004
305.5 0.0026656250000000005
306.5 0.0023703124999999996
307.5 0.0022375000000000016
308.5 0.0020578125
309.5 0.0018250000000000004
310.5 0.0015468750000000005
311.5 0.0014859375000000014
312.5 0.0012593750000000005
313.5 0.0010687500000000005
314.5 0.0009812500000000006
315.5 0.0008031250000000001
316.5 0.0007453125000000003
317.5 0.0005359375000000002
318.5 0.0004640624999999998
319.5 0.00040625
320.5 0.0003109374999999997
321.5 0.0002937499999999999
322.5 0.00023437499999999994
323.5 0.00021562499999999983
324.5 0.00018593749999999988
325.5 0.0001359375
326.5 0.0001109375
327.5 8.281250000000001e-05
328.5 6.718749999999999e-05
329.5 5.937499999999996e-05
330.5 4.8437499999999985e-05
331.5 3.2812500000000005e-05
332.5 4.374999999999999e-05
333.5 2.1875000000000003e-05
334.5 1.5625000000000004e-05
335.5 2.656250000000001e-05
336.5 1.5625000000000004e-05
337.5 1.0937500000000002e-05
338.5 4.6875000000000004e-06
339.5 1.4062500000000003e-05
340.5 7.8125e-06
341.5 4.6875000000000004e-06
342.5 3.125e-06
343.5 1.5625e-06
344.5 3.125e-06
345.5 3.125e-06
346.5 0.0
347.5 1.5625e-06
348.5 3.125e-06
349.5 0.0
350.5 1.5625e-06
351.5 0.0
352.5 0.0
353.5 3.125e-06
354.5 1.5625e-06
355.5 1.5625e-06
356.5 1.5625e-06
357.5 3.125e-06
358.5 1.5625e-06
359.5 3.125e-06
