0.5 5.9374999999999986e-05
1.5 4.999999999999999e-05
2.5 2.9687500000000003e-05
3.5 2.812500000000001e-05
4.5 3.125000000000001e-05
5.5 2.8125000000000006e-05
6.5 4.0625e-05
7.5 3.4375e-05
8.5 2.96875e-05
9.5 3.4375e-05
10.5 4.84375e-05
11.5 4.999999999999999e-05
12.5 7.03125e-05
13.5 7.656250000000001e-05
14.5 8.437499999999998e-05
15.5 0.00010625000000000002
16.5 0.00012187500000000005
17.5 0.00012187500000000002
18.5 0.00015312500000000002
19.5 0.0001953125
20.5 0.0001828125
21.5 0.00023281249999999997
22.5 0.0002578124999999999
23.5 0.00032343749999999994
24.5 0.00039843750000000003
25.5 0.0004203125
26.5 0.00044531249999999985
27.5 0.0005343749999999999
28.5 0.0005734374999999999
29.5 0.0006421874999999999
30.5 0.0006953125000000001
31.5 0.0008234375000000001
32.5 0.000765625
33.5 0.0008234375000000002
34.5 0.0009515625000000002
35.5 0.0009500000000000003
36.5 0.0009781250000000005
37.5 0.0010781250000000005
38.5 0.0010281250000000004
39.5 0.0010609375000000005
40.5 0.0011000000000000003
41.5 0.001078125
42.5 0.0012093750000000004
43.5 0.0011140625000000003
44.5 0.0011296875
45.5 0.00111875
46.5 0.0011187500000000008
47.5 0.0011187500000000002
48.5 0.0011046875000000006
49.5 0.0010875000000000006
50.5 0.0010140625000000004
51.5 0.001017187500000001
52.5 0.0008984375000000001
53.5 0.000846875
54.5 0.0008906250000000002
55.5 0.0007781250000000004
56.5 0.0007500000000000004
57.5 0.0006937500000000004
58.5 0.0006656250000000002
59.5 0.0006265624999999996
60.5 0.00056875
61.5 0.00047031249999999965
62.5 0.0005109375
63.5 0.00045312499999999975
64.5 0.00042187499999999983
65.5 0.00041249999999999994
66.5 0.00035
67.5 0.0003874999999999999
68.5 0.00039843749999999987
69.5 0.0004046874999999997
70.5 0.00037656249999999984
71.5 0.00038750000000000004
72.5 0.0004296874999999997
73.5 0.0003515624999999997
74.5 0.00038593749999999994
75.5 0.00044374999999999986
76.5 0.00041562499999999987
77.5 0.0004406249999999998
78.5 0.00044687499999999963
79.5 0.000546875
80.5 0.0004765625
81.5 0.0004953125
82.5 0.0004984374999999999
83.5 0.00046406249999999974
84.5 0.0005359374999999997
85.5 0.0005328125
86.5 0.0006093750000000002
87.5 0.0006109375000000002
88.5 0.0005656250000000005
89.5 0.0005546874999999998
90.5 0.0006781250000000003
91.5 0.0005812500000000003
92.5 0.0006687500000000003
93.5 0.0006296875000000004
94.5 0.0005546875000000001
95.5 0.0005875000000000001
96.5 0.000621875
97.5 0.0006109375000000003
98.5 0.0004953124999999999
99.5 0.0005734375000000002
100.5 0.0005359375
101.5 0.0005781250000000001
102.5 0.0005234374999999999
103.5 0.00048281249999999984
104.5 0.0004968749999999997
105.5 0.000496875
106.5 0.00047031249999999986
107.5 0.0004874999999999997
108.5 0.0004781249999999998
109.5 0.0003812499999999998
110.5 0.00041718749999999986
111.5 0.00039374999999999973
112.5 0.00039687499999999966
113.5 0.0003781249999999998
114.5 0.00035937499999999994
115.5 0.0003812499999999996
116.5 0.00039374999999999995
117.5 0.00042812499999999996
118.5 0.0004734374999999999
119.5 0.0004249999999999999
120.5 0.0004734374999999999
121.5 0.0006015625000000002
122.5 0.0005875
123.5 0.0006937500000000002
124.5 0.0006968750000000004
125.5 0.0008468750000000005
126.5 0.0009609375000000006
127.5 0.0011140625000000005
128.5 0.0012421875
129.5 0.0013078125000000008
130.5 0.0015890625000000002
131.5 0.0017484375000000002
132.5 0.0019515625000000008
133.5 0.0022343750000000002
134.5 0.002490625000000001
135.5 0.0026265624999999996
136.5 0.0030156250000000005
137.5 0.0033046874999999995
138.5 0.0036906250000000003
139.5 0.0041328125
140.5 0.0044609375
141.5 0.0046515624999999994
142.5 0.0051140625000000006
143.5 0.005407812500000001
144.5 0.005937499999999999
145.5 0.006085937500000002
146.5 0.006428125
147.5 0.006746875000000002
148.5 0.006974999999999999
149.5 0.007125000000000002
150.5 0.0073203125
151.5 0.007406250000000004
152.5 0.0076234375
153.5 0.007296875000000005
154.5 0.007585937500000002
155.5 0.0074140625000000005
156.5 0.0074796874999999985
157.5 0.007249999999999998
158.5 0.0070015625
159.5 0.006776562500000001
160.5 0.006498437499999998
161.5 0.006257812500000002
162.5 0.005978124999999999
163.5 0.005662500000000001
164.5 0.005448437499999998
165.5 0.004918750000000003
166.5 0.0046437499999999994
167.5 0.004323437499999999
168.5 0.003967187500000001
169.5 0.0038078125000000013
170.5 0.003418750000000002
171.5 0.0032203125000000014
172.5 0.0031078125000000016
173.5 0.0030546875000000005
174.5 0.002759374999999999
175.5 0.002654687500000001
176.5 0.002479687500000001
177.5 0.002643750000000001
178.5 0.0026437500000000003
179.5 0.0027453125000000004
180.5 0.002904687500000002
181.5 0.003057812500000001
182.5 0.003412500000000001
183.5 0.003459375000000001
184.5 0.003657812500000001
185.5 0.004159375000000002
186.5 0.004548437499999999
187.5 0.005001562500000002
188.5 0.005684374999999999
189.5 0.0060375
190.5 0.0065312500000000015
191.5 0.007118750000000001
192.5 0.007634375000000004
193.5 0.0082703125
194.5 0.008760937500000005
195.5 0.009329687500000001
196.5 0.010021874999999996
197.5 0.010362499999999995
198.5 0.010746875
199.5 0.011049999999999996
200.5 0.011406249999999996
201.5 0.011498437499999997
202.5 0.0120703125
203.5 0.011982812499999997
204.5 0.011939062500000003
205.5 0.011984375000000002
206.5 0.011818749999999998
207.5 0.011501562499999994
208.5 0.011290625
209.5 0.010896874999999993
210.5 0.0106234375
211.5 0.010279687500000002
212.5 0.009873437500000004
213.5 0.009154687500000003
214.5 0.0087
215.5 0.0081109375
216.5 0.007590625000000002
217.5 0.007025000000000003
218.5 0.006492187500000001
219.5 0.005839062500000002
220.5 0.005235937499999999
221.5 0.004804687500000003
222.5 0.004425000000000004
223.5 0.0038890625000000006
224.5 0.003543750000000001
225.5 0.0031171874999999997
226.5 0.0028125000000000003
227.5 0.002506249999999999
228.5 0.0022406249999999996
229.5 0.00194375
230.5 0.0017468750000000002
231.5 0.0014406250000000003
232.5 0.0012375000000000014
233.5 0.0011031250000000006
234.5 0.0009718750000000008
235.5 0.0008750000000000003
236.5 0.0007187500000000001
237.5 0.0006921875000000005
238.5 0.0006343750000000003
239.5 0.0005359375000000001
240.5 0.00047499999999999994
241.5 0.00045468749999999974
242.5 0.0004124999999999997
243.5 0.0003703124999999999
244.5 0.00036093749999999993
245.5 0.0003562499999999998
246.5 0.00035312499999999976
247.5 0.0002859374999999998
248.5 0.00031562499999999977
249.5 0.00031718749999999987
250.5 0.00030937499999999986
251.5 0.0002531249999999997
252.5 0.00028437499999999974
253.5 0.00028437499999999985
254.5 0.0002671874999999998
255.5 0.0003046874999999998
256.5 0.0002828124999999999
257.5 0.0002890624999999997
258.5 0.00026406249999999976
259.5 0.00025156249999999994
260.5 0.00027968749999999993
261.5 0.00023593749999999987
262.5 0.0002343749999999998
263.5 0.00024375
264.5 0.0002609374999999999
265.5 0.00022656249999999982
266.5 0.0002906249999999998
267.5 0.00023437499999999986
268.5 0.00029218749999999986
269.5 0.00024374999999999996
270.5 0.00025468749999999987
271.5 0.00027343749999999975
272.5 0.0002656249999999999
273.5 0.0002687499999999999
274.5 0.0002484374999999998
275.5 0.00026874999999999984
276.5 0.0003249999999999998
277.5 0.00031718750000000003
278.5 0.00035312499999999987
279.5 0.00039843749999999987
280.5 0.00041249999999999984
281.5 0.00044374999999999997
282.5 0.0005124999999999998
283.5 0.00047656249999999994
284.5 0.0006093750000000001
285.5 0.0006546875000000006
286.5 0.0007593750000000004
287.5 0.0008375000000000008
288.5 0.0009593750000000005
289.5 0.001075000000000001
290.5 0.0012875000000000004
291.5 0.0013734375000000007
292.5 0.0017187500000000004
293.5 0.0018187500000000011
294.5 0.0021015625
295.5 0.002475
296.5 0.0026750000000000003
297.5 0.0031453125000000005
298.5 0.0034484375000000005
299.5 0.0037828125000000006
300.5 0.004300000000000001
301.5 0.00475625
302.5 0.005320312500000001
303.5 0.005581249999999998
304.5 0.0063328125000000025
305.5 0.006881249999999999
306.5 0.007453124999999999
307.5 0.007907812500000003
308.5 0.008304687499999998
309.5 0.008726562500000003
310.5 0.009046874999999998
311.5 0.009531249999999998
312.5 0.009842187500000004
313.5 0.010140625000000004
314.5 0.010151562500000006
315.5 0.010096875000000002
316.5 0.01020625
317.5 0.009967187499999999
318.5 0.009853124999999997
319.5 0.009521874999999997
320.5 0.009393749999999994
321.5 0.008921875000000003
322.5 0.008332812499999995
323.5 0.008040625000000004
324.5 0.007614062499999999
325.5 0.006945312500000002
326.5 0.006415624999999997
327.5 0.0060203125
328.5 0.00546875
329.5 0.004971875000000001
330.5 0.004395312500000002
331.5 0.003842187500000001
332.5 0.00350625
333.5 0.0029984374999999994
334.5 0.0028609375000000006
335.5 0.0023234375
336.5 0.0020968750000000015
337.5 0.0018468749999999993
338.5 0.0015515625000000006
339.5 0.0013765625000000004
340.5 0.0012062500000000007
341.5 0.0009750000000000006
342.5 0.0009078125000000003
343.5 0.0007578125
344.5 0.0006609375
345.5 0.0005812499999999998
346.5 0.0004218749999999999
347.5 0.0003999999999999999
348.5 0.0002999999999999999
349.5 0.0002703125
350.5 0.00019687499999999997
351.5 0.00022343749999999998
352.5 0.00017343749999999993
353.5 0.00012656250000000005
354.5 0.00015312499999999997
355.5 0.00011875
356.5 9.062500000000001e-05
357.5 8.437499999999998e-05
358.5 8.906249999999999e-05
359.5 6.09375e-05
