0.5 0.0
1.5 1.5625e-06
2.5 1.5625e-06
3.5 0.0
4.5 0.0
5.5 0.0
6.5 0.0
7.5 1.5625e-06
8.5 0.0
9.5 1.5625e-06
10.5 0.0
11.5 3.125e-06
12.5 3.125e-06
13.5 0.0
14.5 1.5625e-06
15.5 1.5625e-06
16.5 0.0
17.5 3.125e-06
18.5 6.25e-06
19.5 1.5625e-06
20.5 4.6875000000000004e-06
21.5 1.25e-05
22.5 9.375000000000001e-06
23.5 6.25e-06
24.5 1.4062500000000003e-05
25.5 9.375000000000001e-06
26.5 1.0937500000000002e-05
27.5 2.3437500000000007e-05
28.5 2.812500000000001e-05
29.5 3.75e-05
30.5 4.843749999999999e-05
31.5 5.156249999999997e-05
32.5 7.343749999999999e-05
33.5 8.750000000000004e-05
34.5 8.281250000000001e-05
35.5 0.00012031250000000003
36.5 0.00012343749999999998
37.5 0.00015624999999999995
38.5 0.00015937499999999996
39.5 0.00020156249999999986
40.5 0.00028593749999999973
41.5 0.0003484374999999999
42.5 0.00038281250000000007
43.5 0.00047500000000000005
44.5 0.00054375
45.5 0.0006421875000000003
46.5 0.0006843750000000002
47.5 0.0008515625000000005
48.5 0.0009531250000000007
49.5 0.001017187500000001
50.5 0.0012421875000000002
51.5 0.0013421875000000007
52.5 0.001492187500000001
53.5 0.001756250000000001
54.5 0.0019109375000000003
55.5 0.0020312500000000005
56.5 0.0020953125
57.5 0.0022890625000000016
58.5 0.0025375000000000003
59.5 0.002756250000000001
60.5 0.0028218750000000015
61.5 0.0029609375000000005
62.5 0.0030578125000000015
63.5 0.0030765625000000003
64.5 0.0032859375
65.5 0.003259375000000001
66.5 0.0033515625000000017
67.5 0.0033078124999999996
68.5 0.00336875
69.5 0.0032203125000000023
70.5 0.0033593750000000012
71.5 0.0031203125
72.5 0.0032390625
73.5 0.003009375
74.5 0.0028750000000000013
75.5 0.0028468750000000017
76.5 0.002598437500000001
77.5 0.002617187500000001
78.5 0.0024671875
79.5 0.0024078125000000002
80.5 0.002187500000000001
81.5 0.0019250000000000005
82.5 0.0017984375000000003
83.5 0.0017140625000000007
84.5 0.0015953125000000012
85.5 0.0014218750000000008
86.5 0.0012437500000000018
87.5 0.001154687500000001
88.5 0.0011421875000000013
89.5 0.0009359375000000004
90.5 0.0009203125000000008
91.5 0.0008375000000000005
92.5 0.0008093750000000002
93.5 0.0006953125000000001
94.5 0.0006625000000000002
95.5 0.0006062500000000002
96.5 0.0005421875000000002
97.5 0.0004953124999999999
98.5 0.00042499999999999976
99.5 0.00042968749999999973
100.5 0.0003281249999999998
101.5 0.0003578124999999997
102.5 0.00031874999999999975
103.5 0.00024374999999999983
104.5 0.0002828124999999998
105.5 0.0002515624999999999
106.5 0.0002453124999999999
107.5 0.00019843750000000005
108.5 0.0002093749999999999
109.5 0.0001843749999999999
110.5 0.00020156249999999986
111.5 0.00018437499999999991
112.5 0.0001578125
113.5 0.0001453125
114.5 0.00018906249999999997
115.5 0.0001359375
116.5 0.00014218749999999995
117.5 0.00012656250000000005
118.5 0.0001640625
119.5 0.00014531249999999996
120.5 0.00013906250000000003
121.5 0.00014218749999999995
122.5 0.00018906249999999989
123.5 0.00017812499999999993
124.5 0.00017343749999999993
125.5 0.00017343749999999987
126.5 0.00016093749999999997
127.5 0.00018593749999999996
128.5 0.0002124999999999999
129.5 0.00022499999999999989
130.5 0.0002484375
131.5 0.00024218749999999984
132.5 0.00027968749999999993
133.5 0.0003031249999999998
134.5 0.00036562499999999985
135.5 0.000403125
136.5 0.00042031250000000006
137.5 0.00048437500000000016
138.5 0.0004921875000000002
139.5 0.0006062500000000006
140.5 0.0007015625000000004
141.5 0.0007156250000000005
142.5 0.0008687500000000007
143.5 0.0009703125000000005
144.5 0.0010984375000000002
145.5 0.0012546875000000008
146.5 0.0015093750000000007
147.5 0.001753125000000001
148.5 0.0018640625000000007
149.5 0.0022156249999999993
150.5 0.0024937500000000003
151.5 0.0029062500000000004
152.5 0.0032140625000000008
153.5 0.0034390625000000003
154.5 0.0040625
155.5 0.0045640624999999995
156.5 0.005200000000000001
157.5 0.0057359375000000015
158.5 0.006415625000000007
159.5 0.007104687500000001
160.5 0.0079
161.5 0.0087140625
162.5 0.009562500000000002
163.5 0.010437499999999999
164.5 0.0113640625
165.5 0.012331249999999997
166.5 0.013303125
167.5 0.01424374999999999
168.5 0.015132812500000004
169.5 0.015814062499999997
170.5 0.017303125
171.5 0.017692187499999994
172.5 0.018553125000000004
173.5 0.019584375000000005
174.5 0.019946874999999992
175.5 0.020610937499999996
176.5 0.021265625000000003
177.5 0.0212921875
178.5 0.021643750000000003
179.5 0.02202812499999999
180.5 0.021879687500000005
181.5 0.02161875000000001
182.5 0.021403124999999995
183.5 0.021039062500000007
184.5 0.02077031250000001
185.5 0.02042343750000001
186.5 0.019500000000000017
187.5 0.01880156250000001
188.5 0.017764062499999997
189.5 0.017309374999999995
190.5 0.016296875000000002
191.5 0.0150078125
192.5 0.014475
193.5 0.013415624999999999
194.5 0.0123578125
195.5 0.0114125
196.5 0.010332812499999998
197.5 0.009742187499999999
198.5 0.008789062500000002
199.5 0.007867187500000003
200.5 0.007120312500000005
201.5 0.0065390625
202.5 0.005932812500000005
203.5 0.005271875000000001
204.5 0.004642187500000001
205.5 0.0041843750000000015
206.5 0.003610937500000003
207.5 0.003395312500000002
208.5 0.0028625000000000018
209.5 0.0025187500000000015
210.5 0.0021984375000000016
211.5 0.0018656250000000012
212.5 0.0016265625000000008
213.5 0.0014656250000000008
214.5 0.0013640625000000007
215.5 0.0011578125000000006
216.5 0.0010406250000000003
217.5 0.000932812500000001
218.5 0.0007671875000000004
219.5 0.0007546875000000003
220.5 0.0005937500000000005
221.5 0.0005515625000000003
222.5 0.0004359374999999998
223.5 0.0004171874999999998
224.5 0.00038281249999999996
225.5 0.0003468749999999998
226.5 0.0002718749999999998
227.5 0.0002937499999999998
228.5 0.0002734374999999997
229.5 0.00025937499999999973
230.5 0.00025937499999999984
231.5 0.0002015624999999999
232.5 0.00019062499999999993
233.5 0.000165625
234.5 0.00014687499999999992
235.5 0.0001859375
236.5 0.00016093749999999995
237.5 0.00014062500000000002
238.5 0.0001328125
239.5 0.00014687499999999998
240.5 0.00013125
241.5 0.00015624999999999998
242.5 0.00014843749999999997
243.5 0.00016406249999999996
244.5 0.00014062499999999996
245.5 0.00014375
246.5 0.0001875
247.5 0.00015312500000000005
248.5 0.00016562499999999995
249.5 0.00015312499999999994
250.5 0.00019375
251.5 0.0002171874999999999
252.5 0.0002531249999999998
253.5 0.0002343749999999999
254.5 0.00032187499999999973
255.5 0.0002718749999999998
256.5 0.0003046874999999998
257.5 0.0003374999999999998
258.5 0.00037499999999999974
259.5 0.0003937500000000001
260.5 0.00042500000000000003
261.5 0.00046718750000000005
262.5 0.0005218749999999998
263.5 0.0005656250000000004
264.5 0.0006062500000000003
265.5 0.0006671875000000002
266.5 0.0007000000000000003
267.5 0.0007890625000000005
268.5 0.0008828125000000006
269.5 0.0010421875000000006
270.5 0.0011281250000000002
271.5 0.001196875
272.5 0.0013484375000000005
273.5 0.001384375000000002
274.5 0.0014828125000000008
275.5 0.0015875000000000012
276.5 0.0017828125000000005
277.5 0.0019187500000000012
278.5 0.0020328125000000008
279.5 0.0021390625000000003
280.5 0.0024375000000000004
281.5 0.0025078124999999996
282.5 0.0026687500000000014
283.5 0.0028921874999999994
284.5 0.0029562499999999992
285.5 0.0032156249999999997
286.5 0.0032515625000000005
287.5 0.0032453125000000012
288.5 0.0034578125000000012
289.5 0.003467187500000001
290.5 0.0035093750000000003
291.5 0.0036000000000000008
292.5 0.003489062500000003
293.5 0.003657812500000001
294.5 0.003478125000000002
295.5 0.0034421875000000017
296.5 0.003301562500000002
297.5 0.0031437500000000016
298.5 0.0031921874999999984
299.5 0.003021875000000002
300.5 0.0027984374999999993
301.5 0.0027031250000000007
302.5 0.0026140625000000005
303.5 0.0022265625000000015
304.5 0.002096875000000001
305.5 0.001959375
306.5 0.001789062500000001
307.5 0.0016312500000000003
308.5 0.0015296875000000009
309.5 0.0012609375000000003
310.5 0.0011359375000000007
311.5 0.0010156250000000007
312.5 0.0008750000000000001
313.5 0.0007781250000000004
314.5 0.0006578124999999998
315.5 0.0005921875000000002
316.5 0.0004890624999999999
317.5 0.00044218750000000003
318.5 0.0003593749999999997
319.5 0.00031406249999999967
320.5 0.00023437499999999986
321.5 0.00019374999999999983
322.5 0.00018593749999999993
323.5 0.00013437500000000003
324.5 8.750000000000001e-05
325.5 9.843750000000001e-05
326.5 6.874999999999996e-05
327.5 5.312499999999999e-05
328.5 6.718749999999999e-05
329.5 4.0624999999999985e-05
330.5 2.0312500000000002e-05
331.5 2.3437500000000007e-05
332.5 1.4062500000000003e-05
333.5 1.4062500000000003e-05
334.5 1.0937500000000002e-05
335.5 9.375000000000001e-06
336.5 9.375000000000001e-06
337.5 4.6875000000000004e-06
338.5 1.5625e-06
339.5 3.125e-06
340.5 9.375000000000001e-06
341.5 1.5625e-06
342.5 3.125e-06
343.5 0.0
344.5 0.0
345.5 1.5625e-06
346.5 1.5625e-06
347.5 0.0
348.5 0.0
349.5 0.0
350.5 1.5625e-06
351.5 0.0
352.5 1.5625e-06
353.5 1.5625e-06
354.5 0.0
355.5 0.0
356.5 0.0
357.5 0.0
358.5 0.0
359.5 0.0
