0.5 1.5625e-06
1.5 6.25e-06
2.5 0.0
3.5 0.0
4.5 1.5625e-06
5.5 0.0
6.5 0.0
7.5 1.5625e-06
8.5 1.5625e-06
9.5 1.5625e-06
10.5 0.0
11.5 7.8125e-06
12.5 1.5625e-06
13.5 3.125e-06
14.5 6.25e-06
15.5 1.5625e-06
16.5 3.125e-06
17.5 3.125e-06
18.5 4.6875000000000004e-06
19.5 6.25e-06
20.5 6.25e-06
21.5 7.8125e-06
22.5 1.7187500000000004e-05
23.5 9.375000000000001e-06
24.5 1.4062500000000001e-05
25.5 3.281250000000001e-05
26.5 2.968750000000001e-05
27.5 3.75e-05
28.5 4.687499999999998e-05
29.5 4.687499999999998e-05
30.5 6.562499999999998e-05
31.5 8.437499999999998e-05
32.5 9.6875e-05
33.5 0.0001078125
34.5 0.00014062500000000002
35.5 0.00016718749999999996
36.5 0.00020937499999999995
37.5 0.00024531249999999987
38.5 0.00033124999999999995
39.5 0.00039843749999999976
40.5 0.00042968749999999973
41.5 0.0004984375000000002
42.5 0.0006390625000000002
43.5 0.0007078125000000005
44.5 0.0009640625000000002
45.5 0.0009593750000000007
46.5 0.0011968750000000005
47.5 0.0013796875000000011
48.5 0.0014734375000000004
49.5 0.0017515625000000012
50.5 0.0018468750000000002
51.5 0.002126562500000001
52.5 0.0024078125000000002
53.5 0.0025140624999999994
54.5 0.0028750000000000013
55.5 0.003057812500000001
56.5 0.0034281250000000006
57.5 0.0035968750000000002
58.5 0.0037718750000000022
59.5 0.0040125
60.5 0.004228125
61.5 0.004525000000000001
62.5 0.004575
63.5 0.0047734375000000025
64.5 0.004723437500000002
65.5 0.004857812500000003
66.5 0.005023437500000002
67.5 0.004890624999999997
68.5 0.004937500000000003
69.5 0.004835937500000001
70.5 0.004729687500000002
71.5 0.004676562500000003
72.5 0.004540625
73.5 0.004159374999999998
74.5 0.004131250000000001
75.5 0.004004687500000001
76.5 0.003693750000000001
77.5 0.0034234375000000007
78.5 0.0033328125
79.5 0.003
80.5 0.002635937500000001
81.5 0.002585937500000001
82.5 0.002426562500000001
83.5 0.002168750000000001
84.5 0.0019765625000000013
85.5 0.0018593750000000017
86.5 0.0016781250000000012
87.5 0.0015375000000000007
88.5 0.0013734375000000005
89.5 0.0012109375000000006
90.5 0.001148437500000001
91.5 0.0010593750000000002
92.5 0.0008593750000000009
93.5 0.0008296875000000002
94.5 0.0007718750000000005
95.5 0.0006093750000000001
96.5 0.0006359375000000002
97.5 0.0005875
98.5 0.0005171874999999999
99.5 0.00047343749999999995
100.5 0.0003656249999999998
101.5 0.00039531249999999967
102.5 0.0003906249999999998
103.5 0.0003234374999999997
104.5 0.0003046874999999998
105.5 0.00025156249999999994
106.5 0.0002453124999999999
107.5 0.00021249999999999996
108.5 0.00023437499999999988
109.5 0.0002234374999999998
110.5 0.00019687499999999992
111.5 0.00018124999999999996
112.5 0.00017343749999999998
113.5 0.00016718749999999996
114.5 0.00015624999999999992
115.5 0.00015624999999999987
116.5 0.00013749999999999995
117.5 0.00014062499999999996
118.5 0.00017499999999999986
119.5 0.00017031249999999992
120.5 0.00016093749999999995
121.5 0.00013593749999999996
122.5 0.0001359375
123.5 0.00015156249999999995
124.5 0.0001609375
125.5 0.00015000000000000001
126.5 0.00016874999999999985
127.5 0.00017343749999999998
128.5 0.00016718749999999994
129.5 0.00021562499999999992
130.5 0.00022031249999999983
131.5 0.00027187500000000004
132.5 0.00023906249999999988
133.5 0.0003374999999999999
134.5 0.00027187499999999987
135.5 0.00033906249999999995
136.5 0.0004296874999999998
137.5 0.0004203124999999999
138.5 0.000484375
139.5 0.0005593749999999999
140.5 0.0005859375000000004
141.5 0.0007546875000000001
142.5 0.0008796875000000007
143.5 0.0008875000000000002
144.5 0.0010406250000000003
145.5 0.0012843750000000006
146.5 0.0012843750000000008
147.5 0.0015046875000000012
148.5 0.0017796875000000013
149.5 0.0019265625000000014
150.5 0.0022453125000000003
151.5 0.00265625
152.5 0.002800000000000001
153.5 0.0032921875000000013
154.5 0.003656250000000001
155.5 0.0042140625
156.5 0.004553125000000002
157.5 0.005089062500000001
158.5 0.005815625000000001
159.5 0.006392187500000001
160.5 0.007000000000000001
161.5 0.007843750000000002
162.5 0.008420312500000004
163.5 0.00931875
164.5 0.010017187500000004
165.5 0.010665625000000007
166.5 0.011685937499999998
167.5 0.012554687499999998
168.5 0.013554687500000002
169.5 0.014398437500000003
170.5 0.015112500000000006
171.5 0.015668749999999995
172.5 0.0164921875
173.5 0.016828125000000003
174.5 0.0176171875
175.5 0.018170312499999997
176.5 0.018787500000000013
177.5 0.019139062499999998
178.5 0.019107812499999995
179.5 0.0191921875
180.5 0.01928125000000001
181.5 0.019021875000000004
182.5 0.019153125000000014
183.5 0.01828750000000001
184.5 0.018176562500000003
185.5 0.017782812500000002
186.5 0.017207812500000013
187.5 0.015807812500000004
188.5 0.0157171875
189.5 0.015303125
190.5 0.014054687500000001
191.5 0.013456249999999998
192.5 0.012571874999999998
193.5 0.011887499999999995
194.5 0.010881249999999995
195.5 0.010006250000000001
196.5 0.009395312499999997
197.5 0.008589062500000006
198.5 0.007934375000000002
199.5 0.006920312500000004
200.5 0.0064484375
201.5 0.005751562500000002
202.5 0.005123437500000004
203.5 0.0046859375000000035
204.5 0.00413125
205.5 0.0036140625000000027
206.5 0.0030859375000000006
207.5 0.002915625000000002
208.5 0.0026374999999999997
209.5 0.0022375000000000008
210.5 0.002006250000000001
211.5 0.0017328125000000002
212.5 0.0014578125000000006
213.5 0.00141875
214.5 0.0012234375000000012
215.5 0.0011046875000000002
216.5 0.0009531250000000001
217.5 0.0008234375000000004
218.5 0.0007718750000000002
219.5 0.0005859374999999999
220.5 0.0005656250000000005
221.5 0.0005093750000000002
222.5 0.00045781249999999994
223.5 0.00039999999999999996
224.5 0.00034687499999999974
225.5 0.0003140624999999996
226.5 0.0002765624999999997
227.5 0.0002484374999999997
228.5 0.00024999999999999984
229.5 0.0002468749999999999
230.5 0.00020468749999999995
231.5 0.00021249999999999988
232.5 0.00018593749999999985
233.5 0.0001796874999999999
234.5 0.0001499999999999999
235.5 0.00018124999999999993
236.5 0.00015156249999999995
237.5 0.00018593749999999988
238.5 0.00015156249999999995
239.5 0.00017187499999999994
240.5 0.00016406249999999987
241.5 0.00015000000000000001
242.5 0.0001453125
243.5 0.00016093749999999992
244.5 0.00014843750000000002
245.5 0.0001859374999999999
246.5 0.0001624999999999999
247.5 0.00015468749999999999
248.5 0.0001921874999999999
249.5 0.00019999999999999987
250.5 0.00021718749999999985
251.5 0.00022343749999999995
252.5 0.0002531249999999999
253.5 0.0002796874999999998
254.5 0.0003015624999999999
255.5 0.00027656249999999995
256.5 0.0003203124999999998
257.5 0.00032499999999999977
258.5 0.0004031249999999998
259.5 0.0005046874999999999
260.5 0.00044999999999999993
261.5 0.0005343749999999998
262.5 0.0005468750000000003
263.5 0.0006125000000000001
264.5 0.0006296875000000004
265.5 0.0007765625000000002
266.5 0.0007531250000000003
267.5 0.0009046875000000003
268.5 0.001001562500000001
269.5 0.0011015625000000003
270.5 0.0012265625000000004
271.5 0.0013687500000000008
272.5 0.0015531250000000003
273.5 0.0016562500000000006
274.5 0.0018140625000000004
275.5 0.00209375
276.5 0.0022765625000000004
277.5 0.002529687500000001
278.5 0.0026218750000000005
279.5 0.0028125000000000003
280.5 0.002992187499999999
281.5 0.0033140625000000006
282.5 0.0034796874999999997
283.5 0.003651562500000001
284.5 0.0041296875
285.5 0.0041281250000000025
286.5 0.004401562500000002
287.5 0.004334375000000001
288.5 0.004617187500000003
289.5 0.004674999999999999
290.5 0.004776562500000003
291.5 0.00486875
292.5 0.004745312500000003
293.5 0.0049578125
294.5 0.004796875000000002
295.5 0.004690625000000002
296.5 0.004571874999999999
297.5 0.004467187500000002
298.5 0.004243750000000002
299.5 0.004376562500000002
300.5 0.004143750000000003
301.5 0.003995312500000002
302.5 0.003550000000000001
303.5 0.0034375000000000013
304.5 0.003092187500000001
305.5 0.002981250000000001
306.5 0.0026640625000000032
307.5 0.002406250000000001
308.5 0.002168750000000001
309.5 0.0019609375000000017
310.5 0.0017140625000000005
311.5 0.0014796875000000012
312.5 0.001365625000000001
313.5 0.0011734375000000004
314.5 0.0010015625000000005
315.5 0.0008171875000000004
316.5 0.0007124999999999999
317.5 0.0006406250000000002
318.5 0.0005296875000000005
319.5 0.00046249999999999964
320.5 0.00037031249999999977
321.5 0.0003203124999999998
322.5 0.00026249999999999977
323.5 0.00023906249999999994
324.5 0.0001453125
325.5 0.00012968750000000006
326.5 0.00013593749999999996
327.5 9.218750000000001e-05
328.5 7.187499999999999e-05
329.5 4.8437499999999985e-05
330.5 6.562499999999998e-05
331.5 3.7500000000000003e-05
332.5 4.374999999999999e-05
333.5 2.1875000000000007e-05
334.5 2.3437500000000007e-05
335.5 1.4062500000000003e-05
336.5 2.5000000000000008e-05
337.5 7.8125e-06
338.5 7.8125e-06
339.5 9.375000000000001e-06
340.5 1.5625e-06
341.5 4.6875000000000004e-06
342.5 7.8125e-06
343.5 1.5625e-06
344.5 3.125e-06
345.5 4.6875000000000004e-06
346.5 3.125e-06
347.5 0.0
348.5 1.5625e-06
349.5 1.5625e-06
350.5 4.6875000000000004e-06
351.5 1.5625e-06
352.5 0.0
353.5 0.0
354.5 0.0
355.5 1.5625e-06
356.5 1.5625e-06
357.5 0.0
358.5 0.0
359.5 0.0
