0.5 0.0
1.5 0.0
2.5 0.0
3.5 0.0
4.5 0.0
5.5 0.0
6.5 3.125e-06
7.5 1.5625e-06
8.5 0.0
9.5 0.0
10.5 0.0
11.5 0.0
12.5 0.0
13.5 0.0
14.5 1.5625e-06
15.5 1.5625e-06
16.5 0.0
17.5 1.5625e-06
18.5 0.0
19.5 0.0
20.5 4.6875000000000004e-06
21.5 0.0
22.5 0.0
23.5 0.0
24.5 1.5625e-06
25.5 0.0
26.5 0.0
27.5 1.5625e-06
28.5 1.5625e-06
29.5 6.25e-06
30.5 3.125e-06
31.5 3.125e-06
32.5 0.0
33.5 3.125e-06
34.5 1.5625e-06
35.5 1.5625e-06
36.5 0.0
37.5 1.5625e-06
38.5 1.5625e-06
39.5 1.5625e-06
40.5 4.6875000000000004e-06
41.5 3.125e-06
42.5 9.375000000000001e-06
43.5 6.25e-06
44.5 4.6875000000000004e-06
45.5 0.0
46.5 9.375000000000001e-06
47.5 1.5625000000000004e-05
48.5 1.7187500000000004e-05
49.5 1.7187500000000004e-05
50.5 1.4062500000000003e-05
51.5 6.25e-06
52.5 1.5625000000000004e-05
53.5 9.375000000000001e-06
54.5 2.1875000000000007e-05
55.5 2.3437500000000007e-05
56.5 3.5937500000000006e-05
57.5 5.156249999999997e-05
58.5 3.4375e-05
59.5 4.687499999999999e-05
60.5 8.750000000000005e-05
61.5 8.593750000000002e-05
62.5 9.843750000000001e-05
63.5 0.0001296875
64.5 0.00013749999999999995
65.5 0.0001781249999999999
66.5 0.00020781249999999985
67.5 0.00025937499999999984
68.5 0.00028437499999999974
69.5 0.0003546874999999999
70.5 0.0003921875000000002
71.5 0.00042187499999999994
72.5 0.000534375
73.5 0.0006812500000000004
74.5 0.0007906250000000005
75.5 0.0008515625000000006
76.5 0.000978125
77.5 0.0010781250000000003
78.5 0.001276562500000001
79.5 0.0014562500000000007
80.5 0.0015265625000000006
81.5 0.0017703125000000015
82.5 0.0019250000000000011
83.5 0.0021812499999999996
84.5 0.0023828125000000012
85.5 0.002557812500000001
86.5 0.002789062499999999
87.5 0.0029906250000000015
88.5 0.003289062499999998
89.5 0.0035671875000000005
90.5 0.003703125000000002
91.5 0.00400625
92.5 0.004099999999999998
93.5 0.0045437500000000035
94.5 0.0048312500000000005
95.5 0.005089062499999999
96.5 0.005257812500000004
97.5 0.005757812499999999
98.5 0.005915624999999996
99.5 0.006185937499999999
100.5 0.006389062500000004
101.5 0.006843750000000003
102.5 0.007131250000000002
103.5 0.007300000000000004
104.5 0.007784375000000002
105.5 0.007698437500000002
106.5 0.007871875000000002
107.5 0.008120312500000003
108.5 0.00834375
109.5 0.008067187500000003
110.5 0.008407812500000004
111.5 0.008484375000000004
112.5 0.008573437500000003
113.5 0.008514062499999999
114.5 0.008692187500000005
115.5 0.0086734375
116.5 0.008356250000000003
117.5 0.008454687499999999
118.5 0.0082734375
119.5 0.008176562500000003
120.5 0.008489062500000002
121.5 0.008125000000000004
122.5 0.008098437500000003
123.5 0.0081484375
124.5 0.008120312499999999
125.5 0.008096875000000002
126.5 0.007856250000000002
127.5 0.007943750000000001
128.5 0.007896875000000001
129.5 0.0075843750000000034
130.5 0.007812500000000003
131.5 0.007695312500000005
132.5 0.007656250000000001
133.5 0.0072828125000000046
134.5 0.007373437499999999
135.5 0.007165625000000005
136.5 0.006959375000000006
137.5 0.006723437500000003
138.5 0.006562500000000004
139.5 0.006570312500000005
140.5 0.005995312499999999
141.5 0.005975000000000002
142.5 0.0056015625
143.5 0.005434375000000004
144.5 0.005151562500000003
145.5 0.004857812499999998
146.5 0.004631250000000002
147.5 0.004464062500000002
148.5 0.004162500000000005
149.5 0.0038906250000000035
150.5 0.0036500000000000018
151.5 0.0033531249999999998
152.5 0.0032359375000000014
153.5 0.0029984375000000007
154.5 0.0027187500000000002
155.5 0.002460937500000001
156.5 0.0023671875000000004
157.5 0.00218125
158.5 0.002253125000000001
159.5 0.001912500000000001
160.5 0.0018015625
161.5 0.0017546875000000013
162.5 0.0016187500000000008
163.5 0.001600000000000001
164.5 0.0014796875000000012
165.5 0.0013796875
166.5 0.0013828125000000006
167.5 0.0012984375000000008
168.5 0.0012109375000000002
169.5 0.0012093749999999997
170.5 0.0011390625000000005
171.5 0.001093750000000001
172.5 0.0010609375000000002
173.5 0.0010578125000000004
174.5 0.0010687500000000003
175.5 0.0010671875000000002
176.5 0.0011140624999999998
177.5 0.001009375
178.5 0.0010312500000000005
179.5 0.0010640625
180.5 0.0010406250000000008
181.5 0.0009953125000000008
182.5 0.0010296875000000007
183.5 0.0010156250000000005
184.5 0.0011359375
185.5 0.001079687500000001
186.5 0.0011125000000000002
187.5 0.00116875
188.5 0.0010453125
189.5 0.0011796875000000002
190.5 0.0012484375
191.5 0.0012546875000000008
192.5 0.0013625
193.5 0.0013828125000000006
194.5 0.0014359375000000008
195.5 0.001515625
196.5 0.0015546874999999999
197.5 0.001692187500000001
198.5 0.0018046875000000007
199.5 0.0017937500000000009
200.5 0.0019359375000000015
201.5 0.0020890625
202.5 0.0022359375000000014
203.5 0.0024078124999999994
204.5 0.0025078125
205.5 0.0027046874999999983
206.5 0.0029328125000000014
207.5 0.0030796875
208.5 0.0034484375000000005
209.5 0.003603125
210.5 0.0037937500000000007
211.5 0.004178125000000002
212.5 0.004467187500000001
213.5 0.004582812500000001
214.5 0.0049187499999999995
215.5 0.005012500000000001
216.5 0.005242187499999999
217.5 0.005560937499999999
218.5 0.005746875000000004
219.5 0.0059328125000000015
220.5 0.006270312500000001
221.5 0.0064296875
222.5 0.006435937500000001
223.5 0.007032812500000006
224.5 0.007182812500000005
225.5 0.0075062500000000025
226.5 0.007250000000000002
227.5 0.0076187500000000005
228.5 0.007625000000000003
229.5 0.007696875000000006
230.5 0.007937500000000002
231.5 0.007823437500000004
232.5 0.0081875
233.5 0.008032812500000003
234.5 0.008075000000000006
235.5 0.008151562500000003
236.5 0.008220312500000005
237.5 0.008235937500000005
238.5 0.008228125
239.5 0.008306250000000001
240.5 0.008431250000000005
241.5 0.0084359375
242.5 0.008481250000000003
243.5 0.008653125000000006
244.5 0.008620312500000003
245.5 0.0085375
246.5 0.0084765625
247.5 0.008898437500000002
248.5 0.008582812500000005
249.5 0.008715624999999996
250.5 0.008345312500000006
251.5 0.0081203125
252.5 0.008142187500000002
253.5 0.007978125000000003
254.5 0.0077953125
255.5 0.0076718750000000025
256.5 0.007279687500000006
257.5 0.006978124999999999
258.5 0.0067328125
259.5 0.006595312500000004
260.5 0.006179687500000003
261.5 0.0058296875
262.5 0.005635937500000001
263.5 0.005246875000000002
264.5 0.004965625000000001
265.5 0.0047640625000000035
266.5 0.0043609374999999985
267.5 0.004265624999999999
268.5 0.0039078125000000016
269.5 0.003726562500000001
270.5 0.003401562499999998
271.5 0.0031687499999999993
272.5 0.0029328125
273.5 0.002700000000000001
274.5 0.0024468750000000024
275.5 0.002278125000000001
276.5 0.0021406250000000006
277.5 0.001892187500000001
278.5 0.0018015625000000002
279.5 0.0016484375000000006
280.5 0.001354687500000001
281.5 0.001351562500000001
282.5 0.0011140625000000007
283.5 0.0009609375000000005
284.5 0.0009046875000000002
285.5 0.0007140625000000002
286.5 0.0005890625000000002
287.5 0.0005671875000000004
288.5 0.0004953125
289.5 0.0004406250000000001
290.5 0.000353125
291.5 0.00029218749999999975
292.5 0.00022812499999999976
293.5 0.00022187499999999993
294.5 0.00014531249999999996
295.5 0.00015468749999999996
296.5 0.00010000000000000002
297.5 0.00011718750000000006
298.5 8.124999999999998e-05
299.5 7.1875e-05
300.5 5.9374999999999986e-05
301.5 3.4375e-05
302.5 6.406249999999996e-05
303.5 3.5937500000000006e-05
304.5 1.8750000000000005e-05
305.5 2.1875000000000007e-05
306.5 2.656250000000001e-05
307.5 2.5000000000000008e-05
308.5 1.7187500000000004e-05
309.5 7.8125e-06
310.5 1.2500000000000002e-05
311.5 1.2500000000000002e-05
312.5 9.375000000000001e-06
313.5 3.125e-06
314.5 1.5625e-06
315.5 7.8125e-06
316.5 3.125e-06
317.5 1.5625e-06
318.5 1.5625e-06
319.5 1.5625e-06
320.5 1.5625e-06
321.5 1.5625e-06
322.5 3.125e-06
323.5 0.0
324.5 0.0
325.5 3.125e-06
326.5 1.5625e-06
327.5 0.0
328.5 3.125e-06
329.5 3.125e-06
330.5 0.0
331.5 1.5625e-06
332.5 1.5625e-06
333.5 3.125e-06
334.5 4.6875000000000004e-06
335.5 1.5625e-06
336.5 0.0
337.5 0.0
338.5 0.0
339.5 1.5625e-06
340.5 0.0
341.5 0.0
342.5 0.0
343.5 0.0
344.5 0.0
345.5 0.0
346.5 0.0
347.5 0.0
348.5 0.0
349.5 0.0
350.5 0.0
351.5 0.0
352.5 1.5625e-06
353.5 1.5625e-06
354.5 1.5625e-06
355.5 0.0
356.5 0.0
357.5 0.0
358.5 0.0
359.5 0.0
