0.5 0.0001
1.5 0.00011718750000000002
2.5 0.0001859374999999999
3.5 0.00025781249999999996
4.5 0.00028437499999999974
5.5 0.00031562499999999977
6.5 0.0003171874999999997
7.5 0.0003906249999999999
8.5 0.00030781250000000003
9.5 0.0002984374999999998
10.5 0.0002312499999999998
11.5 0.0002234375
12.5 0.00015781249999999994
13.5 0.00010156250000000004
14.5 7.968749999999999e-05
15.5 5.1562499999999986e-05
16.5 4.9999999999999996e-05
17.5 3.4375e-05
18.5 1.8750000000000005e-05
19.5 6.25e-06
20.5 7.8125e-06
21.5 6.25e-06
22.5 4.6875000000000004e-06
23.5 6.25e-06
24.5 1.0937500000000002e-05
25.5 0.0
26.5 1.5625e-06
27.5 1.5625e-06
28.5 0.0
29.5 0.0
30.5 0.0
31.5 0.0
32.5 0.0
33.5 0.0
34.5 0.0
35.5 0.0
36.5 0.0
37.5 0.0
38.5 0.0
39.5 0.0
40.5 0.0
41.5 0.0
42.5 1.5625e-06
43.5 0.0
44.5 4.6875000000000004e-06
45.5 4.6875000000000004e-06
46.5 4.6875000000000004e-06
47.5 4.6875000000000004e-06
48.5 1.5625e-05
49.5 1.8750000000000002e-05
50.5 4.062499999999999e-05
51.5 5e-05
52.5 8.906250000000003e-05
53.5 0.00014687499999999998
54.5 0.00019531249999999996
55.5 0.0003031249999999999
56.5 0.00037343749999999985
57.5 0.0006218750000000001
58.5 0.0007734374999999999
59.5 0.0009593750000000002
60.5 0.0011328125000000004
61.5 0.0014484375000000003
62.5 0.0014671875000000002
63.5 0.0014234375000000009
64.5 0.0014609375000000004
65.5 0.0012609375000000003
66.5 0.0012484375000000006
67.5 0.0013171875000000006
68.5 0.0016171875000000008
69.5 0.0025906250000000013
70.5 0.004021875
71.5 0.006009374999999999
72.5 0.009129687499999997
73.5 0.012753124999999997
74.5 0.016851562499999993
75.5 0.020703125000000003
76.5 0.023656249999999983
77.5 0.025231250000000007
78.5 0.025209375
79.5 0.023934375
80.5 0.021520312499999993
81.5 0.01854999999999999
82.5 0.015101562500000006
83.5 0.011610937499999993
84.5 0.008709374999999998
85.5 0.006356250000000002
86.5 0.004548437499999999
87.5 0.003135937499999999
88.5 0.0020875000000000004
89.5 0.0013296875000000014
90.5 0.0009234374999999997
91.5 0.0005750000000000004
92.5 0.00041093749999999974
93.5 0.00022499999999999989
94.5 0.00017187500000000002
95.5 9.374999999999999e-05
96.5 7.187500000000001e-05
97.5 4.0625e-05
98.5 1.4062500000000003e-05
99.5 2.656250000000001e-05
100.5 1.7187500000000004e-05
101.5 1.4062500000000003e-05
102.5 7.8125e-06
103.5 1.25e-05
104.5 1.0937500000000002e-05
105.5 1.5625e-06
106.5 6.25e-06
107.5 4.6875000000000004e-06
108.5 1.5625e-06
109.5 1.5625e-06
110.5 6.25e-06
111.5 6.25e-06
112.5 1.5625e-06
113.5 7.8125e-06
114.5 7.8125e-06
115.5 4.6875000000000004e-06
116.5 1.5625e-06
117.5 1.5625e-06
118.5 6.25e-06
119.5 6.25e-06
120.5 4.6875000000000004e-06
121.5 1.2500000000000002e-05
122.5 3.125e-06
123.5 1.2500000000000002e-05
124.5 9.375000000000001e-06
125.5 1.8750000000000005e-05
126.5 1.4062500000000003e-05
127.5 2.1875000000000003e-05
128.5 2.812500000000001e-05
129.5 4.84375e-05
130.5 4.0625000000000005e-05
131.5 5.312499999999996e-05
132.5 6.249999999999997e-05
133.5 2.8125000000000006e-05
134.5 5.7812499999999996e-05
135.5 8.75e-05
136.5 4.999999999999999e-05
137.5 5.468749999999997e-05
138.5 6.874999999999999e-05
139.5 4.6874999999999994e-05
140.5 4.687499999999999e-05
141.5 7.03125e-05
142.5 6.718749999999999e-05
143.5 4.375e-05
144.5 5.156249999999997e-05
145.5 4.843749999999998e-05
146.5 4.6874999999999974e-05
147.5 4.999999999999998e-05
148.5 5.468749999999999e-05
149.5 5.1562499999999986e-05
150.5 7.343749999999999e-05
151.5 6.5625e-05
152.5 7.187499999999999e-05
153.5 7.96875e-05
154.5 9.843750000000003e-05
155.5 9.0625e-05
156.5 0.00010312500000000001
157.5 0.00010937500000000002
158.5 0.0001
159.5 0.00010468750000000002
160.5 0.00010468749999999998
161.5 0.00010468749999999999
162.5 0.000115625
163.5 8.125000000000002e-05
164.5 8.437500000000005e-05
165.5 7.812500000000003e-05
166.5 0.00011250000000000002
167.5 0.00010937500000000006
168.5 6.406249999999998e-05
169.5 6.40625e-05
170.5 7.187500000000003e-05
171.5 6.249999999999997e-05
172.5 5.6249999999999985e-05
173.5 4.53125e-05
174.5 6.71875e-05
175.5 3.75e-05
176.5 4.375e-05
177.5 3.90625e-05
178.5 4.0625e-05
179.5 3.2812500000000005e-05
180.5 3.59375e-05
181.5 4.8437499999999985e-05
182.5 5.312499999999999e-05
183.5 3.2812500000000005e-05
184.5 3.125e-05
185.5 3.9062499999999994e-05
186.5 3.75e-05
187.5 3.90625e-05
188.5 2.9687500000000007e-05
189.5 3.59375e-05
190.5 2.9687500000000003e-05
191.5 5.6249999999999985e-05
192.5 3.75e-05
193.5 3.75e-05
194.5 3.2812500000000005e-05
195.5 3.28125e-05
196.5 4.9999999999999996e-05
197.5 3.2812500000000005e-05
198.5 3.90625e-05
199.5 4.5312499999999977e-05
200.5 4.2187499999999995e-05
201.5 3.5937500000000006e-05
202.5 4.531249999999998e-05
203.5 4.687499999999999e-05
204.5 4.218749999999999e-05
205.5 7.812499999999999e-05
206.5 7.96875e-05
207.5 7.03125e-05
208.5 0.00015156250000000003
209.5 0.00016249999999999997
210.5 0.00021406249999999982
211.5 0.0002828125000000001
212.5 0.0004484375
213.5 0.0004640625
214.5 0.0006015625
215.5 0.0007359375000000005
216.5 0.0008468750000000004
217.5 0.0010140625000000006
218.5 0.0011468750000000003
219.5 0.001176562500000001
220.5 0.0012453125000000005
221.5 0.0013421875000000005
222.5 0.0013656250000000005
223.5 0.0014500000000000003
224.5 0.0011968750000000005
225.5 0.0011953125000000006
226.5 0.0010515625000000006
227.5 0.00093125
228.5 0.0007593750000000003
229.5 0.000625
230.5 0.000515625
231.5 0.0004171874999999999
232.5 0.00033124999999999984
233.5 0.00022187499999999988
234.5 0.00019218749999999992
235.5 0.00013125000000000002
236.5 0.00010625000000000001
237.5 0.00010468750000000002
238.5 5.624999999999999e-05
239.5 3.90625e-05
240.5 2.5000000000000008e-05
241.5 2.6562500000000005e-05
242.5 3.28125e-05
243.5 9.375000000000001e-06
244.5 9.375000000000001e-06
245.5 4.6875000000000004e-06
246.5 9.375000000000001e-06
247.5 4.6875000000000004e-06
248.5 9.375000000000001e-06
249.5 4.6875000000000004e-06
250.5 4.6875000000000004e-06
251.5 1.5625e-06
252.5 4.6875000000000004e-06
253.5 0.0
254.5 3.125e-06
255.5 7.8125e-06
256.5 7.8125e-06
257.5 1.2500000000000002e-05
258.5 1.8750000000000005e-05
259.5 1.4062500000000003e-05
260.5 2.1875000000000007e-05
261.5 3.59375e-05
262.5 2.9687500000000007e-05
263.5 5.1562499999999986e-05
264.5 7.499999999999997e-05
265.5 0.0001609374999999999
266.5 0.00019999999999999985
267.5 0.0002749999999999999
268.5 0.00045781250000000005
269.5 0.0006687500000000001
270.5 0.0009968750000000004
271.5 0.0015390624999999998
272.5 0.002428125
273.5 0.003510937500000001
274.5 0.0047937499999999985
275.5 0.006993750000000001
276.5 0.009803125000000003
277.5 0.012906250000000005
278.5 0.016228125
279.5 0.019620312499999994
280.5 0.022551562500000004
281.5 0.024617187499999995
282.5 0.02561406249999998
283.5 0.024840624999999995
284.5 0.022768749999999994
285.5 0.020079687500000002
286.5 0.016834375000000002
287.5 0.013867187499999998
288.5 0.012312500000000004
289.5 0.012451562499999999
290.5 0.015171875000000001
291.5 0.01963593749999999
292.5 0.025707812499999996
293.5 0.032221875
294.5 0.038093749999999996
295.5 0.04191250000000001
296.5 0.04298906250000001
297.5 0.04161875000000002
298.5 0.037881249999999984
299.5 0.031795312500000006
300.5 0.025204687499999996
301.5 0.019334374999999997
302.5 0.013878124999999996
303.5 0.009498437499999998
304.5 0.0063015625
305.5 0.004201562499999999
306.5 0.0024828125
307.5 0.0014984375000000009
308.5 0.0008859375000000003
309.5 0.000525
310.5 0.0003046874999999999
311.5 0.00015781250000000002
312.5 0.00012187500000000008
313.5 4.84375e-05
314.5 3.2812500000000005e-05
315.5 2.5000000000000008e-05
316.5 1.7187500000000004e-05
317.5 9.375000000000001e-06
318.5 4.6875000000000004e-06
319.5 0.0
320.5 0.0
321.5 0.0
322.5 0.0
323.5 0.0
324.5 0.0
325.5 0.0
326.5 0.0
327.5 0.0
328.5 0.0
329.5 0.0
330.5 1.5625e-06
331.5 0.0
332.5 0.0
333.5 0.0
334.5 0.0
335.5 1.5625e-06
336.5 3.125e-06
337.5 0.0
338.5 6.25e-06
339.5 1.5625e-06
340.5 4.6875000000000004e-06
341.5 3.125e-06
342.5 4.6875000000000004e-06
343.5 1.7187500000000004e-05
344.5 1.5625e-05
345.5 2.3437500000000007e-05
346.5 2.5000000000000008e-05
347.5 4.8437499999999985e-05
348.5 7.031250000000001e-05
349.5 6.562500000000001e-05
350.5 6.0937499999999984e-05
351.5 6.5625e-05
352.5 7.031250000000001e-05
353.5 7.187499999999999e-05
354.5 7.187500000000001e-05
355.5 4.843749999999998e-05
356.5 5.15625e-05
357.5 5.781249999999999e-05
358.5 5.468749999999999e-05
359.5 6.562499999999998e-05
