0.5 0.0
1.5 1.5625e-06
2.5 0.0
3.5 0.0
4.5 6.25e-06
5.5 0.0
6.5 3.125e-06
7.5 0.0
8.5 1.5625e-06
9.5 1.5625e-06
10.5 1.5625e-06
11.5 6.25e-06
12.5 0.0
13.5 4.6875000000000004e-06
14.5 4.6875000000000004e-06
15.5 6.25e-06
16.5 3.125e-06
17.5 6.25e-06
18.5 7.8125e-06
19.5 9.375000000000001e-06
20.5 1.8750000000000002e-05
21.5 1.5625e-05
22.5 2.9687500000000007e-05
23.5 3.2812500000000005e-05
24.5 4.374999999999999e-05
25.5 5.468749999999998e-05
26.5 7.187500000000001e-05
27.5 7.343749999999999e-05
28.5 0.000115625
29.5 0.00010468750000000004
30.5 0.00015937499999999998
31.5 0.00018906249999999989
32.5 0.0002546874999999999
33.5 0.00027343749999999986
34.5 0.00038124999999999975
35.5 0.00044374999999999986
36.5 0.0005750000000000001
37.5 0.0006843750000000002
38.5 0.0009093750000000002
39.5 0.0009765625000000004
40.5 0.0011718750000000002
41.5 0.0014484375000000007
42.5 0.001614062500000001
43.5 0.0019218750000000002
44.5 0.0021625
45.5 0.002528125000000001
46.5 0.0027281250000000005
47.5 0.0030625000000000014
48.5 0.003370312500000001
49.5 0.0036421875000000005
50.5 0.004100000000000001
51.5 0.004415625000000001
52.5 0.004920312500000001
53.5 0.005070312500000003
54.5 0.005295312500000002
55.5 0.005670312499999996
56.5 0.005921875000000001
57.5 0.006106250000000001
58.5 0.006293749999999996
59.5 0.006267187500000002
60.5 0.0064390625
61.5 0.0063624999999999975
62.5 0.0061875
63.5 0.006137500000000001
64.5 0.005893750000000001
65.5 0.005721875
66.5 0.005670312499999998
67.5 0.005295312500000001
68.5 0.005215625000000001
69.5 0.004868750000000001
70.5 0.0047671875
71.5 0.0044046875000000015
72.5 0.004076562499999999
73.5 0.0037140625000000025
74.5 0.003478125000000002
75.5 0.0032484375000000018
76.5 0.0029203125
77.5 0.0026890625000000013
78.5 0.0025140625000000002
79.5 0.0021718749999999998
80.5 0.002196875000000001
81.5 0.0018578124999999999
82.5 0.0016203125000000002
83.5 0.0015437500000000002
84.5 0.0013140625000000006
85.5 0.0012843750000000001
86.5 0.0010937500000000005
87.5 0.0010234375000000003
88.5 0.0008531250000000002
89.5 0.0007625000000000003
90.5 0.0007203125000000004
91.5 0.0005593749999999999
92.5 0.0005625000000000004
93.5 0.0004890625
94.5 0.00044687499999999984
95.5 0.00036093750000000004
96.5 0.00029843749999999993
97.5 0.0002984374999999999
98.5 0.00027031249999999983
99.5 0.00025312499999999977
100.5 0.00019218750000000006
101.5 0.00019531249999999993
102.5 0.00020156249999999992
103.5 0.00015937499999999993
104.5 0.00013125000000000002
105.5 0.00012187500000000001
106.5 0.00010624999999999998
107.5 8.4375e-05
108.5 8.906250000000003e-05
109.5 7.968749999999999e-05
110.5 7.812499999999997e-05
111.5 8.124999999999998e-05
112.5 5.937499999999998e-05
113.5 5.9374999999999966e-05
114.5 7.343749999999998e-05
115.5 6.406249999999998e-05
116.5 5.9374999999999986e-05
117.5 4.8437499999999985e-05
118.5 4.531249999999998e-05
119.5 7.96875e-05
120.5 4.531249999999998e-05
121.5 4.062499999999999e-05
122.5 5.624999999999997e-05
123.5 7.5e-05
124.5 6.093749999999998e-05
125.5 6.71875e-05
126.5 6.718749999999999e-05
127.5 6.718749999999996e-05
128.5 9.374999999999999e-05
129.5 6.093749999999998e-05
130.5 7.65625e-05
131.5 0.0001046875000000001
132.5 0.00013593749999999994
133.5 0.00012031250000000004
134.5 0.00015624999999999998
135.5 0.000203125
136.5 0.00018281249999999987
137.5 0.00023749999999999986
138.5 0.00031093749999999985
139.5 0.00031093749999999974
140.5 0.0003999999999999998
141.5 0.00048437499999999994
142.5 0.000515625
143.5 0.0006109374999999999
144.5 0.0007203125000000006
145.5 0.0008343750000000003
146.5 0.0009624999999999998
147.5 0.0011296875000000005
148.5 0.0014046875000000001
149.5 0.0015625000000000007
150.5 0.0017484375000000004
151.5 0.0020093750000000007
152.5 0.0024828125
153.5 0.002801562500000001
154.5 0.003175
155.5 0.0036062499999999996
156.5 0.004150000000000001
157.5 0.004907812500000001
158.5 0.00551875
159.5 0.006010937500000003
160.5 0.006918750000000001
161.5 0.007556250000000003
162.5 0.008484375000000002
163.5 0.009362500000000004
164.5 0.010262499999999996
165.5 0.011321875000000004
166.5 0.012353124999999998
167.5 0.0133953125
168.5 0.014529687500000008
169.5 0.015243750000000007
170.5 0.01582968749999999
171.5 0.01693281249999999
172.5 0.017762500000000007
173.5 0.018667187500000005
174.5 0.01929687499999999
175.5 0.01960625
176.5 0.020215625
177.5 0.020253125
178.5 0.020710937500000002
179.5 0.020557812500000005
180.5 0.02029687499999999
181.5 0.02033124999999999
182.5 0.019954687499999995
183.5 0.019504687500000006
184.5 0.01922812500000001
185.5 0.018162499999999995
186.5 0.017546875000000003
187.5 0.016703125
188.5 0.015903125000000004
189.5 0.0150453125
190.5 0.013734375000000002
191.5 0.013014062499999993
192.5 0.0120171875
193.5 0.011165625000000002
194.5 0.010264062499999999
195.5 0.009243750000000002
196.5 0.0080984375
197.5 0.007532812500000001
198.5 0.006823437500000002
199.5 0.006125
200.5 0.005425000000000003
201.5 0.004851562500000001
202.5 0.004112500000000002
203.5 0.0037953125000000014
204.5 0.003385937500000001
205.5 0.002825000000000001
206.5 0.0025531250000000003
207.5 0.00221875
208.5 0.00185625
209.5 0.0015906249999999994
210.5 0.0013625000000000009
211.5 0.0011906250000000011
212.5 0.0010656250000000006
213.5 0.0009375
214.5 0.0007484375000000007
215.5 0.0007546875000000006
216.5 0.0005562500000000001
217.5 0.00050625
218.5 0.00040156249999999974
219.5 0.0003921874999999999
220.5 0.00030312499999999974
221.5 0.00031874999999999954
222.5 0.00027968749999999977
223.5 0.0002265624999999999
224.5 0.00022499999999999983
225.5 0.00016406249999999998
226.5 0.00014531249999999996
227.5 0.0001624999999999999
228.5 0.00011718750000000004
229.5 0.00011093749999999999
230.5 0.00013281249999999998
231.5 9.375000000000002e-05
232.5 8.75e-05
233.5 9.218750000000001e-05
234.5 9.062500000000001e-05
235.5 5.6249999999999985e-05
236.5 7.031250000000001e-05
237.5 8.125000000000002e-05
238.5 7.656250000000004e-05
239.5 8.28125e-05
240.5 5.7812499999999996e-05
241.5 8.75e-05
242.5 7.968749999999998e-05
243.5 7.499999999999998e-05
244.5 8.125e-05
245.5 8.593750000000002e-05
246.5 7.031249999999998e-05
247.5 6.249999999999999e-05
248.5 0.00012031250000000002
249.5 9.062500000000001e-05
250.5 0.000115625
251.5 0.00011406250000000001
252.5 0.0001296875
253.5 0.00011874999999999999
254.5 0.00012187499999999997
255.5 0.00017343749999999993
256.5 0.00017343749999999995
257.5 0.0002125
258.5 0.00018906249999999997
259.5 0.0002265624999999999
260.5 0.00025312499999999993
261.5 0.00025625
262.5 0.00033437499999999993
263.5 0.0003171874999999999
264.5 0.0003328124999999997
265.5 0.00038906249999999987
266.5 0.00044375000000000013
267.5 0.0004390624999999999
268.5 0.0004937500000000002
269.5 0.0005359375
270.5 0.0006109374999999998
271.5 0.0006484375000000001
272.5 0.0007140625000000004
273.5 0.0008093750000000002
274.5 0.0008421875000000002
275.5 0.0009203125000000001
276.5 0.0010125000000000008
277.5 0.0011656250000000002
278.5 0.0012109375000000009
279.5 0.0013187500000000005
280.5 0.0014750000000000004
281.5 0.0015984375000000007
282.5 0.0016937500000000015
283.5 0.001796875
284.5 0.0020453125000000003
285.5 0.0021453125000000005
286.5 0.0022687500000000004
287.5 0.002471875000000002
288.5 0.002550000000000001
289.5 0.002820312499999999
290.5 0.00304375
291.5 0.0032796875
292.5 0.0033484374999999994
293.5 0.0034062500000000017
294.5 0.003643750000000002
295.5 0.003792187500000001
296.5 0.003923437500000001
297.5 0.004078125000000001
298.5 0.004210937499999999
299.5 0.004196875000000001
300.5 0.004287500000000001
301.5 0.004137500000000002
302.5 0.0040437500000000005
303.5 0.0040078125
304.5 0.003798437500000002
305.5 0.0038250000000000003
306.5 0.0036265625
307.5 0.003506249999999999
308.5 0.0033250000000000003
309.5 0.003106250000000002
310.5 0.003015625
311.5 0.0025640625000000004
312.5 0.0024140625000000004
313.5 0.002178125000000001
314.5 0.001976562500000001
315.5 0.001704687500000001
316.5 0.001537500000000001
317.5 0.0012890625000000005
318.5 0.0011375000000000007
319.5 0.0009750000000000002
320.5 0.0008375000000000002
321.5 0.0007500000000000002
322.5 0.0005703125
323.5 0.00047187499999999975
324.5 0.00038906249999999976
325.5 0.00029531249999999995
326.5 0.00024999999999999995
327.5 0.00022031249999999997
328.5 0.00018281249999999995
329.5 0.00014687499999999998
330.5 0.00010937500000000004
331.5 7.96875e-05
332.5 5.4687499999999974e-05
333.5 4.843749999999999e-05
334.5 5.78125e-05
335.5 2.8125000000000006e-05
336.5 2.8125000000000006e-05
337.5 1.4062500000000003e-05
338.5 1.7187500000000004e-05
339.5 6.25e-06
340.5 9.375000000000001e-06
341.5 3.125e-06
342.5 1.4062500000000003e-05
343.5 6.25e-06
344.5 6.25e-06
345.5 7.8125e-06
346.5 4.6875000000000004e-06
347.5 3.125e-06
348.5 0.0
349.5 1.5625e-06
350.5 1.5625e-06
351.5 0.0
352.5 1.5625e-06
353.5 1.5625e-06
354.5 6.25e-06
355.5 0.0
356.5 0.0
357.5 0.0
358.5 3.125e-06
359.5 1.5625e-06
