0.5 0.0
1.5 0.0
2.5 1.5625e-06
3.5 0.0
4.5 1.5625e-06
5.5 0.0
6.5 0.0
7.5 0.0
8.5 3.125e-06
9.5 0.0
10.5 1.5625e-06
11.5 1.5625e-06
12.5 0.0
13.5 3.125e-06
14.5 0.0
15.5 4.6875000000000004e-06
16.5 4.6875000000000004e-06
17.5 7.8125e-06
18.5 6.25e-06
19.5 9.375000000000001e-06
20.5 1.7187500000000004e-05
21.5 7.8125e-06
22.5 1.4062500000000003e-05
23.5 1.0937500000000002e-05
24.5 1.71875e-05
25.5 1.4062500000000003e-05
26.5 3.125000000000001e-05
27.5 3.75e-05
28.5 5.7812499999999975e-05
29.5 5.781249999999998e-05
30.5 7.343749999999998e-05
31.5 7.65625e-05
32.5 0.00010624999999999997
33.5 0.00012343750000000007
34.5 0.00014062499999999996
35.5 0.00013906249999999997
36.5 0.0001968749999999999
37.5 0.00024218749999999997
38.5 0.00030624999999999966
39.5 0.0003968749999999997
40.5 0.0004359375
41.5 0.0004625000000000001
42.5 0.0005875
43.5 0.0006656250000000003
44.5 0.0007718750000000001
45.5 0.0009359375000000007
46.5 0.0011578125000000009
47.5 0.0013000000000000002
48.5 0.0015125
49.5 0.0016734375
50.5 0.0018890625000000012
51.5 0.001948437500000001
52.5 0.0022875000000000013
53.5 0.0025843750000000003
54.5 0.002821875000000001
55.5 0.003046875
56.5 0.0034078124999999994
57.5 0.0034484375000000005
58.5 0.0036406250000000032
59.5 0.003956250000000002
60.5 0.003942187499999999
61.5 0.004365625000000003
62.5 0.004484375000000001
63.5 0.0046203125
64.5 0.004657812500000001
65.5 0.004675
66.5 0.004715625000000002
67.5 0.004646875000000003
68.5 0.004775000000000003
69.5 0.0047359375
70.5 0.0046671874999999995
71.5 0.004421875000000002
72.5 0.004231250000000001
73.5 0.004225
74.5 0.004012500000000002
75.5 0.0038765625000000024
76.5 0.003507812500000001
77.5 0.0035250000000000017
78.5 0.0033468750000000013
79.5 0.0029437499999999993
80.5 0.002723437500000002
81.5 0.0026000000000000003
82.5 0.0024359374999999993
83.5 0.0022093749999999995
84.5 0.0019578125000000012
85.5 0.0017937500000000006
86.5 0.001617187500000001
87.5 0.0015359375
88.5 0.0014031250000000012
89.5 0.0012234375000000008
90.5 0.0011156250000000005
91.5 0.00105625
92.5 0.0009093750000000009
93.5 0.0008312500000000005
94.5 0.0006843750000000007
95.5 0.0006703125
96.5 0.0006203125000000003
97.5 0.00053125
98.5 0.0004796874999999999
99.5 0.0004703124999999998
100.5 0.0003765625
101.5 0.0003718749999999997
102.5 0.00032343749999999994
103.5 0.00032968749999999996
104.5 0.00026249999999999977
105.5 0.0002734374999999999
106.5 0.00023124999999999987
107.5 0.00023749999999999986
108.5 0.00021250000000000002
109.5 0.00016875
110.5 0.0001828124999999999
111.5 0.00016093749999999992
112.5 0.0001765625
113.5 0.00014062500000000002
114.5 0.000134375
115.5 0.00013437500000000003
116.5 0.00015624999999999998
117.5 0.00014375000000000002
118.5 0.00016718749999999994
119.5 0.0001734374999999999
120.5 0.0001718749999999999
121.5 0.000125
122.5 0.00014687499999999992
123.5 0.00015312499999999994
124.5 0.00015312499999999994
125.5 0.00016093749999999992
126.5 0.00016093749999999995
127.5 0.0001765624999999999
128.5 0.0002093749999999999
129.5 0.00023437499999999986
130.5 0.00022031249999999991
131.5 0.0002515625
132.5 0.00024687499999999975
133.5 0.0003203124999999999
134.5 0.0003218749999999998
135.5 0.00032656249999999976
136.5 0.0003968749999999997
137.5 0.0004468749999999999
138.5 0.0005046875
139.5 0.000521875
140.5 0.0006078125000000001
141.5 0.0006843750000000002
142.5 0.0008031250000000003
143.5 0.0009203125000000004
144.5 0.0010250000000000003
145.5 0.0012109375000000006
146.5 0.0013062500000000006
147.5 0.001626562500000001
148.5 0.0017265625000000013
149.5 0.001981250000000001
150.5 0.0022937500000000006
151.5 0.0025640625000000012
152.5 0.0028640625000000016
153.5 0.003282812500000001
154.5 0.003739062500000002
155.5 0.0042015625000000004
156.5 0.004464062500000001
157.5 0.0051546874999999995
158.5 0.005790625000000003
159.5 0.006426562500000001
160.5 0.0070421875
161.5 0.0076578125
162.5 0.0086453125
163.5 0.0096234375
164.5 0.010203124999999997
165.5 0.010964062500000003
166.5 0.012110937499999997
167.5 0.012512500000000001
168.5 0.013801562500000003
169.5 0.014331249999999997
170.5 0.015274999999999995
171.5 0.01596875
172.5 0.0170046875
173.5 0.017640625000000014
174.5 0.017993750000000006
175.5 0.0185703125
176.5 0.0188828125
177.5 0.019278125
178.5 0.019746874999999994
179.5 0.019789062499999996
180.5 0.019528124999999997
181.5 0.019756249999999993
182.5 0.019090625000000003
183.5 0.019023437500000007
184.5 0.018895312499999994
185.5 0.017953125000000004
186.5 0.017364062500000003
187.5 0.016740625
188.5 0.016007812500000003
189.5 0.015276562499999993
190.5 0.014209375000000002
191.5 0.013648437500000004
192.5 0.012826562499999998
193.5 0.011871875
194.5 0.010979687499999998
195.5 0.010078125000000007
196.5 0.009462500000000006
197.5 0.008657812500000002
198.5 0.007989062500000003
199.5 0.007251562500000002
200.5 0.0063828125
201.5 0.005762499999999999
202.5 0.005228125000000002
203.5 0.004642187500000002
204.5 0.004110937500000002
205.5 0.0037406250000000018
206.5 0.0032281250000000005
207.5 0.002815625000000001
208.5 0.0025234375
209.5 0.0022890625000000016
210.5 0.0019671875
211.5 0.0017875000000000002
212.5 0.0014625000000000007
213.5 0.0013750000000000012
214.5 0.0013171875000000004
215.5 0.0010093750000000007
216.5 0.0009343750000000004
217.5 0.0008171875000000004
218.5 0.0007031250000000003
219.5 0.0006218750000000008
220.5 0.0005515625000000004
221.5 0.0004859375000000002
222.5 0.0004359374999999999
223.5 0.00037499999999999995
224.5 0.0003609374999999999
225.5 0.00032343749999999983
226.5 0.0002843749999999998
227.5 0.0002406249999999999
228.5 0.0002562499999999998
229.5 0.0002031249999999999
230.5 0.00019687499999999992
231.5 0.00020312499999999988
232.5 0.00017499999999999992
233.5 0.00019687499999999995
234.5 0.0001328125
235.5 0.00016562499999999992
236.5 0.000134375
237.5 0.0001718749999999999
238.5 0.00012656250000000002
239.5 0.00012656250000000002
240.5 0.00013906249999999997
241.5 0.00013750000000000004
242.5 0.00011093750000000003
243.5 0.00015312499999999997
244.5 0.00014687499999999998
245.5 0.00014375000000000002
246.5 0.00015781249999999997
247.5 0.00016406249999999996
248.5 0.00019374999999999997
249.5 0.000165625
250.5 0.00016874999999999993
251.5 0.0002171874999999999
252.5 0.0002328124999999999
253.5 0.00024062499999999985
254.5 0.00026093749999999983
255.5 0.00032656250000000003
256.5 0.0002999999999999999
257.5 0.00033749999999999986
258.5 0.00038281249999999996
259.5 0.00038906249999999987
260.5 0.0004296874999999999
261.5 0.0005156250000000003
262.5 0.0005671875
263.5 0.0006015625000000002
264.5 0.0006687500000000002
265.5 0.0007609375000000007
266.5 0.0007625000000000003
267.5 0.0008578125000000002
268.5 0.0010171875000000003
269.5 0.0011015625000000005
270.5 0.0012578125000000005
271.5 0.0012875000000000004
272.5 0.0014921875000000007
273.5 0.0016265625000000006
274.5 0.0017875000000000015
275.5 0.0019171875000000014
276.5 0.0021468749999999995
277.5 0.0023500000000000005
278.5 0.0025906250000000035
279.5 0.0027125000000000014
280.5 0.002985937499999998
281.5 0.0031437499999999985
282.5 0.003373437499999999
283.5 0.0035531250000000016
284.5 0.003876562500000001
285.5 0.0040906250000000005
286.5 0.004134375000000002
287.5 0.0042421875
288.5 0.004387499999999998
289.5 0.004592187500000001
290.5 0.0046953125
291.5 0.0047343750000000025
292.5 0.0045953125000000004
293.5 0.004804687500000002
294.5 0.004651562500000001
295.5 0.004528125000000001
296.5 0.004493750000000004
297.5 0.0044062500000000004
298.5 0.004204687500000002
299.5 0.003953125000000001
300.5 0.0038453125000000006
301.5 0.00360625
302.5 0.0034468750000000007
303.5 0.0033640625
304.5 0.0029093750000000005
305.5 0.002728125000000001
306.5 0.0025281250000000013
307.5 0.0023109375000000005
308.5 0.0020671875
309.5 0.001818750000000001
310.5 0.0016437500000000007
311.5 0.001390625
312.5 0.001259375000000001
313.5 0.0011093750000000001
314.5 0.0009390625000000006
315.5 0.0008296875
316.5 0.0006953125
317.5 0.0005640624999999999
318.5 0.0005250000000000001
319.5 0.00043593749999999996
320.5 0.0003640624999999998
321.5 0.00031406249999999994
322.5 0.00026249999999999993
323.5 0.00018125
324.5 0.00017187499999999983
325.5 0.00012031250000000004
326.5 0.00011562500000000005
327.5 9.687500000000001e-05
328.5 8.750000000000001e-05
329.5 5.4687499999999974e-05
330.5 4.374999999999999e-05
331.5 3.4375e-05
332.5 2.3437500000000007e-05
333.5 2.968750000000001e-05
334.5 3.437500000000001e-05
335.5 1.7187500000000004e-05
336.5 4.6875000000000004e-06
337.5 1.4062500000000003e-05
338.5 1.2500000000000002e-05
339.5 3.125e-06
340.5 6.25e-06
341.5 3.125e-06
342.5 0.0
343.5 3.125e-06
344.5 4.6875000000000004e-06
345.5 1.5625e-06
346.5 3.125e-06
347.5 3.125e-06
348.5 1.5625e-06
349.5 1.5625e-06
350.5 3.125e-06
351.5 1.5625e-06
352.5 0.0
353.5 0.0
354.5 1.5625e-06
355.5 0.0
356.5 1.5625e-06
357.5 0.0
358.5 1.5625e-06
359.5 0.0
