0.5 0.0
1.5 3.125e-06
2.5 0.0
3.5 1.5625e-06
4.5 3.125e-06
5.5 1.5625e-06
6.5 0.0
7.5 0.0
8.5 0.0
9.5 0.0
10.5 4.6875000000000004e-06
11.5 3.125e-06
12.5 4.6875000000000004e-06
13.5 1.5625e-06
14.5 0.0
15.5 7.8125e-06
16.5 4.6875000000000004e-06
17.5 3.125e-06
18.5 7.8125e-06
19.5 9.375000000000001e-06
20.5 9.375000000000001e-06
21.5 1.4062500000000003e-05
22.5 6.25e-06
23.5 2.0312500000000006e-05
24.5 2.656250000000001e-05
25.5 3.4375e-05
26.5 3.75e-05
27.5 4.999999999999998e-05
28.5 5.9374999999999986e-05
29.5 7.187499999999999e-05
30.5 6.093749999999998e-05
31.5 8.281249999999997e-05
32.5 0.0001609374999999999
33.5 0.00013124999999999996
34.5 0.00018124999999999993
35.5 0.00022187499999999982
36.5 0.00024687499999999997
37.5 0.0003281249999999999
38.5 0.0003140624999999998
39.5 0.00040624999999999993
40.5 0.000515625
41.5 0.0006156250000000002
42.5 0.0006546875000000004
43.5 0.0008000000000000005
44.5 0.000907812500000001
45.5 0.001103125
46.5 0.0012703125000000006
47.5 0.0014671875000000004
48.5 0.0017093750000000002
49.5 0.001795312500000001
50.5 0.0020171875000000008
51.5 0.0023843749999999993
52.5 0.002496875
53.5 0.002825
54.5 0.0028281250000000016
55.5 0.003285937500000002
56.5 0.0034140625000000004
57.5 0.003723437500000002
58.5 0.0038156250000000017
59.5 0.004200000000000003
60.5 0.004407812500000003
61.5 0.004446875000000001
62.5 0.004504687500000001
63.5 0.004634375000000003
64.5 0.004720312500000001
65.5 0.004935937500000001
66.5 0.004920312500000003
67.5 0.0049109374999999995
68.5 0.004910937500000002
69.5 0.004685937500000002
70.5 0.004842187500000001
71.5 0.004681249999999999
72.5 0.00455625
73.5 0.004350000000000001
74.5 0.004025000000000001
75.5 0.003990625000000002
76.5 0.003760937500000003
77.5 0.0036281250000000007
78.5 0.0033218750000000006
79.5 0.003096875
80.5 0.0028812500000000014
81.5 0.0028656249999999997
82.5 0.0026796875000000015
83.5 0.002443750000000001
84.5 0.002120312500000001
85.5 0.001979687500000001
86.5 0.0017234375000000004
87.5 0.0017031250000000004
88.5 0.0014671875000000006
89.5 0.0014234375000000007
90.5 0.001257812500000001
91.5 0.0011328125000000008
92.5 0.0009734375000000003
93.5 0.0008484375000000002
94.5 0.0008140625000000003
95.5 0.0006828125000000003
96.5 0.0007250000000000004
97.5 0.0005812500000000001
98.5 0.0005218750000000002
99.5 0.0005187500000000001
100.5 0.0004343749999999998
101.5 0.00041718749999999997
102.5 0.0003406249999999996
103.5 0.0003093749999999999
104.5 0.00028593749999999973
105.5 0.0002843749999999999
106.5 0.00023124999999999985
107.5 0.00021718749999999996
108.5 0.0002046874999999999
109.5 0.00022968749999999988
110.5 0.00018906249999999986
111.5 0.00016406249999999998
112.5 0.0001796875
113.5 0.00016406249999999998
114.5 0.0001515624999999999
115.5 0.00012187500000000005
116.5 0.00014843749999999997
117.5 0.00011875000000000005
118.5 0.00012187500000000002
119.5 0.0001296875
120.5 0.0001296875
121.5 0.00010312500000000004
122.5 0.00012187500000000001
123.5 0.0001015625
124.5 0.00012031250000000002
125.5 0.00010625
126.5 0.00012187500000000005
127.5 0.00013281250000000006
128.5 0.00012656250000000002
129.5 0.00013125000000000005
130.5 0.00015312499999999991
131.5 0.0001937499999999999
132.5 0.0001859374999999999
133.5 0.00015937499999999993
134.5 0.00023593749999999974
135.5 0.00022187499999999982
136.5 0.00026718749999999996
137.5 0.00030468749999999973
138.5 0.0003421874999999998
139.5 0.0003687499999999998
140.5 0.0004124999999999998
141.5 0.00049375
142.5 0.0005437500000000003
143.5 0.0006171874999999999
144.5 0.000721875
145.5 0.0008218750000000008
146.5 0.0009531250000000007
147.5 0.0011453125000000007
148.5 0.001215625
149.5 0.0015078125000000018
150.5 0.0016609375000000005
151.5 0.0018765625000000008
152.5 0.0021406249999999997
153.5 0.002457812500000002
154.5 0.0029328125000000005
155.5 0.00331875
156.5 0.003879687500000003
157.5 0.004434375000000003
158.5 0.004857812500000001
159.5 0.005503125000000001
160.5 0.006184375
161.5 0.006896874999999999
162.5 0.007640625000000002
163.5 0.008453125
164.5 0.009381250000000004
165.5 0.0104734375
166.5 0.0111375
167.5 0.012354687500000005
168.5 0.013309374999999998
169.5 0.014557812499999998
170.5 0.015442187499999998
171.5 0.0164359375
172.5 0.0173734375
173.5 0.0180625
174.5 0.018995312499999997
175.5 0.019370312500000004
176.5 0.020570312499999997
177.5 0.020846875000000004
178.5 0.0209015625
179.5 0.021476562500000004
180.5 0.021110937500000006
181.5 0.020871875
182.5 0.020535937500000004
183.5 0.020150000000000005
184.5 0.019820312500000006
185.5 0.019007812500000002
186.5 0.018217187499999996
187.5 0.017109375
188.5 0.016357812499999996
189.5 0.015382812499999999
190.5 0.014381250000000002
191.5 0.0134
192.5 0.01243281249999999
193.5 0.011299999999999994
194.5 0.010454687500000004
195.5 0.0095625
196.5 0.008592187500000003
197.5 0.007653125000000001
198.5 0.006801562500000003
199.5 0.006000000000000003
200.5 0.005456250000000001
201.5 0.0048515625
202.5 0.004253125000000001
203.5 0.0039093750000000005
204.5 0.003073437500000002
205.5 0.0028718750000000007
206.5 0.0025125000000000004
207.5 0.002203125
208.5 0.0018953124999999996
209.5 0.0017156249999999997
210.5 0.001489062500000001
211.5 0.0012140625000000014
212.5 0.0010984375000000007
213.5 0.0009578125000000005
214.5 0.0007734375000000005
215.5 0.0006515625000000003
216.5 0.0006500000000000002
217.5 0.0005312500000000003
218.5 0.0004796874999999997
219.5 0.00041718749999999975
220.5 0.00035624999999999974
221.5 0.00032656249999999987
222.5 0.00029999999999999965
223.5 0.00023281249999999984
224.5 0.00021718749999999988
225.5 0.00022656249999999988
226.5 0.0002390624999999999
227.5 0.00019062499999999988
228.5 0.0001656249999999999
229.5 0.00013906250000000003
230.5 0.00011562500000000003
231.5 0.00011718750000000004
232.5 0.00013906250000000003
233.5 0.00012187500000000001
234.5 0.00012187500000000006
235.5 0.00013124999999999996
236.5 0.00011406250000000008
237.5 0.00011250000000000002
238.5 8.906250000000002e-05
239.5 0.00014843749999999997
240.5 0.00010156250000000002
241.5 0.00012499999999999998
242.5 0.000121875
243.5 0.00010468750000000003
244.5 0.00011718750000000004
245.5 0.00013593749999999988
246.5 0.00012812499999999998
247.5 0.00015937499999999998
248.5 0.00019531249999999993
249.5 0.0002015624999999998
250.5 0.00021249999999999988
251.5 0.00023281249999999984
252.5 0.0002468749999999999
253.5 0.00021874999999999987
254.5 0.0002609374999999998
255.5 0.00031249999999999984
256.5 0.0003140624999999999
257.5 0.00032187499999999984
258.5 0.0004109374999999999
259.5 0.00044062500000000004
260.5 0.0005109375000000002
261.5 0.0005140625000000001
262.5 0.0005984375000000004
263.5 0.0006453125000000003
264.5 0.0007515625000000005
265.5 0.0007984375000000006
266.5 0.0008937500000000001
267.5 0.0010062500000000002
268.5 0.0010921875000000011
269.5 0.001170312500000001
270.5 0.0012484375000000006
271.5 0.0014984374999999996
272.5 0.0016875000000000015
273.5 0.0018625000000000009
274.5 0.00205
275.5 0.002107812500000001
276.5 0.0022625
277.5 0.002534375000000001
278.5 0.0028875
279.5 0.0030062500000000002
280.5 0.0031921875000000006
281.5 0.003517187500000002
282.5 0.0036593750000000025
283.5 0.003745312500000001
284.5 0.003803124999999999
285.5 0.0042734375
286.5 0.004432812500000003
287.5 0.004518750000000004
288.5 0.0046109375000000005
289.5 0.004854687500000001
290.5 0.0048328124999999994
291.5 0.004795312500000003
292.5 0.004834375000000001
293.5 0.004996875000000003
294.5 0.004976562500000001
295.5 0.004893750000000003
296.5 0.004581249999999999
297.5 0.004637500000000003
298.5 0.004428125000000003
299.5 0.004310937500000004
300.5 0.0039859375000000025
301.5 0.0039734375
302.5 0.0037703125000000015
303.5 0.0034390625000000003
304.5 0.0032531250000000017
305.5 0.002901562500000002
306.5 0.0028093750000000002
307.5 0.002556250000000001
308.5 0.0022906249999999997
309.5 0.0020515625000000004
310.5 0.001814062500000001
311.5 0.0016406250000000006
312.5 0.0015578124999999997
313.5 0.0012421875000000005
314.5 0.0011031250000000008
315.5 0.0009437500000000001
316.5 0.0008296875000000008
317.5 0.0007296875000000004
318.5 0.0005718750000000002
319.5 0.0004921875000000001
320.5 0.0004156249999999998
321.5 0.00037499999999999985
322.5 0.0002921874999999998
323.5 0.0002499999999999999
324.5 0.00018906249999999997
325.5 0.00015781249999999994
326.5 0.00012968750000000003
327.5 9.843750000000004e-05
328.5 8.125000000000001e-05
329.5 9.21875e-05
330.5 6.562499999999998e-05
331.5 4.6874999999999994e-05
332.5 2.9687500000000007e-05
333.5 2.656250000000001e-05
334.5 3.7500000000000003e-05
335.5 3.2812500000000005e-05
336.5 1.5625000000000004e-05
337.5 1.8750000000000005e-05
338.5 1.5625e-05
339.5 1.2500000000000002e-05
340.5 4.6875000000000004e-06
341.5 1.0937500000000002e-05
342.5 1.0937500000000002e-05
343.5 9.375000000000001e-06
344.5 7.8125e-06
345.5 1.5625e-06
346.5 3.125e-06
347.5 1.5625e-06
348.5 4.6875000000000004e-06
349.5 0.0
350.5 1.5625e-06
351.5 6.25e-06
352.5 0.0
353.5 0.0
354.5 0.0
355.5 1.5625e-06
356.5 0.0
357.5 3.125e-06
358.5 0.0
359.5 1.5625e-06
