0.5 9.0625e-05
1.5 8.28125e-05
2.5 7.968749999999999e-05
3.5 8.125000000000001e-05
4.5 7.500000000000001e-05
5.5 8.125e-05
6.5 7.5e-05
7.5 7.8125e-05
8.5 6.5625e-05
9.5 7.187500000000001e-05
10.5 9.21875e-05
11.5 6.25e-05
12.5 5.6250000000000005e-05
13.5 5.46875e-05
14.5 4.374999999999999e-05
15.5 6.09375e-05
16.5 7.1875e-05
17.5 5.625e-05
18.5 5.4687499999999994e-05
19.5 5.312499999999999e-05
20.5 6.875e-05
21.5 5.78125e-05
22.5 3.90625e-05
23.5 6.71875e-05
24.5 5.9375e-05
25.5 5.625e-05
26.5 6.09375e-05
27.5 5e-05
28.5 6.25e-05
29.5 7.1875e-05
30.5 6.25e-05
31.5 4.5312500000000004e-05
32.5 6.25e-05
33.5 4.0625e-05
34.5 5.78125e-05
35.5 4.84375e-05
36.5 5.4687499999999994e-05
37.5 6.5625e-05
38.5 6.09375e-05
39.5 6.5625e-05
40.5 5.312499999999999e-05
41.5 5.78125e-05
42.5 3.9062499999999994e-05
43.5 6.25e-05
44.5 4.6875e-05
45.5 4.375e-05
46.5 4.53125e-05
47.5 3.125e-05
48.5 2.96875e-05
49.5 4.2187499999999995e-05
50.5 3.28125e-05
51.5 2.34375e-05
52.5 3.28125e-05
53.5 2.1875000000000003e-05
54.5 3.125e-05
55.5 1.40625e-05
56.5 2.34375e-05
57.5 1.25e-05
58.5 2.5e-05
59.5 1.4062500000000001e-05
60.5 1.25e-05
61.5 1.40625e-05
62.5 4.6875000000000004e-06
63.5 9.375e-06
64.5 1.0937500000000002e-05
65.5 2.03125e-05
66.5 9.375000000000001e-06
67.5 4.6875000000000004e-06
68.5 7.8125e-06
69.5 6.25e-06
70.5 4.6875000000000004e-06
71.5 0.0
72.5 1.2500000000000002e-05
73.5 1.71875e-05
74.5 1.25e-05
75.5 9.375000000000001e-06
76.5 9.375000000000001e-06
77.5 1.5625e-05
78.5 6.25e-06
79.5 7.8125e-06
80.5 2.6562500000000002e-05
81.5 1.5625e-05
82.5 2.6562500000000002e-05
83.5 3.28125e-05
84.5 3.125e-05
85.5 4.0625e-05
86.5 4.0625000000000005e-05
87.5 5.15625e-05
88.5 5e-05
89.5 3.90625e-05
90.5 7.500000000000001e-05
91.5 8.125000000000001e-05
92.5 7.96875e-05
93.5 0.00010468749999999999
94.5 0.00012187500000000001
95.5 0.000115625
96.5 0.00014687499999999998
97.5 0.00015625
98.5 0.0001703125
99.5 0.0001703125
100.5 0.00018593749999999999
101.5 0.00019375
102.5 0.00019687500000000003
103.5 0.00017812499999999998
104.5 0.00022343749999999998
105.5 0.00025156249999999994
106.5 0.00025937499999999995
107.5 0.0002906249999999999
108.5 0.00032343749999999983
109.5 0.0004093749999999999
110.5 0.0004718749999999999
111.5 0.0006218749999999999
112.5 0.0007015625000000001
113.5 0.0008171875000000002
114.5 0.0009359375000000004
115.5 0.0011281250000000002
116.5 0.0013703125000000009
117.5 0.0014796874999999997
118.5 0.001684375
119.5 0.00206875
120.5 0.0023249999999999994
121.5 0.0025015625
122.5 0.0027484374999999987
123.5 0.0030890625000000002
124.5 0.0034562499999999993
125.5 0.003620312499999999
126.5 0.003957812500000001
127.5 0.004251562499999999
128.5 0.0045171875
129.5 0.0045890624999999985
130.5 0.0048734374999999976
131.5 0.005006250000000001
132.5 0.005484374999999996
133.5 0.005443749999999998
134.5 0.0059546874999999964
135.5 0.006118750000000001
136.5 0.006437499999999998
137.5 0.0067421875
138.5 0.006793750000000005
139.5 0.0071
140.5 0.007339062500000002
141.5 0.007815624999999998
142.5 0.008364062500000003
143.5 0.008467187500000002
144.5 0.0091921875
145.5 0.009403125000000003
146.5 0.009731250000000004
147.5 0.010343749999999999
148.5 0.010867187500000002
149.5 0.011521874999999994
150.5 0.012354687500000001
151.5 0.012676562500000007
152.5 0.013790624999999992
153.5 0.014195312499999996
154.5 0.014706250000000008
155.5 0.015149999999999997
156.5 0.0160390625
157.5 0.0163171875
158.5 0.017039062500000007
159.5 0.0176375
160.5 0.017820312499999998
161.5 0.018196875000000005
162.5 0.018199999999999994
163.5 0.01845312499999999
164.5 0.018637500000000008
165.5 0.019065625000000003
166.5 0.019046874999999998
167.5 0.019048437499999998
168.5 0.018693749999999988
169.5 0.018601562500000005
170.5 0.018774999999999997
171.5 0.018096875000000002
172.5 0.017892187499999993
173.5 0.017681249999999996
174.5 0.017235937499999996
175.5 0.016974999999999994
176.5 0.0165953125
177.5 0.016412499999999993
178.5 0.01581875
179.5 0.015453125000000005
180.5 0.015025000000000004
181.5 0.014784374999999999
182.5 0.014082812499999998
183.5 0.0137546875
184.5 0.013185937499999998
185.5 0.012621874999999994
186.5 0.012028124999999995
187.5 0.011632812499999996
188.5 0.0107359375
189.5 0.0101265625
190.5 0.009653125000000002
191.5 0.00905625
192.5 0.008565625000000002
193.5 0.008193750000000001
194.5 0.007271875000000001
195.5 0.006778125000000006
196.5 0.006415625000000002
197.5 0.0058984375
198.5 0.005389062500000003
199.5 0.004920312500000002
200.5 0.004528124999999998
201.5 0.0040546874999999975
202.5 0.003625000000000001
203.5 0.0034312500000000007
204.5 0.003040625
205.5 0.0026796874999999998
206.5 0.002637500000000001
207.5 0.0024687500000000005
208.5 0.0021203125000000007
209.5 0.0019343750000000008
210.5 0.001753125000000001
211.5 0.0016734375000000007
212.5 0.0014875000000000018
213.5 0.001346875000000001
214.5 0.001232812500000001
215.5 0.0011875000000000013
216.5 0.0010421875000000006
217.5 0.0009578125000000005
218.5 0.0009656250000000008
219.5 0.0008125000000000006
220.5 0.0007562500000000008
221.5 0.0007343750000000008
222.5 0.0006500000000000006
223.5 0.000621875
224.5 0.0005593750000000005
225.5 0.0005109375000000002
226.5 0.0004749999999999999
227.5 0.00044843749999999983
228.5 0.00040468749999999983
229.5 0.00030937499999999986
230.5 0.00030312499999999995
231.5 0.0002656249999999999
232.5 0.0002578124999999999
233.5 0.000246875
234.5 0.00018749999999999992
235.5 0.00015312499999999994
236.5 0.00015312499999999997
237.5 0.00014843749999999994
238.5 0.00012031250000000003
239.5 9.84375e-05
240.5 8.593750000000002e-05
241.5 8.281250000000001e-05
242.5 0.00010312500000000001
243.5 7.187500000000001e-05
244.5 6.718750000000001e-05
245.5 4.531249999999999e-05
246.5 4.53125e-05
247.5 3.28125e-05
248.5 5.156249999999999e-05
249.5 3.4374999999999995e-05
250.5 3.7500000000000003e-05
251.5 2.5000000000000005e-05
252.5 2.5000000000000005e-05
253.5 3.2812500000000005e-05
254.5 2.3437500000000007e-05
255.5 2.8125000000000003e-05
256.5 2.9687500000000007e-05
257.5 2.9687500000000007e-05
258.5 2.9687500000000003e-05
259.5 2.1875000000000003e-05
260.5 1.5625e-05
261.5 1.8750000000000005e-05
262.5 2.8125000000000003e-05
263.5 2.34375e-05
264.5 2.8125000000000003e-05
265.5 4.21875e-05
266.5 2.3437500000000004e-05
267.5 4.374999999999999e-05
268.5 4.53125e-05
269.5 5e-05
270.5 4.53125e-05
271.5 4.9999999999999996e-05
272.5 6.874999999999999e-05
273.5 6.562500000000001e-05
274.5 9.843750000000001e-05
275.5 0.00013749999999999995
276.5 0.00014218749999999998
277.5 0.000171875
278.5 0.00020312499999999996
279.5 0.0002453125
280.5 0.00030312499999999995
281.5 0.0003468749999999999
282.5 0.0003874999999999999
283.5 0.00045
284.5 0.0004953125000000001
285.5 0.000540625
286.5 0.0006031250000000001
287.5 0.0006765624999999999
288.5 0.0007109375000000001
289.5 0.0006875
290.5 0.0008250000000000001
291.5 0.0008171875
292.5 0.0009328125000000002
293.5 0.0008906250000000002
294.5 0.0008765624999999998
295.5 0.0009390625
296.5 0.0010109375000000001
297.5 0.0009734374999999999
298.5 0.0010109375000000001
299.5 0.0009328125
300.5 0.0010046875
301.5 0.0009546875
302.5 0.0009234375
303.5 0.0009640625000000001
304.5 0.000925
305.5 0.0008359375
306.5 0.0008015625000000002
307.5 0.0007921875
308.5 0.0007046875
309.5 0.0006859375
310.5 0.0006968749999999999
311.5 0.0006078125000000001
312.5 0.0005671875
313.5 0.0005749999999999999
314.5 0.000446875
315.5 0.00044687499999999995
316.5 0.00039999999999999996
317.5 0.00041718749999999997
318.5 0.00035624999999999996
319.5 0.0003171875
320.5 0.00030937499999999997
321.5 0.0003125
322.5 0.0002640625
323.5 0.00028125
324.5 0.00025781249999999996
325.5 0.00022343749999999998
326.5 0.00017968750000000002
327.5 0.00020781250000000002
328.5 0.000196875
329.5 0.00018125
330.5 0.00012499999999999998
331.5 0.00015625
332.5 0.00017812499999999998
333.5 0.00017500000000000005
334.5 0.00016406249999999998
335.5 0.00014218749999999998
336.5 0.0001203125
337.5 0.000134375
338.5 0.00013906249999999994
339.5 0.0001125
340.5 0.00014843749999999997
341.5 0.00012656250000000002
342.5 0.0001125
343.5 0.0001046875
344.5 0.0001046875
345.5 0.0001015625
346.5 0.00010781250000000003
347.5 7.96875e-05
348.5 0.00011562500000000002
349.5 8.59375e-05
350.5 7.96875e-05
351.5 9.375e-05
352.5 9.21875e-05
353.5 8.281249999999999e-05
354.5 8.4375e-05
355.5 8.59375e-05
356.5 7.187499999999999e-05
357.5 7.8125e-05
358.5 7.1875e-05
359.5 6.71875e-05
