0.5 0.0307890625
1.5 0.03056875000000001
2.5 0.030068749999999988
3.5 0.029875
4.5 0.02915312499999999
5.5 0.028843749999999998
6.5 0.027720312499999993
7.5 0.027318749999999992
8.5 0.025800000000000007
9.5 0.024982812500000007
10.5 0.024068750000000007
11.5 0.022567187500000006
12.5 0.021353125000000008
13.5 0.019809374999999997
14.5 0.01835625
15.5 0.0168328125
16.5 0.015114062500000002
17.5 0.013440624999999996
18.5 0.011543750000000002
19.5 0.010192187500000002
20.5 0.008798437500000006
21.5 0.007131249999999998
22.5 0.005837500000000002
23.5 0.004890625000000001
24.5 0.003809375000000003
25.5 0.003007812500000002
26.5 0.0022562499999999996
27.5 0.0017890625000000007
28.5 0.0012109375000000002
29.5 0.0008609375000000003
30.5 0.0006421875000000004
31.5 0.0003812499999999998
32.5 0.00029531249999999995
33.5 0.0001765625
34.5 0.00012031249999999998
35.5 8.906250000000002e-05
36.5 5.156249999999998e-05
37.5 3.906250000000001e-05
38.5 1.5625000000000004e-05
39.5 6.25e-06
40.5 6.25e-06
41.5 7.8125e-06
42.5 4.6875000000000004e-06
43.5 0.0
44.5 0.0
45.5 0.0
46.5 0.0
47.5 0.0
48.5 0.0
49.5 0.0
50.5 0.0
51.5 0.0
52.5 0.0
53.5 0.0
54.5 0.0
55.5 0.0
56.5 0.0
57.5 0.0
58.5 0.0
59.5 0.0
60.5 0.0
61.5 0.0
62.5 0.0
63.5 0.0
64.5 0.0
65.5 0.0
66.5 0.0
67.5 0.0
68.5 0.0
69.5 0.0
70.5 0.0
71.5 0.0
72.5 0.0
73.5 0.0
74.5 0.0
75.5 0.0
76.5 0.0
77.5 0.0
78.5 0.0
79.5 0.0
80.5 0.0
81.5 0.0
82.5 0.0
83.5 0.0
84.5 0.0
85.5 0.0
86.5 0.0
87.5 0.0
88.5 0.0
89.5 0.0
90.5 0.0
91.5 0.0
92.5 0.0
93.5 0.0
94.5 0.0
95.5 0.0
96.5 0.0
97.5 0.0
98.5 0.0
99.5 0.0
100.5 0.0
101.5 0.0
102.5 0.0
103.5 0.0
104.5 0.0
105.5 0.0
106.5 0.0
107.5 0.0
108.5 0.0
109.5 0.0
110.5 0.0
111.5 0.0
112.5 0.0
113.5 0.0
114.5 0.0
115.5 0.0
116.5 0.0
117.5 0.0
118.5 0.0
119.5 0.0
120.5 0.0
121.5 0.0
122.5 0.0
123.5 0.0
124.5 0.0
125.5 0.0
126.5 0.0
127.5 0.0
128.5 0.0
129.5 0.0
130.5 0.0
131.5 0.0
132.5 0.0
133.5 0.0
134.5 0.0
135.5 0.0
136.5 0.0
137.5 0.0
138.5 0.0
139.5 0.0
140.5 0.0
141.5 0.0
142.5 0.0
143.5 0.0
144.5 0.0
145.5 0.0
146.5 0.0
147.5 0.0
148.5 0.0
149.5 0.0
150.5 0.0
151.5 0.0
152.5 0.0
153.5 0.0
154.5 0.0
155.5 0.0
156.5 0.0
157.5 0.0
158.5 0.0
159.5 0.0
160.5 0.0
161.5 0.0
162.5 0.0
163.5 0.0
164.5 0.0
165.5 0.0
166.5 0.0
167.5 0.0
168.5 0.0
169.5 0.0
170.5 0.0
171.5 0.0
172.5 0.0
173.5 0.0
174.5 0.0
175.5 0.0
176.5 0.0
177.5 0.0
178.5 0.0
179.5 0.0
180.5 0.0
181.5 0.0
182.5 0.0
183.5 0.0
184.5 0.0
185.5 0.0
186.5 0.0
187.5 0.0
188.5 0.0
189.5 0.0
190.5 0.0
191.5 0.0
192.5 0.0
193.5 0.0
194.5 0.0
195.5 0.0
196.5 0.0
197.5 0.0
198.5 0.0
199.5 0.0
200.5 0.0
201.5 0.0
202.5 0.0
203.5 0.0
204.5 0.0
205.5 0.0
206.5 0.0
207.5 0.0
208.5 0.0
209.5 0.0
210.5 0.0
211.5 0.0
212.5 0.0
213.5 0.0
214.5 0.0
215.5 0.0
216.5 0.0
217.5 0.0
218.5 0.0
219.5 0.0
220.5 0.0
221.5 0.0
222.5 0.0
223.5 0.0
224.5 0.0
225.5 0.0
226.5 0.0
227.5 0.0
228.5 0.0
229.5 0.0
230.5 0.0
231.5 0.0
232.5 0.0
233.5 0.0
234.5 0.0
235.5 0.0
236.5 0.0
237.5 0.0
238.5 0.0
239.5 0.0
240.5 0.0
241.5 0.0
242.5 0.0
243.5 0.0
244.5 0.0
245.5 0.0
246.5 0.0
247.5 0.0
248.5 0.0
249.5 0.0
250.5 0.0
251.5 0.0
252.5 0.0
253.5 0.0
254.5 0.0
255.5 0.0
256.5 0.0
257.5 0.0
258.5 0.0
259.5 0.0
260.5 0.0
261.5 0.0
262.5 0.0
263.5 0.0
264.5 0.0
265.5 0.0
266.5 0.0
267.5 0.0
268.5 0.0
269.5 0.0
270.5 0.0
271.5 0.0
272.5 0.0
273.5 0.0
274.5 0.0
275.5 0.0
276.5 0.0
277.5 0.0
278.5 0.0
279.5 0.0
280.5 0.0
281.5 0.0
282.5 0.0
283.5 0.0
284.5 0.0
285.5 0.0
286.5 0.0
287.5 0.0
288.5 0.0
289.5 0.0
290.5 0.0
291.5 0.0
292.5 0.0
293.5 0.0
294.5 0.0
295.5 0.0
296.5 0.0
297.5 0.0
298.5 0.0
299.5 0.0
300.5 0.0
301.5 0.0
302.5 0.0
303.5 0.0
304.5 0.0
305.5 0.0
306.5 0.0
307.5 0.0
308.5 0.0
309.5 0.0
310.5 0.0
311.5 0.0
312.5 0.0
313.5 0.0
314.5 0.0
315.5 0.0
316.5 1.5625e-06
317.5 1.5625e-06
318.5 1.5625e-06
319.5 3.125e-06
320.5 1.2500000000000002e-05
321.5 2.5000000000000008e-05
322.5 3.75e-05
323.5 3.4375e-05
324.5 7.187499999999999e-05
325.5 0.00011093750000000005
326.5 0.00023124999999999993
327.5 0.0002781249999999999
328.5 0.00045468749999999996
329.5 0.0006437500000000006
330.5 0.0008546875000000005
331.5 0.0011796875000000004
332.5 0.0016609375000000003
333.5 0.002284375
334.5 0.0029921875000000022
335.5 0.0039093750000000005
336.5 0.00475625
337.5 0.005950000000000003
338.5 0.007192187500000005
339.5 0.008896875
340.5 0.010087500000000003
341.5 0.011615625
342.5 0.013604687500000004
343.5 0.015362500000000001
344.5 0.016553125000000002
345.5 0.018604687499999998
346.5 0.019939062499999993
347.5 0.02115156249999999
348.5 0.022493750000000007
349.5 0.023685937500000004
350.5 0.02514374999999999
351.5 0.025812500000000006
352.5 0.027125
353.5 0.027667187500000003
354.5 0.028757812499999997
355.5 0.029423437499999993
356.5 0.030001562499999992
357.5 0.030407812499999992
358.5 0.030170312499999997
359.5 0.03098124999999999
