0.5 1.5625e-06
1.5 1.5625e-06
2.5 1.5625e-06
3.5 1.5625e-06
4.5 1.5625e-06
5.5 1.5625e-06
6.5 1.5625e-06
7.5 1.5625e-06
8.5 0.0
9.5 0.0
10.5 4.6875000000000004e-06
11.5 0.0
12.5 3.125e-06
13.5 0.0
14.5 4.6875000000000004e-06
15.5 1.5625e-06
16.5 4.6875000000000004e-06
17.5 3.125e-06
18.5 6.25e-06
19.5 7.8125e-06
20.5 7.8125e-06
21.5 6.25e-06
22.5 1.0937500000000002e-05
23.5 1.4062500000000003e-05
24.5 1.8750000000000005e-05
25.5 1.4062500000000003e-05
26.5 2.5000000000000008e-05
27.5 2.5000000000000008e-05
28.5 3.125000000000001e-05
29.5 5.156249999999999e-05
30.5 6.249999999999997e-05
31.5 7.031249999999998e-05
32.5 9.375000000000003e-05
33.5 9.062500000000003e-05
34.5 0.00012656250000000002
35.5 0.0001609375
36.5 0.00020312499999999988
37.5 0.00027656249999999984
38.5 0.00032343750000000005
39.5 0.00033437499999999977
40.5 0.00041718750000000013
41.5 0.0005328125000000003
42.5 0.0005984375000000004
43.5 0.0006609375000000006
44.5 0.0008312500000000005
45.5 0.0009234375000000005
46.5 0.0010812500000000006
47.5 0.0012968750000000007
48.5 0.0014437500000000015
49.5 0.0017093750000000004
50.5 0.001887500000000001
51.5 0.002140625000000001
52.5 0.0023781249999999996
53.5 0.00264375
54.5 0.002865624999999999
55.5 0.0031390625000000025
56.5 0.0032000000000000023
57.5 0.0034718750000000006
58.5 0.003679687500000002
59.5 0.0037234375
60.5 0.004204687500000002
61.5 0.004284375000000003
62.5 0.004546875000000002
63.5 0.004628124999999999
64.5 0.004732812500000002
65.5 0.004728124999999999
66.5 0.004918750000000001
67.5 0.004576562500000002
68.5 0.004545312500000002
69.5 0.004665625000000001
70.5 0.004679687499999999
71.5 0.004493750000000001
72.5 0.004126562500000002
73.5 0.0042671875
74.5 0.003840625000000002
75.5 0.0038609375000000007
76.5 0.0034531250000000013
77.5 0.0034531250000000026
78.5 0.00313125
79.5 0.003017187500000001
80.5 0.0027218750000000008
81.5 0.002567187500000001
82.5 0.0023406250000000007
83.5 0.002165625
84.5 0.0020625000000000005
85.5 0.0017468750000000012
86.5 0.0017218750000000007
87.5 0.0015265625000000004
88.5 0.0014093750000000011
89.5 0.0013093750000000006
90.5 0.001103125
91.5 0.0009859375000000003
92.5 0.0008656250000000006
93.5 0.0007812499999999998
94.5 0.0007671875000000004
95.5 0.0006250000000000002
96.5 0.0006187500000000003
97.5 0.0005500000000000005
98.5 0.00045781249999999994
99.5 0.0004953125
100.5 0.00037968749999999965
101.5 0.00040156249999999974
102.5 0.0003578124999999998
103.5 0.00031562499999999977
104.5 0.00029687499999999983
105.5 0.00024531249999999976
106.5 0.0002343749999999999
107.5 0.00023437499999999994
108.5 0.00023906249999999983
109.5 0.00021718749999999982
110.5 0.00020156249999999992
111.5 0.00013125000000000002
112.5 0.0001625
113.5 0.000165625
114.5 0.0001703124999999999
115.5 0.000134375
116.5 0.00019531249999999988
117.5 0.00014218749999999995
118.5 0.00014375000000000005
119.5 0.00013749999999999995
120.5 0.00015781249999999994
121.5 0.000134375
122.5 0.00013906250000000003
123.5 0.00016562499999999995
124.5 0.00016874999999999995
125.5 0.00014374999999999992
126.5 0.00019374999999999983
127.5 0.0001859374999999999
128.5 0.0001843749999999999
129.5 0.0002093749999999999
130.5 0.00021562499999999986
131.5 0.00021406249999999992
132.5 0.0002578124999999999
133.5 0.00031406249999999994
134.5 0.0003187499999999999
135.5 0.0003546874999999997
136.5 0.00039999999999999996
137.5 0.00045937499999999993
138.5 0.0004812499999999999
139.5 0.0006015625000000005
140.5 0.0006265625000000004
141.5 0.0007593750000000003
142.5 0.0007921875000000004
143.5 0.0009328125000000007
144.5 0.0011015625000000005
145.5 0.0012796875000000002
146.5 0.001353125000000001
147.5 0.0015125000000000015
148.5 0.0017468750000000017
149.5 0.0020046875
150.5 0.002385937499999999
151.5 0.002651562500000001
152.5 0.003040625000000003
153.5 0.0032953125
154.5 0.0036312500000000004
155.5 0.004100000000000003
156.5 0.004745312500000001
157.5 0.0052578124999999995
158.5 0.0058453125
159.5 0.006653125000000002
160.5 0.0070109375
161.5 0.007831250000000005
162.5 0.008409375000000004
163.5 0.0096140625
164.5 0.010248437500000002
165.5 0.010939062500000001
166.5 0.011884374999999994
167.5 0.012639062500000003
168.5 0.013450000000000007
169.5 0.0144375
170.5 0.015070312499999995
171.5 0.01611093750000001
172.5 0.0166375
173.5 0.017390625
174.5 0.018042187499999994
175.5 0.018475000000000012
176.5 0.018904687500000003
177.5 0.01901093750000001
178.5 0.019364062500000005
179.5 0.019384375
180.5 0.01914843750000002
181.5 0.019465625000000007
182.5 0.019165625000000002
183.5 0.01893750000000001
184.5 0.018401562499999996
185.5 0.017982812500000004
186.5 0.017576562500000004
187.5 0.0166375
188.5 0.0158359375
189.5 0.01499843750000001
190.5 0.014590624999999996
191.5 0.013764062500000002
192.5 0.012554687499999995
193.5 0.011976562500000001
194.5 0.011226562499999997
195.5 0.010207812500000002
196.5 0.009423437500000008
197.5 0.008401562500000001
198.5 0.007750000000000004
199.5 0.007231250000000002
200.5 0.006632812500000003
201.5 0.005854687499999999
202.5 0.004984375
203.5 0.0045625
204.5 0.004153125
205.5 0.0037843750000000013
206.5 0.003334375
207.5 0.002884375
208.5 0.0025703125
209.5 0.0022703125
210.5 0.0020000000000000005
211.5 0.001801562500000001
212.5 0.0016187500000000004
213.5 0.0013234375000000013
214.5 0.001184375
215.5 0.0010484375000000008
216.5 0.0009156250000000005
217.5 0.0007781250000000004
218.5 0.0006968750000000002
219.5 0.0006687500000000001
220.5 0.0005156250000000001
221.5 0.0004374999999999999
222.5 0.00041249999999999994
223.5 0.0003640624999999998
224.5 0.0004000000000000001
225.5 0.00029062499999999976
226.5 0.00030156249999999975
227.5 0.0002359374999999999
228.5 0.0002171874999999999
229.5 0.0002265625
230.5 0.00017812499999999995
231.5 0.0001781249999999999
232.5 0.00018593749999999996
233.5 0.0001609374999999999
234.5 0.00018906249999999983
235.5 0.00014843749999999991
236.5 0.00014999999999999993
237.5 0.00017187499999999996
238.5 0.00014218749999999995
239.5 0.00011718750000000004
240.5 0.0001234375
241.5 0.00014843750000000002
242.5 0.00013437499999999997
243.5 0.00017187499999999988
244.5 0.0001515625
245.5 0.00014999999999999996
246.5 0.000178125
247.5 0.00018593749999999999
248.5 0.00020468749999999993
249.5 0.00017187499999999996
250.5 0.00022343749999999998
251.5 0.00021718749999999974
252.5 0.0002484374999999999
253.5 0.0002484374999999998
254.5 0.00025468749999999976
255.5 0.0003046874999999999
256.5 0.00032656249999999965
257.5 0.0003421874999999999
258.5 0.0003562499999999998
259.5 0.00041874999999999985
260.5 0.0004468750000000001
261.5 0.00047031250000000014
262.5 0.0005218750000000002
263.5 0.0005531250000000003
264.5 0.0006625000000000004
265.5 0.0007578125000000008
266.5 0.0008000000000000003
267.5 0.0008984375000000004
268.5 0.0009125000000000006
269.5 0.0010781250000000005
270.5 0.0012671875
271.5 0.0013843750000000006
272.5 0.0014546874999999994
273.5 0.0017812500000000007
274.5 0.0017625000000000002
275.5 0.0019609375000000004
276.5 0.0021796875000000015
277.5 0.002500000000000001
278.5 0.0025953125
279.5 0.00276875
280.5 0.0030203125
281.5 0.0032890625000000016
282.5 0.0033734375000000006
283.5 0.003614062500000001
284.5 0.0037812500000000008
285.5 0.003979687500000003
286.5 0.00428125
287.5 0.0043859375000000035
288.5 0.004523437500000001
289.5 0.0046250000000000015
290.5 0.004715625000000001
291.5 0.0047296874999999995
292.5 0.0048593750000000034
293.5 0.004765625000000002
294.5 0.004703125000000003
295.5 0.0046171875000000015
296.5 0.004553125000000002
297.5 0.0046062500000000044
298.5 0.004156250000000001
299.5 0.004151562500000003
300.5 0.0040421875
301.5 0.003657812500000001
302.5 0.0035218750000000033
303.5 0.0032609375000000004
304.5 0.0030484375000000017
305.5 0.0028625
306.5 0.002660937500000001
307.5 0.002246875
308.5 0.0020828125000000005
309.5 0.0018406250000000002
310.5 0.0016500000000000009
311.5 0.0013421875
312.5 0.0013156250000000004
313.5 0.0010984375000000007
314.5 0.0008750000000000009
315.5 0.0008234375000000005
316.5 0.0006984375000000005
317.5 0.0005796874999999999
318.5 0.0005375000000000002
319.5 0.00046406250000000023
320.5 0.00035156249999999977
321.5 0.0002890624999999999
322.5 0.0002374999999999999
323.5 0.00021093749999999992
324.5 0.00018281249999999992
325.5 0.00012343750000000004
326.5 0.00011250000000000004
327.5 8.125000000000002e-05
328.5 9.374999999999999e-05
329.5 7.1875e-05
330.5 3.281250000000001e-05
331.5 2.812500000000001e-05
332.5 2.812500000000001e-05
333.5 2.5000000000000008e-05
334.5 1.5625000000000004e-05
335.5 1.71875e-05
336.5 9.375000000000001e-06
337.5 1.71875e-05
338.5 1.0937500000000002e-05
339.5 1.2500000000000002e-05
340.5 7.8125e-06
341.5 6.25e-06
342.5 6.25e-06
343.5 1.5625e-06
344.5 7.8125e-06
345.5 3.125e-06
346.5 3.125e-06
347.5 1.5625e-06
348.5 3.125e-06
349.5 0.0
350.5 3.125e-06
351.5 0.0
352.5 0.0
353.5 0.0
354.5 3.125e-06
355.5 1.5625e-06
356.5 0.0
357.5 0.0
358.5 0.0
359.5 1.5625e-06
