0.5 0.0
1.5 1.5625e-06
2.5 4.6875000000000004e-06
3.5 3.125e-06
4.5 3.125e-06
5.5 1.5625e-06
6.5 3.125e-06
7.5 4.6875000000000004e-06
8.5 3.125e-06
9.5 3.125e-06
10.5 3.125e-06
11.5 0.0
12.5 1.5625e-06
13.5 3.125e-06
14.5 1.5625e-06
15.5 6.25e-06
16.5 7.8125e-06
17.5 9.375000000000001e-06
18.5 1.0937500000000002e-05
19.5 9.375000000000001e-06
20.5 7.8125e-06
21.5 4.6875000000000004e-06
22.5 9.375000000000001e-06
23.5 9.375000000000001e-06
24.5 1.5625000000000004e-05
25.5 2.8125000000000006e-05
26.5 1.4062500000000003e-05
27.5 2.9687500000000007e-05
28.5 2.8125000000000006e-05
29.5 3.125e-05
30.5 4.6874999999999994e-05
31.5 3.7500000000000003e-05
32.5 6.0937499999999984e-05
33.5 6.093749999999997e-05
34.5 7.656250000000002e-05
35.5 0.00011406250000000001
36.5 7.65625e-05
37.5 0.0001390625
38.5 0.00015625000000000003
39.5 0.00017968749999999997
40.5 0.00022187499999999993
41.5 0.00023281249999999997
42.5 0.0002640624999999998
43.5 0.0003703124999999999
44.5 0.00038281249999999974
45.5 0.00046562499999999973
46.5 0.0004999999999999999
47.5 0.0005500000000000002
48.5 0.0006515625000000001
49.5 0.0007578125000000006
50.5 0.0007796875
51.5 0.0008750000000000009
52.5 0.0009656250000000006
53.5 0.0009750000000000002
54.5 0.001143750000000001
55.5 0.0011406250000000001
56.5 0.0012359375000000003
57.5 0.0012953125000000002
58.5 0.001323437500000001
59.5 0.0014500000000000008
60.5 0.001487500000000001
61.5 0.0014406250000000005
62.5 0.001509375
63.5 0.0015828125000000007
64.5 0.00164375
65.5 0.0016640625000000004
66.5 0.0016484375000000008
67.5 0.0016703125000000006
68.5 0.0016765625000000012
69.5 0.0016328125000000001
70.5 0.0015796875000000012
71.5 0.0016312500000000005
72.5 0.0016562500000000006
73.5 0.0016328125000000004
74.5 0.001545312500000001
75.5 0.0014359374999999997
76.5 0.001515625000000001
77.5 0.0013359375000000008
78.5 0.001281250000000001
79.5 0.00120625
80.5 0.0011843750000000005
81.5 0.0011531250000000007
82.5 0.0010171875000000003
83.5 0.0008718750000000003
84.5 0.0009125
85.5 0.0008046875000000006
86.5 0.0006531250000000005
87.5 0.0006265625
88.5 0.0006765625000000002
89.5 0.0005656250000000004
90.5 0.0005250000000000001
91.5 0.0005031249999999999
92.5 0.00043906249999999973
93.5 0.00039843750000000003
94.5 0.00030468749999999984
95.5 0.0003093749999999998
96.5 0.0002624999999999999
97.5 0.00023437499999999988
98.5 0.00021718749999999996
99.5 0.00019687499999999992
100.5 0.0001749999999999999
101.5 0.00016406249999999998
102.5 0.0001453125
103.5 0.00011406249999999999
104.5 0.00011562500000000005
105.5 0.00011093750000000002
106.5 9.687499999999998e-05
107.5 9.843750000000001e-05
108.5 9.218750000000001e-05
109.5 7.8125e-05
110.5 6.0937499999999984e-05
111.5 5.312499999999997e-05
112.5 5.624999999999999e-05
113.5 4.374999999999999e-05
114.5 7.656249999999998e-05
115.5 4.218749999999999e-05
116.5 5.468749999999998e-05
117.5 4.999999999999999e-05
118.5 4.6874999999999994e-05
119.5 3.281250000000001e-05
120.5 4.0625e-05
121.5 5.3125e-05
122.5 6.406249999999998e-05
123.5 5.937499999999997e-05
124.5 4.375e-05
125.5 4.531249999999998e-05
126.5 5.156249999999999e-05
127.5 6.406249999999998e-05
128.5 7.968749999999999e-05
129.5 8.437499999999999e-05
130.5 9.843750000000003e-05
131.5 0.00011562500000000003
132.5 9.84375e-05
133.5 0.00012343750000000004
134.5 0.00011718750000000001
135.5 0.00016562499999999992
136.5 0.00017656249999999988
137.5 0.00019374999999999994
138.5 0.00020937499999999987
139.5 0.0002453124999999999
140.5 0.0002703124999999998
141.5 0.0003281249999999999
142.5 0.0003968749999999999
143.5 0.00045781249999999994
144.5 0.0005078125
145.5 0.0006421875000000008
146.5 0.0008156250000000003
147.5 0.0008500000000000002
148.5 0.0010624999999999996
149.5 0.0011546875000000003
150.5 0.0013765625000000002
151.5 0.0015203125000000006
152.5 0.001812500000000001
153.5 0.0021484375000000006
154.5 0.0024578125000000017
155.5 0.0028187500000000005
156.5 0.0031828125000000003
157.5 0.0036843750000000015
158.5 0.004210937500000001
159.5 0.0048062500000000015
160.5 0.005315625
161.5 0.005826562500000001
162.5 0.006943750000000002
163.5 0.007710937500000001
164.5 0.008403125
165.5 0.009403125000000005
166.5 0.010123437500000004
167.5 0.011014062499999998
168.5 0.012165625
169.5 0.013040625
170.5 0.013964062499999999
171.5 0.014643749999999997
172.5 0.015646874999999998
173.5 0.0166125
174.5 0.017323437499999997
175.5 0.017850000000000005
176.5 0.018282812500000002
177.5 0.018846875000000006
178.5 0.019185937499999996
179.5 0.019151562499999997
180.5 0.019565625
181.5 0.01955937500000001
182.5 0.019437500000000003
183.5 0.018762500000000005
184.5 0.0184859375
185.5 0.01835312500000001
186.5 0.01753124999999999
187.5 0.0169453125
188.5 0.016074999999999996
189.5 0.015314062499999996
190.5 0.014209374999999996
191.5 0.013290625
192.5 0.012532812499999999
193.5 0.011721874999999996
194.5 0.010504687499999998
195.5 0.009964062499999994
196.5 0.00880625
197.5 0.007975000000000005
198.5 0.007328125000000002
199.5 0.006509375000000001
200.5 0.0058718749999999995
201.5 0.005175000000000001
202.5 0.004660937500000001
203.5 0.004017187500000001
204.5 0.0036218750000000005
205.5 0.003156250000000002
206.5 0.0027640624999999996
207.5 0.002325000000000001
208.5 0.002114062500000001
209.5 0.0017499999999999998
210.5 0.0015859375000000008
211.5 0.001287500000000001
212.5 0.0011156250000000003
213.5 0.0009562500000000005
214.5 0.0008312500000000006
215.5 0.0007390625000000005
216.5 0.0006453125000000002
217.5 0.0006000000000000002
218.5 0.0005140625000000001
219.5 0.00045625
220.5 0.0004093749999999999
221.5 0.0003234374999999997
222.5 0.0002937499999999998
223.5 0.0002546874999999999
224.5 0.0003046874999999998
225.5 0.00018749999999999995
226.5 0.00019531249999999998
227.5 0.00020312499999999986
228.5 0.00011718750000000006
229.5 0.00013125000000000002
230.5 0.00014374999999999994
231.5 0.00012968750000000006
232.5 0.00011875000000000004
233.5 0.00014062499999999996
234.5 0.00013281249999999993
235.5 0.00010312500000000004
236.5 0.00010625000000000001
237.5 8.593750000000002e-05
238.5 8.593750000000004e-05
239.5 0.00010625000000000001
240.5 7.8125e-05
241.5 0.00010312500000000004
242.5 9.375000000000002e-05
243.5 9.53125e-05
244.5 8.125000000000004e-05
245.5 0.00010468750000000002
246.5 0.00011093750000000003
247.5 0.00010625000000000001
248.5 0.00010625000000000005
249.5 0.00012187500000000005
250.5 0.0001406249999999999
251.5 0.00014375
252.5 0.00016093749999999995
253.5 0.0001703124999999999
254.5 0.0002124999999999999
255.5 0.00022499999999999983
256.5 0.0002828124999999997
257.5 0.00027656249999999974
258.5 0.00039374999999999984
259.5 0.0003640624999999997
260.5 0.00045468749999999985
261.5 0.0004984375000000002
262.5 0.0005062500000000001
263.5 0.0006171875000000004
264.5 0.0006968750000000002
265.5 0.000823437500000001
266.5 0.0009531250000000006
267.5 0.0010687500000000003
268.5 0.0011640625000000002
269.5 0.001371875000000001
270.5 0.0016046875000000004
271.5 0.0017640624999999996
272.5 0.0020062500000000007
273.5 0.0023234375
274.5 0.0025609374999999994
275.5 0.002946875
276.5 0.0032874999999999988
277.5 0.0036953124999999994
278.5 0.004024999999999999
279.5 0.004476562500000002
280.5 0.005028125000000004
281.5 0.005381250000000003
282.5 0.005882812500000003
283.5 0.00649375
284.5 0.007121875000000001
285.5 0.007460937499999997
286.5 0.007940625000000005
287.5 0.008432812499999998
288.5 0.008892187500000006
289.5 0.009334374999999995
290.5 0.009723437500000001
291.5 0.0102125
292.5 0.010381249999999998
293.5 0.010523437500000003
294.5 0.010395312499999998
295.5 0.010359374999999999
296.5 0.010256249999999996
297.5 0.010145312499999995
298.5 0.009964062500000002
299.5 0.0095375
300.5 0.009195312500000002
301.5 0.008764062500000004
302.5 0.008370312500000001
303.5 0.0077640625
304.5 0.0070453125
305.5 0.006642187500000001
306.5 0.006117187500000004
307.5 0.005467187500000001
308.5 0.0051187500000000035
309.5 0.004387500000000002
310.5 0.003873437500000001
311.5 0.0034203125000000006
312.5 0.002909375000000001
313.5 0.0025890625000000002
314.5 0.0023062500000000014
315.5 0.0018906250000000006
316.5 0.0016171875000000001
317.5 0.0014203124999999997
318.5 0.0012312500000000008
319.5 0.0010453125000000007
320.5 0.0008734375000000003
321.5 0.0007453125
322.5 0.0006078124999999998
323.5 0.0005281250000000002
324.5 0.00038125
325.5 0.00032812499999999975
326.5 0.00030156249999999975
327.5 0.00024374999999999988
328.5 0.00020468750000000004
329.5 0.0001812499999999999
330.5 0.00014374999999999997
331.5 0.00013593750000000002
332.5 8.59375e-05
333.5 8.750000000000003e-05
334.5 7.031249999999998e-05
335.5 5.3125e-05
336.5 4.843749999999999e-05
337.5 3.2812500000000005e-05
338.5 2.1875000000000003e-05
339.5 2.5000000000000008e-05
340.5 2.6562500000000005e-05
341.5 1.71875e-05
342.5 1.8750000000000002e-05
343.5 1.0937500000000002e-05
344.5 1.0937500000000002e-05
345.5 6.25e-06
346.5 1.0937500000000002e-05
347.5 1.0937500000000002e-05
348.5 1.09375e-05
349.5 1.0937500000000002e-05
350.5 1.40625e-05
351.5 4.6875000000000004e-06
352.5 7.8125e-06
353.5 3.125e-06
354.5 0.0
355.5 1.5625e-06
356.5 6.25e-06
357.5 4.6875000000000004e-06
358.5 4.6875000000000004e-06
359.5 7.8125e-06
