0.5 0.0
1.5 0.0
2.5 0.0
3.5 0.0
4.5 0.0
5.5 0.0
6.5 0.0
7.5 0.0
8.5 0.0
9.5 0.0
10.5 0.0
11.5 0.0
12.5 0.0
13.5 0.0
14.5 0.0
15.5 0.0
16.5 0.0
17.5 0.0
18.5 0.0
19.5 0.0
20.5 0.0
21.5 0.0
22.5 0.0
23.5 0.0
24.5 0.0
25.5 0.0
26.5 0.0
27.5 0.0
28.5 0.0
29.5 0.0
30.5 0.0
31.5 0.0
32.5 1.5625e-06
33.5 0.0
34.5 0.0
35.5 4.6875000000000004e-06
36.5 0.0
37.5 1.5625e-06
38.5 3.125e-06
39.5 0.0
40.5 4.6875000000000004e-06
41.5 1.5625e-06
42.5 0.0
43.5 3.125e-06
44.5 0.0
45.5 0.0
46.5 1.5625e-06
47.5 1.5625e-06
48.5 0.0
49.5 0.0
50.5 0.0
51.5 1.5625e-06
52.5 0.0
53.5 0.0
54.5 0.0
55.5 0.0
56.5 0.0
57.5 0.0
58.5 0.0
59.5 0.0
60.5 0.0
61.5 0.0
62.5 0.0
63.5 0.0
64.5 0.0
65.5 0.0
66.5 0.0
67.5 1.5625e-06
68.5 0.0
69.5 3.125e-06
70.5 0.0
71.5 7.8125e-06
72.5 3.125e-06
73.5 3.125e-06
74.5 7.8125e-06
75.5 1.0937500000000002e-05
76.5 2.0312500000000002e-05
77.5 4.0625e-05
78.5 9.218750000000001e-05
79.5 0.00014531250000000002
80.5 0.0003125
81.5 0.0005359374999999998
82.5 0.0008375000000000002
83.5 0.001346875
84.5 0.0025109375
85.5 0.004092187499999999
86.5 0.006398437500000002
87.5 0.009765625
88.5 0.013818750000000001
89.5 0.019592187499999993
90.5 0.0257546875
91.5 0.03234999999999999
92.5 0.03952656250000001
93.5 0.044560937499999995
94.5 0.048187499999999994
95.5 0.04845624999999998
96.5 0.0469515625
97.5 0.0421546875
98.5 0.036945312500000015
99.5 0.029696875
100.5 0.023709374999999994
101.5 0.017042187499999997
102.5 0.0123375
103.5 0.008646874999999998
104.5 0.005584374999999998
105.5 0.003603124999999999
106.5 0.0023109375000000005
107.5 0.0013906250000000004
108.5 0.0008984375000000001
109.5 0.0005328125000000001
110.5 0.0002953124999999999
111.5 0.00018906250000000002
112.5 0.0001390625
113.5 7.031249999999998e-05
114.5 6.09375e-05
115.5 4.999999999999999e-05
116.5 3.4374999999999995e-05
117.5 4.6875000000000004e-06
118.5 1.09375e-05
119.5 7.8125e-06
120.5 9.375000000000001e-06
121.5 6.25e-06
122.5 3.125e-06
123.5 4.6875000000000004e-06
124.5 1.5625e-06
125.5 1.5625e-06
126.5 0.0
127.5 4.6875000000000004e-06
128.5 0.0
129.5 1.5625e-06
130.5 3.125e-06
131.5 1.5625e-06
132.5 1.5625e-06
133.5 0.0
134.5 1.5625e-06
135.5 4.6875000000000004e-06
136.5 1.5625e-06
137.5 1.5625e-06
138.5 6.25e-06
139.5 1.5625e-06
140.5 4.6875000000000004e-06
141.5 0.0
142.5 3.125e-06
143.5 0.0
144.5 1.5625e-06
145.5 3.125e-06
146.5 0.0
147.5 1.5625e-06
148.5 9.375000000000001e-06
149.5 0.0
150.5 3.125e-06
151.5 6.25e-06
152.5 3.125e-06
153.5 3.125e-06
154.5 3.125e-06
155.5 0.0
156.5 4.6875e-06
157.5 4.6875000000000004e-06
158.5 0.0
159.5 1.5625e-06
160.5 0.0
161.5 3.125e-06
162.5 3.125e-06
163.5 0.0
164.5 1.5625e-06
165.5 0.0
166.5 1.5625e-06
167.5 0.0
168.5 0.0
169.5 0.0
170.5 0.0
171.5 0.0
172.5 0.0
173.5 0.0
174.5 0.0
175.5 0.0
176.5 0.0
177.5 0.0
178.5 0.0
179.5 0.0
180.5 0.0
181.5 0.0
182.5 0.0
183.5 0.0
184.5 0.0
185.5 0.0
186.5 0.0
187.5 1.5625e-06
188.5 0.0
189.5 0.0
190.5 0.0
191.5 0.0
192.5 0.0
193.5 0.0
194.5 0.0
195.5 0.0
196.5 0.0
197.5 0.0
198.5 1.5625e-06
199.5 1.5625e-06
200.5 0.0
201.5 0.0
202.5 0.0
203.5 0.0
204.5 0.0
205.5 0.0
206.5 1.5625e-06
207.5 0.0
208.5 1.5625e-06
209.5 0.0
210.5 0.0
211.5 1.5625e-06
212.5 0.0
213.5 0.0
214.5 0.0
215.5 0.0
216.5 3.125e-06
217.5 1.5625e-06
218.5 0.0
219.5 0.0
220.5 0.0
221.5 0.0
222.5 0.0
223.5 1.5625e-06
224.5 0.0
225.5 0.0
226.5 1.5625e-06
227.5 0.0
228.5 0.0
229.5 0.0
230.5 0.0
231.5 1.5625e-06
232.5 0.0
233.5 0.0
234.5 3.125e-06
235.5 3.125e-06
236.5 3.125e-06
237.5 1.5625e-06
238.5 0.0
239.5 3.125e-06
240.5 4.6875000000000004e-06
241.5 6.2499999999999995e-06
242.5 7.8125e-06
243.5 9.375000000000001e-06
244.5 1.8750000000000002e-05
245.5 3.28125e-05
246.5 2.8125000000000003e-05
247.5 8.125000000000001e-05
248.5 0.00013125
249.5 0.000184375
250.5 0.000296875
251.5 0.0005062500000000002
252.5 0.0008609375000000002
253.5 0.0013296875
254.5 0.0024109375000000008
255.5 0.0036875000000000007
256.5 0.005842187500000001
257.5 0.008957812499999999
258.5 0.013026562500000002
259.5 0.017678125000000006
260.5 0.023676562500000005
261.5 0.029929687500000003
262.5 0.03509062499999999
263.5 0.03974531250000002
264.5 0.04233593750000001
265.5 0.04247500000000002
266.5 0.040828125
267.5 0.036965624999999995
268.5 0.031804687500000005
269.5 0.0255125
270.5 0.019821875
271.5 0.0145390625
272.5 0.010689062499999997
273.5 0.007254687499999997
274.5 0.004987499999999999
275.5 0.0029984375
276.5 0.0020343749999999997
277.5 0.0011281249999999998
278.5 0.0006890625000000002
279.5 0.0004500000000000001
280.5 0.00026562499999999996
281.5 0.000153125
282.5 0.00010312500000000001
283.5 6.406249999999999e-05
284.5 3.125e-05
285.5 2.34375e-05
286.5 9.375000000000001e-06
287.5 7.8125e-06
288.5 4.6875000000000004e-06
289.5 1.5625e-06
290.5 4.6875000000000004e-06
291.5 3.125e-06
292.5 0.0
293.5 1.5625e-06
294.5 0.0
295.5 3.125e-06
296.5 0.0
297.5 0.0
298.5 0.0
299.5 0.0
300.5 0.0
301.5 0.0
302.5 0.0
303.5 0.0
304.5 0.0
305.5 0.0
306.5 0.0
307.5 0.0
308.5 1.5625e-06
309.5 0.0
310.5 0.0
311.5 0.0
312.5 3.125e-06
313.5 0.0
314.5 3.125e-06
315.5 3.125e-06
316.5 0.0
317.5 1.5625e-06
318.5 3.125e-06
319.5 1.0937500000000002e-05
320.5 0.0
321.5 4.6875000000000004e-06
322.5 1.5625e-06
323.5 0.0
324.5 4.6875000000000004e-06
325.5 0.0
326.5 0.0
327.5 1.5625e-06
328.5 0.0
329.5 0.0
330.5 0.0
331.5 0.0
332.5 0.0
333.5 0.0
334.5 0.0
335.5 0.0
336.5 0.0
337.5 0.0
338.5 0.0
339.5 0.0
340.5 0.0
341.5 0.0
342.5 0.0
343.5 0.0
344.5 0.0
345.5 0.0
346.5 0.0
347.5 0.0
348.5 0.0
349.5 0.0
350.5 0.0
351.5 0.0
352.5 0.0
353.5 0.0
354.5 0.0
355.5 0.0
356.5 0.0
357.5 0.0
358.5 0.0
359.5 0.0
