0.5 0.0005515625000000002
1.5 0.00055
2.5 0.0005453125000000001
3.5 0.0005984374999999999
4.5 0.0006468749999999998
5.5 0.0006749999999999999
6.5 0.0007093750000000005
7.5 0.0007343750000000003
8.5 0.0006953125000000002
9.5 0.0007859375
10.5 0.000840625
11.5 0.0009125000000000002
12.5 0.0009906250000000004
13.5 0.0011187500000000002
14.5 0.0012062500000000003
15.5 0.001243750000000001
16.5 0.0014203124999999997
17.5 0.0015843750000000005
18.5 0.0017765625000000004
19.5 0.0019218750000000008
20.5 0.0023437499999999995
21.5 0.0026000000000000003
22.5 0.0030609375000000003
23.5 0.0034578125
24.5 0.004040624999999999
25.5 0.004515625
26.5 0.0052703125
27.5 0.005942187499999999
28.5 0.0068109375
29.5 0.0076875
30.5 0.0086234375
31.5 0.009992187500000001
32.5 0.011215625
33.5 0.012106249999999994
34.5 0.013515624999999998
35.5 0.014520312499999985
36.5 0.015651562499999997
37.5 0.015995312499999997
38.5 0.016721874999999997
39.5 0.0173765625
40.5 0.017387499999999997
41.5 0.017524999999999995
42.5 0.017126562499999998
43.5 0.016545312499999996
44.5 0.016317187499999997
45.5 0.015674999999999994
46.5 0.014525
47.5 0.013640625000000002
48.5 0.012476562499999995
49.5 0.011378125
50.5 0.010446875
51.5 0.009849999999999998
52.5 0.008706250000000004
53.5 0.007798437499999997
54.5 0.006967187499999998
55.5 0.0062015625
56.5 0.005490624999999997
57.5 0.005009375000000001
58.5 0.004443749999999999
59.5 0.003979687500000001
60.5 0.0035765625000000007
61.5 0.0034046874999999997
62.5 0.003054687500000001
63.5 0.0027953125000000005
64.5 0.0027796874999999996
65.5 0.0026515624999999994
66.5 0.0025890625000000002
67.5 0.0025671874999999996
68.5 0.0023234375
69.5 0.0023765624999999998
70.5 0.0024078125
71.5 0.002379687500000001
72.5 0.002434375
73.5 0.0023843749999999998
74.5 0.0024093750000000005
75.5 0.0023453125
76.5 0.0024140624999999995
77.5 0.0023078125
78.5 0.0023609374999999998
79.5 0.002303125
80.5 0.002174999999999999
81.5 0.0020671875
82.5 0.0020062499999999994
83.5 0.0019171875000000007
84.5 0.0017609375000000003
85.5 0.0015609375000000003
86.5 0.0013250000000000002
87.5 0.0012875000000000002
88.5 0.0011984375000000003
89.5 0.0011031250000000004
90.5 0.0009687500000000004
91.5 0.0008453125000000004
92.5 0.0008078125000000004
93.5 0.0006875000000000002
94.5 0.0006484375000000005
95.5 0.0005625000000000004
96.5 0.0005843750000000002
97.5 0.0004953125
98.5 0.0005015625000000001
99.5 0.000540625
100.5 0.00047343749999999985
101.5 0.0004515625
102.5 0.0004609375
103.5 0.00043906249999999973
104.5 0.0004234374999999998
105.5 0.0004374999999999999
106.5 0.00044375
107.5 0.0003265624999999999
108.5 0.00033906249999999995
109.5 0.0003234374999999999
110.5 0.00027968749999999993
111.5 0.0003
112.5 0.0002515625
113.5 0.00023749999999999995
114.5 0.00021874999999999995
115.5 0.00021718749999999993
116.5 0.000171875
117.5 0.00014999999999999996
118.5 0.00012812499999999996
119.5 0.00013281249999999998
120.5 0.000125
121.5 0.0001109375
122.5 0.0001046875
123.5 0.00011093749999999999
124.5 8.281250000000001e-05
125.5 0.00012031250000000002
126.5 9.062500000000001e-05
127.5 0.0001296875
128.5 0.00013437499999999992
129.5 9.218750000000001e-05
130.5 0.0001203125
131.5 0.00010156250000000001
132.5 0.00014531250000000002
133.5 0.00013749999999999998
134.5 0.00015156249999999998
135.5 0.000175
136.5 0.00017656249999999996
137.5 0.00019375000000000002
138.5 0.00021562499999999994
139.5 0.00023906249999999996
140.5 0.00022812499999999997
141.5 0.00027499999999999996
142.5 0.0002375
143.5 0.00027187500000000004
144.5 0.0002749999999999999
145.5 0.0003140625
146.5 0.00031406249999999994
147.5 0.00031875
148.5 0.00034374999999999987
149.5 0.00032812499999999997
150.5 0.0002953124999999999
151.5 0.00030624999999999994
152.5 0.0003312499999999999
153.5 0.00031093750000000007
154.5 0.0002515624999999999
155.5 0.00023124999999999998
156.5 0.0001890625
157.5 0.0002015625
158.5 0.00015156250000000003
159.5 0.00013437499999999997
160.5 0.000125
161.5 9.6875e-05
162.5 6.5625e-05
163.5 5.46875e-05
164.5 4.6875e-05
165.5 4.218749999999999e-05
166.5 4.374999999999999e-05
167.5 1.7187500000000004e-05
168.5 1.71875e-05
169.5 1.09375e-05
170.5 7.8125e-06
171.5 3.125e-06
172.5 3.125e-06
173.5 3.125e-06
174.5 4.6875000000000004e-06
175.5 0.0
176.5 1.5625e-06
177.5 1.5625e-06
178.5 0.0
179.5 1.5625e-06
180.5 3.125e-06
181.5 3.125e-06
182.5 3.125e-06
183.5 3.125e-06
184.5 4.6875000000000004e-06
185.5 7.8125e-06
186.5 6.2499999999999995e-06
187.5 3.125e-06
188.5 7.8125e-06
189.5 9.375000000000001e-06
190.5 1.25e-05
191.5 2.0312500000000002e-05
192.5 2.8125e-05
193.5 2.9687500000000003e-05
194.5 5.4687499999999994e-05
195.5 7.34375e-05
196.5 0.00011718749999999998
197.5 0.0001046875
198.5 0.00013125
199.5 0.00017656249999999996
200.5 0.0001984375
201.5 0.00022812499999999997
202.5 0.00033281249999999994
203.5 0.000371875
204.5 0.0004015625
205.5 0.0004187499999999999
206.5 0.0005093750000000001
207.5 0.000478125
208.5 0.0005421874999999999
209.5 0.00046406249999999996
210.5 0.00048281249999999995
211.5 0.0005859375000000001
212.5 0.0005234375
213.5 0.0005109375
214.5 0.0004874999999999999
215.5 0.0005421875
216.5 0.000434375
217.5 0.00043749999999999985
218.5 0.0004359374999999999
219.5 0.0004062499999999998
220.5 0.00040937499999999996
221.5 0.00039062499999999997
222.5 0.0003734374999999999
223.5 0.0003937499999999999
224.5 0.00041874999999999996
225.5 0.00036875
226.5 0.00041874999999999996
227.5 0.00037343749999999996
228.5 0.00037656249999999984
229.5 0.0004390624999999999
230.5 0.0004515624999999999
231.5 0.0003953124999999999
232.5 0.00042499999999999987
233.5 0.00043124999999999983
234.5 0.0004234375
235.5 0.0004531249999999999
236.5 0.00047968749999999986
237.5 0.0004781249999999999
238.5 0.00047499999999999994
239.5 0.0005375000000000002
240.5 0.0005281250000000004
241.5 0.0005671875000000003
242.5 0.0006015625000000004
243.5 0.0006218750000000002
244.5 0.0006187500000000003
245.5 0.0006046875000000003
246.5 0.0005265625000000003
247.5 0.0005843750000000003
248.5 0.0006593750000000002
249.5 0.0005875000000000005
250.5 0.0005531250000000003
251.5 0.0005781250000000005
252.5 0.0005687500000000001
253.5 0.0005640625000000001
254.5 0.0005515625000000001
255.5 0.0005718750000000001
256.5 0.0005625000000000002
257.5 0.0005687500000000004
258.5 0.0005296875
259.5 0.0005562500000000003
260.5 0.0005546875000000003
261.5 0.0005562500000000002
262.5 0.0005515625000000003
263.5 0.0006250000000000002
264.5 0.0007078125000000002
265.5 0.0006781250000000001
266.5 0.0008093750000000004
267.5 0.00090625
268.5 0.0010671875000000006
269.5 0.0012468750000000004
270.5 0.001515625
271.5 0.0016875000000000002
272.5 0.001981250000000001
273.5 0.0023468750000000004
274.5 0.0025781249999999997
275.5 0.0029390625000000003
276.5 0.003462499999999999
277.5 0.0037218749999999995
278.5 0.004040624999999999
279.5 0.00436875
280.5 0.004618749999999999
281.5 0.004899999999999997
282.5 0.004978124999999997
283.5 0.005215625000000001
284.5 0.00508125
285.5 0.005199999999999999
286.5 0.005371875000000001
287.5 0.005251562499999999
288.5 0.0047218749999999995
289.5 0.004925
290.5 0.004596874999999999
291.5 0.0045046875
292.5 0.004262500000000001
293.5 0.004228125
294.5 0.004189062499999998
295.5 0.004120312499999999
296.5 0.003971874999999999
297.5 0.004210937500000001
298.5 0.004143750000000001
299.5 0.0042171875000000004
300.5 0.0043265625
301.5 0.00463125
302.5 0.004770312499999999
303.5 0.005117187500000001
304.5 0.00565
305.5 0.006137499999999999
306.5 0.006635937499999998
307.5 0.0071687500000000015
308.5 0.007756249999999998
309.5 0.0084921875
310.5 0.009153125000000003
311.5 0.009801562499999998
312.5 0.010631249999999998
313.5 0.011243749999999999
314.5 0.012007812500000001
315.5 0.0126140625
316.5 0.012992187499999999
317.5 0.013396874999999997
318.5 0.013406249999999998
319.5 0.013556249999999995
320.5 0.013051562499999995
321.5 0.012842187499999992
322.5 0.012559374999999994
323.5 0.012082812499999996
324.5 0.0111265625
325.5 0.010231249999999994
326.5 0.009414062499999995
327.5 0.008617187499999998
328.5 0.007464062499999998
329.5 0.006717187499999996
330.5 0.005703125
331.5 0.005060937499999999
332.5 0.004310937499999998
333.5 0.0037781250000000002
334.5 0.0029937499999999994
335.5 0.0025406250000000003
336.5 0.002248437500000001
337.5 0.0020031250000000014
338.5 0.001629687500000001
339.5 0.0014046875000000003
340.5 0.0013140625000000001
341.5 0.0010703125000000007
342.5 0.0009906250000000002
343.5 0.0009187500000000005
344.5 0.0007984374999999999
345.5 0.0007265625000000003
346.5 0.0006859375
347.5 0.0006343749999999998
348.5 0.0006546875
349.5 0.0005718750000000001
350.5 0.0006125
351.5 0.0006015625000000001
352.5 0.0005281249999999998
353.5 0.0005046875000000001
354.5 0.0005796874999999999
355.5 0.0005374999999999998
356.5 0.000553125
357.5 0.0005593750000000001
358.5 0.0005281250000000001
359.5 0.0005203124999999998
