0.5 4.6875000000000004e-06
1.5 0.0
2.5 0.0
3.5 0.0
4.5 4.6875000000000004e-06
5.5 1.5625e-06
6.5 1.5625e-06
7.5 1.5625e-06
8.5 4.6875000000000004e-06
9.5 1.5625e-06
10.5 3.125e-06
11.5 3.125e-06
12.5 3.125e-06
13.5 4.6875000000000004e-06
14.5 3.125e-06
15.5 4.6875000000000004e-06
16.5 1.5625e-06
17.5 3.125e-06
18.5 7.8125e-06
19.5 6.25e-06
20.5 1.2500000000000002e-05
21.5 6.25e-06
22.5 1.2500000000000002e-05
23.5 9.375000000000001e-06
24.5 2.3437500000000007e-05
25.5 1.4062500000000003e-05
26.5 2.5000000000000008e-05
27.5 3.59375e-05
28.5 4.843749999999998e-05
29.5 6.249999999999997e-05
30.5 7.343749999999999e-05
31.5 6.562499999999997e-05
32.5 0.00010468750000000006
33.5 0.00011093750000000006
34.5 0.00015
35.5 0.00015781249999999994
36.5 0.00018749999999999995
37.5 0.00025156249999999983
38.5 0.00029687499999999994
39.5 0.0003109374999999997
40.5 0.00042187500000000005
41.5 0.0004593749999999999
42.5 0.0006031250000000007
43.5 0.0006843750000000002
44.5 0.0007375000000000001
45.5 0.0009656250000000007
46.5 0.0009890625000000004
47.5 0.0011812500000000002
48.5 0.0013781250000000002
49.5 0.0016328125000000006
50.5 0.0018000000000000006
51.5 0.002031250000000001
52.5 0.0023171875000000002
53.5 0.0024656249999999995
54.5 0.0026156250000000008
55.5 0.0029312499999999994
56.5 0.0031718750000000015
57.5 0.003420312500000001
58.5 0.003637500000000002
59.5 0.00388125
60.5 0.0040421875000000015
61.5 0.004001562500000001
62.5 0.004275000000000001
63.5 0.004432812500000001
64.5 0.0045125000000000035
65.5 0.004631249999999999
66.5 0.004589062499999999
67.5 0.004520312500000002
68.5 0.004607812500000001
69.5 0.0045593750000000035
70.5 0.0043828124999999996
71.5 0.0042921875
72.5 0.004134375000000001
73.5 0.004142187500000002
74.5 0.0039000000000000007
75.5 0.003760937500000001
76.5 0.0035109375000000006
77.5 0.0034640624999999993
78.5 0.0030609375000000003
79.5 0.0029906250000000002
80.5 0.002714062500000001
81.5 0.0024656250000000004
82.5 0.0023546874999999996
83.5 0.002164062500000001
84.5 0.001910937500000001
85.5 0.0017906250000000003
86.5 0.001582812500000001
87.5 0.0014609375000000002
88.5 0.0013140625000000006
89.5 0.0012015625000000008
90.5 0.0010796875000000008
91.5 0.0010406250000000003
92.5 0.0008812500000000004
93.5 0.0008093750000000004
94.5 0.0006984375000000006
95.5 0.0006437500000000002
96.5 0.0005578125
97.5 0.0005031250000000001
98.5 0.0004953125
99.5 0.0004984375
100.5 0.0004046875
101.5 0.0003781249999999997
102.5 0.0003812499999999999
103.5 0.0003031249999999997
104.5 0.00026562499999999986
105.5 0.0002484374999999999
106.5 0.00026562499999999975
107.5 0.0002093749999999999
108.5 0.0002078124999999999
109.5 0.00021093749999999986
110.5 0.00017343749999999985
111.5 0.00014999999999999993
112.5 0.00017187499999999983
113.5 0.00017656250000000002
114.5 0.00013125
115.5 0.00015000000000000001
116.5 0.00015000000000000001
117.5 0.00013749999999999998
118.5 0.00011562499999999999
119.5 0.00013749999999999995
120.5 0.00014687499999999995
121.5 0.00014687500000000006
122.5 0.00010781250000000004
123.5 0.00010468750000000002
124.5 0.00014374999999999997
125.5 0.000153125
126.5 0.00017343749999999993
127.5 0.00016874999999999987
128.5 0.00021093749999999992
129.5 0.0001843749999999999
130.5 0.00024374999999999985
131.5 0.00024687499999999997
132.5 0.00025468749999999987
133.5 0.0003421874999999997
134.5 0.0003624999999999998
135.5 0.0003671875
136.5 0.00041249999999999994
137.5 0.00045624999999999984
138.5 0.0004781250000000001
139.5 0.0005859375
140.5 0.0006453125000000006
141.5 0.00078125
142.5 0.0008375000000000005
143.5 0.0008812500000000007
144.5 0.0010171875000000005
145.5 0.0013140625000000006
146.5 0.0013890625000000005
147.5 0.0015531250000000003
148.5 0.0017484375000000006
149.5 0.0019765625000000013
150.5 0.0023249999999999994
151.5 0.002681249999999999
152.5 0.0029875
153.5 0.003301562500000003
154.5 0.0035984375000000014
155.5 0.004164062500000004
156.5 0.0045953125
157.5 0.0051765625
158.5 0.0059546875000000025
159.5 0.0063140625
160.5 0.00726875
161.5 0.007884375
162.5 0.008776562500000005
163.5 0.009253125000000008
164.5 0.010406250000000002
165.5 0.011143749999999996
166.5 0.0120484375
167.5 0.012906249999999996
168.5 0.013682812499999995
169.5 0.01449218749999999
170.5 0.0154734375
171.5 0.016139062500000002
172.5 0.016776562499999995
173.5 0.01771875
174.5 0.018231250000000008
175.5 0.018931250000000014
176.5 0.018909375000000003
177.5 0.019475000000000013
178.5 0.01963593750000001
179.5 0.019537500000000006
180.5 0.020125
181.5 0.019762500000000006
182.5 0.019326562500000005
183.5 0.019334375000000004
184.5 0.018690625000000002
185.5 0.018143750000000004
186.5 0.0172390625
187.5 0.017082812500000006
188.5 0.0159296875
189.5 0.015414062499999997
190.5 0.0146375
191.5 0.013879687499999993
192.5 0.012985937499999994
193.5 0.012229687499999992
194.5 0.011076562499999998
195.5 0.010076562500000002
196.5 0.009575
197.5 0.008753124999999999
198.5 0.00798125
199.5 0.0074171874999999984
200.5 0.006506250000000001
201.5 0.006071875000000002
202.5 0.0053234375
203.5 0.004846875000000001
204.5 0.004268749999999998
205.5 0.003764062500000002
206.5 0.0033546875000000018
207.5 0.0031062500000000005
208.5 0.0026328124999999997
209.5 0.0022843750000000017
210.5 0.001968750000000002
211.5 0.001850000000000001
212.5 0.0016062500000000007
213.5 0.0013781250000000002
214.5 0.0012765625000000008
215.5 0.0010562500000000008
216.5 0.0008468750000000006
217.5 0.0008500000000000003
218.5 0.0006718750000000003
219.5 0.0006609375000000006
220.5 0.000534375
221.5 0.0005468750000000003
222.5 0.000471875
223.5 0.00041093749999999984
224.5 0.0003531249999999997
225.5 0.00030468749999999984
226.5 0.00029999999999999987
227.5 0.00022812499999999984
228.5 0.00021562499999999983
229.5 0.00023906249999999988
230.5 0.00021249999999999977
231.5 0.000203125
232.5 0.0001890624999999999
233.5 0.00017812499999999993
234.5 0.00014999999999999988
235.5 0.00017031249999999995
236.5 0.00015624999999999998
237.5 0.00013593750000000004
238.5 0.0001296875
239.5 0.0001546875000000001
240.5 0.00016406250000000006
241.5 0.00015937499999999996
242.5 0.00013593750000000004
243.5 0.00014999999999999993
244.5 0.00015624999999999995
245.5 0.00017343749999999993
246.5 0.00015312499999999991
247.5 0.00015937499999999998
248.5 0.00014843750000000002
249.5 0.00016249999999999994
250.5 0.0002078124999999999
251.5 0.0002156249999999999
252.5 0.00022031249999999986
253.5 0.00028593749999999984
254.5 0.00027968749999999977
255.5 0.00031093749999999996
256.5 0.0003062499999999999
257.5 0.0003484374999999997
258.5 0.0004140624999999997
259.5 0.00043281250000000004
260.5 0.0004281249999999999
261.5 0.0004812500000000002
262.5 0.0005281250000000001
263.5 0.0006171875000000002
264.5 0.0006765625000000003
265.5 0.0007125
266.5 0.0007843750000000003
267.5 0.0008625000000000007
268.5 0.0010375000000000007
269.5 0.0010890625000000002
270.5 0.001212500000000001
271.5 0.0013343750000000014
272.5 0.0014609375
273.5 0.0016125000000000007
274.5 0.001756250000000001
275.5 0.0019093750000000011
276.5 0.0021390625000000016
277.5 0.002340625000000001
278.5 0.002485937500000002
279.5 0.0026640625000000015
280.5 0.0028703125000000013
281.5 0.0031125
282.5 0.003320312499999999
283.5 0.003665625
284.5 0.0037515625000000006
285.5 0.0038296875
286.5 0.004223437500000001
287.5 0.004296875000000003
288.5 0.0043828124999999996
289.5 0.004253125000000001
290.5 0.004537500000000001
291.5 0.004764062500000001
292.5 0.004512499999999999
293.5 0.004467187500000002
294.5 0.004585937499999999
295.5 0.004573437500000002
296.5 0.00451875
297.5 0.004153125000000001
298.5 0.0040750000000000005
299.5 0.004035937500000002
300.5 0.0037812500000000042
301.5 0.003664062500000002
302.5 0.0034328125000000005
303.5 0.0030781250000000014
304.5 0.002856250000000001
305.5 0.0026828125000000003
306.5 0.002392187500000001
307.5 0.002346875000000001
308.5 0.0019656250000000004
309.5 0.0017703125000000008
310.5 0.0016718750000000002
311.5 0.0013390625000000008
312.5 0.0012296875
313.5 0.0010421875000000001
314.5 0.0008921875000000004
315.5 0.0007968750000000003
316.5 0.0007093750000000006
317.5 0.0006234375000000001
318.5 0.00047656249999999994
319.5 0.00039687500000000004
320.5 0.0003296874999999999
321.5 0.00030468749999999995
322.5 0.00025468749999999987
323.5 0.00022187499999999982
324.5 0.00016406249999999998
325.5 0.00012812499999999996
326.5 0.00010468750000000004
327.5 9.21875e-05
328.5 8.437499999999999e-05
329.5 5e-05
330.5 5.6249999999999965e-05
331.5 2.968750000000001e-05
332.5 2.968750000000001e-05
333.5 3.125000000000001e-05
334.5 1.4062500000000001e-05
335.5 1.5625e-05
336.5 1.7187500000000004e-05
337.5 1.2500000000000002e-05
338.5 1.7187500000000004e-05
339.5 7.8125e-06
340.5 4.6875000000000004e-06
341.5 4.6875000000000004e-06
342.5 3.125e-06
343.5 1.5625e-06
344.5 1.5625e-06
345.5 4.6875000000000004e-06
346.5 3.125e-06
347.5 1.5625e-06
348.5 3.125e-06
349.5 0.0
350.5 4.6875000000000004e-06
351.5 9.375000000000001e-06
352.5 1.5625e-06
353.5 3.125e-06
354.5 1.5625e-06
355.5 1.5625e-06
356.5 1.5625e-06
357.5 1.5625e-06
358.5 0.0
359.5 0.0
