0.5 1.5625e-06
1.5 1.5625e-06
2.5 1.5625e-06
3.5 1.5625e-06
4.5 1.5625e-06
5.5 0.0
6.5 0.0
7.5 1.5625e-06
8.5 3.125e-06
9.5 0.0
10.5 4.6875000000000004e-06
11.5 0.0
12.5 7.8125e-06
13.5 1.5625e-06
14.5 0.0
15.5 3.125e-06
16.5 1.5625e-06
17.5 6.25e-06
18.5 4.6875000000000004e-06
19.5 1.4062500000000001e-05
20.5 1.2500000000000002e-05
21.5 2.3437500000000007e-05
22.5 4.6875000000000004e-06
23.5 2.0312500000000006e-05
24.5 1.0937500000000002e-05
25.5 2.656250000000001e-05
26.5 3.59375e-05
27.5 2.968750000000001e-05
28.5 2.812500000000001e-05
29.5 4.062499999999999e-05
30.5 5.3124999999999983e-05
31.5 6.718749999999999e-05
32.5 8.750000000000003e-05
33.5 0.0001
34.5 0.00013593750000000004
35.5 0.0001781249999999999
36.5 0.00021406249999999987
37.5 0.0002734374999999998
38.5 0.0002984374999999998
39.5 0.00032187499999999984
40.5 0.0003968749999999999
41.5 0.0005453124999999999
42.5 0.0005906249999999999
43.5 0.0007171875000000007
44.5 0.0008078125000000004
45.5 0.0008515625000000006
46.5 0.001075000000000001
47.5 0.0012062500000000014
48.5 0.001440625000000001
49.5 0.0015718750000000008
50.5 0.00191875
51.5 0.0021312500000000008
52.5 0.0023078125000000004
53.5 0.0026359375
54.5 0.0027906250000000006
55.5 0.0030312499999999997
56.5 0.0031125000000000007
57.5 0.0035015625000000025
58.5 0.0037093750000000017
59.5 0.0038875000000000008
60.5 0.004210937500000001
61.5 0.004271875000000002
62.5 0.004418750000000003
63.5 0.004471875000000001
64.5 0.004529687500000001
65.5 0.004659375000000001
66.5 0.004864062500000002
67.5 0.004693750000000003
68.5 0.004625000000000001
69.5 0.004557812500000001
70.5 0.004476562500000001
71.5 0.004442187500000001
72.5 0.004425000000000001
73.5 0.004117187500000001
74.5 0.004031250000000003
75.5 0.003884375000000002
76.5 0.0034968750000000017
77.5 0.003387500000000001
78.5 0.003132812500000002
79.5 0.0028906250000000004
80.5 0.0027812500000000016
81.5 0.0024828124999999998
82.5 0.0023671875000000004
83.5 0.0021968750000000005
84.5 0.001979687500000001
85.5 0.0018156250000000017
86.5 0.0015484375000000012
87.5 0.0014343750000000003
88.5 0.0012984375000000012
89.5 0.0011625
90.5 0.0010421875000000004
91.5 0.0010218750000000004
92.5 0.0008140624999999997
93.5 0.0008406250000000011
94.5 0.0008109375000000001
95.5 0.0006312500000000003
96.5 0.0006109375000000003
97.5 0.000515625
98.5 0.0004875
99.5 0.0004234375000000001
100.5 0.0003718749999999998
101.5 0.0003609374999999999
102.5 0.0003374999999999998
103.5 0.00028281249999999986
104.5 0.0002796874999999999
105.5 0.00027031249999999983
106.5 0.0002937499999999996
107.5 0.00019687499999999973
108.5 0.00019374999999999983
109.5 0.00014999999999999996
110.5 0.00017499999999999997
111.5 0.00017343749999999995
112.5 0.00016562499999999995
113.5 0.0001874999999999999
114.5 0.00015781250000000005
115.5 0.00013125000000000005
116.5 0.00015624999999999992
117.5 0.00013593750000000002
118.5 0.00012499999999999998
119.5 0.00014062500000000004
120.5 0.00010468750000000004
121.5 0.00015781249999999997
122.5 0.00015312499999999997
123.5 0.0001484374999999999
124.5 0.00015312499999999997
125.5 0.00015781249999999997
126.5 0.00017343749999999995
127.5 0.00018437499999999994
128.5 0.00021406249999999984
129.5 0.00018749999999999981
130.5 0.00020468749999999982
131.5 0.00023437500000000005
132.5 0.000253125
133.5 0.00031874999999999986
134.5 0.0003109374999999997
135.5 0.0003625
136.5 0.0003718749999999998
137.5 0.00040937499999999985
138.5 0.0004781249999999998
139.5 0.0005640625000000005
140.5 0.0006312500000000004
141.5 0.0006953125000000002
142.5 0.0008734375000000004
143.5 0.0009234375000000004
144.5 0.0010875000000000001
145.5 0.0012046875000000005
146.5 0.0014640625000000007
147.5 0.0015906250000000002
148.5 0.0017343750000000015
149.5 0.001960937500000001
150.5 0.0023406249999999994
151.5 0.0026484374999999998
152.5 0.0028875000000000007
153.5 0.0034390625000000007
154.5 0.003715625000000001
155.5 0.004246874999999999
156.5 0.0048078125000000005
157.5 0.005314062500000001
158.5 0.005835937499999998
159.5 0.006520312500000003
160.5 0.007156250000000005
161.5 0.007901562500000004
162.5 0.008548437499999999
163.5 0.009204687500000006
164.5 0.010321874999999998
165.5 0.011082812500000002
166.5 0.0120109375
167.5 0.012848437499999995
168.5 0.01349062499999999
169.5 0.014440625
170.5 0.015301562499999997
171.5 0.015740625000000008
172.5 0.016748437500000005
173.5 0.017417187499999993
174.5 0.017993749999999992
175.5 0.01858437500000001
176.5 0.018976562500000006
177.5 0.019167187500000002
178.5 0.019520312499999998
179.5 0.01961718749999999
180.5 0.020015624999999992
181.5 0.01962343750000001
182.5 0.019176562499999997
183.5 0.019024999999999986
184.5 0.018720312499999992
185.5 0.017946874999999994
186.5 0.017649999999999996
187.5 0.016832812500000006
188.5 0.0161328125
189.5 0.015417187499999995
190.5 0.014482812500000001
191.5 0.013728125000000002
192.5 0.012512499999999996
193.5 0.011778125000000002
194.5 0.011015625
195.5 0.0101125
196.5 0.0095234375
197.5 0.008631250000000005
198.5 0.007882812500000004
199.5 0.007217187500000004
200.5 0.0064984375000000025
201.5 0.005796875000000001
202.5 0.005056250000000002
203.5 0.004556250000000001
204.5 0.004200000000000001
205.5 0.0037203125000000023
206.5 0.0032406250000000013
207.5 0.002865625000000001
208.5 0.00263125
209.5 0.0022843750000000012
210.5 0.0020640625
211.5 0.0017437500000000003
212.5 0.0016156250000000014
213.5 0.0013937500000000007
214.5 0.0012546875000000004
215.5 0.0010609375000000005
216.5 0.0009578125000000005
217.5 0.0007937500000000003
218.5 0.0006921875000000003
219.5 0.0006359375000000002
220.5 0.0005875000000000002
221.5 0.0005171875000000001
222.5 0.00045624999999999973
223.5 0.0003874999999999998
224.5 0.00034687499999999996
225.5 0.0003140624999999999
226.5 0.00031718749999999976
227.5 0.0002749999999999998
228.5 0.00022656249999999985
229.5 0.00023593749999999993
230.5 0.00020468749999999985
231.5 0.00023437499999999986
232.5 0.00017812499999999995
233.5 0.00017812499999999984
234.5 0.00016406249999999987
235.5 0.00016406249999999987
236.5 0.0001640624999999999
237.5 0.00017656249999999993
238.5 0.00015468749999999996
239.5 0.000109375
240.5 0.00016874999999999987
241.5 0.00013906250000000003
242.5 0.00013281250000000004
243.5 0.00016093749999999997
244.5 0.00013906250000000003
245.5 0.0001671874999999999
246.5 0.00016406249999999998
247.5 0.00018749999999999987
248.5 0.00017187499999999988
249.5 0.00019374999999999983
250.5 0.00019218749999999987
251.5 0.00025312499999999977
252.5 0.0002421874999999999
253.5 0.0002749999999999999
254.5 0.0002984374999999999
255.5 0.00023281249999999984
256.5 0.00032968749999999996
257.5 0.00032968750000000007
258.5 0.0003656249999999999
259.5 0.0004328124999999999
260.5 0.0004359375
261.5 0.00044999999999999977
262.5 0.0005750000000000003
263.5 0.0005671875000000001
264.5 0.00070625
265.5 0.0007390624999999997
266.5 0.0008468750000000003
267.5 0.0009468749999999999
268.5 0.0010296875000000007
269.5 0.0010546875000000005
270.5 0.0011953125000000006
271.5 0.001384375000000001
272.5 0.0014531250000000002
273.5 0.0016734374999999998
274.5 0.0018062500000000001
275.5 0.0019593750000000015
276.5 0.0022171875000000004
277.5 0.002310937500000001
278.5 0.0024906250000000007
279.5 0.00273125
280.5 0.0029640625000000014
281.5 0.0031203125000000024
282.5 0.0033171875000000024
283.5 0.003584375000000001
284.5 0.0038156250000000026
285.5 0.003968749999999998
286.5 0.00409375
287.5 0.004320312500000001
288.5 0.004334374999999998
289.5 0.004614062500000003
290.5 0.004743750000000003
291.5 0.0045875
292.5 0.0046640625000000015
293.5 0.004628125000000003
294.5 0.0046390625
295.5 0.004673437500000003
296.5 0.004609375000000001
297.5 0.0044203125
298.5 0.004259375000000001
299.5 0.003960937500000003
300.5 0.003940625000000004
301.5 0.003712500000000002
302.5 0.003537500000000003
303.5 0.003343750000000001
304.5 0.0029796875000000006
305.5 0.00264375
306.5 0.00251875
307.5 0.00219375
308.5 0.00195625
309.5 0.001890625000000001
310.5 0.001559375000000001
311.5 0.001371875000000001
312.5 0.0012796875000000004
313.5 0.0010796875000000001
314.5 0.000984375
315.5 0.0007812500000000003
316.5 0.0007328125000000002
317.5 0.0006328125000000003
318.5 0.000525
319.5 0.00045468749999999974
320.5 0.00034999999999999994
321.5 0.00029999999999999987
322.5 0.0002124999999999999
323.5 0.00021249999999999993
324.5 0.00018124999999999993
325.5 0.0001359375
326.5 0.0001234375
327.5 7.812499999999999e-05
328.5 7.031249999999998e-05
329.5 7.03125e-05
330.5 5.9374999999999966e-05
331.5 3.59375e-05
332.5 3.9062499999999994e-05
333.5 2.3437500000000004e-05
334.5 2.0312500000000002e-05
335.5 1.2500000000000002e-05
336.5 1.5625000000000004e-05
337.5 9.375000000000001e-06
338.5 9.375000000000001e-06
339.5 1.0937500000000002e-05
340.5 7.8125e-06
341.5 1.5625e-06
342.5 0.0
343.5 3.125e-06
344.5 0.0
345.5 3.125e-06
346.5 1.5625e-06
347.5 4.6875000000000004e-06
348.5 1.5625e-06
349.5 1.5625e-06
350.5 0.0
351.5 0.0
352.5 1.5625e-06
353.5 3.125e-06
354.5 0.0
355.5 0.0
356.5 3.125e-06
357.5 0.0
358.5 1.5625e-06
359.5 3.125e-06
