0.5 0.00015937499999999996
1.5 0.0001749999999999999
2.5 0.0002781249999999998
3.5 0.00034374999999999976
4.5 0.00045156249999999987
5.5 0.0005578124999999999
6.5 0.0006640625000000005
7.5 0.0006093750000000001
8.5 0.0007093750000000004
9.5 0.0006421875000000002
10.5 0.0006218750000000006
11.5 0.0005656249999999999
12.5 0.0004671875
13.5 0.0003859374999999997
14.5 0.00032499999999999993
15.5 0.00022499999999999986
16.5 0.00018437499999999997
17.5 0.00015625
18.5 0.00011093750000000003
19.5 6.093749999999998e-05
20.5 3.59375e-05
21.5 3.2812500000000005e-05
22.5 1.8750000000000005e-05
23.5 2.5000000000000008e-05
24.5 2.0312500000000006e-05
25.5 6.25e-06
26.5 1.5625000000000004e-05
27.5 9.375000000000001e-06
28.5 1.5625e-06
29.5 1.0937500000000002e-05
30.5 7.8125e-06
31.5 3.125e-06
32.5 1.5625e-06
33.5 1.5625e-06
34.5 4.6875000000000004e-06
35.5 1.5625e-06
36.5 4.6875000000000004e-06
37.5 4.6875000000000004e-06
38.5 6.25e-06
39.5 7.8125e-06
40.5 9.375000000000001e-06
41.5 2.9687500000000003e-05
42.5 3.2812500000000005e-05
43.5 3.59375e-05
44.5 5.4687499999999974e-05
45.5 8.750000000000001e-05
46.5 0.0001578125
47.5 0.00020937499999999984
48.5 0.00034374999999999987
49.5 0.0005687500000000001
50.5 0.0009609375000000009
51.5 0.0013484375000000002
52.5 0.0021156250000000003
53.5 0.0031515625000000025
54.5 0.004575
55.5 0.006685937500000002
56.5 0.008848437499999997
57.5 0.011865624999999992
58.5 0.01488125
59.5 0.017973437499999998
60.5 0.019959375
61.5 0.0213125
62.5 0.021521875000000003
63.5 0.020667187499999993
64.5 0.018056249999999996
65.5 0.015020312500000002
66.5 0.011695312499999997
67.5 0.008843749999999997
68.5 0.006517187500000001
69.5 0.005459375
70.5 0.005456250000000004
71.5 0.007085937500000001
72.5 0.009610937500000001
73.5 0.013295312499999996
74.5 0.017979687499999997
75.5 0.023043750000000005
76.5 0.027309374999999986
77.5 0.030518750000000004
78.5 0.03229062499999999
79.5 0.0317171875
80.5 0.03003906250000001
81.5 0.02731875
82.5 0.023637499999999995
83.5 0.0191578125
84.5 0.0151703125
85.5 0.011800000000000005
86.5 0.008765624999999999
87.5 0.0063609375
88.5 0.004717187500000002
89.5 0.003228125000000002
90.5 0.0022656250000000007
91.5 0.0015500000000000012
92.5 0.0010500000000000004
93.5 0.0007562500000000003
94.5 0.0004890625
95.5 0.0003328124999999999
96.5 0.00025156249999999983
97.5 0.00018437499999999991
98.5 0.00012968750000000003
99.5 7.343749999999999e-05
100.5 7.968750000000002e-05
101.5 5.6249999999999965e-05
102.5 5.468749999999998e-05
103.5 3.125000000000001e-05
104.5 2.5000000000000008e-05
105.5 1.8750000000000005e-05
106.5 2.1875000000000007e-05
107.5 1.8750000000000005e-05
108.5 2.6562500000000005e-05
109.5 2.0312500000000006e-05
110.5 2.0312500000000006e-05
111.5 2.0312500000000002e-05
112.5 2.812500000000001e-05
113.5 3.75e-05
114.5 3.90625e-05
115.5 4.53125e-05
116.5 4.843749999999999e-05
117.5 4.218749999999999e-05
118.5 6.562499999999998e-05
119.5 6.249999999999999e-05
120.5 7.343749999999998e-05
121.5 7.499999999999998e-05
122.5 0.00011406249999999997
123.5 0.00015624999999999995
124.5 0.00018125000000000001
125.5 0.00020937499999999984
126.5 0.00027187499999999987
127.5 0.00030312499999999985
128.5 0.00035312499999999965
129.5 0.0004031249999999998
130.5 0.0005109374999999998
131.5 0.0005390625000000004
132.5 0.0005875000000000005
133.5 0.0006156250000000002
134.5 0.0006625000000000002
135.5 0.0006656250000000003
136.5 0.0006312500000000003
137.5 0.0006109375000000005
138.5 0.0006125000000000002
139.5 0.0005281250000000001
140.5 0.0004609374999999996
141.5 0.0003874999999999999
142.5 0.0003281249999999997
143.5 0.00030156249999999986
144.5 0.0002531249999999998
145.5 0.0001859374999999999
146.5 0.00015
147.5 0.0001
148.5 0.00010937500000000003
149.5 0.0001015625
150.5 8.281250000000003e-05
151.5 6.874999999999999e-05
152.5 6.718749999999999e-05
153.5 6.406249999999998e-05
154.5 8.437500000000003e-05
155.5 6.249999999999997e-05
156.5 5.781249999999996e-05
157.5 7.968749999999999e-05
158.5 6.093749999999998e-05
159.5 5.1562499999999986e-05
160.5 5.3124999999999983e-05
161.5 5.6249999999999985e-05
162.5 4.999999999999998e-05
163.5 5.937499999999997e-05
164.5 3.4375e-05
165.5 4.218749999999999e-05
166.5 6.093749999999998e-05
167.5 3.75e-05
168.5 3.90625e-05
169.5 5.156249999999998e-05
170.5 5.6249999999999985e-05
171.5 5.312499999999998e-05
172.5 3.5937500000000006e-05
173.5 2.812500000000001e-05
174.5 3.9062499999999994e-05
175.5 3.75e-05
176.5 2.6562500000000005e-05
177.5 4.218749999999999e-05
178.5 3.4375e-05
179.5 2.8125000000000006e-05
180.5 2.9687500000000007e-05
181.5 3.2812500000000005e-05
182.5 4.0624999999999985e-05
183.5 3.2812500000000005e-05
184.5 3.125000000000001e-05
185.5 2.968750000000001e-05
186.5 4.687499999999998e-05
187.5 4.531249999999998e-05
188.5 4.2187499999999995e-05
189.5 4.6874999999999994e-05
190.5 3.59375e-05
191.5 4.531249999999999e-05
192.5 5.156249999999998e-05
193.5 4.374999999999999e-05
194.5 5.781249999999996e-05
195.5 6.093749999999997e-05
196.5 5.9374999999999966e-05
197.5 5.4687499999999974e-05
198.5 6.249999999999997e-05
199.5 6.718749999999999e-05
200.5 8.281250000000001e-05
201.5 7.343749999999998e-05
202.5 4.531249999999999e-05
203.5 7.656249999999998e-05
204.5 6.249999999999996e-05
205.5 4.0625000000000005e-05
206.5 7.03125e-05
207.5 6.875e-05
208.5 6.093749999999996e-05
209.5 8.125e-05
210.5 7.343749999999999e-05
211.5 8.906250000000002e-05
212.5 7.031250000000001e-05
213.5 0.00011718750000000006
214.5 0.0001515625
215.5 0.00020937499999999987
216.5 0.0002078125
217.5 0.0002734374999999998
218.5 0.0002640624999999999
219.5 0.00029218749999999986
220.5 0.0003812499999999998
221.5 0.0004124999999999999
222.5 0.00042343750000000004
223.5 0.0004140625
224.5 0.00041406250000000004
225.5 0.00042968749999999984
226.5 0.0004187499999999999
227.5 0.0003781249999999998
228.5 0.0003281249999999999
229.5 0.0003406249999999999
230.5 0.0002890624999999998
231.5 0.00020937499999999987
232.5 0.00021406249999999987
233.5 0.00017343749999999987
234.5 0.00010937500000000003
235.5 0.00010312500000000004
236.5 8.4375e-05
237.5 7.499999999999997e-05
238.5 4.843749999999998e-05
239.5 3.125000000000001e-05
240.5 2.8125000000000006e-05
241.5 3.125000000000001e-05
242.5 2.6562500000000005e-05
243.5 2.3437500000000007e-05
244.5 2.0312500000000006e-05
245.5 2.3437500000000007e-05
246.5 1.4062500000000003e-05
247.5 1.2500000000000002e-05
248.5 1.0937500000000002e-05
249.5 1.2500000000000002e-05
250.5 1.0937500000000002e-05
251.5 1.2500000000000002e-05
252.5 9.375000000000001e-06
253.5 9.375000000000001e-06
254.5 1.2500000000000002e-05
255.5 1.2500000000000002e-05
256.5 3.437500000000001e-05
257.5 2.0312500000000006e-05
258.5 4.531249999999998e-05
259.5 4.374999999999999e-05
260.5 5.3124999999999983e-05
261.5 7.5e-05
262.5 0.00010156250000000004
263.5 0.00014062500000000004
264.5 0.00018593749999999996
265.5 0.00028437499999999985
266.5 0.00044375
267.5 0.0005749999999999999
268.5 0.0008171875000000002
269.5 0.001220312500000001
270.5 0.0018359375
271.5 0.0026562500000000015
272.5 0.003553125
273.5 0.004845312500000004
274.5 0.0065703125000000015
275.5 0.008753124999999997
276.5 0.010856250000000001
277.5 0.013064062499999994
278.5 0.015207812500000004
279.5 0.017242187499999995
280.5 0.01820625000000001
281.5 0.0182546875
282.5 0.017504687499999998
283.5 0.015635937500000006
284.5 0.013054687499999997
285.5 0.010565625000000002
286.5 0.007875000000000002
287.5 0.005896874999999999
288.5 0.0041234374999999995
289.5 0.0035000000000000005
290.5 0.0036343749999999987
291.5 0.004939062500000002
292.5 0.006796874999999998
293.5 0.009324999999999996
294.5 0.011865624999999996
295.5 0.0144890625
296.5 0.016690625
297.5 0.0181046875
298.5 0.017876562499999995
299.5 0.016774999999999995
300.5 0.014506249999999998
301.5 0.012576562500000003
302.5 0.010098437499999996
303.5 0.007762499999999996
304.5 0.005754687500000003
305.5 0.004021875000000001
306.5 0.0027359375000000005
307.5 0.0017687500000000006
308.5 0.0012453125000000001
309.5 0.0008062500000000003
310.5 0.0004796875000000001
311.5 0.00034375
312.5 0.00017343749999999993
313.5 0.00011093750000000002
314.5 8.124999999999998e-05
315.5 5.624999999999999e-05
316.5 3.7500000000000003e-05
317.5 3.281250000000001e-05
318.5 1.71875e-05
319.5 9.375000000000001e-06
320.5 9.375000000000001e-06
321.5 4.6875000000000004e-06
322.5 7.8125e-06
323.5 3.125e-06
324.5 3.125e-06
325.5 1.5625e-06
326.5 0.0
327.5 3.125e-06
328.5 3.125e-06
329.5 4.6875000000000004e-06
330.5 3.125e-06
331.5 0.0
332.5 3.125e-06
333.5 3.125e-06
334.5 9.375000000000001e-06
335.5 1.0937500000000002e-05
336.5 2.0312500000000006e-05
337.5 2.8125000000000006e-05
338.5 2.812500000000001e-05
339.5 4.375e-05
340.5 2.0312500000000002e-05
341.5 5.624999999999999e-05
342.5 9.843749999999997e-05
343.5 0.00010156250000000002
344.5 0.00013593750000000007
345.5 0.00020624999999999984
346.5 0.0003156249999999999
347.5 0.0003249999999999998
348.5 0.0003749999999999999
349.5 0.0003968749999999999
350.5 0.0004921874999999999
351.5 0.000421875
352.5 0.00048437499999999983
353.5 0.00041718749999999997
354.5 0.00039843749999999987
355.5 0.00031562499999999993
356.5 0.00025781249999999985
357.5 0.00017968749999999994
358.5 0.00013593749999999994
359.5 0.00016093749999999992
