0 2.421190285523826e-05
1 3.7830731726780725e-05
2 3.783102486328542e-05
3 4.690975555013924e-05
4 5.14495604847264e-05
5 5.4475608622674546e-05
6 7.868545940878316e-05
7 7.414653377011329e-05
8 9.38198040095896e-05
9 0.00013467541121470287
10 0.00013618770244241523
11 0.00021336116387358733
12 0.000240599994162691
13 0.0003208000897776273
14 0.0003798137447430544
15 0.0003843532566547337
16 0.0005462666187490262
17 0.0006885061242172364
18 0.0007671948081275714
19 0.0008958157782015338
20 0.0010471313761280553
21 0.001204507278379798
22 0.0014557026913910294
23 0.0016826900124351802
24 0.0019550572092706846
25 0.002197169788251981
26 0.0024377782832597132
27 0.0028085045032207726
28 0.0029507393181641183
29 0.0034031884779955925
30 0.0035983913007451664
31 0.003904059684718514
32 0.004182492755132039
33 0.004371648758971578
34 0.004544152556707427
35 0.005034425119739468
36 0.004989042604924394
37 0.0051010058002098554
38 0.005190296058608133
39 0.005228134705020542
40 0.004979955666415409
41 0.005079847206619517
42 0.005137340069739386
43 0.004952717129490005
44 0.004911862694717312
45 0.004778713645282545
46 0.004439744368557427
47 0.004091716294541368
48 0.0039782337730928765
49 0.003596898064071839
50 0.0033684034351205553
51 0.003152013584426092
52 0.002953777971626154
53 0.0026465984693119036
54 0.0023817845204520374
55 0.0021351421041996854
56 0.0018945350745336873
57 0.001678146396839628
58 0.0014844596757515357
59 0.0013134646517189393
60 0.0011333985184350146
61 0.0010335239795801958
62 0.0008837183280165422
63 0.0008019980260338799
64 0.0006703518875722736
65 0.0005583749155526746
66 0.0004902798921262385
67 0.00048120291969042876
68 0.0004040262342120922
69 0.0003661993136006628
70 0.0003571170649349626
71 0.00034198829026853544
72 0.0003177769737999035
73 0.0002814605853699648
74 0.00029962127135882085
75 0.00027692195309499324
76 0.00025725014865163716
77 0.000267841756612019
78 0.0002829734627570897
79 0.00027843424386831837
80 0.0002935703480833304
81 0.000289030249785045
82 0.00027843805532446
83 0.0003147585482334484
84 0.00029205600467289175
85 0.0003389654669729295
86 0.00033896781229216053
87 0.0003525848823446749
88 0.0003192919033697548
89 0.0004085724888313634
90 0.0003798219535875568
91 0.00040252039255546704
92 0.0004448918088535426
93 0.0004327832189133894
94 0.00041159912381030474
95 0.00045245443719733273
96 0.00045397024583590783
97 0.0004706089666380095
98 0.0004131099484467197
99 0.0004857447773757263
100 0.00042975130759096
101 0.0004342960966413046
102 0.00046758321175016285
103 0.000447913166239432
104 0.00048120204062170535
105 0.00043882886539100484
106 0.0004600153064949013
107 0.00044942369819372875
108 0.00046153170231525966
109 0.00043429199193506095
110 0.00039645862163894803
111 0.00041462018737810824
112 0.00038283920660799303
113 0.0004131052579218538
114 0.0003767891625148232
115 0.0004236980385418513
116 0.0004388326763927592
117 0.0004161310128097008
118 0.0005038954959282455
119 0.0005235678867582077
120 0.0006067963757167267
121 0.0006567310067451986
122 0.0008080474839676369
123 0.0009018687538869437
124 0.0009366678678821871
125 0.001101613433753834
126 0.0013497728319859569
127 0.001484455278590369
128 0.001628208540968815
129 0.0018324918535650625
130 0.002275849970749294
131 0.0025164561207785827
132 0.0028720532724823243
133 0.003247328970996224
134 0.0037209578294511957
135 0.003966094697069829
136 0.004657638301862296
137 0.005129742557810745
138 0.005813711514753951
139 0.006299450722195301
140 0.00684420622192184
141 0.00743435303135378
142 0.007626516614141113
143 0.00882800341386296
144 0.00948323063045268
145 0.010082444151293194
146 0.010475883173797301
147 0.011076633902695619
148 0.011571441579910184
149 0.012046571590746475
150 0.012079864862062726
151 0.012609481034776658
152 0.012845554708624763
153 0.013010504672452756
154 0.012760807772231146
155 0.013196633748631241
156 0.012547459214022437
157 0.012632177715493523
158 0.012551996674319377
159 0.012140411915788156
160 0.011819620034287047
161 0.011188603840915865
162 0.010760376258353055
163 0.010288248550916243
164 0.009449944981139942
165 0.009268354831849696
166 0.008687286754922162
167 0.008216677495715625
168 0.007614426787436387
169 0.006876001861675529
170 0.006358473465755534
171 0.005889373565616493
172 0.005482337699819492
173 0.005176666970754105
174 0.004728753512741328
175 0.0046152718707023485
176 0.004188541334792248
177 0.00393130613860148
178 0.0038041933557305683
179 0.00358478244033233
180 0.0036316907300863485
181 0.003693736882306423
182 0.0036407735649114626
183 0.0037073565903602873
184 0.003994866047277406
185 0.0040553925796299566
186 0.0042067149193552944
187 0.00435198193932556
188 0.00476811353806748
189 0.004957276284046624
190 0.005536816826761798
191 0.00597565536599825
192 0.006040719066079218
193 0.006419029607734978
194 0.006824583668841549
195 0.007039435430591942
196 0.00732393349585555
197 0.007842966268317634
198 0.008178877250753324
199 0.008324142512358941
200 0.008669163591428278
201 0.008716072175681967
202 0.009070176381349757
203 0.008811421272609345
204 0.008986939979295961
205 0.008921870124597957
206 0.009036868748275922
207 0.008756933351458294
208 0.008655549160058692
209 0.0083135588185162
210 0.007995785069217852
211 0.007703740792731467
212 0.0075887181303833625
213 0.007043976114936038
214 0.006674757789609505
215 0.006358490469490354
216 0.005959011075943345
217 0.005492933120712766
218 0.005143381028759245
219 0.004466987304688742
220 0.004277820748730211
221 0.0038102433995965456
222 0.0032654814499581248
223 0.003102063711321746
224 0.0028115287933348685
225 0.0023545518472790974
226 0.0022228904654920524
227 0.0018430764271581063
228 0.0017386708782590199
229 0.0015601114660412326
230 0.0013255670857924944
231 0.001254447772479154
232 0.001032008171168814
233 0.0009048980266400398
234 0.0008050261263545545
235 0.0007278485608987194
236 0.0006612664147458117
237 0.0006325193970264643
238 0.0005719946240609248
239 0.0005871277957749221
240 0.0004993571564489883
241 0.0004842266227363393
242 0.0005114657460483509
243 0.0004902775462390236
244 0.0004963284700824978
245 0.0004978448652212758
246 0.0005008720860188395
247 0.0005523184217748211
248 0.0005038966683606673
249 0.0005825794894273117
250 0.0005250854543294075
251 0.0006113335424227717
252 0.0005371899399041083
253 0.0005265971591705141
254 0.0005659363712368494
255 0.0006385758902363349
256 0.0006007425203946087
257 0.0006597555890870265
258 0.0005735045697422127
259 0.0006370559775730975
260 0.0006249511986346984
261 0.0007051510013403237
262 0.0006325179312303445
263 0.0006945623244041986
264 0.0006854827143078305
265 0.0006431121778736562
266 0.0006446285728988374
267 0.000664298032477349
268 0.0006431133503060783
269 0.0006718650583230969
270 0.0005810727680203821
271 0.0006310088645041839
272 0.0005810742335893087
273 0.0005795566657909151
274 0.0005765306176529671
275 0.00052205735412233
276 0.0005296229142855544
277 0.0005160058443466369
278 0.000570478228354163
279 0.0005129789166855777
280 0.00045699101751677136
281 0.0004448821339857264
282 0.00042218604022345056
283 0.00037224730539750956
284 0.0004070540408282782
285 0.0003858705316574129
286 0.0003828427242460493
287 0.000373766925151436
288 0.0003571155987980517
289 0.0003782999878328183
290 0.00036165774905187016
291 0.00039192350711562957
292 0.000417648287244396
293 0.0004146231187431554
294 0.0004237000903837877
295 0.0004963381438143462
296 0.000528115020219009
297 0.0005492999957539789
298 0.0006915400877223918
299 0.000715759319103844
300 0.0007263506337005279
301 0.0008489177487931628
302 0.0009260985387505493
303 0.00106379999776241
304 0.0012302493548119063
305 0.0013255899514622315
306 0.0014965902525198962
307 0.0015283624381724993
308 0.0017281144474743774
309 0.0019036481043499301
310 0.0020670804999251393
311 0.0022032649790019714
312 0.0023016266392201002
313 0.0024559832362686805
314 0.0025861162054562226
315 0.002834302573382743
316 0.002855479047504692
317 0.003029486927169364
318 0.0031097016814270826
319 0.0031051574800129086
320 0.003027997503428937
321 0.003186888335364128
322 0.003031008894628053
323 0.003077937119141149
324 0.0029144941681526412
325 0.002766205499704727
326 0.002796465099857146
327 0.002748059177858988
328 0.0025377102831172734
329 0.0024030328208558115
330 0.002210854872675795
331 0.00204137683130455
332 0.0018522091007552607
333 0.001693316802455964
334 0.0014345575878733435
335 0.0013210677382394266
336 0.001186389981251105
337 0.0010153931970363192
338 0.0009185476389340601
339 0.0007672238325038262
340 0.0006401037200843284
341 0.0005856336823048075
342 0.0005129944554194559
343 0.0003979861578960499
344 0.0003783166988855216
345 0.00026482010620322214
346 0.000230017181319821
347 0.00022547620383921507
348 0.00015888995275287042
349 0.00012711512830374067
350 9.684702503434687e-05
351 0.00010290146662947429
352 5.296536991847899e-05
353 6.355697787886096e-05
354 6.053034324070987e-05
355 4.237200268468171e-05
356 2.8751414766917517e-05
357 2.2698732104415053e-05
358 2.421219610533974e-05
