0 0.03464030601219847
1 0.03335102681321695
2 0.03217354941432395
3 0.030947008594062155
4 0.029216253695578707
5 0.027732335107687356
6 0.026005121216188344
7 0.02366191020707733
8 0.02170494640911072
9 0.019729625132617442
10 0.01799907182945822
11 0.015873411351236186
12 0.013756148745472591
13 0.012441277055641
14 0.010569457648058915
15 0.009146210163900898
16 0.00760665907311273
17 0.00656854649080213
18 0.005374916093510104
19 0.004439302940565061
20 0.0037082397247350956
21 0.002932258602668778
22 0.0023688592977907023
23 0.001949516984845963
24 0.0015282006729443263
25 0.001280535290101468
26 0.0009692345353316622
27 0.0007996125551244124
28 0.0005984177747726447
29 0.0004813421110841172
30 0.00038993941591211276
31 0.00032273715497365736
32 0.00025838138929321005
33 0.00019101221450840492
34 0.00015175103043861543
35 0.00012221529382464184
36 9.092776014037502e-05
37 6.430058931874953e-05
38 5.143359852006609e-05
39 3.919042847081473e-05
40 4.074577494379085e-05
41 3.2895256506943936e-05
42 2.5035862016570324e-05
43 1.563029612160245e-05
44 1.2516100382439777e-05
45 1.4110843406446847e-05
46 9.35722134384982e-06
47 3.1498894926945777e-06
48 9.368948602915654e-06
49 4.7061815279797515e-06
50 7.788566079667994e-06
51 4.680050161283956e-06
52 3.1240855420906483e-06
53 1.5643772527032439e-06
54 1.560315558218494e-06
55 1.5516385302879841e-06
56 0.0
57 3.127086643526951e-06
58 0.0
59 0.0
60 0.0
61 1.571615369141018e-06
62 0.0
63 3.112882363536099e-06
64 0.0
65 0.0
66 0.0
67 0.0
68 0.0
69 0.0
70 0.0
71 0.0
72 0.0
73 0.0
74 0.0
75 0.0
76 0.0
77 0.0
78 0.0
79 0.0
80 0.0
81 0.0
82 0.0
83 0.0
84 0.0
85 0.0
86 0.0
87 0.0
88 0.0
89 0.0
90 0.0
91 0.0
92 0.0
93 0.0
94 0.0
95 0.0
96 0.0
97 0.0
98 0.0
99 0.0
100 0.0
101 0.0
102 0.0
103 0.0
104 0.0
105 0.0
106 0.0
107 0.0
108 0.0
109 0.0
110 0.0
111 0.0
112 0.0
113 0.0
114 0.0
115 0.0
116 0.0
117 0.0
118 0.0
119 0.0
120 0.0
121 0.0
122 0.0
123 0.0
124 0.0
125 0.0
126 0.0
127 0.0
128 0.0
129 0.0
130 0.0
131 0.0
132 0.0
133 0.0
134 0.0
135 0.0
136 0.0
137 0.0
138 0.0
139 0.0
140 0.0
141 0.0
142 0.0
143 0.0
144 0.0
145 0.0
146 0.0
147 0.0
148 0.0
149 0.0
150 0.0
151 0.0
152 0.0
153 0.0
154 0.0
155 0.0
156 0.0
157 0.0
158 0.0
159 0.0
160 0.0
161 0.0
162 0.0
163 0.0
164 0.0
165 0.0
166 0.0
167 0.0
168 0.0
169 0.0
170 0.0
171 0.0
172 0.0
173 0.0
174 0.0
175 0.0
176 0.0
177 0.0
178 0.0
179 0.0
180 0.0
181 0.0
182 0.0
183 0.0
184 0.0
185 0.0
186 0.0
187 0.0
188 0.0
189 0.0
190 0.0
191 0.0
192 0.0
193 0.0
194 0.0
195 0.0
196 0.0
197 0.0
198 0.0
199 0.0
200 0.0
201 0.0
202 0.0
203 0.0
204 0.0
205 0.0
206 0.0
207 0.0
208 0.0
209 0.0
210 0.0
211 0.0
212 0.0
213 0.0
214 0.0
215 0.0
216 0.0
217 0.0
218 0.0
219 0.0
220 0.0
221 0.0
222 0.0
223 0.0
224 0.0
225 0.0
226 0.0
227 0.0
228 0.0
229 0.0
230 0.0
231 0.0
232 0.0
233 0.0
234 0.0
235 0.0
236 0.0
237 0.0
238 0.0
239 0.0
240 0.0
241 0.0
242 0.0
243 0.0
244 0.0
245 0.0
246 0.0
247 0.0
248 0.0
249 0.0
250 0.0
251 0.0
252 0.0
253 0.0
254 0.0
255 0.0
256 0.0
257 0.0
258 0.0
259 0.0
260 0.0
261 0.0
262 0.0
263 0.0
264 0.0
265 0.0
266 0.0
267 0.0
268 0.0
269 0.0
270 0.0
271 0.0
272 0.0
273 0.0
274 0.0
275 0.0
276 0.0
277 0.0
278 0.0
279 0.0
280 0.0
281 0.0
282 0.0
283 0.0
284 0.0
285 0.0
286 0.0
287 1.5628125625125025e-06
288 0.0
289 0.0
290 3.13824732415347e-06
291 0.0
292 1.5757361839451391e-06
293 0.0
294 1.5584480351087174e-06
295 3.113509824180978e-06
296 1.5678306241220148e-06
297 0.0
298 0.0
299 3.1319404906145793e-06
300 3.1524269091328874e-06
301 3.101238811660924e-06
302 7.786683153802821e-06
303 9.425124673562923e-06
304 1.5632507258392167e-05
305 1.3994775275645345e-05
306 7.792647205270384e-06
307 4.7045389568043966e-06
308 1.7196717787622074e-05
309 2.4858695113002932e-05
310 2.3396661749090544e-05
311 3.9080956822961084e-05
312 4.831302687970246e-05
313 5.45469551727364e-05
314 6.71886002069059e-05
315 6.086435044414803e-05
316 8.103260211541758e-05
317 0.00010607372036980603
318 0.00013854949815742006
319 0.00015425248136551395
320 0.0002678642383219971
321 0.00028832213570917424
322 0.00036936433634061856
323 0.0005064865447266789
324 0.0006002162225900179
325 0.0007420761638571924
326 0.0008896897327441534
327 0.0012310093630797506
328 0.0016048718734953755
329 0.0018187487342837295
330 0.002249368712636648
331 0.002856869155673852
332 0.0034998023241148844
333 0.004270963077264918
334 0.005030342211872907
335 0.006031156365935088
336 0.007309748665108678
337 0.008645221425402893
338 0.010140163961781955
339 0.011485810439389111
340 0.013304678346791618
341 0.014853997941863938
342 0.01699722676781335
343 0.018850923255372028
344 0.020935945084612363
345 0.022734513135972717
346 0.024749652901709825
347 0.026498392953469823
348 0.02826208013599363
349 0.02978171639454476
350 0.031099355591982236
351 0.03237017851507389
352 0.03351193831379719
353 0.03467798547588629
354 0.035685538576950976
355 0.03567161648845053
356 0.03577885342310947
357 0.03608657199329443
358 0.03598335887504319
