0 0.0
1 1.5131706372264188e-06
2 3.0263412744528375e-06
3 3.0263412744528375e-06
4 0.0
5 4.539511911679256e-06
6 0.0
7 1.5131706372264188e-06
8 0.0
9 0.0
10 3.0263412744528375e-06
11 1.5131706372264188e-06
12 0.0
13 0.0
14 7.565853186132094e-06
15 4.539511911679256e-06
16 1.5131706372264188e-06
17 6.052682548905675e-06
18 3.0263412744528375e-06
19 6.052682548905675e-06
20 1.5131706372264188e-06
21 1.3618535735037769e-05
22 1.9671218283943443e-05
23 2.269755955839628e-05
24 1.9671218283943443e-05
25 2.8750242107301957e-05
26 2.1184388921169862e-05
27 4.0855607205113305e-05
28 4.0855607205113305e-05
29 4.690828975401898e-05
30 6.052682548905675e-05
31 8.171121441022661e-05
32 9.532975014526438e-05
33 0.00010894828588030215
34 0.00014980389308541527
35 0.0001936858415649813
36 0.0002088175479372454
37 0.00027691022661243433
38 0.0003011209568080569
39 0.00038283217121828363
40 0.00041763509587449104
41 0.0005356624055781518
42 0.0006340184969978694
43 0.0007429667828781708
44 0.0008564545806701522
45 0.0009835609141971712
46 0.0010804038349796628
47 0.0013467218671315128
48 0.0014193540577183818
49 0.0016705403834979652
50 0.0018808711020724361
51 0.0021411364516753803
52 0.002312124733681968
53 0.002747917877203179
54 0.002800878849506101
55 0.0030944339531280268
56 0.0034303578345922896
57 0.003669438795274061
58 0.003882795855122985
59 0.003993257311640515
60 0.00421115388340112
61 0.004312536316095292
62 0.004663591903931823
63 0.004603065078442767
64 0.00471050019368584
65 0.004769513848537672
66 0.004823987991477822
67 0.004836093356575637
68 0.004919317741623089
69 0.004879975305055203
70 0.004668131415843503
71 0.004400300213054424
72 0.004544051423590935
73 0.0043004309509974805
74 0.004168785105558778
75 0.003917598779779193
76 0.0037995714700755326
77 0.0035408192911098183
78 0.003324435889986438
79 0.0031065393182258365
80 0.0027494310478404027
81 0.002611732519852799
82 0.0022515979081929108
83 0.0021698866937826826
84 0.0019988984117760983
85 0.0017749491574665867
86 0.0016251452643811731
87 0.001507117954677513
88 0.0013270506488475687
89 0.0012347472399767572
90 0.0011212594421847763
91 0.0009865872554716236
92 0.000930599941894246
93 0.0006930321518496992
94 0.0007989540964555485
95 0.0006930321518496996
96 0.0005946760604299822
97 0.0005916497191555295
98 0.00046756972690296277
99 0.0004191482665117174
100 0.0004418458260701137
101 0.0003631609529343401
102 0.00033743705210149104
103 0.0003026341274452833
104 0.00026934437342630217
105 0.00026480486151462287
106 0.0002784233972496606
107 0.00024210730195622666
108 0.00016947511136935857
109 0.0001846068177416229
110 0.00020730437730001906
111 0.00018460681774162287
112 0.00019065950029052852
113 0.0001982253534766606
114 0.0001906595002905284
115 0.0001528302343598682
116 0.00016947511136935874
117 0.00012407999225256633
118 0.00013769852798760403
119 0.00015131706372264173
120 0.00012861950416424554
121 0.0001725014526438114
122 0.00017401462328103792
123 0.00019065950029052857
124 0.00015434340499709457
125 0.00019217267092775495
126 0.00015888291690877384
127 0.00017250145264381144
128 0.00019671218283943414
129 0.0002496731551423587
130 0.00022243608367228314
131 0.00022848876622118887
132 0.00028750242107301925
133 0.0003162526631803211
134 0.0003359238814642646
135 0.000373753147394925
136 0.00038434534185551
137 0.00042520094906062304
138 0.0004902672864613593
139 0.000541715088127057
140 0.0006234263025372845
141 0.00068849263993802
142 0.0008367833623862084
143 0.0009775082316482657
144 0.0010077716443927943
145 0.0011908652914971907
146 0.0013164584543869846
147 0.0015025784427658328
148 0.0017810018400154929
149 0.0019837667054038335
150 0.0021850184001549477
151 0.002537587158628705
152 0.0028916690877396865
153 0.003285093453418553
154 0.003841940247917872
155 0.003899440732132475
156 0.004604578249079992
157 0.005220438698431146
158 0.005754587933372073
159 0.006514199593259726
160 0.006956045419329841
161 0.0078064473174510795
162 0.008445005326360635
163 0.009358960391245404
164 0.01015942765833818
165 0.010875157369746287
166 0.011775493898895996
167 0.012659185551036213
168 0.01340517867518883
169 0.014238935696300572
170 0.01502427125702108
171 0.0159760555878365
172 0.016787115049389865
173 0.017389356963005986
174 0.017828176447801648
175 0.01802791497191553
176 0.01883292175092
177 0.01877996077861707
178 0.019155227096649227
179 0.01945332171218283
180 0.018958514913809787
181 0.01909167392988571
182 0.019085621247336804
183 0.01857719591322873
184 0.018406207631222138
185 0.017743438892116967
186 0.016915734553554107
187 0.016396717024985453
188 0.015688553166763482
189 0.015301181483633514
190 0.014369068371102038
191 0.013347678190974233
192 0.012812015785396083
193 0.011857205113306218
194 0.011037066627929507
195 0.00998692620569437
196 0.00928027551810963
197 0.00814691071082703
198 0.007764078539608742
199 0.006937887371683123
200 0.006423409355026146
201 0.005707679643618053
202 0.0053203079604880925
203 0.0046015519078055405
204 0.004141548034088705
205 0.003663386112725156
206 0.0033062778423397256
207 0.002949169571954291
208 0.0026722593453418577
209 0.002248571566918458
210 0.0019686349990315683
211 0.0017915940344760788
212 0.0015343550261475874
213 0.001370932597327136
214 0.0012044838272322294
215 0.0010849433468913417
216 0.0009200077474336618
217 0.0007868487313577366
218 0.0007807960488088314
219 0.0006113209374394728
220 0.0005447414294015103
221 0.000472109238814642
222 0.0004373063141584344
223 0.00040552973077667974
224 0.00034954241719930234
225 0.00029809461553360417
226 0.00031776583381754747
227 0.00029052876234747195
228 0.0002723707147007551
229 0.00023454144877009444
230 0.0002269755955839624
231 0.00018006730582994357
232 0.00019065950029052855
233 0.00018460681774162287
234 0.00014072486926205682
235 0.00013618535735037763
236 0.00015888291690877382
237 0.00015434340499709457
238 0.00012407999225256633
239 0.00012407999225256633
240 0.00012407999225256633
241 0.00012407999225256633
242 0.00015131706372264168
243 0.00015283023435986825
244 0.00016644877009490595
245 0.00014072486926205687
246 0.00018460681774162284
247 0.0001785541351927171
248 0.00016342242882045306
249 0.0002012516947511135
250 0.00021940974239783039
251 0.00021184388921169836
252 0.0002496731551423587
253 0.0002678312027890758
254 0.0002920419329846986
255 0.0003056604687197363
256 0.0003086868099941891
257 0.0004070429014139063
258 0.0003964507069533213
259 0.0003979638775905476
260 0.0004569775324423778
261 0.0005311228936664726
262 0.0005311228936664728
263 0.0006113209374394729
264 0.0006930321518496993
265 0.0006688214216540768
266 0.0008201384853767183
267 0.0008715862870424161
268 0.001025929692039511
269 0.001143957001743172
270 0.001249878946349021
271 0.001363366744141003
272 0.0014238935696300596
273 0.0017068564787913979
274 0.0017401462328103796
275 0.0019852798760410595
276 0.0022697559558396267
277 0.002378704241719931
278 0.0026979832461747045
279 0.0027827208018593843
280 0.003085354929304669
281 0.0032381851636645352
282 0.003481805636257987
283 0.0035998329459616452
284 0.003873716831299625
285 0.0040901002324230055
286 0.0043110231454580655
287 0.004395760701142745
288 0.004687802634127447
289 0.004748329459616503
290 0.004663591903931825
291 0.004975305055200469
292 0.004746816288979279
293 0.004845172380398994
294 0.0048769489637807495
295 0.004769513848537674
296 0.0045909597133449555
297 0.00456674898314933
298 0.004429050455161728
299 0.004277733391439084
300 0.004018981212473363
301 0.003782926593066041
302 0.0035120690490025143
303 0.0033335149138097983
304 0.0030914076118535735
305 0.002911340306023631
306 0.0026435091032345546
307 0.002336335463877592
308 0.002198636935889985
309 0.0019852798760410595
310 0.001688698431144683
311 0.0015222496610497755
312 0.0012468526050745693
313 0.0010849433468913417
314 0.0010092848150300205
315 0.0008897443346891332
316 0.0007913882432694158
317 0.0006506633740073599
318 0.0005159911872942082
319 0.0004615170443540571
320 0.00033743705210149104
321 0.00029658144489637763
322 0.0002587521789657172
323 0.000225462424946736
324 0.00018309364710439638
325 0.00013618535735037763
326 9.532975014526438e-05
327 7.717170249854735e-05
328 0.00010289560333139648
329 5.5987313577377495e-05
330 5.7500484214603914e-05
331 2.572390083284912e-05
332 3.0263412744528376e-05
333 3.0263412744528376e-05
334 2.572390083284912e-05
335 1.8158047646717024e-05
336 1.8158047646717024e-05
337 9.079023823358512e-06
338 6.052682548905675e-06
339 9.079023823358512e-06
340 7.565853186132094e-06
341 7.565853186132094e-06
342 6.052682548905675e-06
343 4.539511911679256e-06
344 3.0263412744528375e-06
345 1.5131706372264188e-06
346 6.052682548905675e-06
347 1.5131706372264188e-06
348 3.0263412744528375e-06
349 0.0
350 3.0263412744528375e-06
351 1.5131706372264188e-06
352 1.5131706372264188e-06
353 1.5131706372264188e-06
354 3.0263412744528375e-06
355 0.0
356 0.0
357 4.539511911679256e-06
358 0.0
