0 1.5131706372264188e-06
1 0.0
2 3.0263412744528375e-06
3 1.5131706372264188e-06
4 1.5131706372264188e-06
5 0.0
6 0.0
7 1.5131706372264188e-06
8 1.5131706372264188e-06
9 3.0263412744528375e-06
10 1.5131706372264188e-06
11 1.5131706372264188e-06
12 0.0
13 9.079023823358512e-06
14 1.5131706372264188e-06
15 1.5131706372264188e-06
16 6.052682548905675e-06
17 9.079023823358512e-06
18 6.052682548905675e-06
19 4.539511911679256e-06
20 6.052682548905675e-06
21 1.0592487597089625e-05
22 1.210536509781135e-05
23 1.210536509781135e-05
24 1.8158047646717024e-05
25 2.269755955839628e-05
26 2.572390083284912e-05
27 4.236907097884442e-05
28 5.901365485183033e-05
29 5.4474142940151076e-05
30 6.0527118625561446e-05
31 6.5066337400736e-05
32 7.717199563505205e-05
33 0.00010894828588030215
34 0.00014375150367301436
35 0.00016190925818322655
36 0.0002118438892116983
37 0.00023908125381827847
38 0.00027993715415989645
39 0.000367701637392038
40 0.00043579431606722673
41 0.0004902681658708733
42 0.0006158610356241615
43 0.0007505343948833312
44 0.0007459948829716517
45 0.0009790228679680151
46 0.0010925103726234925
47 0.0012347489987957856
48 0.0014511332793286772
49 0.0016705433148630118
50 0.0017537679930469694
51 0.0020427838778937207
52 0.0022364703057317116
53 0.002477064437050713
54 0.002704039153225161
55 0.0028266080267960346
56 0.0031670699544894556
57 0.0033274675077179755
58 0.0036074043687413697
59 0.003788985138345043
60 0.004084054878286719
61 0.004238399455829833
62 0.004256555744657523
63 0.004474453782100651
64 0.004489585781609421
65 0.0045909679211670875
66 0.004574319233383036
67 0.004533464798723941
68 0.0045849140660721615
69 0.0045743209922020625
70 0.004572810752929884
71 0.004301950570637809
72 0.004162738285739968
73 0.004099184239566944
74 0.003881288840352359
75 0.003766286992513636
76 0.0035332593006537783
77 0.0034000994051683383
78 0.002994569674391661
79 0.002809963736059553
80 0.00293101445567262
81 0.002390813710728807
82 0.002357522784163808
83 0.002159298016960155
84 0.0019096254480908037
85 0.0017204776527549792
86 0.001626661366383446
87 0.0014299474247249846
88 0.0012952769968308621
89 0.0011802748558556338
90 0.001080404714389176
91 0.0009411933089008499
92 0.0009109304824293315
93 0.0007747442456694399
94 0.000721782687093506
95 0.000745995176108157
96 0.000585597622879633
97 0.0005311237730759866
98 0.00045243831366720326
99 0.00043125392474603364
100 0.00041612251151027413
101 0.0003298717851883683
102 0.0003102005669044249
103 0.0003071736393569625
104 0.0002526994964168115
105 0.0002799368610233918
106 0.00025723959460150023
107 0.0002194100355343351
108 0.00020276545166134918
109 0.000175528087054769
110 0.00017704096455549082
111 0.00015737003940805214
112 0.00014980389308541533
113 0.000137698527987604
114 0.0001740152095540474
115 0.00016493589259418414
116 0.00014375150367301436
117 0.00015283023435986814
118 0.00014829130872119837
119 0.00012861950416424557
120 0.00016796223386863698
121 0.00013164613857520304
122 0.00016493559945767946
123 0.00015736974627154736
124 0.00015888350318178323
125 0.00016493589259418417
126 0.0001770409645554908
127 0.0001891472090628161
128 0.00019217267092775492
129 0.0001846071108781275
130 0.00019973852411388698
131 0.00021789657176060403
132 0.0002738841784744861
133 0.0003086873962671984
134 0.000323818516366453
135 0.00040553002391318423
136 0.0004070429014139062
137 0.000505399285970128
138 0.0004948073846460478
139 0.0005704662096438734
140 0.0006552028859190391
141 0.0007263230784146992
142 0.0008413243399804115
143 0.0009411950677198782
144 0.0010213907664008415
145 0.0011923805140899508
146 0.001339157772764408
147 0.0015525148326133332
148 0.001737123116037479
149 0.002059429048039716
150 0.0022546286465149347
151 0.0024967341896521313
152 0.0029491730895923464
153 0.0033214127732135385
154 0.003607403489331855
155 0.0042172118424071104
156 0.004731691617883125
157 0.005231037928167849
158 0.0059997303706978925
159 0.006668553551170993
160 0.0072435589795900365
161 0.007915404397426527
162 0.00875824601195524
163 0.009504235618469815
164 0.01022904845761234
165 0.011245897953282468
166 0.012109919559684755
167 0.013031448099304772
168 0.013685136348904055
169 0.01463086242757697
170 0.015310281320148705
171 0.016237855800178017
172 0.017044378388048252
173 0.017593659915634448
174 0.018012809061555696
175 0.018545444539586377
176 0.019267229278635417
177 0.019699994028926655
178 0.01959408322350797
179 0.019807433541217292
180 0.01977262944401507
181 0.01954868546616264
182 0.01946545961543266
183 0.019258153479313617
184 0.018751239850160244
185 0.01823524807659302
186 0.017489249969119814
187 0.01688096064941187
188 0.01629384545884743
189 0.015336006686664084
190 0.01469441793943251
191 0.013848558191451487
192 0.012937629174704694
193 0.012043346207513414
194 0.011195972409485649
195 0.010229055199751948
196 0.009427069192428347
197 0.008670480649313583
198 0.008004684689524434
199 0.007069546701401035
200 0.006500590731029346
201 0.0059679532010431255
202 0.005088798129449533
203 0.004669651914893347
204 0.00410221204652392
205 0.0036921416312895423
206 0.003263914634090972
207 0.003020292695814999
208 0.002564827747736836
209 0.0022848903004404333
210 0.001997389345049936
211 0.001776464966332356
212 0.001547974148155636
213 0.0013209985525716732
214 0.0012513941689417808
215 0.0010365251110016477
216 0.0009169819924322179
217 0.0009048775067439209
218 0.0007490197585635811
219 0.0006809282524344117
220 0.0005734922577818217
221 0.0005311237730759864
222 0.0004569789981249015
223 0.0003571097360679579
224 0.00037829324557961364
225 0.00034197656401317034
226 0.0002996080793073351
227 0.0002678312027890758
228 0.0002738841784744861
229 0.00023908154695478326
230 0.00020579208607230675
231 0.00018914662278980685
232 0.00016039608754600025
233 0.00015434340499709457
234 0.00017704155082850007
235 0.00017855413519271714
236 0.00017552808705476906
237 0.00012559316288979273
238 0.00016493647886719353
239 0.00014072486926205687
240 0.00017704125769199552
241 0.00014223803989928327
242 0.0001210536509781135
243 0.00013921199176133512
244 0.00015585686877082566
245 0.00016796223386863698
246 0.00016493559945767944
247 0.00015434340499709457
248 0.0001709885751430898
249 0.00018309423337740588
250 0.00021033101171097655
251 0.0002012522810241228
252 0.00025118632577958514
253 0.00027237100783725974
254 0.00022848876622118884
255 0.00030566164126575506
256 0.00031322632190586844
257 0.00037980612308033526
258 0.00035559568602121716
259 0.00037375431994094376
260 0.00046303050812778834
261 0.0005099390910183119
262 0.0005265833817547933
263 0.0005871110866533639
264 0.0006446112777314635
265 0.0006839534211628455
266 0.00078079780762786
267 0.0009018511654694682
268 0.0010168515476256669
269 0.0011031034464935921
270 0.0011621159287994037
271 0.0013270529939396073
272 0.0015328439074658946
273 0.0015071194203600357
274 0.001691726531238162
275 0.001962586420393729
276 0.0020836383125528153
277 0.002269760059750693
278 0.002451339070535342
279 0.0026147635513113286
280 0.002878055242188723
281 0.003012728015174884
282 0.0033199025339413608
283 0.003557467685757363
284 0.0037829345077516705
285 0.0039176052287822945
286 0.004087079167605637
287 0.004360965104899154
288 0.004341292420932688
289 0.004406358465196919
290 0.004510768411711561
291 0.004536494950772952
292 0.004660575236162027
293 0.004572811046066389
294 0.0047029402032298055
295 0.004474453488964146
296 0.004498661287794721
297 0.004356424420441456
298 0.003979648156273627
299 0.004135501214269893
300 0.0039054989842749704
301 0.0036361534383026507
302 0.003416745454723848
303 0.003154964589391642
304 0.0029673326029215864
305 0.002546669700090122
306 0.002526999654352196
307 0.002286405229896688
308 0.00205942875490321
309 0.0017567949205944317
310 0.0015010667378111313
311 0.0013542891860001684
312 0.0012377765126162575
313 0.0010637607167891994
314 0.001007772230665803
315 0.0008337579005212703
316 0.0006748758630220104
317 0.0005901380142008263
318 0.0005250719699365949
319 0.00043882065734167944
320 0.00034349032092340586
321 0.0002950685673956559
322 0.0002648051546511277
323 0.00016796194073213225
324 0.00017855442832922188
325 0.00014829072244818892
326 0.00011802760284016536
327 0.00010743540837958043
328 7.565853186132094e-05
329 5.144780166569824e-05
330 5.296097230292466e-05
331 3.0263412744528376e-05
332 2.572390083284912e-05
333 3.631609529343405e-05
334 1.8158047646717024e-05
335 2.1184388921169862e-05
336 2.1184388921169862e-05
337 6.052682548905675e-06
338 7.565853186132094e-06
339 9.079023823358512e-06
340 6.052682548905675e-06
341 6.052682548905675e-06
342 6.052682548905675e-06
343 6.052682548905675e-06
344 7.565853186132094e-06
345 1.5131706372264188e-06
346 3.026634410957531e-06
347 0.0
348 1.5131706372264188e-06
349 1.5131706372264188e-06
350 3.0263412744528375e-06
351 0.0
352 0.0
353 0.0
354 3.0263412744528375e-06
355 0.0
356 1.5131706372264188e-06
357 0.0
358 3.0263412744528375e-06
