0 0.0
1 1.5131706372264188e-06
2 0.0
3 0.0
4 0.0
5 0.0
6 0.0
7 1.5131706372264188e-06
8 0.0
9 0.0
10 3.0263412744528375e-06
11 1.5131706372264188e-06
12 4.539511911679256e-06
13 4.539511911679256e-06
14 1.5131706372264188e-06
15 1.5131706372264188e-06
16 4.539511911679256e-06
17 6.052682548905675e-06
18 9.079023823358512e-06
19 1.5131706372264188e-05
20 9.079023823358512e-06
21 7.565853186132094e-06
22 7.565853186132094e-06
23 1.3618535735037769e-05
24 1.6644877009490605e-05
25 2.42107301956227e-05
26 2.8750242107301957e-05
27 1.9671218283943443e-05
28 4.2368777842339724e-05
29 4.539511911679256e-05
30 4.84214603912454e-05
31 9.532975014526438e-05
32 0.00010592194460584931
33 0.000130132674801472
34 0.0001210536509781135
35 0.00017552779391826438
36 0.0001800673058299436
37 0.00023454144877009463
38 0.00027691022661243417
39 0.0003540819291109817
40 0.0004312536316095288
41 0.0005038858221963972
42 0.0006113209374394726
43 0.0006294789850861896
44 0.0008352701917489824
45 0.0009532975014526428
46 0.001010797985667247
47 0.001272576505907418
48 0.0013663930854154558
49 0.0015706711214410218
50 0.0017371198915359276
51 0.0020291618245206256
52 0.002172913035057137
53 0.002415020337013364
54 0.002645022273871781
55 0.0027781812899477045
56 0.0031549607786170815
57 0.0031897637032732916
58 0.003335028084447026
59 0.0037950319581638563
60 0.0037995714700755348
61 0.003946349021886498
62 0.004141548034088708
63 0.004245956808057331
64 0.004295891439085801
65 0.00436852362967267
66 0.004495629963199692
67 0.004571288495061012
68 0.004548590935502617
69 0.004410892407515011
70 0.004409379236877783
71 0.004338260216928141
72 0.004118850474530309
73 0.004029573406933948
74 0.003832861224094514
75 0.0036164778229711386
76 0.003534766608560913
77 0.003268448576409063
78 0.0029930515204338566
79 0.002812984214603912
80 0.002812984214603911
81 0.002387783265543289
82 0.002354493511524307
83 0.002074556943637419
84 0.00195955597520821
85 0.0018006730582994376
86 0.0015509999031570792
87 0.0014011960100716633
88 0.0013361296726709276
89 0.001218102362967267
90 0.0010077716443927945
91 0.001021390180127832
92 0.0008428360449351141
93 0.0007702038543482465
94 0.000658229227193492
95 0.0006037550842533407
96 0.0005946760604299822
97 0.0005386887468526046
98 0.0005129648460197552
99 0.00042822729033507585
100 0.00037375314739492504
101 0.0003495424171993022
102 0.00031171315126864185
103 0.00029355510362192477
104 0.0002284887662211888
105 0.000246646813867906
106 0.00022848876622118893
107 0.00023302827813286814
108 0.0002194097423978304
109 0.00019519901220220776
110 0.0001876331590160757
111 0.0001694751113693587
112 0.0001664487700949059
113 0.0001694751113693587
114 0.00013769852798760403
115 0.00014223803989928327
116 0.0001498038930854153
117 0.00016039608754600022
118 0.0001044087739686229
119 0.0001467775518109625
120 0.00012861950416424557
121 0.00015585657563432103
122 0.0001422380398992833
123 0.00016039608754600025
124 0.0001649355994576794
125 0.00016190925818322663
126 0.00013013267480147195
127 0.00016644877009490592
128 0.00020579120666279265
129 0.00018309364710439636
130 0.0002284887662211889
131 0.00022243608367228325
132 0.0002648048615146229
133 0.0002996077861708306
134 0.0003555950997482079
135 0.00037526631803215147
136 0.0003919111950416419
137 0.00040099021886500066
138 0.00046908289754018904
139 0.0005341492349409257
140 0.0006491502033701329
141 0.0007414536122409453
142 0.0007505326360643028
143 0.0009411921363548314
144 0.0011136935889986435
145 0.0013346165020337013
146 0.0014117882045322483
147 0.0015600789269804365
148 0.001868765736974625
149 0.0019187003680030978
150 0.002272782297114081
151 0.0027736417780360257
152 0.0029204193298469883
153 0.0032956856478791375
154 0.0037178602556653052
155 0.004235364613596745
156 0.004822474820840598
157 0.005306689424753054
158 0.006019392794886698
159 0.0065762395893860124
160 0.007293482471431331
161 0.007910856091419706
162 0.008688625798954092
163 0.009352907708696494
164 0.010452982761960113
165 0.011456214894441223
166 0.012504842146039124
167 0.012954253825295362
168 0.01375926060429981
169 0.014883546387759024
170 0.015895857544063495
171 0.01632257166376135
172 0.017200210633352676
173 0.01791291400348633
174 0.018574169571954277
175 0.018946409548711983
176 0.019354965620763113
177 0.0197665480340887
178 0.020117603621925235
179 0.020040431919426685
180 0.019907272903350766
181 0.0197892455936471
182 0.01933832074375363
183 0.019412466104977724
184 0.01919154319194266
185 0.018525748111563038
186 0.01770258328491186
187 0.017218368680999397
188 0.016529876041061372
189 0.015532696591129158
190 0.01498341564981597
191 0.01381373474723995
192 0.013252348440828968
193 0.012203721189231067
194 0.011227726128220037
195 0.010481733004067408
196 0.009478500871586292
197 0.008671980921944598
198 0.008078818032151842
199 0.0071512444315320455
200 0.006565647394925423
201 0.006005774259151655
202 0.005215899186519467
203 0.004672670927755183
204 0.004282272903350764
205 0.003802597811349985
206 0.0033562124733681944
207 0.0030263412744528356
208 0.0026283773968622877
209 0.0022364662018206456
210 0.00204883304280457
211 0.0017295540383497948
212 0.001572184292078248
213 0.0013194847956614364
214 0.0011848126089482847
215 0.0011031013945380587
216 0.0009290867712570201
217 0.0007611248305248876
218 0.0006794136161146618
219 0.0006552028859190387
220 0.000525070211117567
221 0.0005129648460197554
222 0.0004705960681774156
223 0.0003737531473949249
224 0.0004009902188650004
225 0.00035105558783652877
226 0.00029052876234747206
227 0.00026631803215184936
228 0.0002542126670540379
229 0.00019065950029052847
230 0.00023605461940732098
231 0.00018611998837884928
232 0.00017401462328103787
233 0.00014677755181096255
234 0.0001800673058299437
235 0.00015283023435986817
236 0.0001800673058299435
237 0.00016342242882045303
238 0.00017401462328103792
239 0.00015585657563432095
240 0.0001603960875460002
241 0.00013315901607592484
242 0.00012710633352701917
243 0.00013921169862483046
244 0.0001482907224481889
245 0.00014677755181096252
246 0.00015888291690877376
247 0.00012861950416424557
248 0.0001694751113693587
249 0.0001951990122022078
250 0.00020276486538833987
251 0.00020579120666279268
252 0.00019973852411388706
253 0.0002587521789657171
254 0.00022848876622118893
255 0.00030112095680805677
256 0.00030112095680805715
257 0.0003525687584737551
258 0.0003661872942087928
259 0.0003964507069533212
260 0.00047210923881464196
261 0.0004766487507263215
262 0.0005069121634708497
263 0.000597702401704435
264 0.0006067814255277938
265 0.0007777697075343787
266 0.0007732301956226988
267 0.0008806653108657748
268 0.0009623765252760013
269 0.0011152067596358704
270 0.0012211287042417193
271 0.0011969179740460973
272 0.0014072486926205708
273 0.001581263315901608
274 0.0017900808638388512
275 0.001818831105946153
276 0.002083635967460778
277 0.0023106115630447416
278 0.002330282781328685
279 0.0027237071470075543
280 0.002893182258376912
281 0.003203382239008327
282 0.003245751016850666
283 0.003401607592484988
284 0.003555950997482083
285 0.0037208865969397594
286 0.004120363645167534
287 0.004120363645167535
288 0.004217206565950027
289 0.004386681677319387
290 0.00428832558589967
291 0.004323128510555879
292 0.004301944121634706
293 0.0044608270385434814
294 0.004672670927755181
295 0.004391221189231066
296 0.004277733391439083
297 0.004144574375363156
298 0.004121876815804761
299 0.003713320743753628
300 0.0036422017238039862
301 0.0034802924656207592
302 0.0032639090644973846
303 0.002882590063916328
304 0.0028250895797017226
305 0.0026253510555878374
306 0.0024210730195622704
307 0.0021971237652527605
308 0.0018611998837884938
309 0.0017189618438892107
310 0.001547973561882626
311 0.0013376428433081533
312 0.0012165891923300403
313 0.0010319823745884172
314 0.0009048760410613981
315 0.0007626380011621145
316 0.0006733609335657558
317 0.000615860449351152
318 0.00048118826263800056
319 0.0003858585124927363
320 0.0003177658338175475
321 0.0002890155917102456
322 0.00018309364710439647
323 0.00019973852411388703
324 0.00017855413519271717
325 0.00013315901607592482
326 0.00012861950416424557
327 7.868487313577377e-05
328 8.019804377300019e-05
329 4.993463102847182e-05
330 3.782926593066047e-05
331 3.480292465620763e-05
332 3.631609529343405e-05
333 1.9671218283943443e-05
334 2.1184388921169862e-05
335 1.6644877009490605e-05
336 1.5131706372264188e-05
337 1.3618535735037769e-05
338 1.210536509781135e-05
339 1.210536509781135e-05
340 3.0263412744528375e-06
341 4.539511911679256e-06
342 7.565853186132094e-06
343 6.052682548905675e-06
344 3.0263412744528375e-06
345 3.0263412744528375e-06
346 6.052682548905675e-06
347 1.5131706372264188e-06
348 1.5131706372264188e-06
349 0.0
350 0.0
351 0.0
352 0.0
353 1.5131706372264188e-06
354 0.0
355 0.0
356 1.5131706372264188e-06
357 1.5131706372264188e-06
358 1.5131706372264188e-06
