0 1.5131706372264188e-06
1 0.0
2 0.0
3 0.0
4 0.0
5 3.0263412744528375e-06
6 4.539511911679256e-06
7 3.0263412744528375e-06
8 4.539511911679256e-06
9 0.0
10 6.052975685410369e-06
11 1.5131706372264188e-06
12 3.0263412744528375e-06
13 6.052975685410369e-06
14 3.0263412744528375e-06
15 7.565853186132094e-06
16 7.565853186132094e-06
17 1.5131706372264188e-06
18 3.0263412744528375e-06
19 7.565853186132094e-06
20 9.079023823358512e-06
21 4.539511911679256e-06
22 7.565853186132094e-06
23 1.210536509781135e-05
24 2.269755955839628e-05
25 1.6644877009490605e-05
26 3.177658338175479e-05
27 3.9342436567886886e-05
28 3.328975401898121e-05
29 3.9342436567886886e-05
30 6.052682548905675e-05
31 6.809326494819823e-05
32 7.717199563505205e-05
33 0.00010289589646790117
34 0.0001634230150934624
35 0.0001422380398992833
36 0.0001846071108781276
37 0.00023756837631755675
38 0.0002996086655803445
39 0.0003132272013153824
40 0.0003828333437643022
41 0.00046151880317308545
42 0.0006340199626803921
43 0.0006915222057140242
44 0.0007883648333600106
45 0.0009033663880622275
46 0.000957839651592864
47 0.00127560841677546
48 0.0013346223647637948
49 0.0016039664450535924
50 0.0017174542428455733
51 0.00201857578592664
52 0.0021487078744551035
53 0.0025012772192018686
54 0.0027040467747742837
55 0.002864439344682229
56 0.0032730012794634535
57 0.003365303222651741
58 0.0037027414472992504
59 0.00398722221728189
60 0.0040144557711139115
61 0.004191494390577365
62 0.004276232239398551
63 0.004492619744432996
64 0.004544066080416169
65 0.00457281661565998
66 0.004572816029386967
67 0.004677228614130154
68 0.004581897984575374
69 0.004607620126589194
70 0.004572814563704446
71 0.004311036043464271
72 0.004300441503911651
73 0.00424294131283355
74 0.0038510307040649132
75 0.0037541857313268903
76 0.003531749940791116
77 0.003443989268333532
78 0.0031458943596634264
79 0.0029400964108610263
80 0.0028599001259070568
81 0.0025330546819931354
82 0.002295484839993057
83 0.002007983005193045
84 0.0019625896448952802
85 0.0017689020445112713
86 0.001714428194707625
87 0.0014738317182965875
88 0.0013694247031469928
89 0.0012544216827622531
90 0.0012165921236950874
91 0.0009865919456556996
92 0.0008791544853205861
93 0.0007717181975314917
94 0.0007081673758600193
95 0.0006430995727767603
96 0.0005765200647387977
97 0.0005946784055220197
98 0.0004932953865548403
99 0.00041914973219424085
100 0.00042520300101615605
101 0.0003722408561672125
102 0.0003555959791577221
103 0.000304149056901538
104 0.00030112242249058036
105 0.0002769111060219483
106 0.0002421073019562266
107 0.0002345423281796087
108 0.00019066037970004261
109 0.00016190955131973136
110 0.00018158135587668407
111 0.00013921257803434453
112 0.000175528087054769
113 0.00013164643171170777
114 0.00019671218283943411
115 0.00013769970053362278
116 0.00012710662666352385
117 0.0001210536509781135
118 0.00013467218671315125
119 0.00014375208994602375
120 0.00012861950416424554
121 0.00013467277298616055
122 0.00012710633352701917
123 0.0001573700394080521
124 0.0001619095513197314
125 0.00016039726009201894
126 0.00014223803989928322
127 0.00018914662278980677
128 0.0001861205746518586
129 0.0002012519878876181
130 0.00023454232817960864
131 0.0002511877914621086
132 0.00027237247351978317
133 0.0002784236903861653
134 0.0003374379315110051
135 0.0003434906140599107
136 0.00037526661116865634
137 0.0004660583150847641
138 0.0004917819227811088
139 0.0005311237730759867
140 0.0005992179174336985
141 0.000700601229537383
142 0.0007792846369906332
143 0.0009472471639957747
144 0.001050141887917658
145 0.001227186370111206
146 0.0013300813871695923
147 0.0016508759073536297
148 0.0018142954048090355
149 0.0019716692549916494
150 0.002301541040180019
151 0.00258450394934136
152 0.002870492027231134
153 0.0033653017569692176
154 0.003795042804214526
155 0.004084058689061279
156 0.004560710957425661
157 0.00525223228373018
158 0.005801510586814824
159 0.006594413466403983
160 0.007172455789011649
161 0.007732325700283867
162 0.00865536184094752
163 0.009582937200386357
164 0.010354657156736877
165 0.011149074965782303
166 0.012165932083001558
167 0.012707642480944532
168 0.013795613927929332
169 0.01464753192805285
170 0.015302735986517903
171 0.0162726880384847
172 0.016732689273972992
173 0.017695066385522
174 0.018223167334961595
175 0.018412312198932378
176 0.01917041860286845
177 0.01949120081131929
178 0.019724234659045756
179 0.01961679338793608
180 0.01986949874708299
181 0.019474564728404944
182 0.019486669800366244
183 0.019066003673033224
184 0.018943440662192442
185 0.018395666735649876
186 0.017649681526182875
187 0.01684466507367376
188 0.016192489994711696
189 0.01547372573420701
190 0.014679312908482168
191 0.01366397013444617
192 0.012933106078437282
193 0.012102373053507948
194 0.010999269313877864
195 0.010309265848394651
196 0.009399844432691469
197 0.008820297147268698
198 0.007723244624504977
199 0.006995409254862565
200 0.006440075044727469
201 0.006001255853068316
202 0.005279467010108214
203 0.0046847891908592025
204 0.004127937999312303
205 0.00358622818764233
206 0.0032790524963298364
207 0.0030218117291823175
208 0.0026177931170873327
209 0.0024014082502814304
210 0.0021335790994478853
211 0.0017204817566660445
212 0.0015464642020199594
213 0.0013391592384469316
214 0.0011560667638885536
215 0.0010698157444301434
216 0.0009336280419877276
217 0.0008398135144352226
218 0.0007641535168913787
219 0.0006900081556672838
220 0.0005417174332190952
221 0.00049329538655484
222 0.00043579372979421765
223 0.00040250456204824587
224 0.00032987207832487294
225 0.0003086879825402079
226 0.00029809608121612755
227 0.0002421099401847689
228 0.000248161157051151
229 0.00021184418234820298
230 0.00016342330822996715
231 0.00018158106274017937
232 0.00018460711087812747
233 0.00016342418763948114
234 0.00017401462328103795
235 0.00014375150367301433
236 0.00015736974627154744
237 0.0001437517968095191
238 0.00012559316288979273
239 0.00011651443220293894
240 0.0001210539441146182
241 0.00016644906323141058
242 0.0001573703325445568
243 0.00013013326107448137
244 0.00014223833303578798
245 0.00016039667381900958
246 0.00013013296793797668
247 0.00015283052749637282
248 0.00018612086778836332
249 0.0001906603797000425
250 0.00016190955131973133
251 0.00020276515852484447
252 0.00019368613470148606
253 0.00018309364710439644
254 0.00028750388675554274
255 0.0002814500316606182
256 0.00031625383572634
257 0.0003344115902365522
258 0.00037980729562635404
259 0.00039947851391029733
260 0.00040855665832414213
261 0.00045395236371394376
262 0.0005583631896380998
263 0.0006188876700351191
264 0.0006476379121424209
265 0.0007202721546848219
266 0.000812577029238156
267 0.0008867200453702132
268 0.0010350131129104408
269 0.0010561957430125812
270 0.001169684127077573
271 0.0013119239257958844
272 0.001511660691090743
273 0.0015964002987309562
274 0.0017931130678433983
275 0.002001932374599673
276 0.0021789724597456503
277 0.002310618891457359
278 0.0025406199489062618
279 0.0027978607160537815
280 0.0030460212868319222
281 0.00304602363192396
282 0.0033516838075071877
283 0.003660371203774387
284 0.003737539974907884
285 0.003959980162491234
286 0.004028074893121957
287 0.004359458969538041
288 0.004475973401740981
289 0.004419988433255639
290 0.004562223248653372
291 0.004730190465842593
292 0.0046847930016337596
293 0.004531958956499332
294 0.004507748226303708
295 0.004522878760129951
296 0.0044895939894315515
297 0.004186955758075197
298 0.004215706293319005
299 0.0038873506101329085
300 0.0038359016359211934
301 0.003696688178477333
302 0.003381945754569193
303 0.0030747762191233
304 0.0028735186616420925
305 0.0027797055997721095
306 0.002466473708272652
307 0.00217745840969891
308 0.002113907294890933
309 0.0017794954115178748
310 0.0015858063454513415
311 0.0014738328908426065
312 0.0011772508596732195
313 0.0010440921367337985
314 0.000985077895608959
315 0.0007762588819891895
316 0.0006521780103271094
317 0.0005780323559665101
318 0.0004978337259205006
319 0.0004055309033226985
320 0.0003722420287132314
321 0.00027842486293218425
322 0.0002572401808745096
323 0.0002194109149438491
324 0.00015737003940805212
325 0.00011651443220293894
326 0.00011802730970366067
327 8.322497132046242e-05
328 8.019863004600958e-05
329 4.5395412253297256e-05
330 4.3881948479566143e-05
331 4.690828975401898e-05
332 3.3290047155485904e-05
333 1.9671218283943443e-05
334 1.5131706372264188e-05
335 2.1184388921169862e-05
336 2.269755955839628e-05
337 1.3618535735037769e-05
338 1.8158340783221718e-05
339 1.0592194460584931e-05
340 7.566146322636788e-06
341 3.0263412744528375e-06
342 3.0263412744528375e-06
343 3.0263412744528375e-06
344 3.0263412744528375e-06
345 6.052682548905675e-06
346 3.0263412744528375e-06
347 3.0263412744528375e-06
348 3.0263412744528375e-06
349 0.0
350 0.0
351 3.0263412744528375e-06
352 0.0
353 1.5131706372264188e-06
354 1.5131706372264188e-06
355 3.0263412744528375e-06
356 1.5131706372264188e-06
357 0.0
358 1.5131706372264188e-06
