0 0.0
1 3.0263412744528375e-06
2 4.539511911679256e-06
3 3.0263412744528375e-06
4 4.539511911679256e-06
5 1.5131706372264188e-06
6 4.539511911679256e-06
7 1.5131706372264188e-06
8 1.5131706372264188e-06
9 4.539511911679256e-06
10 4.539511911679256e-06
11 1.0592194460584931e-05
12 6.052682548905675e-06
13 1.8158340783221718e-05
14 7.565853186132094e-06
15 6.052682548905675e-06
16 1.3618535735037769e-05
17 1.5131706372264188e-05
18 1.9671218283943443e-05
19 1.5131999508768882e-05
20 2.5724193969353813e-05
21 3.328975401898121e-05
22 3.6316681566443436e-05
23 3.9342436567886886e-05
24 4.993521730148121e-05
25 6.052741176206614e-05
26 7.414536122409452e-05
27 6.960584931241526e-05
28 9.684350705550019e-05
29 0.00011197492029125968
30 0.00015434428440660864
31 0.00016796399268766515
32 0.00020427950170808976
33 0.00024362252454898593
34 0.0002799380335694105
35 0.00031322954640741985
36 0.00036467764120962293
37 0.00046605890135777416
38 0.0005341515800329632
39 0.0006415875746855532
40 0.0007717214220330437
41 0.0009321180958520531
42 0.0010335022873652518
43 0.00108192140266446
44 0.001251399445398866
45 0.0013406762198587198
46 0.0015434422577930785
47 0.0016236420603851075
48 0.002041278621942122
49 0.0020518699369931927
50 0.002321213724146487
51 0.002451347278357472
52 0.0025754252186545065
53 0.002750955943937817
54 0.0029234635524482263
55 0.003043001101424068
56 0.003220041772843054
57 0.003451557759748209
58 0.0036316279969432017
59 0.003705773065030792
60 0.0037617577403796254
61 0.0038147231097301225
62 0.003925180755473088
63 0.003894919687820599
64 0.004028076651940992
65 0.003985707580962146
66 0.0039009709046869795
67 0.004090114302975236
68 0.003996300947968749
69 0.003926695098656336
70 0.003914591785514053
71 0.003903995780278908
72 0.003739061353367247
73 0.00364978545831691
74 0.0034893852668598435
75 0.003285108403380295
76 0.003251818649361314
77 0.003036944608100601
78 0.0028024031593305077
79 0.002837206963396226
80 0.0025300315652202377
81 0.00240141323360201
82 0.0022092358724901786
83 0.002110879487933957
84 0.0020685115895011314
85 0.0018324596083223533
86 0.0016826554221004322
87 0.0015086378674543475
88 0.0014042270415301917
89 0.0013512672417732852
90 0.0012680446155448606
91 0.0011817891990388795
92 0.0010198834584937086
93 0.0009472509747703366
94 0.000885209219825025
95 0.0007974438571833696
96 0.0007535624949768125
97 0.0007111943034074826
98 0.0006325082577256895
99 0.0006264561614497934
100 0.0005598772396848404
101 0.000525073728755623
102 0.0004948085571920664
103 0.00045395294998695356
104 0.00036770280993805697
105 0.00035559568602121726
106 0.0002996095449898587
107 0.00032230622513874094
108 0.0003177661269540521
109 0.0002375695488635755
110 0.0002375677900445475
111 0.00026026681528546706
112 0.00024362193827597657
113 0.0002012531604336369
114 0.0001800690646489718
115 0.0002163845736693964
116 0.00015585686877082569
117 0.00019519989161172186
118 0.00018006906464897176
119 0.00016644935636791528
120 0.00014375238308252846
121 0.00016644906323141052
122 0.00018006759896644833
123 0.00016947540450586342
124 0.00016644964950442002
125 0.00019066096597305208
126 0.00018460711087812758
127 0.00017552896646428308
128 0.00018158076960367474
129 0.00020276515852484452
130 0.00022697676812998113
131 0.00018763374528908512
132 0.00025118632577958525
133 0.0002663189115613634
134 0.0003041493500380426
135 0.0003147400788161041
136 0.0003253325664131936
137 0.00036770310307456184
138 0.0004009919776840285
139 0.0004463868036643165
140 0.0005371776281709108
141 0.0006264558683132885
142 0.0006355340127271329
143 0.0007581011274789774
144 0.0008700775134527606
145 0.0008367871731607701
146 0.0010894875489870968
147 0.0011363975975601437
148 0.0013452154386338938
149 0.001600943035144187
150 0.001802196195577824
151 0.002073051980822324
152 0.0022606860192479145
153 0.0026450366375605112
154 0.003000630857899206
155 0.003394055809851081
156 0.0037995928690403792
157 0.004394262773603764
158 0.0046938770087777025
159 0.005588164373016572
160 0.006011853323985988
161 0.006910681372682552
162 0.007723256056828664
163 0.008320963148717182
164 0.009035187017900672
165 0.01008834879808968
166 0.011020467187078237
167 0.012081214753735693
168 0.013029974795232185
169 0.013680637289830037
170 0.014674790398487781
171 0.015971589360051
172 0.016318107194794887
173 0.016980876520173074
174 0.017932660850988495
175 0.018525830482920853
176 0.019023665088250864
177 0.019674331686759795
178 0.01988466269847076
179 0.020403674364309336
180 0.020270522676646023
181 0.02016611009190284
182 0.01979538035441732
183 0.019383801165593288
184 0.01948972193765311
185 0.01865898539508571
186 0.018094570402308222
187 0.01708074167831895
188 0.01656626805870953
189 0.01534663171241321
190 0.014574921722703842
191 0.013978729560271599
192 0.01272733363251079
193 0.011886001084708253
194 0.010900928172419878
195 0.010106501862415816
196 0.009508803564622451
197 0.008519184398282776
198 0.007783775847041612
199 0.006897058439899937
200 0.006349286272176409
201 0.005724343281363842
202 0.004952626549514874
203 0.004583410568939592
204 0.003988733629100092
205 0.00353629238406784
206 0.0032896432251078964
207 0.002875031539142811
208 0.002531539752536884
209 0.002237985821460977
210 0.0019762105257223562
211 0.00169324409892296
212 0.0015313339613302198
213 0.0014813978646192256
214 0.0012196196375155594
215 0.0011500117362476109
216 0.0009442208227213223
217 0.0008973151711958451
218 0.0007959301002731334
219 0.0007066536189497839
220 0.0006915219125775199
221 0.0005205318717519063
222 0.0006037577224818826
223 0.0004993489485132598
224 0.0004282290491541042
225 0.00040099139141101917
226 0.0004130961702358213
227 0.00036921480802926457
228 0.00030566310694827854
229 0.0003359247608737786
230 0.00032079276136500975
231 0.00024967374141536807
232 0.00026631891156136343
233 0.00025421354646355213
234 0.00022697588872046715
235 0.000252700082689821
236 0.00024664857268693404
237 0.00024362047259345295
238 0.00024210818136574072
239 0.00024059501072851426
240 0.00024059471759200967
241 0.0002527006689628303
242 0.00024513452264019364
243 0.0002073049635730284
244 0.0003026352999913023
245 0.00027237188724677387
246 0.00031322661504237315
247 0.0002844763729350709
248 0.0002965832037154058
249 0.00035862349297819367
250 0.0003752671974416653
251 0.0003677019305285428
252 0.00037980788189936356
253 0.00044638826934684017
254 0.0004509277812585193
255 0.000473625927089925
256 0.0005659293359607369
257 0.0005462572382672791
258 0.0006415866952760384
259 0.0006688246461556283
260 0.0007096799602242371
261 0.0007959324453651706
262 0.0007944160502263931
263 0.0008322459024300628
264 0.0009306043389418172
265 0.0009154732188425624
266 0.0010773836495718081
267 0.0010910027715798562
268 0.0013088978776579366
269 0.0014375203131872286
270 0.0015691664517624325
271 0.0015419285008828418
272 0.0017038380522025733
273 0.001926277360376409
274 0.0020185798898377065
275 0.002063980578548088
276 0.0022576643681575387
277 0.002377203969088911
278 0.0025345722496779364
279 0.002672277226668641
280 0.0029249781887679786
281 0.0029779371091153673
282 0.00323518168703745
283 0.003195836905377526
284 0.00346820322303071
285 0.0037103160945805252
286 0.0037420876946416995
287 0.003872225645900255
288 0.004022033642896739
289 0.0039932834007894375
290 0.004182430902988759
291 0.004348876448582112
292 0.004132497151369803
293 0.0041899949973558635
294 0.00424446503638495
295 0.00435796162827207
296 0.0042701915754463395
297 0.004249007186525172
298 0.004073479392606906
299 0.004005388472750743
300 0.003922160570065234
301 0.003979662813098865
302 0.0037920278952637606
303 0.003575648011778439
304 0.003304781087346762
305 0.003236691633173125
306 0.0030566219822511457
307 0.0028190495020225205
308 0.0026979990755459583
309 0.0025088527458926578
310 0.002272794315710773
311 0.0021577948129640895
312 0.001979238918952342
313 0.0017946291698456727
314 0.0015964029369594979
315 0.001363372900007602
316 0.0012544254935368138
317 0.0010819190575724223
318 0.0010138313622178134
319 0.0008413284438914771
320 0.000741459181834534
321 0.0006158645532622177
322 0.0005417197783111325
323 0.0004781648527285949
324 0.0004146134447841132
325 0.0003238202751854814
326 0.0002632934496964248
327 0.000233029450678887
328 0.00019066067283654735
329 0.0001361865298963964
330 0.00014677872435698135
331 0.00013769911426061345
332 6.657950803796242e-05
333 8.019804377300019e-05
334 6.960614244891995e-05
335 6.204058239929255e-05
336 4.690828975401898e-05
337 4.085619347812269e-05
338 2.7237657743084923e-05
339 2.7237071470075538e-05
340 2.269755955839628e-05
341 1.3618828871542463e-05
342 9.079023823358512e-06
343 4.539511911679256e-06
344 9.079023823358512e-06
345 7.565853186132094e-06
346 7.565853186132094e-06
347 1.0592194460584931e-05
348 9.079023823358512e-06
349 3.0263412744528375e-06
350 4.539511911679256e-06
351 4.539511911679256e-06
352 6.052682548905675e-06
353 6.052682548905675e-06
354 6.052975685410369e-06
355 1.5131706372264188e-06
356 1.5131706372264188e-06
357 1.5131706372264188e-06
358 0.0
