0 0.0
1 0.0
2 0.0
3 0.0
4 0.0
5 1.5131706372264188e-06
6 0.0
7 0.0
8 1.5131706372264188e-06
9 0.0
10 1.5131706372264188e-06
11 1.5131706372264188e-06
12 1.5131706372264188e-06
13 0.0
14 1.5131706372264188e-06
15 1.5131706372264188e-06
16 3.0263412744528375e-06
17 0.0
18 0.0
19 1.5131706372264188e-06
20 3.0263412744528375e-06
21 6.052682548905675e-06
22 4.539511911679256e-06
23 7.565853186132094e-06
24 6.052682548905675e-06
25 6.052682548905675e-06
26 1.210536509781135e-05
27 9.079023823358512e-06
28 7.565853186132094e-06
29 1.210536509781135e-05
30 2.572390083284912e-05
31 3.177658338175479e-05
32 5.144780166569824e-05
33 7.111960622265107e-05
34 7.26321905868681e-05
35 0.00010743511524307573
36 0.00012862009043725493
37 0.00015131706372264176
38 0.00022697559558396257
39 0.0002542138396000568
40 0.0003480295396985806
41 0.0004025036826387315
42 0.000520531285478897
43 0.0006657956666526332
44 0.0008080337065519158
45 0.000997180036205219
46 0.0013467239190870445
47 0.0015585692739812675
48 0.001897518910446974
49 0.002172916845831699
50 0.0026828538848944813
51 0.003065688987477807
52 0.0035060216429106954
53 0.0042096483343130155
54 0.004583401188571439
55 0.005403538794538649
56 0.006087495147066544
57 0.006739675795622185
58 0.0072511257121856834
59 0.008216531803237686
60 0.008505542118490856
61 0.009150156034450867
62 0.009604108984437826
63 0.009769043997622495
64 0.010221484949518243
65 0.010275962903232955
66 0.010227540563432197
67 0.010331944060943739
68 0.010023256957813038
69 0.009717598834185336
70 0.009738782929970003
71 0.00931358080836336
72 0.009059363744261743
73 0.008454099300145736
74 0.007886655327865241
75 0.007399417314043384
76 0.006716976184108257
77 0.005960389692949038
78 0.005383869335073735
79 0.004935969653908693
80 0.004383662957594054
81 0.003900960644909311
82 0.0032987175587471805
83 0.0029052928999318095
84 0.002475550680140477
85 0.002218311378675481
86 0.0018884384209410924
87 0.0015570561033440406
88 0.001375473868057843
89 0.001143957881152686
90 0.0009775094041942843
91 0.0009018517517424778
92 0.0007248104940504816
93 0.0006294795713591987
94 0.0005674398683694207
95 0.0004554646549416562
96 0.00041612339091978825
97 0.0003283583214146369
98 0.00028750271420952396
99 0.00025421296019054255
100 0.00019671247597593888
101 0.00019217296406425974
102 0.000137698527987604
103 0.00011500096842920783
104 0.0001331590160759248
105 0.00010592194460584931
106 9.684350705550019e-05
107 7.868516627227847e-05
108 7.111901994964168e-05
109 6.809267867518884e-05
110 7.263248372337279e-05
111 5.750077735110861e-05
112 5.7500484214603914e-05
113 4.3881948479566143e-05
114 5.4474142940151076e-05
115 4.3881948479566143e-05
116 4.2368777842339724e-05
117 3.480292465620763e-05
118 5.296097230292466e-05
119 4.539511911679256e-05
120 3.480292465620763e-05
121 3.177658338175479e-05
122 4.3881948479566143e-05
123 2.7237364606580232e-05
124 3.328975401898121e-05
125 4.3881948479566143e-05
126 3.4803217792712323e-05
127 5.144780166569824e-05
128 4.539511911679256e-05
129 5.447443607665577e-05
130 3.9342436567886886e-05
131 6.203999612628316e-05
132 6.204028926278786e-05
133 6.657950803796242e-05
134 8.473755568467945e-05
135 9.532975014526438e-05
136 9.079023823358512e-05
137 9.381687264454266e-05
138 0.00013467218671315125
139 0.00015737003940805204
140 0.00020881784107375017
141 0.00023000193685841528
142 0.00027539734911171255
143 0.00029809549494311824
144 0.0003798067093533447
145 0.0004690831906766938
146 0.0005871110866533641
147 0.0006309930351329303
148 0.0007111913720424351
149 0.0008277060973818789
150 0.001001720720662916
151 0.0012105388548731718
152 0.0014571862550140885
153 0.001635740683343309
154 0.0018596899376528181
155 0.002106337337793734
156 0.0025209466786667847
157 0.002723711544055126
158 0.0032639128752719434
159 0.0035983262243275247
160 0.004168791847698389
161 0.00471353239769039
162 0.005405054896540921
163 0.0058892686210438566
164 0.006552041170923585
165 0.0072829005367484045
166 0.007960801568498847
167 0.008850544144368965
168 0.009345356805472105
169 0.010286548941826948
170 0.010916029392595656
171 0.011662021344202265
172 0.012373214181927213
173 0.012865000208619389
174 0.013683620540038278
175 0.014113364811785139
176 0.014422053380598354
177 0.014963767589315896
178 0.015015217736073633
179 0.015287584053726816
180 0.015305742101373532
181 0.015266402009897682
182 0.015137780160641403
183 0.014705018048578723
184 0.014217771533798227
185 0.013550460644552844
186 0.012855914735792914
187 0.0123247947734915
188 0.011811826702970195
189 0.010687542678330001
190 0.010123129444371536
191 0.009693388103989715
192 0.008619031675101864
193 0.007978958443599549
194 0.007473562382130971
195 0.006550524775784807
196 0.006029993197169409
197 0.005423212944187638
198 0.004636361281464851
199 0.004074974388780836
200 0.003728456847173462
201 0.003333519897130379
202 0.0027751584663113097
203 0.0024952230709704396
204 0.002295483960583542
205 0.0018975171516279455
206 0.0016463308258483605
207 0.0013361323108994694
208 0.0011530383706585684
209 0.0010501415947811528
210 0.000839811169343185
211 0.0007429679554241893
212 0.0006415855227300201
213 0.0005235579198898543
214 0.00042822787660808543
215 0.0003722408561672127
216 0.0003192801770007929
217 0.0002587521789657172
218 0.00023605491254382574
219 0.0001800675989664483
220 0.00016039638068250493
221 0.00014526438117373606
222 0.00013013267480147198
223 0.00010743511524307573
224 8.322438504745303e-05
225 5.4474142940151076e-05
226 6.355316676350958e-05
227 6.809267867518884e-05
228 4.539511911679256e-05
229 7.717199563505205e-05
230 3.934272970439158e-05
231 4.2368777842339724e-05
232 5.4474142940151076e-05
233 5.5987313577377495e-05
234 4.993463102847182e-05
235 4.0855607205113305e-05
236 2.42107301956227e-05
237 4.3881948479566143e-05
238 3.328975401898121e-05
239 3.782926593066047e-05
240 4.0855607205113305e-05
241 3.3290047155485904e-05
242 3.9342436567886886e-05
243 3.480292465620763e-05
244 3.631609529343405e-05
245 3.9342436567886886e-05
246 4.539511911679256e-05
247 3.9342436567886886e-05
248 6.960584931241526e-05
249 5.5987313577377495e-05
250 6.355316676350958e-05
251 7.414536122409452e-05
252 0.00010743511524307573
253 0.00010138243269417006
254 0.00011348867720149549
255 0.0001452649674467455
256 0.00012407999225256633
257 0.00018763374528908507
258 0.00016039608754600025
259 0.00023000222999491993
260 0.00024967374141536807
261 0.00029052876234747206
262 0.00033289812646282094
263 0.00037224085616721246
264 0.0004569781187153873
265 0.00046454367876501445
266 0.0006703354717008172
267 0.0006930336175322226
268 0.0009260613093920816
269 0.0009654046253694829
270 0.001295275824284842
271 0.0014163291821264513
272 0.0016902145331469554
273 0.0019262697388272854
274 0.0021532441618652303
275 0.002558776824006958
276 0.002782726078316469
277 0.0033668093580128547
278 0.003814707280358863
279 0.004416950366520999
280 0.004796757662147357
281 0.005470120061395638
282 0.006051176706681064
283 0.006387101174418342
284 0.0072753358561082945
285 0.007812512898006193
286 0.008290673646823728
287 0.008543371970694526
288 0.009119894673661873
289 0.00959502966747796
290 0.00973121326600931
291 0.010073190709432002
292 0.01015641743957149
293 0.010052007199920337
294 0.00998088935251672
295 0.009980889059380216
296 0.009602594641254581
297 0.00931963085268372
298 0.008616003575008382
299 0.008623572066423061
300 0.007755008309880525
301 0.007119479573610478
302 0.006550526827740338
303 0.005901373986141667
304 0.005262815390959117
305 0.0045697808940173765
306 0.004026553221526094
307 0.003406150622034723
308 0.003006673280670445
309 0.0025814732110193373
310 0.002222850011177647
311 0.0017749509162856161
312 0.0014995541534469122
313 0.0012801444110490832
314 0.0010622466667424594
315 0.000812574391009614
316 0.0006688225942000951
317 0.0005583623102285856
318 0.0004085563651876374
319 0.0003677019305285427
320 0.00025118632577958503
321 0.00025118632577958503
322 0.00017250145264381155
323 0.00011500155470221722
324 8.322438504745303e-05
325 8.625072632190587e-05
326 6.355316676350958e-05
327 6.5066337400736e-05
328 3.177658338175479e-05
329 3.0263412744528376e-05
330 2.1184388921169862e-05
331 1.3618535735037769e-05
332 1.8158047646717024e-05
333 1.5131706372264188e-05
334 7.565853186132094e-06
335 3.0263412744528375e-06
336 0.0
337 0.0
338 3.0263412744528375e-06
339 1.5131706372264188e-06
340 1.5131706372264188e-06
341 0.0
342 3.0263412744528375e-06
343 1.5131706372264188e-06
344 0.0
345 0.0
346 0.0
347 0.0
348 0.0
349 0.0
350 0.0
351 0.0
352 1.5131706372264188e-06
353 0.0
354 0.0
355 0.0
356 0.0
357 0.0
358 1.5131706372264188e-06
