0 0.0
1 0.0
2 0.0
3 0.0
4 0.0
5 0.0
6 0.0
7 0.0
8 0.0
9 0.0
10 0.0
11 0.0
12 0.0
13 0.0
14 0.0
15 0.0
16 0.0
17 0.0
18 0.0
19 0.0
20 0.0
21 0.0
22 0.0
23 0.0
24 0.0
25 0.0
26 0.0
27 0.0
28 0.0
29 0.0
30 0.0
31 0.0
32 0.0
33 0.0
34 0.0
35 0.0
36 0.0
37 0.0
38 0.0
39 0.0
40 0.0
41 0.0
42 0.0
43 0.0
44 0.0
45 0.0
46 0.0
47 0.0
48 0.0
49 0.0
50 0.0
51 0.0
52 0.0
53 0.0
54 0.0
55 0.0
56 0.0
57 0.0
58 0.0
59 0.0
60 0.0
61 0.0
62 0.0
63 0.0
64 0.0
65 0.0
66 0.0
67 0.0
68 0.0
69 0.0
70 0.0
71 0.0
72 0.0
73 0.0
74 0.0
75 0.0
76 0.0
77 0.0
78 0.0
79 0.0
80 0.0
81 0.0
82 0.0
83 0.0
84 0.0
85 0.0
86 0.0
87 0.0
88 0.0
89 0.0
90 0.0
91 0.0
92 0.0
93 0.0
94 0.0
95 0.0
96 0.0
97 0.0
98 0.0
99 0.0
100 0.0
101 0.0
102 0.0
103 0.0
104 0.0
105 1.5131706372264188e-06
106 0.0
107 0.0
108 3.0263412744528375e-06
109 0.0
110 3.0263412744528375e-06
111 3.0263412744528375e-06
112 9.079023823358512e-06
113 1.210536509781135e-05
114 3.0263412744528375e-06
115 9.079023823358512e-06
116 1.5131706372264188e-05
117 2.1184388921169862e-05
118 2.42107301956227e-05
119 1.8158047646717024e-05
120 3.177658338175479e-05
121 3.480292465620763e-05
122 4.539511911679256e-05
123 5.296097230292466e-05
124 4.84214603912454e-05
125 5.4474142940151076e-05
126 6.355316676350958e-05
127 7.565853186132094e-05
128 0.00011046145651752857
129 9.68429207824908e-05
130 0.00013315901607592484
131 0.0001588829169087739
132 0.0001830936471043965
133 0.00020730437730001917
134 0.0002859892504357929
135 0.000391911195041642
136 0.00046454338562851023
137 0.0006491502033701332
138 0.0007535589773387559
139 0.0010471140809606822
140 0.001422380398992834
141 0.0018339628123184195
142 0.0023393618051520447
143 0.0030233149331783853
144 0.003888848537671896
145 0.0049737918845632395
146 0.0063734747239976765
147 0.007974409258183232
148 0.009784161340306022
149 0.01173917780360256
150 0.014266172767770674
151 0.017142710149138093
152 0.01961674414100328
153 0.022411570307960482
154 0.02456481212473368
155 0.027465560236296732
156 0.029475050842533403
157 0.03184618923106721
158 0.03315205549099363
159 0.033851140325392194
160 0.03392377251597908
161 0.03440950029052874
162 0.033671073019562285
163 0.032449944315320556
164 0.03110927513073794
165 0.02935853670346699
166 0.02750338950222738
167 0.025294160371876814
168 0.022779270772806517
169 0.020931689424753045
170 0.018789039802440437
171 0.016802246755762147
172 0.01498795516172767
173 0.013094978694557429
174 0.011675624636839046
175 0.01055285202401705
176 0.009687318419523536
177 0.008747639453805928
178 0.008044015107495639
179 0.008000133159016076
180 0.007674801472012397
181 0.007768618051520431
182 0.007947172186713152
183 0.008417768254890573
184 0.008954943831105948
185 0.009458829653302346
186 0.010283507650590745
187 0.010530154464458655
188 0.011068843211311257
189 0.01174371731551424
190 0.012438262638001171
191 0.01283622651559171
192 0.013418797210923891
193 0.013308335754406353
194 0.013088926012008525
195 0.012828660662405582
196 0.012594119213635487
197 0.011615097811349999
198 0.010849433468913428
199 0.01024567838466009
200 0.009355934049970954
201 0.008416255084253341
202 0.007384272709664929
203 0.006514199593259738
204 0.005349058202595395
205 0.004574314836335466
206 0.0037057548905675003
207 0.003112592000774745
208 0.0024831130156885545
209 0.0019292925624636846
210 0.0014632360061979479
211 0.0011046145651752858
212 0.0009169814061592092
213 0.0006188867906256054
214 0.0004569775324423781
215 0.00029355510362192493
216 0.0002587521789657174
217 0.0001770409645554909
218 0.0001392116986248305
219 9.68429207824908e-05
220 7.868487313577377e-05
221 4.690828975401898e-05
222 4.3881948479566143e-05
223 3.0263412744528376e-05
224 3.9342436567886886e-05
225 1.9671218283943443e-05
226 3.328975401898121e-05
227 2.269755955839628e-05
228 2.1184388921169862e-05
229 1.6644877009490605e-05
230 2.42107301956227e-05
231 1.8158047646717024e-05
232 1.6644877009490605e-05
233 2.269755955839628e-05
234 1.9671218283943443e-05
235 1.9671218283943443e-05
236 1.5131706372264188e-05
237 1.6644877009490605e-05
238 1.9671218283943443e-05
239 7.565853186132094e-06
240 4.539511911679256e-06
241 1.6644877009490605e-05
242 7.565853186132093e-06
243 9.079023823358512e-06
244 6.052682548905675e-06
245 6.052682548905675e-06
246 3.0263412744528375e-06
247 3.0263412744528375e-06
248 4.539511911679256e-06
249 3.0263412744528375e-06
250 1.5131706372264188e-06
251 1.5131706372264188e-06
252 1.5131706372264188e-06
253 0.0
254 1.5131706372264188e-06
255 1.5131706372264188e-06
256 1.5131706372264188e-06
257 0.0
258 0.0
259 1.5131706372264188e-06
260 0.0
261 1.5131706372264188e-06
262 0.0
263 0.0
264 0.0
265 0.0
266 0.0
267 0.0
268 0.0
269 0.0
270 0.0
271 0.0
272 0.0
273 0.0
274 0.0
275 0.0
276 0.0
277 0.0
278 0.0
279 0.0
280 0.0
281 0.0
282 0.0
283 0.0
284 0.0
285 0.0
286 0.0
287 0.0
288 0.0
289 0.0
290 0.0
291 0.0
292 0.0
293 0.0
294 0.0
295 0.0
296 0.0
297 0.0
298 0.0
299 0.0
300 0.0
301 0.0
302 0.0
303 0.0
304 0.0
305 0.0
306 0.0
307 0.0
308 0.0
309 0.0
310 0.0
311 0.0
312 0.0
313 0.0
314 0.0
315 0.0
316 0.0
317 0.0
318 0.0
319 0.0
320 0.0
321 0.0
322 0.0
323 0.0
324 0.0
325 0.0
326 0.0
327 0.0
328 0.0
329 0.0
330 0.0
331 0.0
332 0.0
333 0.0
334 0.0
335 0.0
336 0.0
337 0.0
338 0.0
339 0.0
340 0.0
341 0.0
342 0.0
343 0.0
344 0.0
345 0.0
346 0.0
347 0.0
348 0.0
349 0.0
350 0.0
351 0.0
352 0.0
353 0.0
354 0.0
355 0.0
356 0.0
357 0.0
358 0.0
