0 1.5131706372264188e-06
1 0.0
2 0.0
3 0.0
4 0.0
5 0.0
6 0.0
7 0.0
8 1.5131706372264188e-06
9 0.0
10 1.5131706372264188e-06
11 1.5131706372264188e-06
12 3.0263412744528375e-06
13 3.0263412744528375e-06
14 0.0
15 1.5131706372264188e-06
16 1.5131706372264188e-06
17 6.052682548905675e-06
18 6.052682548905675e-06
19 1.5131706372264188e-06
20 3.0263412744528375e-06
21 9.079023823358512e-06
22 1.210536509781135e-05
23 3.0263412744528375e-06
24 7.565853186132094e-06
25 4.539511911679256e-06
26 1.3618535735037769e-05
27 1.5131706372264188e-05
28 3.782926593066047e-05
29 2.572390083284912e-05
30 3.782926593066047e-05
31 5.5987313577377495e-05
32 6.960584931241526e-05
33 6.5066337400736e-05
34 9.835609141971722e-05
35 0.00013164584543869836
36 0.00011348779779198141
37 0.000192172670927755
38 0.00024362047259345314
39 0.00028296290916134
40 0.0003101999806314155
41 0.000388884853767189
42 0.0004342799728839814
43 0.0005084253341080762
44 0.0005977024017044349
45 0.0006506633740073594
46 0.0008367833623862094
47 0.0009381657950803788
48 0.0009865872554716242
49 0.0012241550455161724
50 0.0013603404028665511
51 0.0015494867325198528
52 0.0017265276970753422
53 0.0019338320743753613
54 0.0020957413325585887
55 0.00228942717412357
56 0.002411993995738913
57 0.002719167635095875
58 0.0028356817741623124
59 0.002947656401317064
60 0.003139829072244819
61 0.003170092484989347
62 0.0033244358899864397
63 0.0036164778229711364
64 0.00355292465620763
65 0.0036966758667441382
66 0.0037799002517915903
67 0.0038843090257602102
68 0.0035710827038543465
69 0.0036981890373813616
70 0.0036770046484601924
71 0.0037647685454193273
72 0.003621017334882817
73 0.0034091734456711187
74 0.003365291497191556
75 0.003112592000774743
76 0.0030051568855316672
77 0.0028598925043579336
78 0.002713114952546971
79 0.0025239686228936678
80 0.002266729614565175
81 0.002262190102653496
82 0.001988306217315512
83 0.0018490945186906812
84 0.0016629745303118329
85 0.0016372506294789846
86 0.0013936301568855307
87 0.0013058662599263993
88 0.00116211504938989
89 0.0010743511524307567
90 0.0010062584737555674
91 0.0008927706759635865
92 0.0008594809219446055
93 0.0007429667828781714
94 0.000735400929692039
95 0.0006067814255277935
96 0.0005674389889599067
97 0.0005235570404803403
98 0.0004388194847956609
99 0.0004236877784233966
100 0.00035862144102266077
101 0.00040401656013945326
102 0.00034954241719930244
103 0.00033138436955258525
104 0.0002557258376912645
105 0.00027691022661243444
106 0.00023000193685841525
107 0.000243620472593453
108 0.00021940974239783039
109 0.00020427803602556628
110 0.00019822535347666057
111 0.0001755277939182643
112 0.00017250145264381155
113 0.00016493559945767946
114 0.00014980389308541533
115 0.00014677755181096252
116 0.00017401462328103795
117 0.00017250145264381146
118 0.00013164584543869838
119 0.00011954048034088709
120 0.00012861950416424557
121 0.00014223803989928327
122 0.00013013267480147198
123 0.0001452643811737361
124 0.0001558565756343209
125 0.0001709882820065851
126 0.00017855413519271722
127 0.0001876331590160757
128 0.00021184388921169828
129 0.0002345414487700945
130 0.00022546242494673612
131 0.0002511863257795852
132 0.00027539705597520785
133 0.00032835802827813255
134 0.00038283217121828336
135 0.00040704290141390623
136 0.00042520094906062293
137 0.0004630302149912834
138 0.0005069121634708499
139 0.0006052682548905672
140 0.0007005980050358315
141 0.0007838223900832847
142 0.000856454580670152
143 0.0009896135967460773
144 0.0011802730970366065
145 0.0013739589386015886
146 0.0014798808832074367
147 0.0016599481890373802
148 0.0018506076893279088
149 0.002244032055006778
150 0.002392322777454969
151 0.002758510071663762
152 0.0031882505326360625
153 0.0035029900251791544
154 0.004037139260120079
155 0.004451748014720125
156 0.005128135289560339
157 0.005621428917296146
158 0.006340184969978693
159 0.007186047356188254
160 0.007880592678675176
161 0.008531256052682543
162 0.009555672574084838
163 0.0103833769126477
164 0.011087001258957976
165 0.01199036412938214
166 0.012783265543288772
167 0.013821300600426082
168 0.014910783459229103
169 0.016148557040480318
170 0.016719022370714674
171 0.017631464264962215
172 0.018534827135386393
173 0.019161279779198133
174 0.019450295370908383
175 0.020208393860158828
176 0.020636621150493892
177 0.02113596746077863
178 0.021288797695138483
179 0.02110267770675964
180 0.02131906110788302
181 0.02127517915940345
182 0.0208893206469107
183 0.020626028956033316
184 0.020072208502808445
185 0.019808916811931043
186 0.019294438795274062
187 0.018077849602944014
188 0.017316724772419117
189 0.016802246755762133
190 0.015983621441022628
191 0.014538543482471402
192 0.013657878171605633
193 0.012958793337207033
194 0.012035759248498935
195 0.011091540770869653
196 0.01038489008328492
197 0.009200077474336623
198 0.008505532151849694
199 0.007748946833236475
200 0.006884926399380198
201 0.006421896184388919
202 0.005492809413131906
203 0.004907212376525276
204 0.004478985086190199
205 0.004056810478404025
206 0.0035983197753244214
207 0.003136802730970366
208 0.0028205500677900446
209 0.0024467969203951206
210 0.0021774525469688147
211 0.0018400154948673233
212 0.0016962642843308142
213 0.0015373813674220411
214 0.0012846818710052297
215 0.001065272128607398
216 0.000998692620569435
217 0.0008504018981212465
218 0.0008367833623862091
219 0.0006763872748402088
220 0.0005765180127832652
221 0.0005538204532248687
222 0.0004675697269029627
223 0.00042974046097230223
224 0.0003404633933759438
225 0.00034802924656207585
226 0.00029809461553360406
227 0.0002738838853379816
228 0.0002542126670540379
229 0.0002542126670540379
230 0.00020730437730001914
231 0.00020730437730001903
232 0.00017401462328103798
233 0.0001936858415649813
234 0.00018309364710439644
235 0.00017855413519271722
236 0.0001543434049970946
237 0.00014677755181096252
238 0.00013921169862483044
239 0.0001573697462715474
240 0.000155856575634321
241 0.00016947511136935876
242 0.00013921169862483044
243 0.00014980389308541536
244 0.00012407999225256633
245 0.0001528302343598681
246 0.00016493559945767946
247 0.0001694751113693587
248 0.00017704096455549082
249 0.00017855413519271717
250 0.00019065950029052852
251 0.00020125169475111344
252 0.00021940974239783039
253 0.00026177852024017006
254 0.0002769102266124342
255 0.00031322632190586833
256 0.0003525687584737551
257 0.00034500290528762304
258 0.00031625266318032093
259 0.0003707268061204722
260 0.000432766802246755
261 0.00043730631415843455
262 0.000547767770675963
263 0.0005598731357737741
264 0.0006067814255277933
265 0.0006960584931241522
266 0.0007369141003292656
267 0.0008277043385628501
268 0.0008836916521402274
269 0.0010107979856672465
270 0.0010062584737555679
271 0.0012529052876234753
272 0.001268036993995739
273 0.001422380398992834
274 0.0014980389308541528
275 0.0016478428239395692
276 0.0019232398799147764
277 0.0019883062173155124
278 0.002127517915940344
279 0.002339361805152044
280 0.0024604154561301576
281 0.0026707461747046304
282 0.0027902866550455164
283 0.0029597617664148743
284 0.0031171315126864224
285 0.0031852241913616092
286 0.0034515422235134588
287 0.0034923978307185724
288 0.003534766608560913
289 0.0035620036800309853
290 0.0036255568467944963
291 0.0036406885531667602
292 0.003646741235715666
293 0.00378746610497772
294 0.003572595874491571
295 0.0036694387952740607
296 0.0034727266124346297
297 0.003274501258957968
298 0.0032079217509200053
299 0.003161013461165987
300 0.0029521959132287434
301 0.0028326554328878596
302 0.0027070622699980657
303 0.0024362047259345334
304 0.002268242785202402
305 0.0020427803602556644
306 0.0019262662211892293
307 0.0016584350184001536
308 0.0015237628316870024
309 0.0013966564981599838
310 0.00130132674801472
311 0.0009714555490993599
312 0.0009018496997869446
313 0.0008095462909161334
314 0.0006930321518496995
315 0.0005871102072438497
316 0.0004948067983730382
317 0.0004675697269029629
318 0.00042974046097230234
319 0.0002890155917102456
320 0.00021940974239783044
321 0.0002057912066627926
322 0.00015131706372264176
323 0.00010138243269417006
324 0.00010289560333139648
325 7.111901994964168e-05
326 6.5066337400736e-05
327 6.355316676350958e-05
328 3.782926593066047e-05
329 3.782926593066047e-05
330 3.177658338175479e-05
331 3.328975401898121e-05
332 2.572390083284912e-05
333 2.269755955839628e-05
334 1.0592194460584931e-05
335 1.8158047646717024e-05
336 7.565853186132094e-06
337 6.052682548905675e-06
338 3.0263412744528375e-06
339 3.0263412744528375e-06
340 0.0
341 3.0263412744528375e-06
342 4.539511911679256e-06
343 3.0263412744528375e-06
344 3.0263412744528375e-06
345 4.539511911679256e-06
346 0.0
347 0.0
348 1.5131706372264188e-06
349 0.0
350 0.0
351 0.0
352 4.539511911679256e-06
353 0.0
354 1.5131706372264188e-06
355 0.0
356 1.5131706372264188e-06
357 0.0
358 0.0
