0 6.658243985746254e-05
1 9.836224762710613e-05
2 0.00013317338124147908
3 0.00016192450309915143
4 0.00021186089260579494
5 0.0002088360175818495
6 0.0002496980748126352
7 0.00027693426641874335
8 0.00024212870330673396
9 0.00020278304223736164
10 0.0001740310409701751
11 0.00013317250194562784
12 9.382566798938019e-05
13 8.777151953075747e-05
14 6.35587368114859e-05
15 4.842497871101453e-05
16 2.8754053449846897e-05
17 2.5725659651877282e-05
18 9.079610096367898e-06
19 1.6645756419004687e-05
20 3.026634410957531e-06
21 3.0263412744528375e-06
22 3.0263412744528375e-06
23 6.054148572285542e-06
24 0.0
25 0.0
26 1.5131706372264188e-06
27 0.0
28 1.5131706372264188e-06
29 0.0
30 0.0
31 1.5131706372264188e-06
32 0.0
33 0.0
34 0.0
35 0.0
36 0.0
37 0.0
38 0.0
39 0.0
40 0.0
41 0.0
42 0.0
43 1.513463773731112e-06
44 3.0263412744528375e-06
45 3.0269276610590094e-06
46 0.0
47 7.565853186132094e-06
48 1.2105658234316042e-05
49 1.3619708394653327e-05
50 3.6319906749641825e-05
51 4.539980998244837e-05
52 7.415181159055733e-05
53 8.474459186963242e-05
54 0.00011349600663654995
55 0.000204296505897496
56 0.0002966025537920272
57 0.00039647855878382224
58 0.0005266232530906288
59 0.0007021525129188086
60 0.0008307925389103844
61 0.000979087951883637
62 0.0009276410295135924
63 0.0010229716579322706
64 0.0009578988710741102
65 0.0008701367336157191
66 0.0009669773096470946
67 0.0009987615162821877
68 0.0013740530459848896
69 0.002153394855841143
70 0.0037196557558370224
71 0.0055916043928379055
72 0.008377525973208564
73 0.011842965838626028
74 0.015606504421897354
75 0.018857087835494668
76 0.02191542352260767
77 0.023147195141764974
78 0.023440815924093847
79 0.022373956747636266
80 0.019923926497170345
81 0.017363443887190428
82 0.013922239079798102
83 0.011059115896437358
84 0.008315495946448904
85 0.006010796635504835
86 0.004268987710854199
87 0.0028918924901338576
88 0.0018477373192816295
89 0.0012636062524273492
90 0.0008444169395341195
91 0.000519055935471802
92 0.0003177843035758144
93 0.00021791650754218465
94 0.00013619620510513518
95 9.079962030588524e-05
96 5.901805235378788e-05
97 4.3886053185875395e-05
98 3.329444477110628e-05
99 1.8159220533592202e-05
100 1.5132585781778268e-05
101 1.5131999508768882e-05
102 7.566146322636787e-06
103 6.052682548905675e-06
104 7.567026073007268e-06
105 1.5131706372264188e-06
106 1.5131706372264188e-06
107 0.0
108 3.0272207975637025e-06
109 4.53980504818395e-06
110 4.540098298285428e-06
111 3.0263412744528375e-06
112 0.0
113 0.0
114 0.0
115 3.0263412744528375e-06
116 0.0
117 1.5131706372264188e-06
118 1.5131706372264188e-06
119 4.540098298285428e-06
120 4.540098184688643e-06
121 1.5131706372264188e-06
122 7.565853186132094e-06
123 9.08019648297407e-06
124 7.566146322636787e-06
125 9.079903346469378e-06
126 7.565853186132094e-06
127 1.664634280561086e-05
128 1.8159513442837275e-05
129 1.816039307954493e-05
130 3.3290926564999986e-05
131 2.2700491605156017e-05
132 3.6318147248966906e-05
133 5.1451612894712445e-05
134 4.5397757572528377e-05
135 4.691034170955184e-05
136 5.9018052694710327e-05
137 5.1453079258882664e-05
138 5.750576112607554e-05
139 4.2371416525335156e-05
140 5.599405685315143e-05
141 4.237112338883046e-05
142 4.691356700634701e-05
143 4.539834418639416e-05
144 4.539863709563924e-05
145 3.329268572488455e-05
146 6.053298226449564e-05
147 3.7831024749688624e-05
148 5.599347046647922e-05
149 5.145044023503084e-05
150 4.842321943746713e-05
151 6.658273310756403e-05
152 7.717961854740155e-05
153 8.171590504868885e-05
154 6.961083342823859e-05
155 0.00010441405122095092
156 8.928498330442255e-05
157 9.230809950927378e-05
158 0.00010592810104043182
159 0.00011198137020320328
160 7.415122486302871e-05
161 0.00011349366097646243
162 9.382302896552837e-05
163 0.00010744391024705685
164 9.836107530834699e-05
165 8.020214836571266e-05
166 9.53359068071065e-05
167 7.717492734088934e-05
168 6.507073490269355e-05
169 6.053063660440813e-05
170 6.658478494943405e-05
171 5.1450733257938746e-05
172 6.355727124255922e-05
173 5.1450733144341965e-05
174 2.118526844428073e-05
175 4.539805082262985e-05
176 3.6319613385877514e-05
177 2.723912353920518e-05
178 2.7237657743084926e-05
179 2.8752294403625168e-05
180 2.723795087958962e-05
181 2.1186147967391595e-05
182 2.7238244129691098e-05
183 3.9343316318257374e-05
184 2.572507349246468e-05
185 2.7237071470075538e-05
186 1.9671218283943443e-05
187 4.0856486728224175e-05
188 3.6318147362563694e-05
189 3.0264292154042454e-05
190 3.026487854064863e-05
191 2.875170790342221e-05
192 2.5725659765474067e-05
193 3.3290047155485904e-05
194 2.4211316468632088e-05
195 2.421190285523826e-05
196 3.480380406572171e-05
197 2.4211609605136782e-05
198 3.3290926678596774e-05
199 3.631844061266517e-05
200 3.480380406572171e-05
201 4.085619347812269e-05
202 4.993580368808738e-05
203 4.691063518691294e-05
204 4.993697623410616e-05
205 5.750224303363208e-05
206 7.717287515816292e-05
207 0.00011651941597790588
208 0.00015283668404455217
209 0.00015132146133819613
210 0.00023304147097966338
211 0.00028902731807920774
212 0.0004131143464030641
213 0.0005205518068518403
214 0.0006264769766407563
215 0.0007581324964929493
216 0.000959392986929757
217 0.0011818325880127054
218 0.001321046338025019
219 0.0014360575673679915
220 0.0016721174641411705
221 0.001722043593075039
222 0.0015813240008381159
223 0.0016917889749936351
224 0.0015767730542170233
225 0.001398226835414017
226 0.0012877480820250304
227 0.0010547145269806902
228 0.0009321397898845461
229 0.0007550994121701802
230 0.0007202909173522677
231 0.0004917939425137696
232 0.0004191588202210642
233 0.00033290428278380703
234 0.00021790419376411334
235 0.00015888702116062994
236 0.0001377029254895616
237 7.868780472801429e-05
238 6.506956224307799e-05
239 6.355609824215332e-05
240 4.3883707412191095e-05
241 2.8751121630412823e-05
242 2.2698439081507147e-05
243 1.8158340783221718e-05
244 1.3618535735037769e-05
245 1.6645463396096778e-05
246 9.0796100963679e-06
247 1.5131706372264188e-06
248 4.5406846848916e-06
249 6.052682548905675e-06
250 7.565853186132094e-06
251 7.565853186132094e-06
252 4.539805048183949e-06
253 9.079023823358512e-06
254 3.0263412744528375e-06
255 6.053268821915061e-06
256 1.210536509781135e-05
257 7.565853186132094e-06
258 1.210536509781135e-05
259 1.5133172395644058e-05
260 3.177746279126887e-05
261 3.3290047155485904e-05
262 2.8752001267120474e-05
263 6.960702185843403e-05
264 9.533150907788933e-05
265 0.00012408351000421945
266 0.00021184975250984237
267 0.0002829684792093164
268 0.00046910048709363243
269 0.0007278594085398805
270 0.001122808083702298
271 0.0017114534485252442
272 0.0025316362045579655
273 0.003730101645530495
274 0.005414324767792319
275 0.007498030508217156
276 0.010305074319278774
277 0.013381440809052084
278 0.017175146930685906
279 0.020569287464143906
280 0.023851461871292376
281 0.025694557350733074
282 0.02641028002902418
283 0.026168224029931447
284 0.023911983708461676
285 0.020988432206655815
286 0.017721331749922204
287 0.014846228976336815
288 0.013081799309001907
289 0.013473706105518948
290 0.01600991963534748
291 0.020478439460068165
292 0.02633312736517323
293 0.03302159047460026
294 0.037705034474081994
295 0.042235618630144627
296 0.04338264565549865
297 0.041796837256501955
298 0.03800317540586478
299 0.032386081090452684
300 0.025777873190846498
301 0.019741608035480883
302 0.014319688395352092
303 0.010038756866355674
304 0.006618860480526865
305 0.004237049866381643
306 0.00263001046987299
307 0.0015192842963715795
308 0.0010047898627071727
309 0.0005175239992133491
310 0.00034350292681561084
311 0.00018158897833471258
312 0.0001271130764618046
313 5.599083155622418e-05
314 3.4803217792712323e-05
315 2.118526844428073e-05
316 1.9671218283943443e-05
317 3.0263412744528375e-06
318 4.539805048183949e-06
319 6.052682548905675e-06
320 1.5131706372264188e-06
321 3.0263412744528375e-06
322 0.0
323 1.5131706372264188e-06
324 0.0
325 0.0
326 1.5131706372264188e-06
327 0.0
328 1.5131706372264188e-06
329 0.0
330 0.0
331 0.0
332 0.0
333 0.0
334 0.0
335 0.0
336 0.0
337 4.539511911679256e-06
338 3.0263412744528375e-06
339 1.513463773731112e-06
340 4.539511911679256e-06
341 7.566146322636787e-06
342 7.566439459141481e-06
343 1.967239117081862e-05
344 2.269814583140567e-05
345 1.815980692019837e-05
346 2.269931849102123e-05
347 3.4804976838934056e-05
348 3.934536827372418e-05
349 5.296419737252626e-05
350 6.204791262972263e-05
351 5.447912671518406e-05
352 4.99390283032358e-05
353 4.691298084700045e-05
354 3.9347128001724754e-05
355 3.934536838738701e-05
356 4.0862351048937216e-05
357 3.783102486328542e-05
358 3.93450750236227e-05
