0 0.0
1 1.5131706372264188e-06
2 0.0
3 1.5131706372264188e-06
4 0.0
5 0.0
6 1.5131706372264188e-06
7 1.5131706372264188e-06
8 1.5131706372264188e-06
9 1.5131706372264188e-06
10 1.5131706372264188e-06
11 1.513463773731112e-06
12 1.5131706372264188e-06
13 4.539511911679256e-06
14 0.0
15 1.5131706372264188e-06
16 3.0263412744528375e-06
17 4.539511911679256e-06
18 7.565853186132094e-06
19 3.0263412744528375e-06
20 3.0263412744528375e-06
21 1.3618535735037769e-05
22 2.572390083284912e-05
23 1.5131706372264188e-05
24 1.210536509781135e-05
25 2.7237071470075538e-05
26 2.269755955839628e-05
27 5.447443607665577e-05
28 4.6908582890523675e-05
29 5.4474142940151076e-05
30 7.263248372337279e-05
31 7.111960622265107e-05
32 0.00014980418622191998
33 0.0001134883840649908
34 0.00017098886827959445
35 0.00021789686489710866
36 0.0002466471070044106
37 0.00030566134812925024
38 0.00036770163739203814
39 0.00037224056303070786
40 0.0004842154833219675
41 0.0006219154769920956
42 0.0006688234736096092
43 0.0007974423915008449
44 0.0009245501907103879
45 0.00109402676776227
46 0.0012604746584476633
47 0.001380016897607579
48 0.0015267935700090263
49 0.0017598230206879123
50 0.0019353511077426807
51 0.0021698928496492824
52 0.0023938456215968503
53 0.0026798363377151637
54 0.00282509808066036
55 0.0031398384526129673
56 0.003354712493873678
57 0.0036618837881386033
58 0.0038540547002473293
59 0.004006887865972244
60 0.0040643892295963635
61 0.004292876236998524
62 0.004550117297282554
63 0.004542552909778945
64 0.0045924910584454704
65 0.004695383437275319
66 0.004733212996342484
67 0.00496472693129211
68 0.004760450067812559
69 0.004795254165014786
70 0.004610644122771612
71 0.004595513002672355
72 0.004566762467428547
73 0.0043201162398336474
74 0.0041294570326796225
75 0.004009913914110194
76 0.003698197831476504
77 0.003628596672348164
78 0.0033834595114794305
79 0.0031156274292808437
80 0.0030384554336457892
81 0.002729767744242087
82 0.0025693693116040474
83 0.0022924602575376306
84 0.0021668670946478393
85 0.0020881813421025496
86 0.0018521284815142573
87 0.001501069376039672
88 0.0015404115194710551
89 0.0013331068490345307
90 0.0012680387528147664
91 0.00104409096418778
92 0.0009321148713505015
93 0.0008428378037541434
94 0.000824680342380435
95 0.0007641538100278836
96 0.0006627693253781805
97 0.000587111379789869
98 0.0004887549952336467
99 0.0004796762645467929
100 0.00041612368405629264
101 0.0003828327574912929
102 0.00034802924656207585
103 0.0003041484706285285
104 0.00026631832528835396
105 0.0002693446665628068
106 0.0002799371541598964
107 0.00022395071999203308
108 0.00018914691592631145
109 0.0002330288644058775
110 0.00018460681774162284
111 0.00014980477249492945
112 0.00014375150367301436
113 0.000148291601857703
114 0.0001134883840649908
115 0.00012861950416424557
116 0.0001376988211241087
117 0.00012710633352701917
118 0.0001225674078883493
119 0.00015888350318178326
120 0.00011197492029125968
121 0.0001346727729861606
122 0.00011651501847594833
123 0.00010743540837958043
124 0.00011651472533944364
125 0.00010138272583067475
126 0.00012407999225256633
127 0.00014223862617229266
128 0.00016947511136935863
129 0.00017401520955404737
130 0.0001603966738190096
131 0.00019519959847521712
132 0.00019217267092775487
133 0.0002300028162679293
134 0.00025572730337378787
135 0.00021789715803361337
136 0.00025572642396427386
137 0.00030868710313069374
138 0.00031171373754165126
139 0.00043579431606722657
140 0.00041612309778328333
141 0.0005144797754760101
142 0.0005780317696935008
143 0.0006294795713591993
144 0.000735402688511067
145 0.0008942873642388688
146 0.000909417898065114
147 0.0011318533954643888
148 0.0012756060716834223
149 0.0014011995277097202
150 0.0015494902501579073
151 0.0019308104232849833
152 0.002119957925484306
153 0.0024740392683222806
154 0.002870491147821621
155 0.0032487882041757924
156 0.003846492657835757
157 0.004324654872335816
158 0.004873938158741047
159 0.005471641146718495
160 0.006182832811897429
161 0.006936403221559859
162 0.007880619354097102
163 0.008661413644086915
164 0.009495177407338289
165 0.01043031217096015
166 0.011580328011118819
167 0.012445862201885332
168 0.01340370507797973
169 0.014650564718330409
170 0.015581166712180178
171 0.016700916794502293
172 0.01789783535482141
173 0.018250405578977703
174 0.01911140113724205
175 0.020028392216905937
176 0.020797080848661425
177 0.021019519570562247
178 0.02108913128260475
179 0.021470442661636696
180 0.021629331441275563
181 0.02158847788602599
182 0.02077740611273942
183 0.02034767649781778
184 0.01989219689291439
185 0.01915528748276919
186 0.018391136897242852
187 0.01757552561204461
188 0.016900647990203573
189 0.015732480551401272
190 0.014493194092649344
191 0.0134097618644397
192 0.012383829534171668
193 0.01151828742871952
194 0.010330453461817372
195 0.009561752811465183
196 0.008452598441241703
197 0.007605215555982289
198 0.006789619513882298
199 0.006228229103560243
200 0.00552157607088347
201 0.004627288706644596
202 0.004280771458173724
203 0.0038086619262225722
204 0.003173127034085928
205 0.0029083215862983
206 0.0025073310742967938
207 0.0022077212361704297
208 0.00192173169259813
209 0.00170383541397403
210 0.001508636694908329
211 0.0013270544596221297
212 0.0010531708674206533
213 0.0010062619913936237
214 0.0008428375106176379
215 0.0007278380078709535
216 0.0006748758630220103
217 0.0005477701157680008
218 0.0004948079709190574
219 0.00044789968116503803
220 0.00038737226940297186
221 0.0003465166621978589
222 0.0002935559830314391
223 0.00024513393636718423
224 0.00022394925430950968
225 0.00022092379244457086
226 0.0001830945265139105
227 0.00015283052749637285
228 0.0001876340384255897
229 0.00016342272195695774
230 0.000136185943623387
231 0.00014829072244818892
232 0.00012408057852557572
233 0.00011046174965403327
234 0.00012256682161533992
235 0.00010138272583067475
236 9.986926205694364e-05
237 0.00010743511524307573
238 0.00010894828588030215
239 0.00011046204279053796
240 9.835638455622191e-05
241 0.0001482913087211983
242 0.00011954077347739178
243 0.00012559374916280212
244 0.00016039667381900955
245 0.0001225674078883493
246 0.00017098857514308977
247 0.0001588835031817832
248 0.00018914662278980674
249 0.0002027657447978539
250 0.00020276545166134915
251 0.00024059471759200964
252 0.00022546271808324066
253 0.00025421325332704737
254 0.0002663183252883541
255 0.00031171403067815575
256 0.00029506915366866543
257 0.0002996083724438399
258 0.0003798067093533449
259 0.00042066319596797193
260 0.0004917807502350901
261 0.0005417168469460858
262 0.0005946766467029917
263 0.0007051392757665386
264 0.0006673105961088877
265 0.0008413246331169161
266 0.0009109322412483601
267 0.0009971829675702653
268 0.0010516571105104171
269 0.0011817897853118894
270 0.0012665267547235593
271 0.0013860666487914364
272 0.001638769076573295
273 0.00181278545867336
274 0.0020125239827872483
275 0.0021139061223449137
276 0.002259171382928166
277 0.0025300283407186856
278 0.002673782189483739
279 0.0029446403198202763
280 0.0029809558288407
281 0.003387998437118099
282 0.003475763213486745
283 0.0036921425106990553
284 0.003943334699208735
285 0.004171822586020412
286 0.004262615462482538
287 0.004394262480467259
288 0.004584918756256237
289 0.004677225096492097
290 0.004775577084000748
291 0.004843673573450499
292 0.004982887910303871
293 0.004979859517073889
294 0.004690840407725581
295 0.004686303534042446
296 0.0046318276322832655
297 0.004344322279845197
298 0.00423689156164969
299 0.00394030571970574
300 0.0039826756700941
301 0.0038601085553422528
302 0.003642212862991162
303 0.003212470056926825
304 0.003080822745805606
305 0.002850822567766219
306 0.0026117410208114362
307 0.0024301596649347512
308 0.002115418999845636
309 0.0019459421296572467
310 0.0017098895622054602
311 0.0015661360065769123
312 0.0013679112393732622
313 0.0012044870517337806
314 0.0011167243273206668
315 0.0009154726325695531
316 0.0008307330249293407
317 0.0006763896199322461
318 0.0005871110866533641
319 0.00044789968116503803
320 0.00043730748670445317
321 0.0003677013442555332
322 0.0003071739324934672
323 0.00022243666994529256
324 0.00022546301121974537
325 0.00014223891930879737
326 0.0001513176499956512
327 0.00010440906710512759
328 9.079053137008982e-05
329 8.776389695913229e-05
330 6.960584931241526e-05
331 5.4474729213160464e-05
332 4.993463102847182e-05
333 3.328975401898121e-05
334 2.1184388921169862e-05
335 3.177658338175479e-05
336 2.269755955839628e-05
337 2.8750828380311345e-05
338 6.052682548905675e-06
339 1.0592194460584931e-05
340 1.210536509781135e-05
341 9.079023823358512e-06
342 3.0263412744528375e-06
343 7.565853186132094e-06
344 1.5131706372264188e-06
345 6.052682548905675e-06
346 3.0263412744528375e-06
347 1.5131706372264188e-06
348 1.5131706372264188e-06
349 1.5131706372264188e-06
350 1.5131706372264188e-06
351 0.0
352 3.0263412744528375e-06
353 1.5131706372264188e-06
354 3.0263412744528375e-06
355 1.5131706372264188e-06
356 0.0
357 0.0
358 0.0
