0 0.0
1 0.0
2 0.0
3 0.0
4 1.5131706372264188e-06
5 0.0
6 1.5131706372264188e-06
7 1.5131706372264188e-06
8 0.0
9 3.0263412744528375e-06
10 0.0
11 1.5131706372264188e-06
12 1.5131706372264188e-06
13 1.5131706372264188e-06
14 3.0263412744528375e-06
15 3.0263412744528375e-06
16 4.539511911679256e-06
17 6.052682548905675e-06
18 7.565853186132094e-06
19 7.565853186132094e-06
20 7.565853186132094e-06
21 1.0592194460584931e-05
22 9.079023823358512e-06
23 1.210536509781135e-05
24 1.0592194460584931e-05
25 2.572390083284912e-05
26 3.782926593066047e-05
27 3.480292465620763e-05
28 3.177658338175479e-05
29 4.84214603912454e-05
30 7.717170249854735e-05
31 8.473755568467945e-05
32 9.230340887081154e-05
33 0.0001210536509781135
34 0.00013164584543869838
35 0.00016947511136935874
36 0.0001785541351927172
37 0.000254212667054038
38 0.00030263412744528336
39 0.00037526631803215125
40 0.0004236877784233968
41 0.0005205306992058875
42 0.0005780311834204918
43 0.000706650687584737
44 0.0008428360449351148
45 0.000910928723610303
46 0.0010773774937052095
47 0.0012952740654658139
48 0.0014829072244818891
49 0.0016584350184001544
50 0.001803699399573889
51 0.002012516947511135
52 0.0022773218090257597
53 0.002427125702111177
54 0.002581469107108271
55 0.0028780505520046473
56 0.0031973295564594216
57 0.0034091734456711165
58 0.0036891100135580043
59 0.0037481236684098348
60 0.004070429014139061
61 0.004221746077861708
62 0.004326154851830328
63 0.004483524598101878
64 0.00467267092775518
65 0.004575828006972691
66 0.004633328491187294
67 0.004624249467363939
68 0.00472865824133256
69 0.004488064110013557
70 0.0044956299631996885
71 0.004469906062366843
72 0.004262601685066817
73 0.004056810478404023
74 0.004137008522177025
75 0.0038495061011040044
76 0.003734505132674796
77 0.0035014768545419284
78 0.0033168700368003093
79 0.0029869988378849496
80 0.002894695429014138
81 0.002640482761960102
82 0.0024861393569630052
83 0.0022228476660856094
84 0.0019413979275614936
85 0.001953503292659304
86 0.0018112652527600213
87 0.0015570525857059837
88 0.0014148145458067
89 0.001246852605074569
90 0.0011409306604687188
91 0.0010440877396862278
92 0.0009230340887081143
93 0.0008322438504745295
94 0.0007959277551810957
95 0.000727835076505907
96 0.0006536897152818122
97 0.000602241913616114
98 0.0005417150881270574
99 0.0004478985086190193
100 0.0003934243656788685
101 0.0004524380205306986
102 0.00031625266318032125
103 0.00036013461165988725
104 0.0002859892504357927
105 0.0002950682742591513
106 0.0002753970559752078
107 0.00026329169087739644
108 0.00021638340112337752
109 0.00020730437730001898
110 0.0001846068177416228
111 0.00020730437730001914
112 0.00019973852411388695
113 0.0001588829169087738
114 0.00018158047646717006
115 0.0001422380398992833
116 0.00016796194073213228
117 0.00014223803989928327
118 0.00014677755181096252
119 0.00015736974627154744
120 0.00015283023435986814
121 0.00014223803989928322
122 0.00012710633352701914
123 0.00014223803989928325
124 0.00017401462328103795
125 0.00016039608754600028
126 0.00016039608754600028
127 0.00018914632965330211
128 0.0002057912066627927
129 0.0002178965717606041
130 0.00022243608367228317
131 0.0002330282781328681
132 0.00029506827425915125
133 0.000319279004454774
134 0.0002965814448963777
135 0.0003737531473949249
136 0.000407042901413906
137 0.0004948067983730386
138 0.0005129648460197554
139 0.0005628994770482275
140 0.0006642819097423973
141 0.0007081638582219635
142 0.0007989540964555485
143 0.0009623765252760018
144 0.0010864565175285681
145 0.0011379043191942666
146 0.0013800116211504939
147 0.0015086311253147387
148 0.0017356067208987018
149 0.0019580428045709837
150 0.0022773218090257606
151 0.0025073237458841753
152 0.0028568661630834803
153 0.003227592969203951
154 0.0036951626961069105
155 0.004046218283943438
156 0.0045001694751113696
157 0.005122082607011429
158 0.005598731357737753
159 0.0064218961843889215
160 0.00706196736393569
161 0.007862434631028458
162 0.008688625798954094
163 0.009234880398992833
164 0.010055018884369556
165 0.010917526147588626
166 0.011887468526050746
167 0.012889187487894633
168 0.013803142552779368
169 0.014829072244818876
170 0.01524368099941891
171 0.016316518981212447
172 0.01701560381561106
173 0.017629951094324987
174 0.018223113984117748
175 0.018745157853960866
176 0.019265688553166755
177 0.01912345051326747
178 0.019507795855122988
179 0.019854311931047836
180 0.019949641681193092
181 0.019305030989734635
182 0.019124963683904695
183 0.018873777358125104
184 0.019053844663955054
185 0.017905348150300197
186 0.017294027212860715
187 0.016729614565175268
188 0.016101648750726293
189 0.015523617567305798
190 0.014290383497966274
191 0.013756234263025347
192 0.012506355316676347
193 0.01225214264962231
194 0.010973513461165998
195 0.010303178868874698
196 0.009319617954677515
197 0.00850250581057524
198 0.007623353670346687
199 0.007042296145651742
200 0.006353803505713731
201 0.005775772322293244
202 0.005197741138872752
203 0.00459701239589386
204 0.004068915843501833
205 0.003590753922138287
206 0.0032623958938601586
207 0.0028508134805345724
208 0.0025739032539221383
209 0.0022969930273097033
210 0.0019202135386403234
211 0.0017250145264381162
212 0.0015555394150687577
213 0.0013134321131125304
214 0.0012362604106139837
215 0.0010168506682161527
216 0.0008413228742978884
217 0.0008140858028278122
218 0.0007066506875847373
219 0.000615860449351152
220 0.0005205306992058876
221 0.0004827014332752271
222 0.000435793143521208
223 0.00042822729033507623
224 0.00037223997675769866
225 0.00034197656401317034
226 0.00025723900832849087
227 0.0002769102266124343
228 0.0002466468138679058
229 0.00022243608367228322
230 0.000199738524113887
231 0.0001876331590160756
232 0.00017098828200658517
233 0.0001619092581832267
234 0.0001694751113693588
235 0.00014829072244818895
236 0.00013921169862483044
237 0.00015585657563432095
238 0.0001346721867131512
239 0.00015888291690877376
240 0.00014980389308541533
241 0.0001543434049970946
242 0.00018006730582994355
243 0.00016039608754600025
244 0.0001513170637226418
245 0.00018006730582994363
246 0.00014980389308541533
247 0.00019822535347666057
248 0.00018611998837884928
249 0.00019519901220220774
250 0.00021487023048615114
251 0.00023151510749564174
252 0.00026177852024017
253 0.0002844760797985664
254 0.00029204193298469833
255 0.0003298711989153589
256 0.0003223053457292269
257 0.00038131900058105693
258 0.00039796387759054747
259 0.00042822729033507585
260 0.00047664875072632137
261 0.0004978331396474913
262 0.0005734916715088125
263 0.0006279658144489635
264 0.0007429667828781712
265 0.0007399404416037185
266 0.0008730994576796428
267 0.0009911267673833033
268 0.0010501404222351335
269 0.0011606018787526631
270 0.0011681677319387953
271 0.0013331033313964745
272 0.0015721842920782476
273 0.0018158047646717012
274 0.0018354759829556438
275 0.0021229784040286644
276 0.002122978404028664
277 0.002325743269417007
278 0.002469494479953516
279 0.002800878849506102
280 0.0029658144489637813
281 0.003428844663955061
282 0.00347272661243463
283 0.0034999636839047046
284 0.0037087812318419467
285 0.004135495351539798
286 0.004015954871198911
287 0.004350365582025951
288 0.004445695332171217
289 0.004557669959325974
290 0.004675697269029636
291 0.00455464361805152
292 0.004610630931628898
293 0.004662078733294596
294 0.004627275808638387
295 0.00456826215378656
296 0.004519840693395313
297 0.004186943153205496
298 0.004256549002517913
299 0.0038858221963974354
300 0.0038767431725740794
301 0.003725426108851439
302 0.0032790407708696476
303 0.0031837110207243824
304 0.002938577377493703
305 0.002632916908773969
306 0.002454362773581251
307 0.0021759393763315883
308 0.002054885725353474
309 0.001806725740848343
310 0.001593368680999418
311 0.0014027091807088895
312 0.001263497482084059
313 0.0010728379817935305
314 0.00091244189424753
315 0.0007747433662599253
316 0.0006688214216540761
317 0.0005992155723416616
318 0.00047059606817741564
319 0.00039947704822777396
320 0.0002920419329846984
321 0.0002723707147007549
322 0.0002178965717606039
323 0.0002057912066627927
324 0.00016644877009490587
325 0.00012256682161533992
326 0.00012559316288979273
327 7.26321905868681e-05
328 8.171121441022661e-05
329 6.355316676350958e-05
330 5.7500484214603914e-05
331 4.690828975401898e-05
332 2.42107301956227e-05
333 1.9671218283943443e-05
334 1.9671218283943443e-05
335 1.3618535735037769e-05
336 1.0592194460584931e-05
337 1.0592194460584931e-05
338 1.8158047646717024e-05
339 7.565853186132094e-06
340 1.6644877009490605e-05
341 6.052682548905675e-06
342 3.0263412744528375e-06
343 0.0
344 3.0263412744528375e-06
345 1.5131706372264188e-06
346 1.5131706372264188e-06
347 0.0
348 4.539511911679256e-06
349 0.0
350 1.5131706372264188e-06
351 1.5131706372264188e-06
352 0.0
353 0.0
354 0.0
355 1.5131706372264188e-06
356 0.0
357 1.5131706372264188e-06
358 0.0
