0 0.0
1 1.5131706372264188e-06
2 3.0263412744528375e-06
3 1.5131706372264188e-06
4 0.0
5 4.539511911679256e-06
6 4.539511911679256e-06
7 4.539511911679256e-06
8 0.0
9 1.5131706372264188e-06
10 1.5131706372264188e-06
11 6.052682548905675e-06
12 0.0
13 3.0263412744528375e-06
14 1.5131706372264188e-06
15 4.539511911679256e-06
16 6.052682548905675e-06
17 9.079023823358512e-06
18 1.0592194460584931e-05
19 6.052682548905675e-06
20 1.210536509781135e-05
21 1.3618535735037769e-05
22 1.8158047646717024e-05
23 1.210536509781135e-05
24 1.8158047646717024e-05
25 3.328975401898121e-05
26 3.782926593066047e-05
27 3.9342436567886886e-05
28 4.84214603912454e-05
29 5.901365485183033e-05
30 7.414536122409452e-05
31 0.00010138243269417006
32 0.00010894857901680685
33 0.00011197492029125968
34 0.00014829101558469366
35 0.0002012519878876181
36 0.00019671276911244345
37 0.00029506827425915114
38 0.00034500290528762304
39 0.0004221746077861706
40 0.0004675703131759722
41 0.00050237323783218
42 0.0006930333243957179
43 0.0007217838596395247
44 0.0009003379948322424
45 0.0010002063774796714
46 0.001187841002178272
47 0.0013043551412447053
48 0.0015298175661914418
49 0.0016130416581023898
50 0.001823373842359385
51 0.0021169274802987866
52 0.002265219082156493
53 0.0025481816981813288
54 0.0028538459776756243
55 0.0030808183487580337
56 0.0031262137610113343
57 0.003496941153404815
58 0.0036830631937391947
59 0.00412188355794437
60 0.004052274777266906
61 0.004301948811818783
62 0.004421488705886662
63 0.00466359805979842
64 0.0047785975625451085
65 0.004736230543521797
66 0.004851230925677996
67 0.004804323808469994
68 0.004833072291758265
69 0.0047165604977838695
70 0.0047241248852874776
71 0.004699913568818849
72 0.004419978466614482
73 0.004453266461814434
74 0.004209646868630493
75 0.004076486386872045
76 0.0037799046488391596
77 0.0035892454416851355
78 0.0032881233123310625
79 0.003215494932518755
80 0.002820555051110625
81 0.0028084499791493182
82 0.0026193010112674736
83 0.0023529823928426148
84 0.0020851538282820785
85 0.0019383742245155824
86 0.001796137064025813
87 0.001564620783984154
88 0.0015056077154053317
89 0.0012619869496753745
90 0.0011288270541899362
91 0.0011015911552658792
92 0.0009396798451271193
93 0.0007384284435125103
94 0.0007459940035621381
95 0.0006748743973394869
96 0.00059921674488768
97 0.0005432291381737978
98 0.00048118914204751473
99 0.00044941255866575987
100 0.0004040171464124626
101 0.00037677948866937807
102 0.000311713151268642
103 0.0002648051546511277
104 0.0002859892504357928
105 0.0002875035936190379
106 0.00025421296019054266
107 0.00019519901220220776
108 0.00020881754793724544
109 0.00019973881725039163
110 0.00020276515852484444
111 0.00018914662278980685
112 0.00015283023435986817
113 0.0001558568687708257
114 0.00015585657563432095
115 0.00011954077347739178
116 0.00017098828200658514
117 0.00014072486926205687
118 0.0001361853573503776
119 0.00012408057852557572
120 0.00012407999225256633
121 0.00014072545553506628
122 0.0001407248692620569
123 0.00013315901607592484
124 0.00012861950416424557
125 0.00017098886827959445
126 0.0001755277939182644
127 0.0001588829169087738
128 0.0001725014526438115
129 0.00017704096455549074
130 0.00022092408558107554
131 0.0002421075950927314
132 0.00024816027764163693
133 0.0002466471070044105
134 0.00025723930146499563
135 0.0003450029052876229
136 0.00039039861067742516
137 0.0004115832927350994
138 0.00042822846288109473
139 0.0005568479670453408
140 0.0006204014269453547
141 0.0006143475718504304
142 0.0007384278572395009
143 0.0008413240468439069
144 0.0010652735942899218
145 0.0011318536886008935
146 0.0012907354329636485
147 0.0014874476158030833
148 0.0016130410718293794
149 0.0018551486669221113
150 0.0021381130417659753
151 0.0024619324375419454
152 0.0027252258872383695
153 0.0031943093710515673
154 0.0035953004693260802
155 0.004000828734420234
156 0.004554650067054623
157 0.004957155215375883
158 0.005479198792082492
159 0.006166182072157846
160 0.006794145248378257
161 0.007459945018941956
162 0.00834666125353761
163 0.00923792051768301
164 0.00999904270997936
165 0.010791950279752606
166 0.011310963118137188
167 0.012415586184271103
168 0.013374934902590115
169 0.014199615538107052
170 0.014726198919861839
171 0.01577331681159708
172 0.016449700861935736
173 0.01685372621617033
174 0.01782518411036174
175 0.018186827495611277
176 0.01877091018903466
177 0.018736108143787976
178 0.019214266840649984
179 0.019382233764702692
180 0.019025124028634727
181 0.019128022563331168
182 0.018907103167934168
183 0.0188178187719252
184 0.01837597089389954
185 0.017617868593874545
186 0.01728800384396228
187 0.01654049637662641
188 0.015777857496054773
189 0.015202848549997669
190 0.014346396021283056
191 0.013415793148023773
192 0.012710653579120728
193 0.01161208905826582
194 0.010767737790737954
195 0.009912794621885997
196 0.009268183930427536
197 0.008600875386274172
198 0.007591592036926672
199 0.006856189641552114
200 0.006270587328488408
201 0.005665319659870857
202 0.00495110282596348
203 0.004571294944064114
204 0.004193001112211487
205 0.003740562798544282
206 0.0031564786394383828
207 0.00284173914689529
208 0.0025618014064623844
209 0.0022591678652901085
210 0.0020155473926966538
211 0.0017870571607929405
212 0.001481396105800196
213 0.0013527757222264374
214 0.0012271849044286818
215 0.0010289577921329918
216 0.0008882317503249162
217 0.0008171133166482843
218 0.0006884938124840389
219 0.0005810592835139726
220 0.0004675700200394677
221 0.0005023738241051892
222 0.0004025036826387315
223 0.00037224085616721257
224 0.00034954300347231153
225 0.0003359241746007693
226 0.0002466471070044106
227 0.00020881813421025493
228 0.00018914662278980685
229 0.0001921726709277549
230 0.00019217267092775492
231 0.0001694756976423681
232 0.00018158076960367474
233 0.00017098828200658514
234 0.00016342272195695777
235 0.00019671276911244356
236 0.00014980389308541538
237 0.00015131706372264176
238 0.00013164584543869838
239 0.00013013267480147198
240 0.00014980389308541536
241 0.00013769852798760406
242 0.0001361856504868823
243 0.00012408028538907104
244 0.0001467775518109625
245 0.00015585657563432098
246 0.00016796194073213228
247 0.00016493559945767952
248 0.00016947511136935874
249 0.00020427832916207098
250 0.00020579149979929736
251 0.0001921729640642596
252 0.0002239495474460144
253 0.0002284887662211889
254 0.0002511863257795852
255 0.00032381880950295796
256 0.00032381880950295785
257 0.00034954271033580693
258 0.0003858588056292409
259 0.00041763538901099575
260 0.0004584909962161092
261 0.0005371764556248922
262 0.0005568467944993213
263 0.0006188879631716237
264 0.0007081644444949725
265 0.0007853361469935198
266 0.000898825410468025
267 0.0009094170186556003
268 0.0010940235432607198
269 0.0011848146609038188
270 0.0012710642146797058
271 0.0014511329861921728
272 0.0016417927796192058
273 0.0017719257475571823
274 0.0018884390072141026
275 0.0021729153801491744
276 0.0024150247340609357
277 0.0024846285314178195
278 0.0028220664629288236
279 0.002884106752191611
280 0.003207926147967577
281 0.003410689254536888
282 0.0037102993857997544
283 0.003958461129123917
284 0.004055301704814372
285 0.004264123942935691
286 0.004654519915384579
287 0.004805839324199255
288 0.004836100978124759
289 0.004852743510042212
290 0.004954128580964925
291 0.004967747702972971
292 0.005184131397232852
293 0.005017683799683968
294 0.005055509547976569
295 0.004928404093859064
296 0.0047120224515547135
297 0.004743797569253947
298 0.004510768997984571
299 0.0041687895026063515
300 0.00400687995128662
301 0.0038026022083975574
302 0.003590758905458868
303 0.00333200701962966
304 0.0031640427338054866
305 0.0029249626525332277
306 0.0026102246256726586
307 0.0024589052168579777
308 0.002198639574118529
309 0.0019187044719141627
310 0.0017008064344710353
311 0.0015434366881994887
312 0.0014042241101651454
313 0.0011742233458527482
314 0.0010350101815453934
315 0.000805007951550473
316 0.0007354021022380578
317 0.0006627699116511899
318 0.000565926990868699
319 0.0004917807502350902
320 0.0004267144128343542
321 0.00036467500298108046
322 0.00025875247210222185
323 0.00022697676812998127
324 0.00021487052362265582
325 0.00015131706372264173
326 0.0001210536509781135
327 0.00011046145651752857
328 8.019804377300019e-05
329 7.565853186132094e-05
330 5.447443607665577e-05
331 2.7237071470075538e-05
332 3.782926593066047e-05
333 2.1184388921169862e-05
334 3.177658338175479e-05
335 2.42107301956227e-05
336 1.9671218283943443e-05
337 1.0592194460584931e-05
338 4.539511911679256e-06
339 1.66451701459953e-05
340 1.0592194460584931e-05
341 6.052682548905675e-06
342 3.026634410957531e-06
343 7.566146322636787e-06
344 6.052682548905675e-06
345 1.0592194460584931e-05
346 3.0263412744528375e-06
347 7.565853186132094e-06
348 1.5131706372264188e-06
349 3.0263412744528375e-06
350 1.5131706372264188e-06
351 0.0
352 4.539511911679256e-06
353 3.0263412744528375e-06
354 0.0
355 3.0263412744528375e-06
356 1.5131706372264188e-06
357 1.5131706372264188e-06
358 0.0
