0 0.0
1 0.0
2 0.0
3 0.0
4 3.0263412744528375e-06
5 0.0
6 3.0263412744528375e-06
7 0.0
8 1.5131706372264188e-06
9 0.0
10 0.0
11 1.5131706372264188e-06
12 4.539511911679256e-06
13 0.0
14 0.0
15 4.539511911679256e-06
16 0.0
17 3.0263412744528375e-06
18 4.539511911679256e-06
19 3.0263412744528375e-06
20 3.0263412744528375e-06
21 7.565853186132094e-06
22 6.052682548905675e-06
23 9.079023823358512e-06
24 1.5131706372264188e-05
25 1.6644877009490605e-05
26 1.3618535735037769e-05
27 1.0592194460584931e-05
28 1.210536509781135e-05
29 3.631609529343405e-05
30 2.1184388921169862e-05
31 3.0263412744528376e-05
32 5.296097230292466e-05
33 5.296097230292466e-05
34 7.111901994964168e-05
35 6.960584931241526e-05
36 8.92770675963587e-05
37 0.0001210536509781135
38 0.00014829072244818895
39 0.00016796194073213236
40 0.0002451336432306795
41 0.00025118632577958514
42 0.00031473949254309466
43 0.0004100692426883589
44 0.0004130955839628118
45 0.0004948067983730384
46 0.0005750048421460383
47 0.0006491502033701334
48 0.0007944145845438695
49 0.0009427053069920581
50 0.001100075053263607
51 0.0011651413906643429
52 0.001340669184582607
53 0.001473828200658531
54 0.0015721842920782489
55 0.0017083696494286258
56 0.0018808711020724376
57 0.0020367276777067595
58 0.0020715306023629675
59 0.0022621901026534967
60 0.002410480825101686
61 0.00260719300794112
62 0.002679825198527989
63 0.00273429934146814
64 0.0027933129963199693
65 0.0029083139647491773
66 0.002832655432887857
67 0.0028931822583769134
68 0.0028205500677900477
69 0.0028432476273484416
70 0.0027736417780360265
71 0.0027827208018593847
72 0.0026586408096068194
73 0.0026177852024017057
74 0.0024029149719155545
75 0.0023953491187294227
76 0.002259163761379044
77 0.002219821324811157
78 0.0021123862095680803
79 0.001956529633933759
80 0.0018036993995738907
81 0.0017189618438892115
82 0.0015434340499709469
83 0.0015661316095293434
84 0.0013981696687972106
85 0.0012256682161533997
86 0.0012075101685066825
87 0.0011560623668409836
88 0.0010183638388533793
89 0.0009215209180708881
90 0.0007898750726321906
91 0.0007853355607205103
92 0.0007187560526825486
93 0.0006688214216540768
94 0.0006249394731745109
95 0.0005175043579314348
96 0.0005280965523920199
97 0.0005265833817547934
98 0.00039191119504164196
99 0.0004206614371489438
100 0.0003661872942087928
101 0.00039342436567886823
102 0.00028750242107301925
103 0.00032381851636645325
104 0.00024513364323067947
105 0.0002405941313190002
106 0.00022546242494673614
107 0.0002572390083284908
108 0.00018914632965330211
109 0.0001921726709277549
110 0.00015736974627154736
111 0.0001649355994576795
112 0.00016342242882045306
113 0.00015888291690877382
114 0.00016493559945767952
115 0.00014526438117373617
116 0.00014829072244818898
117 0.0001498038930854153
118 0.00013467218671315117
119 0.00014072486926205687
120 0.000163422428820453
121 0.00012256682161533992
122 0.0001528302343598682
123 0.00017401462328103795
124 0.00018611998837884933
125 0.0001603960875460003
126 0.00020276486538833995
127 0.000199738524113887
128 0.0001861199883788493
129 0.00021487023048615117
130 0.00024967315514235876
131 0.00023151510749564166
132 0.00025572583769126433
133 0.00028750242107301914
134 0.0003026341274452832
135 0.00040099021886500066
136 0.00041158241332558536
137 0.0004494116792562459
138 0.00054474142940151
139 0.0006355316676350954
140 0.0007111901994964163
141 0.0007792828781716048
142 0.0008912575053263601
143 0.0009759950610110388
144 0.0011257989540964547
145 0.0012967872361030412
146 0.0015192233197753244
147 0.0017522515979081922
148 0.001953503292659304
149 0.0021154125508425323
150 0.002290940344760798
151 0.002808444702692235
152 0.0033168700368003084
153 0.003663386112725155
154 0.003985691458454381
155 0.00466964458648073
156 0.005128135289560338
157 0.005949786945574278
158 0.006512686422622499
159 0.007226902963393371
160 0.008030396571760594
161 0.008906522370714697
162 0.00972060817354252
163 0.010675418845632398
164 0.011721019755955851
165 0.01252300019368584
166 0.01359281183420491
167 0.014432621537865562
168 0.01559473658725544
169 0.01679014139066432
170 0.017384817451094308
171 0.018643775421266686
172 0.019568322680612038
173 0.020648726515591707
174 0.02079096455549098
175 0.02137050890954871
176 0.02208169910904514
177 0.022791376137904322
178 0.02271269126476855
179 0.02272328345922914
180 0.022691506875847388
181 0.02268696736393569
182 0.022975982955645957
183 0.02211196252178967
184 0.021539984020918078
185 0.021113269901220224
186 0.019976878752663175
187 0.019631875847375548
188 0.018481866163083466
189 0.0173908701336432
190 0.016576784330815393
191 0.015891318032151824
192 0.014652031280263388
193 0.013500508425334106
194 0.01265464603912454
195 0.011722532926593074
196 0.010899368099941902
197 0.009735739879914785
198 0.00888079846988185
199 0.008281582897540178
200 0.007273811253147384
201 0.006356829846988183
202 0.005916497191555297
203 0.005102411388727484
204 0.004510761669571954
205 0.00417332461747046
206 0.0035166085609141945
207 0.0032048954096455524
208 0.002779694460584933
209 0.0024785735037768744
210 0.002228900348634514
211 0.001936858415649815
212 0.0017053433081541717
213 0.0014238935696300593
214 0.0013134321131125317
215 0.0011545491962037567
216 0.0009487579895409643
217 0.0008519150687584731
218 0.0007898750726321899
219 0.000702111175673058
220 0.0006098077668022467
221 0.0005674389889599066
222 0.0005296097230292457
223 0.00043276680224675526
224 0.0003223053457292269
225 0.0003283580282781324
226 0.00029355510362192493
227 0.00027539705597520774
228 0.0002375677900445473
229 0.0002481599845051324
230 0.00024059413131900022
231 0.00020125169475111336
232 0.0001543434049970946
233 0.00018158047646717
234 0.00019822535347666055
235 0.00015283023435986814
236 0.00014829072244818895
237 0.00016342242882045309
238 0.00013769852798760406
239 0.0001770409645554908
240 0.000174014623281038
241 0.0001392116986248305
242 0.00014980389308541536
243 0.00016190925818322665
244 0.00016796194073213233
245 0.0001664487700949059
246 0.00017250145264381157
247 0.00018611998837884928
248 0.0001770409645554908
249 0.00021789657176060398
250 0.00024210730195622668
251 0.0002572390083284908
252 0.0002224360836722832
253 0.0002466468138679059
254 0.00027388388533798147
255 0.00027237071470075504
256 0.0003434897346503966
257 0.000319279004454774
258 0.00039191119504164223
259 0.00045849070307960456
260 0.00044789850861901937
261 0.0005159911872942083
262 0.0005750048421460385
263 0.0005780311834204916
264 0.000665795080379624
265 0.0007641511717993406
266 0.000735400929692039
267 0.0008609940925818312
268 0.0009275736006197941
269 0.0009850740848343978
270 0.0009956662792949828
271 0.0012075101685066812
272 0.001236260410613984
273 0.0014344857640906448
274 0.0014934994189424748
275 0.0017098828200658531
276 0.0017628437923687768
277 0.0018657393957001729
278 0.0020594252372651556
279 0.002177452546968818
280 0.0023650857059848924
281 0.002407454483827232
282 0.0025935744722060815
283 0.002753970559752084
284 0.0027812076312221596
285 0.0027857471431338363
286 0.0029612749370521024
287 0.0030626573697462712
288 0.003229106139841177
289 0.0032790407708696485
290 0.003192790044547743
291 0.0030974602944024783
292 0.003342593937633159
293 0.0031806846794499325
294 0.003065683711020723
295 0.0031973295564594246
296 0.0029627881076893276
297 0.0029431168894053835
298 0.0027963393375944213
299 0.0027146281231841957
300 0.0025663374007360066
301 0.002457389114855703
302 0.002228900348634515
303 0.0020276486538834005
304 0.0018869237846213431
305 0.0017250145264381166
306 0.0016554086771257016
307 0.0014072486926205692
308 0.001320997966298663
309 0.0011363911485570409
310 0.0009820477435599456
311 0.0008549414100329264
312 0.0007717170249854727
313 0.0006975716637613785
314 0.0005765180127832652
315 0.00047967509200077423
316 0.00038434534185550985
317 0.0003071736393569626
318 0.00034500290528762293
319 0.00021638340112337766
320 0.00019217267092775495
321 0.00014829072244818898
322 0.00013769852798760403
323 0.00011348779779198141
324 7.868487313577377e-05
325 8.625072632190587e-05
326 6.657950803796242e-05
327 4.539511911679256e-05
328 3.631609529343405e-05
329 3.328975401898121e-05
330 2.7237071470075538e-05
331 1.9671218283943443e-05
332 1.6644877009490605e-05
333 1.0592194460584931e-05
334 1.210536509781135e-05
335 1.0592194460584931e-05
336 9.079023823358512e-06
337 1.210536509781135e-05
338 7.565853186132094e-06
339 3.0263412744528375e-06
340 3.0263412744528375e-06
341 0.0
342 0.0
343 0.0
344 3.0263412744528375e-06
345 1.5131706372264188e-06
346 0.0
347 0.0
348 0.0
349 0.0
350 0.0
351 1.5131706372264188e-06
352 0.0
353 1.5131706372264188e-06
354 0.0
355 0.0
356 0.0
357 0.0
358 0.0
