0 1.5131706372264188e-06
1 1.5131706372264188e-06
2 1.5131706372264188e-06
3 4.539511911679256e-06
4 4.539511911679256e-06
5 3.0263412744528375e-06
6 1.5131706372264188e-06
7 4.539511911679256e-06
8 1.5131706372264188e-06
9 1.5131706372264188e-06
10 3.0263412744528375e-06
11 4.539511911679256e-06
12 4.539511911679256e-06
13 3.0263412744528375e-06
14 1.5131706372264188e-06
15 4.539511911679256e-06
16 6.052682548905675e-06
17 6.052682548905675e-06
18 6.052682548905675e-06
19 7.565853186132094e-06
20 9.079023823358512e-06
21 1.0592194460584931e-05
22 7.565853186132093e-06
23 1.8158047646717024e-05
24 2.42107301956227e-05
25 1.5131706372264188e-05
26 1.9671218283943443e-05
27 2.42107301956227e-05
28 3.0263412744528376e-05
29 3.328975401898121e-05
30 3.631609529343405e-05
31 3.631638842993874e-05
32 4.993463102847182e-05
33 5.447443607665577e-05
34 7.111901994964168e-05
35 8.322467818395772e-05
36 0.00011197462715475499
37 0.0001301332610744814
38 0.00012559316288979276
39 0.00014829072244818892
40 0.00014677813808397193
41 0.00020125198788761817
42 0.00022243608367228336
43 0.00027842427665917483
44 0.00029658232430589186
45 0.00041006924268835937
46 0.0003707273923934817
47 0.0005402025037628405
48 0.0005084262135175904
49 0.0005220465080716563
50 0.0006264538163577561
51 0.0007066518601307558
52 0.0007959289277271153
53 0.0008942850191468321
54 0.0009411930157643465
55 0.0009502717464512
56 0.001157578175706753
57 0.0011969203191381352
58 0.0012075128067352248
59 0.0012423160245279377
60 0.0013088949462928894
61 0.0014208684009016268
62 0.001431461181635221
63 0.0014375138641841258
64 0.0015071197134965415
65 0.0015797530766294284
66 0.0015313295642826502
67 0.0015449481000176873
68 0.0015207391286410942
69 0.0015494876119293679
70 0.0015540291757965793
71 0.0015449489794272016
72 0.0015585663426162207
73 0.0014541590343301223
74 0.0014148168908987395
75 0.0013421826483563388
76 0.0013800122074235034
77 0.001287709971098711
78 0.0013043542618351922
79 0.0011318519297818653
80 0.0010138254994877195
81 0.0010183653045359035
82 0.0009638902821862375
83 0.0009517843308154174
84 0.0008261914610621291
85 0.000774744538805945
86 0.0006763872748402092
87 0.0006446109845949593
88 0.0006249397663110151
89 0.0004736235819978876
90 0.0004721092388146423
91 0.0004221751940591797
92 0.00039493753631609477
93 0.0003616477822971135
94 0.00031322632190586844
95 0.00027842339724966066
96 0.00026631861842485883
97 0.00022848876622118898
98 0.00021184418234820307
99 0.00020579120666279274
100 0.0001649355994576795
101 0.00016190955131973133
102 0.00011954077347739178
103 0.00011954135975040117
104 0.00012408028538907104
105 9.230370200731624e-05
106 7.868487313577377e-05
107 6.809267867518884e-05
108 6.960584931241526e-05
109 5.7500484214603914e-05
110 6.657950803796242e-05
111 6.355316676350958e-05
112 5.4474142940151076e-05
113 5.144780166569824e-05
114 4.690828975401898e-05
115 5.7500484214603914e-05
116 3.9342436567886886e-05
117 2.8750242107301957e-05
118 4.2368777842339724e-05
119 3.328975401898121e-05
120 3.782926593066047e-05
121 5.4474142940151076e-05
122 3.3290047155485904e-05
123 6.0527118625561446e-05
124 5.144780166569824e-05
125 4.539511911679256e-05
126 6.809267867518884e-05
127 4.0855607205113305e-05
128 4.3881948479566143e-05
129 7.26321905868681e-05
130 7.111901994964168e-05
131 8.019804377300019e-05
132 8.625101945841056e-05
133 0.00011348779779198141
134 0.00011802730970366067
135 0.00014526467431024082
136 0.00018006730582994357
137 0.00015283052749637285
138 0.00021638340112337766
139 0.0002436207657299578
140 0.0002769102266124342
141 0.0003192795907277836
142 0.00039039802440441574
143 0.0004342802660204864
144 0.000550794111950416
145 0.0005674389889599066
146 0.0006854662986635674
147 0.0008488890206205253
148 0.0010289560333139644
149 0.0011545497824767673
150 0.0012816564091402908
151 0.001564619025165127
152 0.0016856726761432406
153 0.001994361244956457
154 0.002327257319463747
155 0.00268890627430688
156 0.0031776600969945098
157 0.003521148952235392
158 0.0040023380942829055
159 0.004742278535886628
160 0.005332415963814442
161 0.0057878806187561
162 0.006429464382667092
163 0.0072511169180905525
164 0.007986518434055602
165 0.00892165847413454
166 0.009637388771815648
167 0.010834307332134748
168 0.011413849927373442
169 0.012554781760388177
170 0.01352321272703211
171 0.014081574157851185
172 0.015025795566845516
173 0.015799024296785688
174 0.016737188919320054
175 0.017817594806255242
176 0.018206479660022437
177 0.018525761888978764
178 0.01883444928524596
179 0.019093201757348188
180 0.01924451559656928
181 0.01971209235874834
182 0.01923695296788469
183 0.01902208390994456
184 0.018335099457323183
185 0.017961347482474285
186 0.01741358029807133
187 0.016935418376707773
188 0.015926133561677745
189 0.015348099740028712
190 0.01445987355929739
191 0.013700254277860606
192 0.012787815901251135
193 0.011888991956465639
194 0.010920560696685193
195 0.009820485350285088
196 0.008950410768197371
197 0.008234681349925776
198 0.007234474679309594
199 0.006723021831381048
200 0.005796959642579455
201 0.005170508171313738
202 0.0047059650788217324
203 0.004194511351483669
204 0.0037572059167347463
205 0.0032896335516032415
206 0.0027978530945046575
207 0.002460418680631708
208 0.0021532435755922223
209 0.001781002426288503
210 0.0016478437033490834
211 0.0013966579638425073
212 0.0012740902628176531
213 0.0010440886190957424
214 0.000814086682237327
215 0.0007490206379730954
216 0.000700598298172336
217 0.0005629000633212365
218 0.0005371761624883879
219 0.0004282272903350759
220 0.00036770075798252396
221 0.0003525696378832693
222 0.0003071742256299719
223 0.0002950691536686654
224 0.0002269755955839626
225 0.00019368613470148604
226 0.000186120281515354
227 0.00016644906323141055
228 0.00017098828200658517
229 0.00017098828200658509
230 0.00016039638068250496
231 0.00013467218671315125
232 8.776389695913229e-05
233 9.68429207824908e-05
234 0.00010743511524307573
235 9.835609141971722e-05
236 0.0001044087739686229
237 9.381657950803796e-05
238 9.381657950803796e-05
239 7.414536122409452e-05
240 9.835609141971722e-05
241 9.381657950803796e-05
242 0.00010289560333139648
243 0.00010289560333139648
244 9.381657950803796e-05
245 0.00012559316288979276
246 0.00010743511524307573
247 0.00011802760284016536
248 0.000124080285389071
249 0.00013164584543869838
250 0.00015888291690877387
251 0.00014072486926205684
252 0.0001830936471043965
253 0.0002012519878876181
254 0.00021789686489710874
255 0.00025270008268982094
256 0.0002738838853379814
257 0.0002859895435722976
258 0.00037526661116865607
259 0.0004252009490606234
260 0.0004554646549416562
261 0.00048724094518690634
262 0.0006128344012132041
263 0.000694546495032944
264 0.0008065211221876996
265 0.0008594812150811101
266 0.0010047461825278556
267 0.0010758649093409926
268 0.0013709346492826668
269 0.0015116601048177339
270 0.0017855434038827078
271 0.0019141637874564663
272 0.002283379181758741
273 0.002471011461365303
274 0.0028477921225807
275 0.0032729951235968566
276 0.0035362859350647397
277 0.003790499188391787
278 0.004477479243965592
279 0.004878470049103601
280 0.005482228944131504
281 0.005889276828865991
282 0.006518759038453732
283 0.007160341336682199
284 0.007703568422900466
285 0.008192327522045182
286 0.008531276572237874
287 0.00938320190077402
288 0.009711562274144188
289 0.009912818659079385
290 0.010490846324861814
291 0.010431831497463968
292 0.010837361521377152
293 0.010905459476509425
294 0.011062831274736508
295 0.011106712930079568
296 0.011032570207084015
297 0.010637627394310838
298 0.010219999919985463
299 0.009707024814188047
300 0.009345380256392484
301 0.008882347110036153
302 0.00825286665926744
303 0.00777621527031257
304 0.007095288776697189
305 0.006344750864175801
306 0.005928623662481451
307 0.0052673642832389445
308 0.004820981876622198
309 0.004295905802774534
310 0.0037057692542562313
311 0.003286617176969951
312 0.0028462821764450265
313 0.0025391105890435963
314 0.002017067012336985
315 0.0018203513118594946
316 0.001514689670593739
317 0.0013013308519257863
318 0.0011545524207053092
319 0.0009714593598739216
320 0.0008836948766417799
321 0.0006869815212563272
322 0.0005674407477789349
323 0.00044335987611685435
324 0.00041763568214750045
325 0.0002905290554839768
326 0.00024059471759200972
327 0.00021638340112337755
328 0.00016796282014164637
329 0.00014072574867157094
330 0.00013618535735037765
331 8.473755568467945e-05
332 7.565853186132094e-05
333 7.414536122409452e-05
334 6.355316676350958e-05
335 6.052682548905675e-05
336 5.5987313577377495e-05
337 3.328975401898121e-05
338 2.7237071470075538e-05
339 1.3618535735037769e-05
340 1.6644877009490605e-05
341 1.6644877009490605e-05
342 1.0592194460584931e-05
343 6.052682548905675e-06
344 9.079023823358512e-06
345 1.210536509781135e-05
346 4.539511911679256e-06
347 9.079023823358512e-06
348 0.0
349 3.0263412744528375e-06
350 4.539511911679256e-06
351 1.5131706372264188e-06
352 1.0592194460584931e-05
353 3.0263412744528375e-06
354 3.0263412744528375e-06
355 9.079023823358512e-06
356 6.052682548905675e-06
357 1.5131706372264188e-06
358 1.5131706372264188e-06
