0 1.5131706372264188e-06
1 0.0
2 0.0
3 1.5131706372264188e-06
4 0.0
5 0.0
6 0.0
7 0.0
8 0.0
9 0.0
10 0.0
11 0.0
12 0.0
13 0.0
14 3.0263412744528375e-06
15 0.0
16 0.0
17 0.0
18 0.0
19 0.0
20 1.5131706372264188e-06
21 3.0263412744528375e-06
22 1.5131706372264188e-06
23 4.539511911679256e-06
24 6.052682548905675e-06
25 1.2105658234316044e-05
26 7.566146322636788e-06
27 1.5131706372264188e-05
28 1.9671218283943443e-05
29 1.8158047646717024e-05
30 1.6644877009490605e-05
31 2.572390083284912e-05
32 5.144809480220293e-05
33 6.355316676350958e-05
34 8.625072632190587e-05
35 0.00010289560333139648
36 0.0001346721867131512
37 0.0001649364788671936
38 0.00017098857514308985
39 0.00026783120278907585
40 0.0003661875873452974
41 0.0004917810433715949
42 0.0005462551863117458
43 0.000634019376407383
44 0.0008473773156658219
45 0.0009638911615957514
46 0.0012423151451184228
47 0.0015358684899213191
48 0.0018188337441746953
49 0.0021184409440725195
50 0.0023771954681302758
51 0.002826605974840502
52 0.0033637812579193752
53 0.00395694678594067
54 0.004624257088913059
55 0.005249194803268544
56 0.005728870481542328
57 0.006452168684365094
58 0.00702112260278125
59 0.007705077489626614
60 0.008178698140259458
61 0.00864929508784639
62 0.009236408226455297
63 0.009278775538615109
64 0.009489108016008614
65 0.009917334133797676
66 0.00997786213183275
67 0.009877990817820278
68 0.009564765961596928
69 0.009732728195465567
70 0.009204630470527522
71 0.008856602689647967
72 0.008786993322697497
73 0.007950212012266807
74 0.007375205118165236
75 0.007072569525037433
76 0.0064370375642658385
77 0.005704659458210199
78 0.005120577351059831
79 0.0047377457661145535
80 0.004155172139417333
81 0.003595296658551518
82 0.0031700968820369195
83 0.002847793295126719
84 0.002498249705381399
85 0.002094229920740391
86 0.0018339654505469597
87 0.0015736989283979981
88 0.0013694211855089366
89 0.001157576416887724
90 0.0009986952587979774
91 0.000814087561646841
92 0.0007399410278767274
93 0.0005644135270949679
94 0.0005371767487613966
95 0.0004282272903350759
96 0.0003419771502861797
97 0.0003313849558255948
98 0.0002315151074956417
99 0.0002496734482788635
100 0.00019973852411388703
101 0.0001755280870547691
102 0.00013467218671315125
103 0.0001210536509781135
104 0.00014072516239856158
105 0.00010743511524307573
106 9.230340887081154e-05
107 7.868487313577377e-05
108 8.625072632190587e-05
109 5.296097230292466e-05
110 6.5066337400736e-05
111 6.50666305372407e-05
112 5.4474142940151076e-05
113 4.539511911679256e-05
114 6.960584931241526e-05
115 4.690828975401898e-05
116 3.782926593066047e-05
117 2.8750242107301957e-05
118 4.993463102847182e-05
119 3.631609529343405e-05
120 3.328975401898121e-05
121 4.236907097884442e-05
122 4.0855900341618e-05
123 5.5987313577377495e-05
124 5.5987313577377495e-05
125 3.9342436567886886e-05
126 3.480292465620763e-05
127 4.539511911679256e-05
128 5.4474142940151076e-05
129 5.5987313577377495e-05
130 5.296097230292466e-05
131 7.414565436059921e-05
132 6.657950803796242e-05
133 7.565853186132094e-05
134 8.776419009563698e-05
135 6.960614244891995e-05
136 0.00010138272583067475
137 0.00013467218671315122
138 0.00014072545553506626
139 0.00016947511136935874
140 0.00017552779391826444
141 0.00017250174578031625
142 0.00022243666994529256
143 0.00031625295631682574
144 0.0003964515863628352
145 0.0004191500253307459
146 0.0004902675795978638
147 0.0006915207400315012
148 0.0007762577094431709
149 0.0008609952651278503
150 0.001084945398846875
151 0.001252907339579008
152 0.0015388965900148001
153 0.0017688999925557383
154 0.002003439975643308
155 0.002236469719458703
156 0.0026510796466047612
157 0.0031352951299267293
158 0.0033819422369311377
159 0.003881288547215853
160 0.004507744415529148
161 0.004966233359789726
162 0.005713743172217632
163 0.006194927037808062
164 0.0068486199775914195
165 0.007556785301495897
166 0.00823015063210923
167 0.009035160342478742
168 0.009893123110465548
169 0.010493852732853947
170 0.011631759104003749
171 0.01185722533972504
172 0.012786314749210595
173 0.013264473446072587
174 0.013913625701398251
175 0.01457336985804798
176 0.01526639849225963
177 0.015240672246334743
178 0.015874694554107175
179 0.01595186860169776
180 0.015852002564142365
181 0.01561594413396048
182 0.01549943204684958
183 0.015081797830384602
184 0.01478370057662246
185 0.014040728810423706
186 0.01345059402072444
187 0.01264256207299156
188 0.012277885604327967
189 0.011158134935732854
190 0.010616418381923278
191 0.009958195017459873
192 0.008985222193812216
193 0.008379952473239116
194 0.007529547643752816
195 0.0069590820203819575
196 0.006111704411579635
197 0.005356631091057638
198 0.004996497945080272
199 0.004510766946029036
200 0.003914577714961824
201 0.003430363990458885
202 0.0029658206048303777
203 0.002554236432685765
204 0.0023832496163617026
205 0.0018733073008418376
206 0.0016130419512388938
207 0.0014617251806527572
208 0.0012392899763899888
209 0.0010410625709577938
210 0.0008110600478263692
211 0.0007596122461606713
212 0.0006612564478774585
213 0.0005598740151832886
214 0.00047664933699933067
215 0.0004085569514606466
216 0.00034954300347231175
217 0.00028145032479712294
218 0.0002375683763175568
219 0.00021033071857447184
220 0.00018460740401463223
221 0.00013769852798760406
222 0.00011197462715475499
223 0.00010894828588030215
224 0.00010138243269417006
225 7.717170249854735e-05
226 6.809267867518884e-05
227 6.052682548905675e-05
228 6.5066337400736e-05
229 5.7500484214603914e-05
230 5.296097230292466e-05
231 5.7500484214603914e-05
232 4.690828975401898e-05
233 3.480292465620763e-05
234 4.0855607205113305e-05
235 4.5395412253297256e-05
236 2.875053524380665e-05
237 2.7237071470075538e-05
238 2.7237071470075538e-05
239 3.328975401898121e-05
240 4.993492416497651e-05
241 4.690828975401898e-05
242 5.4474142940151076e-05
243 5.296097230292466e-05
244 6.052682548905675e-05
245 3.9342436567886886e-05
246 5.144809480220293e-05
247 5.5987313577377495e-05
248 6.960614244891995e-05
249 6.355316676350958e-05
250 7.717228877155674e-05
251 6.960584931241526e-05
252 9.835609141971722e-05
253 7.565882499782563e-05
254 9.230340887081154e-05
255 0.00011954048034088709
256 0.00011651472533944364
257 0.00012862009043725493
258 0.00017098857514308982
259 0.00022848876622118887
260 0.00024210818136574062
261 0.0003026347137182926
262 0.0003283586145511418
263 0.0003994770482277741
264 0.00046605684940224115
265 0.0005326366505767082
266 0.0006612567410139628
267 0.0007142174201803833
268 0.000859481801354119
269 0.0009684315529169448
270 0.0011515257862943515
271 0.0013179739701162482
272 0.0014738302526140635
273 0.001793111015887866
274 0.002212257523580557
275 0.002514892823571861
276 0.0027524626655719415
277 0.0032533192151288377
278 0.003772342313291086
279 0.004167276918242133
280 0.004796756782737842
281 0.005175050028317462
282 0.005862032722119805
283 0.006412825954660704
284 0.00697875822198648
285 0.0075643532066375675
286 0.008022840392079114
287 0.008432913445542041
288 0.008880811074751551
289 0.00933174090796561
290 0.009604109863847339
291 0.009823516674880125
292 0.010058061348151773
293 0.009817470148197819
294 0.009604104587390251
295 0.009446738945029776
296 0.009163773690776388
297 0.009250024417098294
298 0.008514623487406248
299 0.008028897471675588
300 0.0075885612986046486
301 0.007205730299932386
302 0.006379538252597253
303 0.005908939839327806
304 0.00513268564752269
305 0.004512281289212285
306 0.0039993149775099995
307 0.0033955619452121937
308 0.0029446335776806675
309 0.002392327760775548
310 0.0022092335273981405
311 0.0017325830178527902
312 0.0015721869303067903
313 0.0012468546570301023
314 0.0009321151644870058
315 0.0008277052179723643
316 0.0006461247415051946
317 0.0005250707973905759
318 0.000391911195041642
319 0.0003344107108270381
320 0.00029506856739565596
321 0.00023151569376865112
322 0.0001649355994576794
323 0.00011954048034088709
324 0.00011046145651752857
325 6.809297181169353e-05
326 5.5987313577377495e-05
327 3.782955906716516e-05
328 4.0855900341618e-05
329 2.7237071470075538e-05
330 1.9671218283943443e-05
331 7.565853186132094e-06
332 1.0592194460584931e-05
333 7.565853186132094e-06
334 6.052682548905675e-06
335 4.539511911679256e-06
336 4.539511911679256e-06
337 1.5131706372264188e-06
338 6.052682548905675e-06
339 0.0
340 4.539511911679256e-06
341 3.0263412744528375e-06
342 0.0
343 1.5131706372264188e-06
344 0.0
345 0.0
346 0.0
347 0.0
348 0.0
349 0.0
350 0.0
351 0.0
352 0.0
353 0.0
354 0.0
355 1.5131706372264188e-06
356 0.0
357 0.0
358 0.0
