0 0.0
1 0.0
2 3.0263412744528375e-06
3 1.5131706372264188e-06
4 0.0
5 1.5131706372264188e-06
6 0.0
7 0.0
8 1.5131706372264188e-06
9 0.0
10 0.0
11 3.0263412744528375e-06
12 0.0
13 1.5131706372264188e-06
14 3.0263412744528375e-06
15 1.5131706372264188e-06
16 3.0263412744528375e-06
17 6.052682548905675e-06
18 9.079023823358512e-06
19 7.565853186132094e-06
20 4.539511911679256e-06
21 1.0592194460584931e-05
22 7.565853186132094e-06
23 1.6644877009490605e-05
24 2.572390083284912e-05
25 1.210536509781135e-05
26 2.7237071470075538e-05
27 3.177658338175479e-05
28 3.9342436567886886e-05
29 4.690828975401898e-05
30 6.657950803796242e-05
31 7.565853186132094e-05
32 8.776389695913229e-05
33 0.0001210536509781135
34 0.00013013267480147195
35 0.00014677755181096255
36 0.0002042780360255663
37 0.0002300019368584152
38 0.0002996077861708305
39 0.000319279004454774
40 0.0004085560720511326
41 0.0005069121634708498
42 0.000561386306411001
43 0.0006839531280263406
44 0.0008186253147394918
45 0.0008504018981212461
46 0.00107737749370521
47 0.0012559316288979275
48 0.0014798808832074365
49 0.0015479735618826262
50 0.0018112652527600226
51 0.0020669910904512864
52 0.0022258740073600623
53 0.002460415456130158
54 0.0027388388533798203
55 0.002878050552004648
56 0.00315647394925431
57 0.0034318710052295177
58 0.0035529246562076293
59 0.003739044644586478
60 0.003970559752082117
61 0.004245956808057328
62 0.004253522661243461
63 0.004356418264574858
64 0.004353391923300402
65 0.004438129478985083
66 0.004542538252953707
67 0.00453799874104203
68 0.004373063141584351
69 0.004427537284524497
70 0.004430563625798952
71 0.004276220220801854
72 0.004133982180902573
73 0.004073455355413514
74 0.0039009539027697027
75 0.003627070017431724
76 0.003630096358706177
77 0.003239698334301763
78 0.0030429861514623276
79 0.0028160105558783666
80 0.0025981139841177612
81 0.0024679813093162893
82 0.0022167949835367037
83 0.0020836359674607768
84 0.001818831105946153
85 0.0016856720898702283
86 0.0015328418555103612
87 0.0014375121053650968
88 0.0013679062560526822
89 0.001187838950222738
90 0.0011560623668409838
91 0.001001718961843888
92 0.0009184945767964352
93 0.0008609940925818313
94 0.0007217823939570012
95 0.0006975716637613786
96 0.0005644126476854538
97 0.0005507941119504156
98 0.00047210923881464207
99 0.0004751355800890948
100 0.00045243802053069866
101 0.0003919111950416419
102 0.0003298711989153587
103 0.000345002905287623
104 0.0002965814448963778
105 0.00029506827425915114
106 0.00027085754406352866
107 0.00022394925430950957
108 0.00021789657176060395
109 0.0002027648653883398
110 0.00019671218283943414
111 0.0001603960875460002
112 0.0001891463296533021
113 0.00018763315901607565
114 0.00016947511136935874
115 0.00016190925818322668
116 0.0001649355994576795
117 0.0001513170637226418
118 0.00014677755181096246
119 0.0001392116986248304
120 0.00013013267480147198
121 0.00015888291690877387
122 0.00013013267480147195
123 0.0001800673058299436
124 0.00015736974627154738
125 0.00016039608754600025
126 0.0001951990122022077
127 0.00018309364710439644
128 0.00018914632965330214
129 0.00021184388921169833
130 0.0002466468138679059
131 0.00024362047259345306
132 0.00028901559171024547
133 0.0002935551036219246
134 0.0003253316870036797
135 0.00038434534185550985
136 0.0003707268061204721
137 0.0004342799728839818
138 0.0005114516753825289
139 0.0005795443540577181
140 0.0006642819097423976
141 0.0007263219058686803
142 0.0008897443346891333
143 0.0010229033507650584
144 0.001050140422235134
145 0.0011787599263993812
146 0.0013209979662986637
147 0.0015177101491380969
148 0.001728040867712569
149 0.002021595971334494
150 0.002313637904319192
151 0.002587521789657174
152 0.003023314933178385
153 0.0034061471043966675
154 0.0037269392794886647
155 0.004186943153205497
156 0.0046983948285880305
157 0.005386887468526056
158 0.00589833914390858
159 0.0063099215572341655
160 0.00727532442378461
161 0.007841250242107287
162 0.008790008231648262
163 0.009557185744722068
164 0.01041969300794113
165 0.011164172961456527
166 0.012073588514429601
167 0.012981490896765435
168 0.013464192330040656
169 0.01466111030408674
170 0.015668881948479537
171 0.0160850038737168
172 0.017000472109238794
173 0.017808505229517706
174 0.018182258376912633
175 0.018761802730970355
176 0.01912042417199302
177 0.019592533410807664
178 0.01996174704629092
179 0.02003740557815224
180 0.019898193879527397
181 0.01979681144683323
182 0.019746876815804757
183 0.019064436858415645
184 0.018902527600232415
185 0.018424365678868865
186 0.017684425237265135
187 0.017260737458841737
188 0.016246913131900034
189 0.015596249757892672
190 0.014671702498547328
191 0.013922683033120251
192 0.012905832364904115
193 0.011887468526050741
194 0.01121713393375945
195 0.010560417877203188
196 0.009670673542514049
197 0.008602375072632187
198 0.008311846310284709
199 0.007202692233197746
200 0.006514199593259727
201 0.005902878655820259
202 0.005243136257989544
203 0.004746816288979276
204 0.004127929498353667
205 0.003745097327135382
206 0.0032835802827813265
207 0.0028326554328878565
208 0.002566337400736008
209 0.0023469276583381765
210 0.0019550164632965304
211 0.0017810018400154916
212 0.0016765930660468714
213 0.001519223319775323
214 0.0012559316288979275
215 0.0010758643230679833
216 0.0009926399380205293
217 0.0008231648266511706
218 0.0007202692233197748
219 0.0006279658144489632
220 0.0006067814255277936
221 0.0005386887468526047
222 0.00042974046097230255
223 0.0004569775324423782
224 0.00038283217121828347
225 0.0003344107108270382
226 0.0002859892504357927
227 0.00024210730195622666
228 0.00026177852024017006
229 0.00021335705984892465
230 0.00023151510749564168
231 0.00021940974239783047
232 0.0001951990122022077
233 0.0001800673058299436
234 0.0001876331590160757
235 0.0001694751113693587
236 0.0001452643811737361
237 0.00015283023435986814
238 0.00014829072244818892
239 0.00016947511136935876
240 0.00014375121053650965
241 0.00015585657563432098
242 0.00014829072244818895
243 0.00015434340499709452
244 0.00019065950029052855
245 0.00017855413519271714
246 0.00017250145264381157
247 0.00020276486538833974
248 0.000217896571760604
249 0.0001891463296533021
250 0.00021033071857447193
251 0.00021940974239783036
252 0.00024513364323067947
253 0.00032684485764090596
254 0.00027237071470075504
255 0.0002814497385241136
256 0.00031322632190586833
257 0.00036013461165988715
258 0.0004040165601394535
259 0.0003692136354832457
260 0.00045395119116792515
261 0.0005144780166569819
262 0.0005538204532248687
263 0.0006022419136161141
264 0.0006657950803796237
265 0.0007293482471431335
266 0.0007747433662599263
267 0.000956323842727096
268 0.0009654028665504542
269 0.0011182331009103237
270 0.0011590887081154363
271 0.0013225111369358899
272 0.001405735521983342
273 0.0015509999031570784
274 0.0017174486732519844
275 0.0018733052488863044
276 0.001985279876041061
277 0.002316664245593646
278 0.00240442814255278
279 0.0027221939763703296
280 0.002853839821809027
281 0.0030263412744528377
282 0.00335469930273097
283 0.00344700271160178
284 0.003643714894441212
285 0.003778387081154363
286 0.003975099263993797
287 0.0040341129188456275
288 0.0042202329072244795
289 0.004276220220801856
290 0.004327668022467555
291 0.004480498256827427
292 0.004515301181483633
293 0.004656026050745693
294 0.004341286558202594
295 0.004430563625798953
296 0.004395760701142746
297 0.004189969494479949
298 0.0040416787720317605
299 0.003967533410807666
300 0.0038071373232616656
301 0.0035604905093937606
302 0.0032623958938601573
303 0.0030641705403834985
304 0.0028629188456323847
305 0.0027645627542126684
306 0.0024513364323068
307 0.002165347181871005
308 0.0020200828006972683
309 0.0018233706178578332
310 0.0015404077086964942
311 0.0013331033313964751
312 0.0011666545613015684
313 0.0010561931047840395
314 0.0009169814061592088
315 0.0007626380011621145
316 0.0006779004454774353
317 0.0005825706953321708
318 0.0005159911872942082
319 0.00039342436567886834
320 0.0003601346116598872
321 0.00027691022661243417
322 0.00026631803215184936
323 0.00018158047646717003
324 0.00016342242882045303
325 0.0001422380398992833
326 0.00010894828588030215
327 0.00010138243269417006
328 6.203999612628316e-05
329 8.019804377300019e-05
330 6.052682548905675e-05
331 4.539511911679256e-05
332 4.3881948479566143e-05
333 2.8750242107301957e-05
334 1.6644877009490605e-05
335 2.269755955839628e-05
336 1.3618535735037769e-05
337 1.6644877009490605e-05
338 9.079023823358512e-06
339 3.0263412744528375e-06
340 6.052682548905675e-06
341 9.079023823358512e-06
342 4.539511911679256e-06
343 4.539511911679256e-06
344 1.5131706372264188e-06
345 1.5131706372264188e-06
346 1.5131706372264188e-06
347 4.539511911679256e-06
348 1.5131706372264188e-06
349 3.0263412744528375e-06
350 3.0263412744528375e-06
351 0.0
352 0.0
353 1.5131706372264188e-06
354 0.0
355 0.0
356 0.0
357 0.0
358 0.0
