0 0.031347966938688264
1 0.03143774744927437
2 0.031568812254687814
3 0.03054212477777294
4 0.02993086361105074
5 0.029739774230160766
6 0.0287746350052735
7 0.027558899002841645
8 0.02688644473603773
9 0.025890568876468546
10 0.02477453654421044
11 0.023414341811501822
12 0.021877470232617904
13 0.020381696347037712
14 0.018749230114422297
15 0.01716067714258686
16 0.015473259516390695
17 0.013939388672023444
18 0.012244479371066121
19 0.010698831598950671
20 0.00888170014288912
21 0.007615052447703328
22 0.0061621260020997505
23 0.004941645249109358
24 0.004123577680712689
25 0.0031865683134242053
26 0.00240287229200408
27 0.001751939735565228
28 0.001292751847963912
29 0.0009369404121753313
30 0.0006822402906074662
31 0.00046218269477257573
32 0.00031376518271683486
33 0.00019517775030251732
34 0.00014358164072422242
35 7.490795974192106e-05
36 4.060507018067853e-05
37 3.905773499263526e-05
38 1.8715463450860008e-05
39 1.2487290784269967e-05
40 7.811916668674926e-06
41 4.681582145071804e-06
42 1.5637510008006404e-06
43 1.5584480351087174e-06
44 1.5712992759452935e-06
45 3.1213323409716214e-06
46 0.0
47 0.0
48 0.0
49 0.0
50 0.0
51 0.0
52 0.0
53 0.0
54 0.0
55 0.0
56 0.0
57 0.0
58 0.0
59 0.0
60 0.0
61 0.0
62 0.0
63 0.0
64 0.0
65 0.0
66 0.0
67 0.0
68 0.0
69 0.0
70 0.0
71 0.0
72 0.0
73 0.0
74 0.0
75 0.0
76 0.0
77 0.0
78 0.0
79 0.0
80 0.0
81 0.0
82 0.0
83 0.0
84 0.0
85 0.0
86 0.0
87 0.0
88 0.0
89 0.0
90 0.0
91 0.0
92 0.0
93 0.0
94 0.0
95 0.0
96 0.0
97 0.0
98 0.0
99 0.0
100 0.0
101 0.0
102 0.0
103 0.0
104 0.0
105 0.0
106 0.0
107 0.0
108 0.0
109 0.0
110 0.0
111 0.0
112 0.0
113 0.0
114 0.0
115 0.0
116 0.0
117 0.0
118 0.0
119 0.0
120 0.0
121 0.0
122 0.0
123 0.0
124 0.0
125 0.0
126 0.0
127 0.0
128 0.0
129 0.0
130 0.0
131 0.0
132 0.0
133 0.0
134 0.0
135 0.0
136 0.0
137 0.0
138 0.0
139 0.0
140 0.0
141 0.0
142 0.0
143 0.0
144 0.0
145 0.0
146 0.0
147 0.0
148 0.0
149 0.0
150 0.0
151 0.0
152 0.0
153 0.0
154 0.0
155 0.0
156 0.0
157 0.0
158 0.0
159 0.0
160 0.0
161 0.0
162 0.0
163 0.0
164 0.0
165 0.0
166 0.0
167 0.0
168 0.0
169 0.0
170 0.0
171 0.0
172 0.0
173 0.0
174 0.0
175 0.0
176 0.0
177 0.0
178 0.0
179 0.0
180 0.0
181 0.0
182 0.0
183 0.0
184 0.0
185 0.0
186 0.0
187 0.0
188 0.0
189 0.0
190 0.0
191 0.0
192 0.0
193 0.0
194 0.0
195 0.0
196 0.0
197 0.0
198 0.0
199 0.0
200 0.0
201 0.0
202 0.0
203 0.0
204 0.0
205 0.0
206 0.0
207 0.0
208 0.0
209 0.0
210 0.0
211 0.0
212 0.0
213 0.0
214 0.0
215 0.0
216 0.0
217 0.0
218 0.0
219 0.0
220 0.0
221 0.0
222 0.0
223 0.0
224 0.0
225 0.0
226 0.0
227 0.0
228 0.0
229 0.0
230 0.0
231 0.0
232 0.0
233 0.0
234 0.0
235 0.0
236 0.0
237 0.0
238 0.0
239 0.0
240 0.0
241 0.0
242 0.0
243 0.0
244 0.0
245 0.0
246 0.0
247 0.0
248 0.0
249 0.0
250 0.0
251 0.0
252 0.0
253 0.0
254 0.0
255 0.0
256 0.0
257 0.0
258 0.0
259 0.0
260 0.0
261 0.0
262 0.0
263 0.0
264 0.0
265 0.0
266 0.0
267 0.0
268 0.0
269 0.0
270 0.0
271 0.0
272 0.0
273 0.0
274 0.0
275 0.0
276 0.0
277 0.0
278 0.0
279 0.0
280 0.0
281 0.0
282 0.0
283 0.0
284 0.0
285 0.0
286 0.0
287 0.0
288 0.0
289 0.0
290 0.0
291 0.0
292 0.0
293 0.0
294 0.0
295 0.0
296 0.0
297 0.0
298 0.0
299 0.0
300 0.0
301 0.0
302 0.0
303 0.0
304 0.0
305 0.0
306 0.0
307 0.0
308 0.0
309 0.0
310 0.0
311 0.0
312 0.0
313 0.0
314 0.0
315 0.0
316 0.0
317 1.55938123752495e-06
318 7.80970339709029e-06
319 9.375012893280686e-06
320 9.34481810553149e-06
321 1.8749319303098616e-05
322 3.275969396262481e-05
323 5.6207365131157845e-05
324 0.00011398113214934945
325 0.00014215299780167038
326 0.000215461420248408
327 0.0003575783400426796
328 0.0004277387081078298
329 0.0006448116957121161
330 0.0009413605908740565
331 0.001406762473075805
332 0.001878421655163581
333 0.0023127911517692046
334 0.0031755536795792993
335 0.004022149556606757
336 0.005127599654871074
337 0.006093966917679292
338 0.007644206814651961
339 0.008788713407024926
340 0.010564911517014755
341 0.0120742639484941
342 0.014013827198596056
343 0.01568245021450531
344 0.0173640491865969
345 0.018851903018130285
346 0.0203373301159976
347 0.02203867467470951
348 0.023098177218879537
349 0.0246216260656217
350 0.025595124750807628
351 0.02710958015877776
352 0.027864317106366943
353 0.02877175461682727
354 0.02945344668399496
355 0.030411476906363838
356 0.03050325067141874
357 0.03134013032312251
358 0.031184698369934524
