0 0.0
1 0.0
2 0.0
3 0.0
4 0.0
5 3.0263412744528375e-06
6 1.5131706372264188e-06
7 1.5131706372264188e-06
8 0.0
9 1.5131706372264188e-06
10 1.5131706372264188e-06
11 0.0
12 0.0
13 1.5131706372264188e-06
14 0.0
15 0.0
16 0.0
17 0.0
18 0.0
19 0.0
20 3.0263412744528375e-06
21 1.5131706372264188e-06
22 1.5131706372264188e-06
23 1.5131706372264188e-06
24 1.5131706372264188e-06
25 1.5131706372264188e-06
26 0.0
27 0.0
28 0.0
29 0.0
30 1.5131706372264188e-06
31 3.0263412744528375e-06
32 1.5131706372264188e-06
33 1.5131706372264188e-06
34 1.5131706372264188e-06
35 3.0263412744528375e-06
36 3.0263412744528375e-06
37 0.0
38 3.0263412744528375e-06
39 0.0
40 4.539511911679256e-06
41 1.5131706372264188e-06
42 1.210536509781135e-05
43 1.5131706372264188e-05
44 4.539511911679256e-06
45 1.3618535735037769e-05
46 6.052682548905675e-06
47 6.052682548905675e-06
48 1.210536509781135e-05
49 7.565853186132094e-06
50 1.6644877009490605e-05
51 1.5131706372264188e-05
52 1.5131706372264188e-05
53 2.269755955839628e-05
54 2.42107301956227e-05
55 4.0855607205113305e-05
56 2.572390083284912e-05
57 4.84214603912454e-05
58 5.144780166569824e-05
59 5.4474142940151076e-05
60 7.111901994964168e-05
61 9.532975014526438e-05
62 0.00013315901607592482
63 0.00011954048034088709
64 0.00016796194073213236
65 0.0001709882820065852
66 0.0002012516947511133
67 0.0003026341274452833
68 0.00026177852024017006
69 0.00035256875847375525
70 0.0004146087546000383
71 0.0005386887468526046
72 0.0005311228936664727
73 0.0006733609335657556
74 0.0008004672670927749
75 0.0009321131125314729
76 0.0010531667635095868
77 0.0011363911485570413
78 0.00128468187100523
79 0.0014798808832074371
80 0.0015963950222738705
81 0.0016538955064884736
82 0.0019777140228549265
83 0.002077583284911872
84 0.002395349118729421
85 0.0026056798373038943
86 0.0028508134805345737
87 0.0029748934727871395
88 0.003259369552585703
89 0.003459108076699591
90 0.0037087812318419497
91 0.0040976660856091385
92 0.004368523629672669
93 0.004409379236877784
94 0.004898133352701919
95 0.005197741138872751
96 0.005418664051907811
97 0.005610836722835565
98 0.005940707921750924
99 0.0062161049777261276
100 0.006568673736199883
101 0.0068122942087933324
102 0.007282890276970744
103 0.007411509781134986
104 0.0076233536703466855
105 0.007947172186713139
106 0.007929014139066423
107 0.007960790722448175
108 0.008504018981212466
109 0.008187766318032141
110 0.008473755568467934
111 0.008560006294789844
112 0.00850250581057524
113 0.00862204629091613
114 0.008339083381754785
115 0.008516124346310279
116 0.008597835560720505
117 0.008372373135773764
118 0.008298227774549671
119 0.008563032636064293
120 0.008304280457098575
121 0.008186253147394915
122 0.008057633643230672
123 0.008193819000581045
124 0.008083357544063518
125 0.007932040480340874
126 0.007556774162308724
127 0.0078821058493124
128 0.007873026825489042
129 0.007839737071470064
130 0.0075703926980437595
131 0.007636972206081723
132 0.007426641487507253
133 0.007409996610497762
134 0.00718756052682548
135 0.00714065223707146
136 0.0069424268835948
137 0.00659439763703273
138 0.006529331299631994
139 0.006291763509587446
140 0.005872615243075734
141 0.005691034766608566
142 0.005489783071857455
143 0.00528247869455743
144 0.00500859480921945
145 0.004746816288979279
146 0.004383655336044933
147 0.004259575343792368
148 0.003976612434631024
149 0.003923651462328099
150 0.0037057548905674942
151 0.003389502227387176
152 0.0032185139453805934
153 0.0028674583575440645
154 0.0026767988572535353
155 0.0025103500871586303
156 0.0023030457098586104
157 0.0021804788882432676
158 0.0020972545031958155
159 0.002014030118148361
160 0.0018233706178578332
161 0.0017023169668797201
162 0.0016357374588417573
163 0.0015842896571760592
164 0.0014980389308541552
165 0.0014738282006585308
166 0.0013754721092388146
167 0.00131797162502421
168 0.0011938916327716442
169 0.0011348779779198131
170 0.0011273121247336814
171 0.0011273121247336816
172 0.0010713248111563038
173 0.0010092848150300203
174 0.0011000750532636063
175 0.0009896135967460771
176 0.0010440877396862291
177 0.0010622457873329457
178 0.0011015882239008325
179 0.0010622457873329459
180 0.0009805345729227183
181 0.0010183638388533791
182 0.001090996029440248
183 0.0010365218865000965
184 0.0010198770094906055
185 0.0010561931047840393
186 0.0010713248111563043
187 0.001139417489831493
188 0.0011666545613015686
189 0.0011923784621344182
190 0.0011136935889986437
191 0.001314945283749758
192 0.0013346165020337011
193 0.001349748208405966
194 0.0014632360061979466
195 0.0015116574665891916
196 0.0015585657563432099
197 0.0017098828200658516
198 0.0016584350184001538
199 0.0019141608560914185
200 0.001985279876041059
201 0.0021305442572147966
202 0.0022092291303505702
203 0.0024755471625024206
204 0.0025012710633352695
205 0.0027010095874491573
206 0.002852326651171799
207 0.0031095656595002893
208 0.003342593937633158
209 0.003528713926012005
210 0.0037753607398799114
211 0.0040689158435018346
212 0.004466879721092388
213 0.0045728016656982375
214 0.004854251404222353
215 0.005187148944412165
216 0.00514780650784428
217 0.005657745012589585
218 0.005983076699593263
219 0.006161630834785977
220 0.006182815223707146
221 0.006570186906837106
222 0.00657170007747433
223 0.006918216153399179
224 0.007245061011040082
225 0.007170915649815989
226 0.007490194654270761
227 0.00761730098779778
228 0.007541642455936458
229 0.007705064884756911
230 0.0077217097617664
231 0.008060659984505121
232 0.007998619988378834
233 0.008039475595583953
234 0.008086383885337972
235 0.007948685357350365
236 0.008224082413325581
237 0.00816355558783652
238 0.008169608270385422
239 0.008204411195041634
240 0.008496453128026334
241 0.008376912647685449
242 0.00846467654464458
243 0.008463163374007354
244 0.00863415165601394
245 0.00854941410032926
246 0.008588756536897146
247 0.008622046290916128
248 0.008532769223319768
249 0.008325464846019745
250 0.008457110691458446
251 0.008342109723029238
252 0.008304280457098578
253 0.008030396571760596
254 0.007906316579508025
255 0.007715657079217495
256 0.007319206372264174
257 0.007061967363935689
258 0.006890979081929104
259 0.006542949835367031
260 0.0062055127832655425
261 0.005939194751113693
262 0.0056047840402866575
263 0.0054459011233778795
264 0.004981357737749375
265 0.0046545128801084665
266 0.004477471915552973
267 0.004218719736587252
268 0.00402049438311059
269 0.003752663180321515
270 0.003592267092775514
271 0.0032457510168506674
272 0.003111078830137516
273 0.0027872603137710627
274 0.0026541012976951384
275 0.002383243753631609
276 0.002177452546968817
277 0.0019338320743753613
278 0.0017431725740848327
279 0.001762843792368777
280 0.001417840887081155
281 0.0012650106527212854
282 0.001174220414487701
283 0.0010289560333139635
284 0.0009321131125314734
285 0.0007671775130737933
286 0.0006990848343986052
287 0.000561386306411001
288 0.0004509248498934722
289 0.00046605655626573645
290 0.00033289754018981174
291 0.00027539705597520785
292 0.0002421073019562266
293 0.0002133570598489247
294 0.00017855413519271717
295 0.00014526438117373609
296 0.00016493559945767944
297 0.00011651413906643425
298 9.835609141971722e-05
299 7.414536122409452e-05
300 4.993463102847182e-05
301 5.296097230292466e-05
302 4.690828975401898e-05
303 3.480292465620763e-05
304 2.8750242107301957e-05
305 9.079023823358512e-06
306 2.269755955839628e-05
307 2.7237071470075538e-05
308 1.6644877009490605e-05
309 1.6644877009490605e-05
310 1.0592194460584931e-05
311 1.210536509781135e-05
312 1.210536509781135e-05
313 4.539511911679256e-06
314 7.565853186132094e-06
315 4.539511911679256e-06
316 1.0592194460584931e-05
317 3.0263412744528375e-06
318 1.5131706372264188e-06
319 7.565853186132094e-06
320 6.052682548905675e-06
321 4.539511911679256e-06
322 1.5131706372264188e-06
323 1.5131706372264188e-06
324 1.5131706372264188e-06
325 0.0
326 0.0
327 1.5131706372264188e-06
328 1.5131706372264188e-06
329 1.5131706372264188e-06
330 0.0
331 1.5131706372264188e-06
332 0.0
333 0.0
334 4.539511911679256e-06
335 0.0
336 1.5131706372264188e-06
337 1.5131706372264188e-06
338 0.0
339 0.0
340 1.5131706372264188e-06
341 1.5131706372264188e-06
342 0.0
343 0.0
344 1.5131706372264188e-06
345 0.0
346 0.0
347 0.0
348 0.0
349 0.0
350 0.0
351 0.0
352 1.5131706372264188e-06
353 0.0
354 0.0
355 0.0
356 0.0
357 0.0
358 1.5131706372264188e-06
