0 1.5131706372264188e-06
1 0.0
2 0.0
3 1.5131706372264188e-06
4 1.5131706372264188e-06
5 0.0
6 0.0
7 1.5131706372264188e-06
8 0.0
9 0.0
10 0.0
11 0.0
12 0.0
13 0.0
14 0.0
15 4.539511911679256e-06
16 3.0263412744528375e-06
17 1.5131706372264188e-06
18 6.052682548905675e-06
19 3.0263412744528375e-06
20 0.0
21 6.052682548905675e-06
22 1.0592194460584931e-05
23 1.210536509781135e-05
24 4.539511911679256e-06
25 6.052682548905675e-06
26 1.8158340783221718e-05
27 2.7237071470075538e-05
28 2.4211316468632088e-05
29 1.9671218283943443e-05
30 4.84214603912454e-05
31 3.9342436567886886e-05
32 5.5987313577377495e-05
33 8.322438504745303e-05
34 9.381657950803796e-05
35 0.00011954077347739178
36 0.0001543434049970946
37 0.0001316461385752031
38 0.00018612057465185872
39 0.0002345414487700946
40 0.00030414788435551926
41 0.00027691110602194835
42 0.0003813192937175618
43 0.0004766493369993308
44 0.0005886242572905907
45 0.0006491516690526569
46 0.0007762571231701616
47 0.0008640213132657983
48 0.001006260232574596
49 0.001031982960861426
50 0.0012619846045833388
51 0.0014072519171221204
52 0.0016100176619199746
53 0.001711400094614144
54 0.0018839015472579552
55 0.0021592974306871454
56 0.0023998915620061486
57 0.002525486776851474
58 0.002643512620872612
59 0.0028553576826303275
60 0.0030233205027719746
61 0.003177665373451592
62 0.0033274666283084654
63 0.0033380599953150673
64 0.0034318754022770862
65 0.0034258274099122554
66 0.003587732564184417
67 0.003447007988058868
68 0.003578653540361057
69 0.0035483918864355583
70 0.0034197712097252925
71 0.003425826823639247
72 0.003312337853301247
73 0.0032245724906595917
74 0.002985490650568305
75 0.0029582529928252207
76 0.002855358562039841
77 0.002684370866306266
78 0.002505813799748502
79 0.002256141230879152
80 0.002189562309114197
81 0.0020548883635820177
82 0.0018067272065308648
83 0.0017280449716236353
84 0.0016327140489323514
85 0.0016069907343725116
86 0.0013573166998206397
87 0.0011802757352651482
88 0.0011727090026695019
89 0.0010909974951227714
90 0.0008973113604212848
91 0.0008337590730672885
92 0.0007732313681687179
93 0.0007081656170409917
94 0.0006521780103271095
95 0.0005901374279278169
96 0.0005704676753263969
97 0.0004993471896942316
98 0.0004721098250876515
99 0.00039947792763728813
100 0.0003722402698942032
101 0.00036921451489275986
102 0.00031171403067815586
103 0.00024362164513947184
104 0.00029658261744239657
105 0.00025421325332704737
106 0.00023302827813286825
107 0.00021789657176060398
108 0.00017250145264381152
109 0.00017250145264381152
110 0.00017704155082850018
111 0.0001725020389168209
112 0.0001528302343598682
113 0.00013315901607592482
114 0.00014072516239856155
115 0.00017855442832922182
116 0.00015585745504383502
117 0.00015283082063287753
118 0.00014375150367301436
119 0.00013164584543869836
120 0.00015283023435986817
121 0.00016190984445623604
122 0.0001346724798496559
123 0.00013921169862483046
124 0.0001634230150934625
125 0.00016947569764236818
126 0.00017098886827959458
127 0.00018460799028764165
128 0.00020276515852484463
129 0.00026177910651317937
130 0.0002542129601905427
131 0.00026329286342341527
132 0.00027539822852122657
133 0.00030868739626719834
134 0.00035105646724604284
135 0.0004025045620482457
136 0.00045092631557599577
137 0.000488756754052675
138 0.0005946778192490105
139 0.0006022442587081521
140 0.0006930344969417365
141 0.0007475083467453832
142 0.0009230370200731618
143 0.0009563264809556379
144 0.001131855154283417
145 0.0012680402184972904
146 0.0014647556258382765
147 0.0017204820498025492
148 0.001997391397005469
149 0.0021260106080332112
150 0.0024846332216018935
151 0.0028039131054661813
152 0.0032215514258422243
153 0.003667935884414497
154 0.004020508160526311
155 0.004619724612277493
156 0.0053626928608381886
157 0.005689542701799672
158 0.006320534564386583
159 0.00735856844897788
160 0.00795173896031976
161 0.008546412089384697
162 0.00941951594411192
163 0.010577098810002749
164 0.011368488518954695
165 0.012353567880246167
166 0.013414298444986332
167 0.014234441620547126
168 0.015174125276448801
169 0.01603360942289496
170 0.01675993660522073
171 0.01778283936971278
172 0.01844259085477515
173 0.019509377033429295
174 0.020203925287281276
175 0.020656357445081888
176 0.020975638208355688
177 0.021248016837742075
178 0.02188506167601441
179 0.02177460930672853
180 0.021990984793166277
181 0.02161269008190413
182 0.021683806756761726
183 0.02077589440778472
184 0.020473263504840983
185 0.020005694364211023
186 0.01940041321131425
187 0.018811798334391807
188 0.017598231965698145
189 0.01699296400394409
190 0.016237892442241105
191 0.015283080011332209
192 0.014175429724514323
193 0.013406733764346224
194 0.012268832083380527
195 0.011409346764388349
196 0.010372819601431169
197 0.00950425789684417
198 0.008724970328488482
199 0.008106080606497828
200 0.007160350717050338
201 0.006293300424281561
202 0.00576822581611642
203 0.0052159164815732415
204 0.004624263537916163
205 0.003984191185823361
206 0.0035953034006911268
207 0.0031095753330049425
208 0.002825097787523857
209 0.0024967391729727125
210 0.0020957480746981957
211 0.0019338382302419588
212 0.0017401518024039693
213 0.0014874517197141495
214 0.0012589614878104369
215 0.001078893302570978
216 0.0010213931114928787
217 0.0008715903909534817
218 0.0007384290297855199
219 0.0007036261051293124
220 0.0006385609402745949
221 0.0005507967501789582
222 0.00044941314493876917
223 0.00040099168454752377
224 0.0003571097360679579
225 0.00037072768552998613
226 0.00026783149592558045
227 0.00031019998063141536
228 0.0002330297438153916
229 0.00022092349930806623
230 0.00020579149979929734
231 0.00021184447548470764
232 0.00016342301509346242
233 0.00017552838019127374
234 0.00017401462328103798
235 0.00016493618573068888
236 0.0001725020389168209
237 0.00012861950416424557
238 0.0001467778449474672
239 0.00016039638068250496
240 0.00012559316288979276
241 0.00013921199176133506
242 0.00011046233592704265
243 0.00016342330822996713
244 0.00016190925818322665
245 0.0001634230150934625
246 0.0001634227219569577
247 0.0001664487700949059
248 0.00017098857514308977
249 0.0001815807696036747
250 0.00016947569764236812
251 0.00024664740014091526
252 0.00020730467043652388
253 0.00022546389062925957
254 0.0002421084745022454
255 0.00026026652214896235
256 0.0003268454439139152
257 0.00033441159023655224
258 0.00037980612308033537
259 0.000364674709844576
260 0.00042974221979133037
261 0.0004191488527847269
262 0.00046303021499128353
263 0.000582572454151199
264 0.0005402033831723543
265 0.0006098092324847699
266 0.0007232976165497605
267 0.0007157308839541145
268 0.0007959327385016756
269 0.0008700775134527604
270 0.0011333674455111299
271 0.0010592226705600448
272 0.0011757365164899738
273 0.001257448024036705
274 0.0014723182545228562
275 0.0015661362997134185
276 0.0017552832156397303
277 0.0019247571544630687
278 0.0020337066128893904
279 0.0022062092380792228
280 0.002328774007739029
281 0.0025799635580201663
282 0.0026828588682150578
283 0.0026858840369434938
284 0.003023322847864011
285 0.0031020053759077473
286 0.003173125568403407
287 0.003263916099773497
288 0.003375892192610774
289 0.0034091828260392693
290 0.003490892867903477
291 0.003456087891291736
292 0.0034515530695641322
293 0.0034212870185910626
294 0.003365300291286696
295 0.003369838337515851
296 0.003259376294725313
297 0.0031171379616895256
298 0.003111086158550132
299 0.002943123924681497
300 0.002803911639783656
301 0.0026843717457157804
302 0.0025270049308092784
303 0.0023514721535704336
304 0.0021729174321047074
305 0.0019867971505893515
306 0.0017628458443243098
307 0.0015298184456009557
308 0.0014511353312842094
309 0.0012302094868841065
310 0.0011379069574228092
311 0.00107586784070604
312 0.0008504036569402745
313 0.0007656652218460819
314 0.000656717229102284
315 0.0006098077668022463
316 0.0004403338279789061
317 0.0003903983175409201
318 0.00037829324557961353
319 0.00025269949641681147
320 0.0001815804764671699
321 0.00020276515852484452
322 0.00018763315901607565
323 0.00012710662666352382
324 9.68432139189955e-05
325 9.381657950803796e-05
326 6.5066337400736e-05
327 5.750077735110861e-05
328 7.111901994964168e-05
329 3.177658338175479e-05
330 4.0855900341618e-05
331 2.8750242107301957e-05
332 2.1184388921169862e-05
333 3.0263412744528376e-05
334 1.6644877009490605e-05
335 6.052682548905675e-06
336 9.079023823358512e-06
337 4.539511911679256e-06
338 6.052682548905675e-06
339 1.5131706372264188e-06
340 0.0
341 7.565853186132094e-06
342 3.0263412744528375e-06
343 1.5131706372264188e-06
344 0.0
345 4.539511911679256e-06
346 1.5131706372264188e-06
347 0.0
348 0.0
349 0.0
350 0.0
351 3.0263412744528375e-06
352 0.0
353 0.0
354 0.0
355 0.0
356 1.5131706372264188e-06
357 0.0
358 0.0
