0 6.382900771602961e-05
1 7.296144341823951e-05
2 8.665142440769748e-05
3 9.42417530274258e-05
4 9.578556998157532e-05
5 0.00010033957805971937
6 0.00012313962693373868
7 0.00010792750490442611
8 0.0001337447365759936
9 0.0001596459739690529
10 0.00016415625049489015
11 0.00018239107676328934
12 0.00017011512600306883
13 0.00019894261997518907
14 0.00020802821219896065
15 0.0002807386974410206
16 0.0002930396089004569
17 0.00034750035856558796
18 0.0003913223676320739
19 0.0004577616253260415
20 0.0005910000615519195
21 0.0006787469645125973
22 0.0007316001457860424
23 0.0008434900729299574
24 0.001131089376559485
25 0.0013293296860244653
26 0.0015864628839249158
27 0.001961752564377667
28 0.002315808126753528
29 0.0027711460128987927
30 0.0032327501282548433
31 0.0036396902921921295
32 0.004306939406733711
33 0.00472909826887172
34 0.005252722205519653
35 0.005718660124942086
36 0.006178626396051395
37 0.006537284920109033
38 0.006938291917409378
39 0.007240915481255587
40 0.0076690656865247885
41 0.0074406398568685195
42 0.007670517298357414
43 0.007543432060230798
44 0.007360280374800305
45 0.007271043328430557
46 0.0068533778162414094
47 0.006668758535517946
48 0.006369121661569332
49 0.0059469345137912796
50 0.005795592762410894
51 0.0053976288756077025
52 0.0052886723860003084
53 0.0048120231241140145
54 0.0047756934810317285
55 0.004654641010789711
56 0.004506340384187428
57 0.0044806491024189585
58 0.004289965188154569
59 0.004271791238073458
60 0.00418101509496233
61 0.004305095372161325
62 0.00421433156569448
63 0.004409524417594195
64 0.004503368359162151
65 0.004684988691919825
66 0.005110200482936083
67 0.005361376536312035
68 0.005851703114153072
69 0.006142276831186641
70 0.006773301205271283
71 0.0074194767410653
72 0.008026338041264996
73 0.008447070781870358
74 0.009398903861766273
75 0.01014646557740579
76 0.011099883994424716
77 0.012346867843470477
78 0.01301270458309608
79 0.01359525656747361
80 0.014631915231671544
81 0.015084338162254407
82 0.015169110148376281
83 0.015648791749590066
84 0.015338494657091107
85 0.014913218601648725
86 0.014450128370688767
87 0.013348383510273265
88 0.012638686166574526
89 0.011090572305942684
90 0.01012056986911419
91 0.008991612315153233
92 0.00771137937763452
93 0.006677819510351877
94 0.005827388800300293
95 0.0047211921082479765
96 0.004025135739119927
97 0.003345692720820475
98 0.002864487150502725
99 0.0025391443081589056
100 0.0021971598257059253
101 0.0019066207994857505
102 0.0016856961319538968
103 0.0015767369952462361
104 0.001322526673625092
105 0.001292261794970781
106 0.0011500275663005116
107 0.0011061374105669297
108 0.0010365430652778437
109 0.001010813816515391
110 0.0009517960572980419
111 0.000982058883996821
112 0.0009169948921425755
113 0.0009154805475959701
114 0.0008715962547059479
115 0.0008731111835942183
116 0.0008927844546289382
117 0.0008806785035990399
118 0.0008337661090249828
119 0.0007853458219751316
120 0.000886731772875342
121 0.000891268939013337
122 0.000844361528555103
123 0.0008731132364585256
124 0.0008519282616052686
125 0.00088219724587473
126 0.0008534399666735686
127 0.0009079176274788373
128 0.0010652897190696821
129 0.0010441032779657858
130 0.0010471284463533634
131 0.0011454909873441685
132 0.0012756277679881814
133 0.001319503266669467
134 0.0013966805393295216
135 0.0015253006295395822
136 0.0015631427949530758
137 0.0018687918305540841
138 0.0019520253039692161
139 0.002147231422124877
140 0.0022546611895518155
141 0.00242110966696467
142 0.0026526341560779614
143 0.0029946133578651547
144 0.0033562732318221655
145 0.00348942543439956
146 0.0039010334951366443
147 0.004156776113876307
148 0.00443821457151777
149 0.004910360669085059
150 0.005200841654815903
151 0.005604885550735803
152 0.00600288746007927
153 0.006484085760944481
154 0.006876027516608976
155 0.0071242517667791895
156 0.007572100447280173
157 0.008021635450723087
158 0.008534576561409348
159 0.008841780680284551
160 0.009201879018782961
161 0.009649977419923145
162 0.010196340181132413
163 0.010308432046943984
164 0.011090783764618245
165 0.011214947654526698
166 0.011678074375110424
167 0.011873184507700314
168 0.01199431743375981
169 0.012369526160770517
170 0.012115403911166089
171 0.012033501446207412
172 0.01153264160556164
173 0.011098286447103584
174 0.010609651330459973
175 0.009687800744746544
176 0.008844934293583916
177 0.00793244667422064
178 0.007228718647050608
179 0.006405476291778333
180 0.005831998470407787
181 0.005435469577769414
182 0.005019356226781384
183 0.0045547669775230235
184 0.004365642191029296
185 0.004179486447129707
186 0.003908660934370804
187 0.00369378285555903
188 0.0038269585183733877
189 0.003571208048353461
190 0.0035742163645609143
191 0.003447132973402726
192 0.0032186198006074027
193 0.003099118886448021
194 0.0030885454598816556
195 0.0026829895626891112
196 0.0026027797211882926
197 0.002340986537532756
198 0.0021790616709608124
199 0.001938464608844881
200 0.0017069352014070598
201 0.0014965920974682023
202 0.001325613562711387
203 0.0011500763849027448
204 0.0009790601081202256
205 0.0008882870139535081
206 0.000759664872356096
207 0.0006885217378324614
208 0.0005977450569412297
209 0.00048579519835657565
210 0.0003965489015968855
211 0.00035870190464463476
212 0.0002951718158097495
213 0.00025882325937909295
214 0.00022861385059050752
215 0.00018623122261016573
216 0.00015742814886567997
217 0.0001923069144556249
218 0.00011209648645447178
219 0.00013332513458167054
220 0.00011218947179599959
221 0.00011364951754594075
222 8.339555721013129e-05
223 0.00011832715421006642
224 9.559742665095236e-05
225 0.00011990319471168568
226 9.712503733970953e-05
227 0.000103185116133166
228 0.00011990554389876171
229 8.806286171516756e-05
230 0.00011092954079899644
231 0.00012918644197579916
232 0.00010477148833942149
233 0.00013672898954274096
234 0.00012295430808322792
235 0.00014589653815042148
236 0.0001291619632424741
237 0.00014441025086675137
238 0.00014892282376445954
239 0.0001822899435871048
240 0.00017472174132749345
241 0.000182274620258215
242 0.00013366954451592865
243 0.00016856099088398898
244 0.0002064649800674732
245 0.0001624956831037859
246 0.00018365019755089924
247 0.00016539834343157124
248 0.00016686872111334216
249 0.00018955829428633336
250 0.00014858018288927265
251 0.00018798871439122
252 0.00017121257894295197
253 0.00024081396747090185
254 0.00021808394632082985
255 0.00026203140380230363
256 0.00027709255104271623
257 0.0003042582420225974
258 0.0003088499953170093
259 0.00040111325355594613
260 0.0004313315246123963
261 0.00047228451500191726
262 0.0005024862338413974
263 0.00046460948044897417
264 0.0005130099844080392
265 0.000460039266559891
266 0.00047213459331683043
267 0.0005055223208882673
268 0.00048426032868740973
269 0.000407108996347967
270 0.0004040850007336018
271 0.00035866540652413546
272 0.00031326970124793035
273 0.00029814979237642266
274 0.0002693877527683641
275 0.00018460799040123855
276 0.00017706309398807718
277 0.00014526731663382151
278 0.00012409091034380873
279 8.626135127664356e-05
280 8.929919702894496e-05
281 6.810447640313887e-05
282 4.237940279707742e-05
283 2.42107301956227e-05
284 2.1184682057674556e-05
285 3.1798126427734875e-05
286 2.422135515036039e-05
287 2.42107301956227e-05
288 1.3618535735037769e-05
289 6.063307503643368e-06
290 6.052682548905675e-06
291 7.566146322636787e-06
292 1.210536509781135e-05
293 9.079023823358512e-06
294 3.0369662291905304e-06
295 6.052682548905675e-06
296 1.5131706372264188e-06
297 7.565853186132094e-06
298 4.539511911679256e-06
299 1.5131706372264188e-06
300 1.5131706372264188e-06
301 6.052682548905675e-06
302 6.052682548905675e-06
303 1.5131706372264188e-06
304 0.0
305 3.0263412744528375e-06
306 3.0263412744528375e-06
307 6.052682548905675e-06
308 1.5131706372264188e-06
309 7.566146322636787e-06
310 1.0592487597089625e-05
311 1.0592780733594317e-05
312 9.079023823358512e-06
313 1.0592194460584931e-05
314 2.1184388921169862e-05
315 2.1184388921169862e-05
316 1.9671511420448137e-05
317 3.7831611704410816e-05
318 3.3291513292462554e-05
319 3.934507525088231e-05
320 4.8424978824611305e-05
321 6.809590397205005e-05
322 6.052741187566292e-05
323 6.05285844216817e-05
324 6.204322108228798e-05
325 6.506868306082353e-05
326 7.416155668126171e-05
327 6.960966088228586e-05
328 0.0001044621254101761
329 7.869367303016902e-05
330 9.841179261646247e-05
331 8.931622021671918e-05
332 9.688324253547831e-05
333 7.872672430824578e-05
334 9.234408283397818e-05
335 6.513090735127293e-05
336 7.115846604736323e-05
337 8.482219901723129e-05
338 4.541396053819182e-05
339 6.965474087854155e-05
340 6.36663946719278e-05
341 5.9112742331017456e-05
342 6.516836045367138e-05
343 6.671041494820743e-05
344 5.000893992470851e-05
345 5.608282002253575e-05
346 4.3994303123474894e-05
347 5.4627824629732206e-05
348 4.247280128543162e-05
349 5.4618372448272904e-05
350 6.375134547613196e-05
351 5.00877225772647e-05
352 5.309281416943573e-05
353 3.4932127726126486e-05
354 6.677210532633337e-05
355 5.6197642001001505e-05
356 5.1633944606164676e-05
357 6.689520648585251e-05
358 5.6241318006556356e-05
