0 0.000822362895589844
1 0.0008191589619754049
2 0.000899845178573283
3 0.0007904008402468859
4 0.0008693408836124708
5 0.0009178744861377702
6 0.0009785783817957724
7 0.0008751750291374628
8 0.0009966987728627892
9 0.0010148702001136418
10 0.001128691472121436
11 0.0012148997168209997
12 0.00125316601869068
13 0.001292066967977224
14 0.0014074988758953336
15 0.0015060587867486886
16 0.0016469251475314667
17 0.001793878922433682
18 0.001989112194736087
19 0.0021847724589167073
20 0.002477422135537397
21 0.0028972653508278863
22 0.0031683194504734413
23 0.0035426005978724997
24 0.00399083359832908
25 0.004323971556260803
26 0.005153951043869018
27 0.0057281760394540205
28 0.006156569073905416
29 0.006940860085263924
30 0.007757360131614904
31 0.008682389464516507
32 0.009333050738718797
33 0.010454972108442399
34 0.010851042938798438
35 0.01167602157242599
36 0.012007070486137817
37 0.012784711346287845
38 0.013115938045514999
39 0.013206126785911387
40 0.013399574617660042
41 0.013409827356962702
42 0.012837002716431803
43 0.012692846723277761
44 0.01199289850044612
45 0.011618887957720979
46 0.011022123364451937
47 0.01011819667897217
48 0.009550226172692284
49 0.008376890613144358
50 0.007880356229050051
51 0.006984205413508489
52 0.006646642874446713
53 0.005805075932864737
54 0.005580898269949387
55 0.004708951567159207
56 0.004539386081529717
57 0.004092920051080922
58 0.0036113949422739234
59 0.003402704842156879
60 0.0033148072397053484
61 0.0030906715116256252
62 0.003145419091768103
63 0.002927410423263026
64 0.002895645013958452
65 0.002904772933551904
66 0.002860834306909961
67 0.0028184488032941208
68 0.0028049909945534355
69 0.0028503813201725403
70 0.0029943459831216677
71 0.0029126082376988126
72 0.003227501830885326
73 0.003001884629406199
74 0.002959499522635974
75 0.0029716016255456924
76 0.002811041195646051
77 0.0028745520873086038
78 0.002883709871170559
79 0.0026839027738499678
80 0.002294510813617341
81 0.0023444823218346893
82 0.0021172151830623318
83 0.00197184355899678
84 0.0016992052558567022
85 0.0015160287839021168
86 0.0013251413281786459
87 0.0011631143298939939
88 0.0010222850486298193
89 0.0008268598885166489
90 0.0007117312654706934
91 0.0006284952152571583
92 0.0005633812296568467
93 0.00039522853186841977
94 0.00038461216834916593
95 0.0003482436128867911
96 0.00028916202074536585
97 0.00029671584453472185
98 0.0002861199340003155
99 0.0002376808436228617
100 0.0002542980776614824
101 0.00017103229103074686
102 0.0002300721712764726
103 0.00020280798977158782
104 0.00017102822006004396
105 0.00023306054383509295
106 0.000208846892416902
107 0.0001846294091561332
108 0.000174040160750581
109 0.00019069618570180484
110 0.0001483048025486241
111 0.00015890815178355798
112 0.0001346912563880038
113 0.00013167929586878991
114 0.000137725819833936
115 0.0001331810313519535
116 9.231749079236655e-05
117 9.233275197823139e-05
118 8.475575267181685e-05
119 7.870922735048805e-05
120 7.26503768721558e-05
121 8.172499944063196e-05
122 6.659975185216536e-05
123 5.6001979722834945e-05
124 9.081106820726654e-05
125 8.02238579733898e-05
126 6.509509674540029e-05
127 7.872922281081008e-05
128 6.811526678281304e-05
129 6.962990822904657e-05
130 9.839482251202165e-05
131 8.478279022470291e-05
132 8.476542730860398e-05
133 9.990652689986615e-05
134 0.00012564803582902525
135 0.00011960569475189207
136 0.00012109999825898458
137 0.00015895363753453797
138 0.00016802238019136256
139 0.00018921355135127657
140 0.00023313626156099584
141 0.000252811892709649
142 0.0002997160634270467
143 0.0002633717926702744
144 0.000305760826507209
145 0.00035115446025437807
146 0.0003829566127543884
147 0.0003768625195345044
148 0.0003753719365505147
149 0.0003677776192093124
150 0.00040863618375850346
151 0.00039199777042308925
152 0.00042375613278313145
153 0.0003753396878302811
154 0.00037382920684826085
155 0.0003980460490927987
156 0.0003314433542664192
157 0.0003238675186097211
158 0.0002648435936401604
159 0.0002618043360332284
160 0.0002315494656052455
161 0.00022850960075191501
162 0.0002028007206598906
163 0.00015739029119341826
164 0.00012409320068805258
165 0.00010895473977183429
166 7.263688281621373e-05
167 8.323318903556164e-05
168 5.144868141606872e-05
169 4.84214603912454e-05
170 3.783543158577225e-05
171 4.0856193591719474e-05
172 1.5131706372264188e-05
173 1.361941548540825e-05
174 1.5131706372264188e-05
175 1.210595148441752e-05
176 6.052682548905675e-06
177 9.079023823358512e-06
178 4.539511911679256e-06
179 3.0263412744528375e-06
180 1.5131706372264188e-06
181 4.540391662049737e-06
182 1.5131706372264188e-06
183 1.210624484818183e-05
184 3.0263412744528375e-06
185 4.540391662049737e-06
186 6.053562299276155e-06
187 3.0263412744528375e-06
188 9.079023823358512e-06
189 4.539511911679256e-06
190 1.513199950876888e-05
191 6.0544421633755614e-06
192 1.3626457926715039e-05
193 1.3632073317548082e-05
194 2.5740044498176805e-05
195 1.6651915922087673e-05
196 2.1209136706078023e-05
197 2.8782326836227228e-05
198 2.5756840314344487e-05
199 3.937122941420553e-05
200 4.8451152293393615e-05
201 7.420914801220067e-05
202 5.453410870642835e-05
203 5.2988878457367715e-05
204 8.785481741304356e-05
205 9.23812932416991e-05
206 7.267066023016261e-05
207 8.483642978527489e-05
208 0.00010147211014575799
209 9.24111605814436e-05
210 7.419032669500893e-05
211 8.027477366933474e-05
212 8.631953004518905e-05
213 9.693292263681071e-05
214 7.273698331769278e-05
215 7.878845821763596e-05
216 8.030282537604701e-05
217 7.120495796772352e-05
218 8.17891545700993e-05
219 5.149284359460671e-05
220 7.115661234420324e-05
221 4.998700591651251e-05
222 5.299243859048701e-05
223 6.515113071931955e-05
224 4.5430401636848986e-05
225 5.297564791108595e-05
226 5.147749129134618e-05
227 5.3017793677355734e-05
228 6.205672346159402e-05
229 4.996962098113172e-05
230 4.390337589251344e-05
231 5.44994485866795e-05
232 5.599992617608801e-05
233 3.9356851963599706e-05
234 5.6000517230680655e-05
235 5.3002495003753826e-05
236 7.266043078186287e-05
237 6.0539740345392445e-05
238 6.812620055714818e-05
239 9.079786569383707e-05
240 7.416124241539872e-05
241 7.717991657339285e-05
242 0.00010443878460580396
243 8.171473341170853e-05
244 9.836752931248444e-05
245 8.021392496364267e-05
246 0.00011350045084280266
247 0.0001135001178230305
248 0.00014225270593187157
249 0.00014225978791254401
250 0.00018310801829414885
251 0.00016343416371651046
252 0.00019674151718044778
253 0.00022094814028211405
254 0.00018765838444201322
255 0.00021795358168102448
256 0.00021037062051873346
257 0.00023760562784180367
258 0.00029361847728266553
259 0.00031179851334006854
260 0.00039205884847986225
261 0.00041778945395663417
262 0.00047986526648415717
263 0.0005510315398113119
264 0.000660025534574324
265 0.0007266758924905235
266 0.0009612956509581474
267 0.0012685928046566376
268 0.0013625426261108856
269 0.00169714139003889
270 0.0020756392354014525
271 0.0024542246062725656
272 0.0029113246942023036
273 0.0034730029936832253
274 0.003954543033639226
275 0.0045374987373329135
276 0.004981054015782835
277 0.005624447374120464
278 0.006222625714674046
279 0.006490679943187776
280 0.0069465233825100935
281 0.007250801803205302
282 0.007830907256523616
283 0.007853547342608217
284 0.00795668135849524
285 0.007902118972170172
286 0.0076751382904193186
287 0.007414862614129934
288 0.007532756153236463
289 0.0071347280065799995
290 0.007087660663999147
291 0.006884782204376271
292 0.006534947453870548
293 0.006247332773469786
294 0.006018653011763964
295 0.00572948262624072
296 0.0057187519473981905
297 0.005446074798715866
298 0.005362826508617579
299 0.005497533249214801
300 0.005682267115734822
301 0.005650224163925308
302 0.005797029995995801
303 0.006113357036702937
304 0.0063964036155081455
305 0.006742965482592358
306 0.0071804643883350925
307 0.007693614217704867
308 0.008162827897161811
309 0.008787851598451024
310 0.009549521794184154
311 0.009955216757886357
312 0.010586491164130622
313 0.011307362808313758
314 0.011808505442259686
315 0.012556423933600912
316 0.012720528501218764
317 0.013050707509730763
318 0.013278237466771493
319 0.013296888901386795
320 0.013324641082402135
321 0.013340085866130719
322 0.012547137485507238
323 0.012261619503707386
324 0.012010997733978426
325 0.011185756927854213
326 0.010488233804789584
327 0.009711871912295821
328 0.00886705352192405
329 0.008029794907292016
330 0.007324227284942888
331 0.006523287660843235
332 0.005799712500388004
333 0.00502256383540611
334 0.004513794571766099
335 0.004159436805777928
336 0.0035367833800751093
337 0.003084050156077369
338 0.0028433311485387036
339 0.0025615351503703965
340 0.002165871720819941
341 0.0020431875741571625
342 0.0017190758891071402
343 0.0016160089762997855
344 0.0014950929471744692
345 0.0013811906715002745
346 0.001287310941660146
347 0.0011570337401499713
348 0.0011921658732678513
349 0.0010692931057566498
350 0.0010297559632108076
351 0.0009494559942358848
352 0.0009463925429625165
353 0.0009023186404430524
354 0.0009131712055510593
355 0.0008691719564757366
356 0.0008176131488520971
357 0.0009238535674477131
358 0.0009102774733493166
