0 9.403437024525118e-05
1 7.130444597961156e-05
2 7.126911429283748e-05
3 5.7598770463732296e-05
4 5.912874897949416e-05
5 8.188875043560018e-05
6 5.9101662547148054e-05
7 5.7598472545578554e-05
8 4.3950210786226836e-05
9 5.607737390987482e-05
10 7.421743544148221e-05
11 6.515343564914656e-05
12 6.969150019353005e-05
13 8.331000577757795e-05
14 8.629158606977214e-05
15 0.00010905803095855434
16 0.00012114096999782911
17 0.0001408240056721504
18 0.0001271610080093718
19 0.00017710705509143732
20 0.00018620996348801388
21 0.00020284891632913282
22 0.00024217778237190174
23 0.0002800308913435475
24 0.00029666250155042413
25 0.0003148122753824087
26 0.00034206757171993386
27 0.0003829202033009162
28 0.0003920145092454345
29 0.00044649010580515323
30 0.00045557767314201585
31 0.00041923214621066745
32 0.00045554585932062374
33 0.00042528863896595215
34 0.0004086217357642842
35 0.0004146946847774988
36 0.0003662544254223468
37 0.0003828981295449621
38 0.0003193402727109743
39 0.00028302069550756456
40 0.00027241996242878747
41 0.00020582667686157354
42 0.00020734014029444832
43 0.0001558861832165386
44 0.00013621115415810023
45 0.00012410992960834157
46 0.00010291553695457202
47 9.837221404107214e-05
48 7.869952996100844e-05
49 6.810440413537657e-05
50 3.4809080863662586e-05
51 3.329590988557977e-05
52 1.967444278549507e-05
53 3.329678952228742e-05
54 2.42151272431931e-05
55 1.0594246416117783e-05
56 1.5137575361095535e-05
57 6.053855094924448e-06
58 1.2107710189848896e-05
59 3.026634410957531e-06
60 1.513463773731112e-06
61 4.540098184688643e-06
62 4.540391662049737e-06
63 6.053855094924448e-06
64 1.513463773731112e-06
65 6.053855094924448e-06
66 0.0
67 4.540391321193336e-06
68 1.513463773731112e-06
69 3.026927547462224e-06
70 3.0272207975637025e-06
71 6.053855094924448e-06
72 4.540391321193336e-06
73 7.574684372713041e-06
74 4.540391321193336e-06
75 6.0538552085212335e-06
76 7.574977736411305e-06
77 4.547463688746124e-06
78 3.034293051519705e-06
79 1.6647808488134325e-05
80 2.4223959452277205e-05
81 2.4216007788873167e-05
82 2.574185656970928e-05
83 4.5428068847150426e-05
84 4.393405687118451e-05
85 4.088591312997029e-05
86 4.3904888786702816e-05
87 7.421216557732796e-05
88 8.178333208479112e-05
89 6.815684400457046e-05
90 6.661567748802473e-05
91 0.0001211109722198137
92 0.000109037444153934
93 9.996670108602257e-05
94 0.00013783715631071527
95 0.00012264890797593822
96 0.00013478608075013303
97 0.0001226698311467823
98 0.00012725412235588184
99 0.00011970802013549754
100 0.000139357434589254
101 0.0001303223101993485
102 0.00011217104212446996
103 9.698425879037146e-05
104 9.702757217807473e-05
105 0.00010309026460478687
106 0.00011980758781263689
107 0.00010614488931790693
108 0.00010617493715269306
109 0.00012142210951993
110 0.0001290271357728402
111 0.00012590123217107911
112 0.00012300688244702086
113 0.00014726678978281172
114 0.00016561187556331003
115 0.0001533945924867657
116 0.00016855927896770325
117 0.0001336553260744704
118 0.0001548868451893824
119 0.0001504121507593627
120 0.00015191883552923932
121 0.00014430318900606728
122 0.00015649546787051708
123 0.00019132486242127666
124 0.00016245093375220202
125 0.0001291137674436247
126 0.00014579221117565447
127 0.00011995609922756768
128 0.00012295151280326713
129 0.0001396638272077318
130 0.00014270638963319147
131 0.00011837400082528171
132 0.00011978435436906158
133 0.0001425193272663014
134 0.0001425225822596993
135 0.00015916978046897498
136 0.00016062875446285364
137 0.00016508138219090037
138 0.00014989990147853673
139 0.00023017098295914
140 0.00023770089429323623
141 0.0002210253773716659
142 0.0003103469244156834
143 0.0003239024318663393
144 0.00040107615730552954
145 0.0004888806924459132
146 0.000614440869649876
147 0.0006704333967593123
148 0.0008747040712672929
149 0.0010517500440581189
150 0.001218177890413933
151 0.0014497138554288064
152 0.0017266022180224077
153 0.002000475206678364
154 0.0024605060856942866
155 0.0028615427213898653
156 0.003200488485415674
157 0.0037906385339053755
158 0.004147738544814427
159 0.004999711695892552
160 0.005312928330185605
161 0.00607255376429796
162 0.0065068583485915835
163 0.007016795379691477
164 0.007652313275708139
165 0.008032139317164198
166 0.008159267356900458
167 0.008667727879782726
168 0.008760010475744436
169 0.008788737878583634
170 0.00863441120455182
171 0.00863745601615925
172 0.008599618262365074
173 0.008424100719115032
174 0.008534575715672496
175 0.008384812343020619
176 0.008413620135224004
177 0.008469658283182748
178 0.008330503556019875
179 0.008633134410603534
180 0.009181032593897452
181 0.009644189360221173
182 0.010072436036587817
183 0.010180012434405104
184 0.011159176217727553
185 0.011687408180152813
186 0.0119385099016975
187 0.012104955700950049
188 0.012410777435817333
189 0.01241520158304839
190 0.012711813228065194
191 0.012459049688036797
192 0.012303098674310587
193 0.01197015237491208
194 0.011616011071915759
195 0.011404010670906899
196 0.010993955805106126
197 0.010815232246439748
198 0.010225071870355765
199 0.009761979669170738
200 0.00931706404286941
201 0.009009824330359966
202 0.008853924008648258
203 0.008292469872781334
204 0.007650887274352853
205 0.0072286841964873776
206 0.006789836550911936
207 0.0064100186525190474
208 0.005869775975183953
209 0.0053810042529711
210 0.004884666701120584
211 0.004464010260264345
212 0.004134141102945251
213 0.003934368563966621
214 0.0034365128459913374
215 0.0031278286739982973
216 0.0027449833058330844
217 0.0025754944129578595
218 0.0023802997991665812
219 0.0021805527736398047
220 0.00208521188488507
221 0.001827953814607355
222 0.001623693698590437
223 0.0015056522806753253
224 0.0013982253762082936
225 0.0013331458439154254
226 0.001257485551303601
227 0.0010547136504119549
228 0.0011772781262536763
229 0.0010410915957891633
230 0.0009472682741415177
231 0.0010199054490714686
232 0.0009714860405220935
233 0.000880684953624712
234 0.000889768669336362
235 0.0008610143220682311
236 0.0008216715916820611
237 0.0008156156846317357
238 0.0007671892400110043
239 0.0008277260340726301
240 0.0007732483733808923
241 0.0008458814426954953
242 0.0008731199806434701
243 0.0008125911028580238
244 0.0008731223251673257
245 0.0008776539264935122
246 0.0009396983152263753
247 0.0008837107087398188
248 0.0009866071907989504
249 0.000986603379683599
250 0.0009941686467103187
251 0.0010486468939023919
252 0.0011031192771145425
253 0.001213576335902854
254 0.0012983236018427723
255 0.001466286129075174
256 0.0015873742257309531
257 0.001747749097083202
258 0.0019414514272255636
259 0.0021306283925772804
260 0.0025195474340455977
261 0.0028312452010178777
262 0.003297346824140449
263 0.004032823130486989
264 0.0047441081638990995
265 0.005694446162568117
266 0.006880768974719713
267 0.007764657661331418
268 0.008878495811021944
269 0.009967876725655038
270 0.011157175235690214
271 0.0124645890747264
272 0.013504236204713293
273 0.014522612429482749
274 0.01501897560026541
275 0.015126295835900059
276 0.015286761657005864
277 0.01517465012723167
278 0.014909758894873311
279 0.014007913891529175
280 0.013408452430863294
281 0.012088980314254441
282 0.01168043362291231
283 0.010562112502931827
284 0.009757083334278693
285 0.00872055294681996
286 0.007706709528914016
287 0.006998570442524205
288 0.006558212428986153
289 0.005798564308897587
290 0.005209936827105447
291 0.004703021439133044
292 0.004143149219973818
293 0.003864711128693887
294 0.0036241146155322652
295 0.003342664327485727
296 0.0029961441539085474
297 0.003018830824406948
298 0.002776728212293942
299 0.00258002694968806
300 0.0024862071089278865
301 0.0025119321819658987
302 0.0024241800475583936
303 0.002300091554688048
304 0.0022819429241600652
305 0.0022546802385397607
306 0.0023621338959063684
307 0.0024166230258997
308 0.002316736980538251
309 0.0025528045350432195
310 0.0024256826286444644
311 0.002492279762873121
312 0.002537671949943154
313 0.00267991643964085
314 0.0027071523018143227
315 0.002758606596060562
316 0.0027223004979001334
317 0.002690514753785566
318 0.0026799493208791467
319 0.0028206694562660957
320 0.0026935643337399604
321 0.0026436659073217797
322 0.0024484749217612315
323 0.002366792815474297
324 0.0021337569089654534
325 0.0020793122598968036
326 0.0018765618027972001
327 0.0017449910789905064
328 0.0016072333613620137
329 0.0014075133831307387
330 0.0012107635857525453
331 0.0010337249971217944
332 0.0008870985666208637
333 0.0007326806512998555
334 0.0007130650916961022
335 0.0005979713691855244
336 0.0004996845161938211
337 0.0004635038665954982
338 0.00038176977138473876
339 0.0003515012588221391
340 0.0003334784761478409
341 0.0003031926728456629
342 0.00029405000545015516
343 0.0002229604772132142
344 0.0002032674238184595
345 0.0002002599799173046
346 0.00016685095447862078
347 0.0001669363776478482
348 0.00020633825091297155
349 0.00019574071957965958
350 0.00016238412058392038
351 0.0001609086856640597
352 0.00014112635702054344
353 0.0001259325451169914
354 0.00012745073446195578
355 0.00011982386239863809
356 0.00010771474181267316
357 9.103485094060723e-05
358 8.493499564975501e-05
