0 0.0
1 0.0
2 0.0
3 0.0
4 0.0
5 0.0
6 0.0
7 0.0
8 0.0
9 0.0
10 0.0
11 0.0
12 0.0
13 0.0
14 0.0
15 0.0
16 0.0
17 0.0
18 0.0
19 0.0
20 0.0
21 0.0
22 0.0
23 0.0
24 0.0
25 0.0
26 0.0
27 0.0
28 0.0
29 0.0
30 0.0
31 0.0
32 0.0
33 0.0
34 1.5131706372264188e-06
35 4.539511911679256e-06
36 4.539511911679256e-06
37 9.079023823358512e-06
38 1.210536509781135e-05
39 3.0263412744528375e-06
40 1.9671218283943443e-05
41 2.572390083284912e-05
42 1.8158047646717024e-05
43 2.1184388921169862e-05
44 3.480292465620763e-05
45 3.782926593066047e-05
46 7.26321905868681e-05
47 9.381657950803796e-05
48 0.00010138243269417006
49 0.00013769852798760406
50 0.00012861950416424557
51 0.00015283023435986822
52 0.00021638340112337776
53 0.0002421073019562268
54 0.0002905287623474722
55 0.00036164778229711385
56 0.0003798058299438309
57 0.000488754115824133
58 0.0005507941119504161
59 0.0006219131319000578
60 0.0007792828781716053
61 0.0009396789657176059
62 0.0012604711408096066
63 0.0013225111369358903
64 0.001575210633352702
65 0.001906595002905287
66 0.0023454144877009487
67 0.0028250895797017244
68 0.003292659306604688
69 0.004194509006391631
70 0.0048194484795661425
71 0.0057046533023436
72 0.007045322486926206
73 0.008060659984505128
74 0.009587449157466586
75 0.011186870521014915
76 0.01299056992058881
77 0.01470347908192911
78 0.016367966782878163
79 0.01837140470656595
80 0.02025984166182452
81 0.0217941966879721
82 0.023078878558977334
83 0.023685659984505135
84 0.02433481018787527
85 0.024218296048808832
86 0.023435986829362772
87 0.022482689327910126
88 0.020765240654658148
89 0.018618051520433856
90 0.01658283701336432
91 0.014349397152818131
92 0.011955561204725934
93 0.009629817935308925
94 0.007715657079217511
95 0.006229723513461166
96 0.004710500193685839
97 0.003512069049002519
98 0.002646535444509006
99 0.0019625823164826656
100 0.0014465911291884563
101 0.0010107979856672474
102 0.0006945453224869256
103 0.000423687778423397
104 0.000275397055975208
105 0.00021335705984892487
106 0.0001603960875460003
107 0.00012559316288979276
108 6.960584931241526e-05
109 6.960584931241526e-05
110 4.84214603912454e-05
111 2.7237071470075538e-05
112 1.6644877009490605e-05
113 1.210536509781135e-05
114 3.0263412744528375e-06
115 1.0592194460584931e-05
116 9.079023823358512e-06
117 1.5131706372264188e-05
118 4.539511911679256e-06
119 9.079023823358512e-06
120 6.052682548905675e-06
121 4.539511911679256e-06
122 7.565853186132094e-06
123 7.565853186132094e-06
124 6.052682548905675e-06
125 6.052682548905675e-06
126 4.539511911679256e-06
127 0.0
128 6.052682548905675e-06
129 6.052682548905675e-06
130 9.079023823358512e-06
131 4.539511911679256e-06
132 7.565853186132094e-06
133 3.0263412744528375e-06
134 9.079023823358512e-06
135 4.539511911679256e-06
136 3.0263412744528375e-06
137 6.052682548905675e-06
138 1.5131706372264188e-06
139 1.5131706372264188e-06
140 0.0
141 6.052682548905675e-06
142 1.5131706372264188e-06
143 4.539511911679256e-06
144 0.0
145 3.0263412744528375e-06
146 6.052682548905675e-06
147 1.5131706372264188e-06
148 0.0
149 0.0
150 1.5131706372264188e-06
151 0.0
152 0.0
153 1.5131706372264188e-06
154 0.0
155 1.5131706372264188e-06
156 0.0
157 0.0
158 0.0
159 0.0
160 0.0
161 0.0
162 0.0
163 0.0
164 0.0
165 0.0
166 0.0
167 0.0
168 0.0
169 0.0
170 0.0
171 0.0
172 0.0
173 0.0
174 0.0
175 0.0
176 0.0
177 0.0
178 0.0
179 0.0
180 0.0
181 0.0
182 0.0
183 0.0
184 0.0
185 0.0
186 0.0
187 0.0
188 0.0
189 0.0
190 0.0
191 0.0
192 0.0
193 0.0
194 0.0
195 0.0
196 0.0
197 0.0
198 1.5131706372264188e-06
199 0.0
200 0.0
201 1.5131706372264188e-06
202 0.0
203 3.0263412744528375e-06
204 3.0263412744528375e-06
205 1.5131706372264188e-06
206 1.5131706372264188e-06
207 4.539511911679256e-06
208 4.539511911679256e-06
209 1.5131706372264188e-06
210 4.539511911679256e-06
211 1.210536509781135e-05
212 4.539511911679256e-06
213 7.565853186132093e-06
214 7.565853186132094e-06
215 9.079023823358512e-06
216 1.3618535735037769e-05
217 1.5131706372264188e-05
218 2.269755955839628e-05
219 9.079023823358512e-06
220 2.1184388921169862e-05
221 2.42107301956227e-05
222 2.269755955839628e-05
223 2.8750242107301954e-05
224 2.1184388921169862e-05
225 2.7237071470075535e-05
226 3.782926593066047e-05
227 2.572390083284912e-05
228 3.631609529343405e-05
229 3.480292465620763e-05
230 4.539511911679256e-05
231 3.0263412744528373e-05
232 3.631609529343405e-05
233 4.0855607205113305e-05
234 3.0263412744528373e-05
235 3.631609529343405e-05
236 3.480292465620763e-05
237 4.993463102847182e-05
238 4.84214603912454e-05
239 5.9013654851830326e-05
240 4.2368777842339724e-05
241 4.993463102847182e-05
242 6.960584931241526e-05
243 7.414536122409452e-05
244 7.414536122409452e-05
245 7.565853186132094e-05
246 6.809267867518884e-05
247 7.868487313577377e-05
248 7.565853186132094e-05
249 0.00010743511524307573
250 0.00010138243269417006
251 0.0001437512105365097
252 0.00017098828200658522
253 0.00025421266705403817
254 0.0003328975401898118
255 0.00039796387759054785
256 0.0005765180127832654
257 0.000886717993414681
258 0.0011651413906643424
259 0.0015721842920782484
260 0.002221334495448382
261 0.003032393957001742
262 0.004034112918845632
263 0.005418664051907804
264 0.007045322486926206
265 0.009075997482084057
266 0.011462267576990117
267 0.01380011621150494
268 0.016505665310865784
269 0.019485098295564607
270 0.022267819097423976
271 0.025220015010652717
272 0.026973779779198133
273 0.028733597230292462
274 0.02986696203757505
275 0.030240715184969968
276 0.030174135676932008
277 0.02925412792949835
278 0.02792707728065078
279 0.026238378849506094
280 0.023945925334108078
281 0.02188347375556846
282 0.019624309994189418
283 0.01721836868099942
284 0.014882033217121832
285 0.012993596261863253
286 0.011227726128220022
287 0.009519356478791395
288 0.008160529246562078
289 0.007019598586093357
290 0.005996695235328295
291 0.004757408483439859
292 0.0041173373038930865
293 0.00361647782297114
294 0.0029552222545031954
295 0.0025179159403447594
296 0.0020594252372651556
297 0.0017083696494286265
298 0.001484420395119116
299 0.0013043530892891727
300 0.0011015882239008325
301 0.000915468235521983
302 0.0008504018981212467
303 0.0006430975208212274
304 0.0005780311834204916
305 0.0005114516753825293
306 0.000423687778423397
307 0.00034802924656207623
308 0.000267831202789076
309 0.000239080960681774
310 0.0002178965717606041
311 0.00015131706372264182
312 0.00012559316288979276
313 9.381657950803796e-05
314 7.868487313577377e-05
315 7.26321905868681e-05
316 6.203999612628316e-05
317 3.480292465620763e-05
318 3.177658338175479e-05
319 2.269755955839628e-05
320 2.1184388921169862e-05
321 1.3618535735037769e-05
322 1.3618535735037769e-05
323 1.3618535735037769e-05
324 0.0
325 0.0
326 0.0
327 0.0
328 3.0263412744528375e-06
329 0.0
330 0.0
331 0.0
332 0.0
333 0.0
334 0.0
335 1.5131706372264188e-06
336 0.0
337 0.0
338 0.0
339 0.0
340 0.0
341 0.0
342 0.0
343 0.0
344 0.0
345 0.0
346 0.0
347 0.0
348 0.0
349 0.0
350 0.0
351 0.0
352 0.0
353 0.0
354 0.0
355 0.0
356 0.0
357 0.0
358 0.0
