0.5 0.0003979638775905478
1.5 0.000366187294208793
2.5 0.00036618729420879304
3.5 0.00035559509974820807
4.5 0.0003828321712182833
5.5 0.0004494116792562459
6.5 0.0004978331396474914
7.5 0.0005719785008715864
8.5 0.0006370448382723221
9.5 0.0006536897152818126
10.5 0.0007308614177803598
11.5 0.0008670467751307378
12.5 0.0009472448189037377
13.5 0.0010925092000774743
14.5 0.0013346165020337016
15.5 0.001498038930854154
16.5 0.0016569218477629289
17.5 0.002035214507069534
18.5 0.00217593937633159
19.5 0.0025890349602944026
20.5 0.0031337763896959153
21.5 0.003447002711601781
22.5 0.003935756827425914
23.5 0.00450016947511137
24.5 0.0053581372264187525
25.5 0.006031498159984507
26.5 0.006710911776099168
27.5 0.007493220995545225
28.5 0.008426847278713928
29.5 0.009542054038349802
30.5 0.010353113499903158
31.5 0.011383582703854351
32.5 0.012227931919426692
33.5 0.012765107495642074
34.5 0.0134944557427852
35.5 0.013948406933953127
36.5 0.014305515204338568
37.5 0.014226830331202794
38.5 0.013609456711214414
39.5 0.01336734940925819
40.5 0.01269096213441798
41.5 0.011353319291109828
42.5 0.010289560333139654
43.5 0.009088102847181876
44.5 0.008130265833817554
45.5 0.006804728355607207
46.5 0.005582086480728262
47.5 0.0042777333914390875
48.5 0.0034742397830718596
49.5 0.0026767988572535357
50.5 0.002021595971334496
51.5 0.0013467218671315132
52.5 0.000959350184001549
53.5 0.0006370448382723221
54.5 0.00046756972690296326
55.5 0.0002829629091613401
56.5 0.00016796194073213233
57.5 0.00014072486926205687
58.5 6.203999612628316e-05
59.5 7.111901994964168e-05
60.5 2.269755955839628e-05
61.5 1.3618535735037769e-05
62.5 1.3618535735037769e-05
63.5 1.5131706372264188e-06
64.5 3.0263412744528375e-06
65.5 1.5131706372264188e-06
66.5 3.0263412744528375e-06
67.5 0.0
68.5 1.5131706372264188e-06
69.5 1.5131706372264188e-06
70.5 0.0
71.5 0.0
72.5 0.0
73.5 0.0
74.5 0.0
75.5 0.0
76.5 0.0
77.5 0.0
78.5 0.0
79.5 0.0
80.5 0.0
81.5 0.0
82.5 0.0
83.5 0.0
84.5 0.0
85.5 0.0
86.5 0.0
87.5 0.0
88.5 0.0
89.5 0.0
90.5 0.0
91.5 0.0
92.5 0.0
93.5 0.0
94.5 0.0
95.5 0.0
96.5 0.0
97.5 0.0
98.5 0.0
99.5 0.0
100.5 0.0
101.5 0.0
102.5 0.0
103.5 0.0
104.5 0.0
105.5 0.0
106.5 0.0
107.5 0.0
108.5 0.0
109.5 0.0
110.5 0.0
111.5 0.0
112.5 0.0
113.5 0.0
114.5 0.0
115.5 0.0
116.5 0.0
117.5 0.0
118.5 0.0
119.5 0.0
120.5 0.0
121.5 0.0
122.5 0.0
123.5 0.0
124.5 0.0
125.5 0.0
126.5 0.0
127.5 0.0
128.5 0.0
129.5 0.0
130.5 0.0
131.5 0.0
132.5 0.0
133.5 0.0
134.5 0.0
135.5 0.0
136.5 0.0
137.5 0.0
138.5 0.0
139.5 0.0
140.5 0.0
141.5 0.0
142.5 0.0
143.5 0.0
144.5 0.0
145.5 0.0
146.5 0.0
147.5 0.0
148.5 0.0
149.5 0.0
150.5 0.0
151.5 0.0
152.5 0.0
153.5 0.0
154.5 0.0
155.5 0.0
156.5 0.0
157.5 0.0
158.5 0.0
159.5 0.0
160.5 0.0
161.5 0.0
162.5 0.0
163.5 0.0
164.5 0.0
165.5 0.0
166.5 0.0
167.5 0.0
168.5 0.0
169.5 0.0
170.5 0.0
171.5 0.0
172.5 0.0
173.5 0.0
174.5 0.0
175.5 0.0
176.5 0.0
177.5 0.0
178.5 0.0
179.5 0.0
180.5 0.0
181.5 0.0
182.5 0.0
183.5 0.0
184.5 0.0
185.5 0.0
186.5 0.0
187.5 0.0
188.5 0.0
189.5 0.0
190.5 0.0
191.5 0.0
192.5 0.0
193.5 0.0
194.5 0.0
195.5 0.0
196.5 0.0
197.5 0.0
198.5 0.0
199.5 0.0
200.5 0.0
201.5 0.0
202.5 0.0
203.5 0.0
204.5 0.0
205.5 0.0
206.5 0.0
207.5 0.0
208.5 0.0
209.5 0.0
210.5 0.0
211.5 0.0
212.5 0.0
213.5 0.0
214.5 0.0
215.5 0.0
216.5 0.0
217.5 0.0
218.5 0.0
219.5 0.0
220.5 0.0
221.5 0.0
222.5 0.0
223.5 0.0
224.5 0.0
225.5 0.0
226.5 0.0
227.5 0.0
228.5 0.0
229.5 0.0
230.5 0.0
231.5 0.0
232.5 0.0
233.5 0.0
234.5 0.0
235.5 0.0
236.5 0.0
237.5 0.0
238.5 0.0
239.5 0.0
240.5 0.0
241.5 0.0
242.5 0.0
243.5 0.0
244.5 0.0
245.5 0.0
246.5 0.0
247.5 0.0
248.5 0.0
249.5 0.0
250.5 0.0
251.5 0.0
252.5 0.0
253.5 0.0
254.5 0.0
255.5 0.0
256.5 0.0
257.5 0.0
258.5 0.0
259.5 0.0
260.5 0.0
261.5 0.0
262.5 0.0
263.5 0.0
264.5 0.0
265.5 0.0
266.5 0.0
267.5 0.0
268.5 0.0
269.5 0.0
270.5 0.0
271.5 0.0
272.5 0.0
273.5 0.0
274.5 0.0
275.5 0.0
276.5 0.0
277.5 0.0
278.5 0.0
279.5 0.0
280.5 0.0
281.5 0.0
282.5 0.0
283.5 0.0
284.5 0.0
285.5 0.0
286.5 4.539511911679256e-06
287.5 1.5131706372264188e-06
288.5 6.052682548905675e-06
289.5 1.5131706372264188e-06
290.5 7.565853186132094e-06
291.5 2.42107301956227e-05
292.5 1.6644877009490605e-05
293.5 4.2368777842339724e-05
294.5 6.355316676350958e-05
295.5 8.776389695913229e-05
296.5 0.0001392116986248305
297.5 0.00022092291303505676
298.5 0.0003298711989153589
299.5 0.0005356624055781516
300.5 0.0007792828781716057
301.5 0.0011817862676738332
302.5 0.0017219881851636646
303.5 0.002463441797404611
304.5 0.0034016075924849904
305.5 0.004649973368196786
306.5 0.006365908870811546
307.5 0.00849493995738912
308.5 0.011014369068371103
309.5 0.013899985473561883
310.5 0.017136657466589194
311.5 0.020946821131125306
312.5 0.024239480437729992
313.5 0.027807536800309885
314.5 0.03096855026147588
315.5 0.03398429934146813
316.5 0.036134514816966896
317.5 0.03810314981599844
318.5 0.03868118099941895
319.5 0.03849506101104009
320.5 0.03738288059267867
321.5 0.0362964240751501
322.5 0.03385870617857834
323.5 0.031899150203370134
324.5 0.028571687972109256
325.5 0.02597811349990316
326.5 0.022926048324617476
327.5 0.020382408483439855
328.5 0.01761179304667828
329.5 0.015040916134030595
330.5 0.012904319194266907
331.5 0.011138449060623678
332.5 0.00905481309316289
333.5 0.007588550745690487
334.5 0.006429462037575054
335.5 0.005274912841371299
336.5 0.004344312899477048
337.5 0.0035725958744915742
338.5 0.002844760797985668
339.5 0.0024528496029440246
340.5 0.0020004115824133256
341.5 0.0015736974627154744
342.5 0.001373958938601588
343.5 0.0012211287042417204
344.5 0.0009411921363548318
345.5 0.0008625072632190586
346.5 0.000733887759054813
347.5 0.0005916497191555294
348.5 0.0005704653302343595
349.5 0.0004887541158241328
350.5 0.00046151704435405715
351.5 0.0004327668022467552
352.5 0.00040250338950222704
353.5 0.0003813190005810572
354.5 0.00036467412357156655
355.5 0.00032079217509200044
356.5 0.0003344107108270381
357.5 0.00032079217509200055
358.5 0.0003117131512686421
359.5 0.000352568758473755
