0.5 0.0
1.5 0.0
2.5 0.0
3.5 0.0
4.5 0.0
5.5 0.0
6.5 0.0
7.5 1.5131706372264188e-06
8.5 1.5131706372264188e-06
9.5 0.0
10.5 0.0
11.5 1.5131706372264188e-06
12.5 1.5131706372264188e-06
13.5 0.0
14.5 3.0263412744528375e-06
15.5 3.0263412744528375e-06
16.5 9.079023823358512e-06
17.5 4.539511911679256e-06
18.5 1.6644877009490605e-05
19.5 1.9671218283943443e-05
20.5 1.8158047646717024e-05
21.5 2.269755955839628e-05
22.5 3.328975401898121e-05
23.5 4.2368777842339724e-05
24.5 4.84214603912454e-05
25.5 8.171121441022661e-05
26.5 0.00011651413906643425
27.5 0.00017401462328103798
28.5 0.00025421266705403817
29.5 0.0003268448576409062
30.5 0.0004615170443540576
31.5 0.0006188867906256052
32.5 0.0008307306798373035
33.5 0.0009956662792949828
34.5 0.001352774549680418
35.5 0.0016796194073213236
36.5 0.002262190102653496
37.5 0.0029537090838659672
38.5 0.0036573334301762527
39.5 0.004587933372070503
40.5 0.005583599651365483
41.5 0.006874334204919619
42.5 0.008629612144102268
43.5 0.010381863742010455
44.5 0.012243063625798946
45.5 0.014008933759442179
46.5 0.01661915310865775
47.5 0.018848053457292267
48.5 0.021031558686809993
49.5 0.023656909742397834
50.5 0.026174825682742594
51.5 0.028450634321131128
52.5 0.030720390276970762
53.5 0.03195513751694753
54.5 0.033223174510943254
55.5 0.034203709083865975
56.5 0.03449575101685068
57.5 0.03479989831493319
58.5 0.03404785250823167
59.5 0.033218634999031584
60.5 0.03172362240945187
61.5 0.0295885386403254
62.5 0.027480691942668993
63.5 0.025085342823939576
64.5 0.022145252275808637
65.5 0.019904246562076313
66.5 0.01712152576021693
67.5 0.014645978597714498
68.5 0.012401946542707725
69.5 0.010456009103234553
70.5 0.008620533120278905
71.5 0.006933347859771447
72.5 0.005698600619794696
73.5 0.004525893375944221
74.5 0.003518121731551423
75.5 0.0026889042223513463
76.5 0.002044293530892892
77.5 0.0014980389308541539
78.5 0.001128825295370908
79.5 0.0008806653108657759
80.5 0.0006415843501840014
81.5 0.000438819484795661
82.5 0.00031171315126864196
83.5 0.00022546242494673606
84.5 0.00014980389308541536
85.5 0.00011500096842920783
86.5 6.203999612628316e-05
87.5 5.5987313577377495e-05
88.5 4.3881948479566143e-05
89.5 3.177658338175479e-05
90.5 1.3618535735037769e-05
91.5 2.42107301956227e-05
92.5 3.0263412744528375e-06
93.5 7.565853186132094e-06
94.5 1.5131706372264188e-06
95.5 3.0263412744528375e-06
96.5 1.5131706372264188e-06
97.5 0.0
98.5 0.0
99.5 3.0263412744528375e-06
100.5 0.0
101.5 1.5131706372264188e-06
102.5 0.0
103.5 0.0
104.5 0.0
105.5 0.0
106.5 0.0
107.5 0.0
108.5 0.0
109.5 0.0
110.5 0.0
111.5 0.0
112.5 0.0
113.5 0.0
114.5 0.0
115.5 0.0
116.5 0.0
117.5 0.0
118.5 0.0
119.5 0.0
120.5 0.0
121.5 0.0
122.5 0.0
123.5 0.0
124.5 0.0
125.5 0.0
126.5 0.0
127.5 0.0
128.5 0.0
129.5 0.0
130.5 0.0
131.5 0.0
132.5 0.0
133.5 0.0
134.5 0.0
135.5 0.0
136.5 0.0
137.5 0.0
138.5 0.0
139.5 0.0
140.5 0.0
141.5 0.0
142.5 1.5131706372264188e-06
143.5 0.0
144.5 1.5131706372264188e-06
145.5 1.5131706372264188e-06
146.5 0.0
147.5 0.0
148.5 1.5131706372264188e-06
149.5 4.539511911679256e-06
150.5 4.539511911679256e-06
151.5 1.5131706372264188e-06
152.5 7.565853186132094e-06
153.5 6.052682548905675e-06
154.5 1.6644877009490605e-05
155.5 1.8158047646717024e-05
156.5 1.9671218283943443e-05
157.5 1.5131706372264188e-05
158.5 1.9671218283943443e-05
159.5 2.572390083284912e-05
160.5 4.3881948479566143e-05
161.5 7.26321905868681e-05
162.5 6.203999612628316e-05
163.5 0.00010289560333139648
164.5 0.0001044087739686229
165.5 0.00011651413906643425
166.5 0.00016342242882045322
167.5 0.00015585657563432114
168.5 0.00022243608367228355
169.5 0.00024815998450513266
170.5 0.0002663180321518497
171.5 0.00028144973852411396
172.5 0.0003601346116598876
173.5 0.00038585851249273677
174.5 0.00046454338562851056
175.5 0.0005220438698431145
176.5 0.0005780311834204919
177.5 0.0006567160565562656
178.5 0.0008292175092000774
179.5 0.0008927706759635872
180.5 0.0009260604299825682
181.5 0.0010334955452256439
182.5 0.00099717944993221
183.5 0.0011575755374782103
184.5 0.0011469833430176252
185.5 0.0011984311446833237
186.5 0.0012271813867906255
187.5 0.0012453394344373427
188.5 0.0012090233391439085
189.5 0.0012165891923300407
190.5 0.0010864565175285686
191.5 0.0009759950610110401
192.5 0.0010213901801278326
193.5 0.0008534282393957004
194.5 0.0007823092194460585
195.5 0.0007127033701336432
196.5 0.0005977024017044354
197.5 0.0005175043579314353
198.5 0.00044033265543288785
199.5 0.00033441071082703855
200.5 0.00029204193298469877
201.5 0.00022848876622118917
202.5 0.0002118438892116986
203.5 0.00014677755181096263
204.5 0.00010592194460584931
205.5 9.381657950803796e-05
206.5 7.717170249854735e-05
207.5 6.355316676350958e-05
208.5 3.782926593066047e-05
209.5 1.9671218283943443e-05
210.5 1.8158047646717024e-05
211.5 1.210536509781135e-05
212.5 4.539511911679256e-06
213.5 7.565853186132094e-06
214.5 7.565853186132094e-06
215.5 3.0263412744528375e-06
216.5 3.0263412744528375e-06
217.5 3.0263412744528375e-06
218.5 3.0263412744528375e-06
219.5 3.0263412744528375e-06
220.5 1.5131706372264188e-06
221.5 3.0263412744528375e-06
222.5 0.0
223.5 0.0
224.5 0.0
225.5 0.0
226.5 0.0
227.5 0.0
228.5 1.5131706372264188e-06
229.5 0.0
230.5 0.0
231.5 0.0
232.5 0.0
233.5 0.0
234.5 0.0
235.5 0.0
236.5 0.0
237.5 0.0
238.5 0.0
239.5 0.0
240.5 0.0
241.5 0.0
242.5 0.0
243.5 0.0
244.5 0.0
245.5 0.0
246.5 0.0
247.5 0.0
248.5 0.0
249.5 0.0
250.5 0.0
251.5 0.0
252.5 0.0
253.5 0.0
254.5 0.0
255.5 0.0
256.5 6.052682548905675e-06
257.5 1.5131706372264188e-06
258.5 0.0
259.5 4.539511911679256e-06
260.5 3.0263412744528375e-06
261.5 0.0
262.5 4.539511911679256e-06
263.5 9.079023823358512e-06
264.5 1.3618535735037769e-05
265.5 1.6644877009490605e-05
266.5 3.328975401898121e-05
267.5 2.572390083284912e-05
268.5 4.0855607205113305e-05
269.5 4.2368777842339724e-05
270.5 9.532975014526438e-05
271.5 9.986926205694364e-05
272.5 0.00012710633352701917
273.5 0.0001815804764671701
274.5 0.0002481599845051326
275.5 0.00033743705210149136
276.5 0.00047816192136354823
277.5 0.0006067814255277938
278.5 0.0008155989734650396
279.5 0.0009638896959132285
280.5 0.0013104057718380789
281.5 0.0015116574665891924
282.5 0.0020337013364323075
283.5 0.0024422574084834404
284.5 0.002873511040092969
285.5 0.003596806604687197
286.5 0.0043261548518303316
287.5 0.004733197753244238
288.5 0.005586625992639938
289.5 0.006441567402672865
290.5 0.007080125411582414
291.5 0.00801980437730002
292.5 0.009048760410613983
293.5 0.009581396474917682
294.5 0.010322850087158627
295.5 0.010731406159209759
296.5 0.010902394441216344
297.5 0.0114668070889018
298.5 0.011764901704435405
299.5 0.011398714410226612
300.5 0.011265555394150684
301.5 0.010843380786364515
302.5 0.010132190586868099
303.5 0.009664620859965136
304.5 0.008773363354638776
305.5 0.007916908773968622
306.5 0.0072965088127057934
307.5 0.0065126864226225075
308.5 0.005740969397637033
309.5 0.0049420153011814835
310.5 0.004141548034088708
311.5 0.0034515422235134614
312.5 0.002850813480534573
313.5 0.002334822293240364
314.5 0.0018551472012395891
315.5 0.0014556701530118149
316.5 0.001160601878752663
317.5 0.0009608633546387758
318.5 0.0006884926399380204
319.5 0.0005780311834204917
320.5 0.000379805829943831
321.5 0.00031927900445477434
322.5 0.00020881754793724568
323.5 0.0001619092581832268
324.5 9.532975014526438e-05
325.5 7.717170249854735e-05
326.5 6.052682548905675e-05
327.5 2.7237071470075538e-05
328.5 3.0263412744528376e-05
329.5 2.7237071470075538e-05
330.5 1.3618535735037769e-05
331.5 9.079023823358512e-06
332.5 6.052682548905675e-06
333.5 7.565853186132094e-06
334.5 4.539511911679256e-06
335.5 0.0
336.5 0.0
337.5 1.5131706372264188e-06
338.5 0.0
339.5 0.0
340.5 0.0
341.5 0.0
342.5 0.0
343.5 0.0
344.5 0.0
345.5 0.0
346.5 0.0
347.5 0.0
348.5 0.0
349.5 0.0
350.5 0.0
351.5 0.0
352.5 0.0
353.5 0.0
354.5 0.0
355.5 0.0
356.5 0.0
357.5 0.0
358.5 0.0
359.5 0.0
