0.5 0.0
1.5 0.0
2.5 0.0
3.5 0.0
4.5 0.0
5.5 0.0
6.5 0.0
7.5 0.0
8.5 0.0
9.5 0.0
10.5 0.0
11.5 0.0
12.5 0.0
13.5 0.0
14.5 0.0
15.5 0.0
16.5 0.0
17.5 0.0
18.5 0.0
19.5 0.0
20.5 0.0
21.5 0.0
22.5 0.0
23.5 0.0
24.5 0.0
25.5 0.0
26.5 0.0
27.5 0.0
28.5 0.0
29.5 0.0
30.5 0.0
31.5 0.0
32.5 0.0
33.5 0.0
34.5 0.0
35.5 0.0
36.5 0.0
37.5 0.0
38.5 0.0
39.5 0.0
40.5 0.0
41.5 0.0
42.5 0.0
43.5 0.0
44.5 0.0
45.5 0.0
46.5 0.0
47.5 0.0
48.5 0.0
49.5 0.0
50.5 0.0
51.5 0.0
52.5 0.0
53.5 0.0
54.5 0.0
55.5 0.0
56.5 0.0
57.5 0.0
58.5 0.0
59.5 0.0
60.5 0.0
61.5 0.0
62.5 0.0
63.5 0.0
64.5 0.0
65.5 0.0
66.5 0.0
67.5 0.0
68.5 0.0
69.5 0.0
70.5 0.0
71.5 0.0
72.5 0.0
73.5 0.0
74.5 0.0
75.5 0.0
76.5 0.0
77.5 0.0
78.5 0.0
79.5 0.0
80.5 0.0
81.5 0.0
82.5 0.0
83.5 0.0
84.5 0.0
85.5 0.0
86.5 0.0
87.5 0.0
88.5 0.0
89.5 0.0
90.5 0.0
91.5 0.0
92.5 0.0
93.5 0.0
94.5 0.0
95.5 0.0
96.5 0.0
97.5 0.0
98.5 0.0
99.5 0.0
100.5 0.0
101.5 0.0
102.5 0.0
103.5 0.0
104.5 0.0
105.5 0.0
106.5 0.0
107.5 0.0
108.5 0.0
109.5 0.0
110.5 0.0
111.5 0.0
112.5 0.0
113.5 0.0
114.5 0.0
115.5 0.0
116.5 0.0
117.5 0.0
118.5 0.0
119.5 0.0
120.5 0.0
121.5 0.0
122.5 0.0
123.5 0.0
124.5 0.0
125.5 0.0
126.5 0.0
127.5 0.0
128.5 0.0
129.5 0.0
130.5 0.0
131.5 0.0
132.5 0.0
133.5 0.0
134.5 0.0
135.5 0.0
136.5 0.0
137.5 0.0
138.5 0.0
139.5 0.0
140.5 0.0
141.5 0.0
142.5 0.0
143.5 0.0
144.5 0.0
145.5 0.0
146.5 0.0
147.5 0.0
148.5 0.0
149.5 0.0
150.5 0.0
151.5 0.0
152.5 0.0
153.5 0.0
154.5 0.0
155.5 0.0
156.5 0.0
157.5 0.0
158.5 0.0
159.5 0.0
160.5 0.0
161.5 1.5131706372264188e-06
162.5 1.5131706372264188e-06
163.5 1.5131706372264188e-06
164.5 0.0
165.5 1.5131706372264188e-06
166.5 3.0263412744528375e-06
167.5 1.5131706372264188e-06
168.5 3.0263412744528375e-06
169.5 3.0263412744528375e-06
170.5 3.0263412744528375e-06
171.5 6.052682548905675e-06
172.5 4.539511911679256e-06
173.5 6.052682548905675e-06
174.5 7.565853186132094e-06
175.5 4.539511911679256e-06
176.5 1.5131706372264188e-05
177.5 1.0592194460584931e-05
178.5 1.8158047646717024e-05
179.5 1.3618535735037769e-05
180.5 1.3618535735037769e-05
181.5 2.269755955839628e-05
182.5 3.0263412744528376e-05
183.5 3.328975401898121e-05
184.5 1.8158047646717024e-05
185.5 1.210536509781135e-05
186.5 2.7237071470075538e-05
187.5 3.328975401898121e-05
188.5 3.177658338175479e-05
189.5 2.572390083284912e-05
190.5 2.42107301956227e-05
191.5 2.269755955839628e-05
192.5 2.269755955839628e-05
193.5 2.1184388921169862e-05
194.5 2.7237071470075538e-05
195.5 3.0263412744528376e-05
196.5 2.1184388921169862e-05
197.5 2.1184388921169862e-05
198.5 2.8750242107301957e-05
199.5 1.9671218283943443e-05
200.5 2.42107301956227e-05
201.5 1.9671218283943443e-05
202.5 1.9671218283943443e-05
203.5 1.9671218283943443e-05
204.5 2.269755955839628e-05
205.5 2.7237071470075538e-05
206.5 3.177658338175479e-05
207.5 2.42107301956227e-05
208.5 3.782926593066047e-05
209.5 2.7237071470075538e-05
210.5 2.8750242107301957e-05
211.5 4.0855607205113305e-05
212.5 4.0855607205113305e-05
213.5 5.144780166569824e-05
214.5 3.9342436567886886e-05
215.5 4.690828975401898e-05
216.5 7.26321905868681e-05
217.5 6.5066337400736e-05
218.5 8.473755568467945e-05
219.5 0.00010138243269417006
220.5 0.00012407999225256633
221.5 0.00013769852798760403
222.5 0.00016342242882045309
223.5 0.00016493559945767955
224.5 0.0002012516947511135
225.5 0.00022546242494673617
226.5 0.00027842339724966077
227.5 0.0003344107108270385
228.5 0.0004009902188650007
229.5 0.00043881948479566137
230.5 0.0005538204532248691
231.5 0.0006506633740073598
232.5 0.0008095462909161338
233.5 0.0009487579895409651
234.5 0.0009820477435599454
235.5 0.0011484965136548519
236.5 0.0013391560139453806
237.5 0.0016720535541351921
238.5 0.0019050818322680623
239.5 0.0022137686422622513
240.5 0.0029385773774937072
241.5 0.003115618342049197
242.5 0.003897927561495255
243.5 0.004634841661824523
244.5 0.005520046484601977
245.5 0.006415843501840018
246.5 0.007562826844857644
247.5 0.008756718477629296
248.5 0.009868898895990713
249.5 0.011577268545419331
250.5 0.013418797210923879
251.5 0.015042429304667825
252.5 0.016274150203370138
253.5 0.017931072051133066
254.5 0.019926944121634718
255.5 0.02139774598101879
256.5 0.02267486199883789
257.5 0.023599409258183216
258.5 0.02509896135967462
259.5 0.025365279391826437
260.5 0.027040359287236096
261.5 0.027574508522177025
262.5 0.02821155336044935
263.5 0.029054389405384465
264.5 0.029346431338369165
265.5 0.029423603040867708
266.5 0.029426629382142175
267.5 0.02923445671121442
268.5 0.02874418942475304
269.5 0.028659451869068358
270.5 0.02775760216928142
271.5 0.027438323164826636
272.5 0.026323116405190777
273.5 0.02581015155917103
274.5 0.0252245545225644
275.5 0.024710076505907418
276.5 0.022818613209374384
277.5 0.022531110788301376
278.5 0.021072414294015112
279.5 0.020022273871779978
280.5 0.018908580282781327
281.5 0.017614819387952736
282.5 0.016433033120278898
283.5 0.01533144489637807
284.5 0.013676036219252377
285.5 0.012808989444121635
286.5 0.011527333914390866
287.5 0.010272915456130169
288.5 0.009289354541932998
289.5 0.008290661921363553
290.5 0.007373680515204344
291.5 0.006440054232035644
292.5 0.005731890373813685
293.5 0.005188662115049396
294.5 0.004413918748789468
295.5 0.003994770482277749
296.5 0.0033773968622893683
297.5 0.003124697365872556
298.5 0.0025844954483827255
299.5 0.002181992058880497
300.5 0.0018944896378074773
301.5 0.001543434049970948
302.5 0.001345208696494287
303.5 0.0010501404222351348
304.5 0.0009548106720898705
305.5 0.0007611248305248887
306.5 0.0005008594809219446
307.5 0.0004645433856285105
308.5 0.0003389502227387177
309.5 0.00029506827425915147
310.5 0.00022092291303505698
311.5 0.00012407999225256633
312.5 0.00011651413906643425
313.5 8.322438504745303e-05
314.5 4.539511911679256e-05
315.5 4.2368777842339724e-05
316.5 2.7237071470075538e-05
317.5 2.1184388921169862e-05
318.5 2.42107301956227e-05
319.5 9.079023823358512e-06
320.5 1.0592194460584931e-05
321.5 3.0263412744528375e-06
322.5 1.5131706372264188e-06
323.5 0.0
324.5 1.5131706372264188e-06
325.5 0.0
326.5 0.0
327.5 0.0
328.5 0.0
329.5 1.5131706372264188e-06
330.5 0.0
331.5 0.0
332.5 0.0
333.5 0.0
334.5 0.0
335.5 0.0
336.5 0.0
337.5 0.0
338.5 0.0
339.5 0.0
340.5 0.0
341.5 0.0
342.5 0.0
343.5 0.0
344.5 0.0
345.5 0.0
346.5 0.0
347.5 0.0
348.5 0.0
349.5 0.0
350.5 0.0
351.5 0.0
352.5 0.0
353.5 0.0
354.5 0.0
355.5 0.0
356.5 0.0
357.5 0.0
358.5 0.0
359.5 0.0
