0.5 0.03331850426108852
1.5 0.03209132287429789
2.5 0.031097169765640146
3.5 0.02983669862483053
4.5 0.028312935793143524
5.5 0.026724106624055787
6.5 0.024985473561882632
7.5 0.022945719542901418
8.5 0.02092109723029247
9.5 0.01903568661630835
10.5 0.017387843792368768
11.5 0.015245194170056167
12.5 0.013344651849699789
13.5 0.011861744625217904
14.5 0.010159427658338176
15.5 0.008793034572922728
16.5 0.007349469785008715
17.5 0.006343211311253149
18.5 0.005229517722254504
19.5 0.004230825101685068
20.5 0.0035801617276777064
21.5 0.0027963393375944213
22.5 0.002368112047259347
23.5 0.0018596867131512676
24.5 0.0014995521014913805
25.5 0.001159088708115436
26.5 0.0009003365291497189
27.5 0.000770203854348247
28.5 0.0005810575246949447
29.5 0.0004887541158241329
30.5 0.00038434534185550996
31.5 0.0003011209568080571
32.5 0.00021940974239783044
33.5 0.00019065950029052863
34.5 0.00015736974627154744
35.5 0.00012559316288979273
36.5 8.322438504745303e-05
37.5 5.296097230292466e-05
38.5 5.4474142940151076e-05
39.5 3.177658338175479e-05
40.5 4.2368777842339724e-05
41.5 3.328975401898121e-05
42.5 2.7237071470075538e-05
43.5 1.210536509781135e-05
44.5 1.210536509781135e-05
45.5 1.5131706372264188e-05
46.5 7.565853186132094e-06
47.5 6.052682548905675e-06
48.5 6.052682548905675e-06
49.5 9.079023823358512e-06
50.5 3.0263412744528375e-06
51.5 4.539511911679256e-06
52.5 4.539511911679256e-06
53.5 1.5131706372264188e-06
54.5 1.5131706372264188e-06
55.5 1.5131706372264188e-06
56.5 0.0
57.5 3.0263412744528375e-06
58.5 0.0
59.5 0.0
60.5 1.5131706372264188e-06
61.5 0.0
62.5 0.0
63.5 1.5131706372264188e-06
64.5 1.5131706372264188e-06
65.5 0.0
66.5 0.0
67.5 0.0
68.5 0.0
69.5 0.0
70.5 0.0
71.5 0.0
72.5 0.0
73.5 0.0
74.5 0.0
75.5 0.0
76.5 0.0
77.5 0.0
78.5 0.0
79.5 0.0
80.5 0.0
81.5 0.0
82.5 0.0
83.5 0.0
84.5 0.0
85.5 0.0
86.5 0.0
87.5 0.0
88.5 0.0
89.5 0.0
90.5 0.0
91.5 0.0
92.5 0.0
93.5 0.0
94.5 0.0
95.5 0.0
96.5 0.0
97.5 0.0
98.5 0.0
99.5 0.0
100.5 0.0
101.5 0.0
102.5 0.0
103.5 0.0
104.5 0.0
105.5 0.0
106.5 0.0
107.5 0.0
108.5 0.0
109.5 0.0
110.5 0.0
111.5 0.0
112.5 0.0
113.5 0.0
114.5 0.0
115.5 0.0
116.5 0.0
117.5 0.0
118.5 0.0
119.5 0.0
120.5 0.0
121.5 0.0
122.5 0.0
123.5 0.0
124.5 0.0
125.5 0.0
126.5 0.0
127.5 0.0
128.5 0.0
129.5 0.0
130.5 0.0
131.5 0.0
132.5 0.0
133.5 0.0
134.5 0.0
135.5 0.0
136.5 0.0
137.5 0.0
138.5 0.0
139.5 0.0
140.5 0.0
141.5 0.0
142.5 0.0
143.5 0.0
144.5 0.0
145.5 0.0
146.5 0.0
147.5 0.0
148.5 0.0
149.5 0.0
150.5 0.0
151.5 0.0
152.5 0.0
153.5 0.0
154.5 0.0
155.5 0.0
156.5 0.0
157.5 0.0
158.5 0.0
159.5 0.0
160.5 0.0
161.5 0.0
162.5 0.0
163.5 0.0
164.5 0.0
165.5 0.0
166.5 0.0
167.5 0.0
168.5 0.0
169.5 0.0
170.5 0.0
171.5 0.0
172.5 0.0
173.5 0.0
174.5 0.0
175.5 0.0
176.5 0.0
177.5 0.0
178.5 0.0
179.5 0.0
180.5 0.0
181.5 0.0
182.5 0.0
183.5 0.0
184.5 0.0
185.5 0.0
186.5 0.0
187.5 0.0
188.5 0.0
189.5 0.0
190.5 0.0
191.5 0.0
192.5 0.0
193.5 0.0
194.5 0.0
195.5 0.0
196.5 0.0
197.5 0.0
198.5 0.0
199.5 0.0
200.5 0.0
201.5 0.0
202.5 0.0
203.5 0.0
204.5 0.0
205.5 0.0
206.5 0.0
207.5 0.0
208.5 0.0
209.5 0.0
210.5 0.0
211.5 0.0
212.5 0.0
213.5 0.0
214.5 0.0
215.5 0.0
216.5 0.0
217.5 0.0
218.5 0.0
219.5 0.0
220.5 0.0
221.5 0.0
222.5 0.0
223.5 0.0
224.5 0.0
225.5 0.0
226.5 0.0
227.5 0.0
228.5 0.0
229.5 0.0
230.5 0.0
231.5 0.0
232.5 0.0
233.5 0.0
234.5 0.0
235.5 0.0
236.5 0.0
237.5 0.0
238.5 0.0
239.5 0.0
240.5 0.0
241.5 0.0
242.5 0.0
243.5 0.0
244.5 0.0
245.5 0.0
246.5 0.0
247.5 0.0
248.5 0.0
249.5 0.0
250.5 0.0
251.5 0.0
252.5 0.0
253.5 0.0
254.5 0.0
255.5 0.0
256.5 0.0
257.5 0.0
258.5 0.0
259.5 0.0
260.5 0.0
261.5 0.0
262.5 0.0
263.5 0.0
264.5 0.0
265.5 0.0
266.5 0.0
267.5 0.0
268.5 0.0
269.5 0.0
270.5 0.0
271.5 0.0
272.5 0.0
273.5 0.0
274.5 0.0
275.5 0.0
276.5 0.0
277.5 0.0
278.5 0.0
279.5 0.0
280.5 0.0
281.5 0.0
282.5 0.0
283.5 0.0
284.5 0.0
285.5 0.0
286.5 0.0
287.5 1.5131706372264188e-06
288.5 0.0
289.5 0.0
290.5 1.5131706372264188e-06
291.5 1.5131706372264188e-06
292.5 1.5131706372264188e-06
293.5 0.0
294.5 1.5131706372264188e-06
295.5 1.5131706372264188e-06
296.5 3.0263412744528375e-06
297.5 0.0
298.5 0.0
299.5 1.5131706372264188e-06
300.5 6.052682548905675e-06
301.5 1.5131706372264188e-06
302.5 6.052682548905675e-06
303.5 1.0592194460584931e-05
304.5 1.210536509781135e-05
305.5 1.5131706372264188e-05
306.5 7.565853186132094e-06
307.5 9.079023823358512e-06
308.5 1.3618535735037769e-05
309.5 1.5131706372264188e-05
310.5 3.631609529343405e-05
311.5 3.0263412744528376e-05
312.5 4.993463102847182e-05
313.5 4.539511911679256e-05
314.5 6.355316676350958e-05
315.5 6.5066337400736e-05
316.5 6.657950803796242e-05
317.5 0.00010894828588030215
318.5 0.00016190925818322665
319.5 0.00014980389308541538
320.5 0.00023000193685841528
321.5 0.00028296290916134
322.5 0.0003540819291109814
323.5 0.00046000387371683093
324.5 0.0006022419136161143
325.5 0.0006703345922913034
326.5 0.0009260604299825685
327.5 0.0011742204144877012
328.5 0.0015464603912454006
329.5 0.001765870133643231
330.5 0.002189557912066629
331.5 0.002756996901026536
332.5 0.003362265155917105
333.5 0.004091613403060239
334.5 0.004898133352701922
335.5 0.005877154754987414
336.5 0.006996901026534967
337.5 0.00846013703273292
338.5 0.009846201336432311
339.5 0.011059764187487896
340.5 0.01291945090063917
341.5 0.014393279101297703
342.5 0.016567705306992066
343.5 0.018114165698237462
344.5 0.02030069726902962
345.5 0.022186107883013742
346.5 0.023936846310284716
347.5 0.025593768158047644
348.5 0.026972266608560915
349.5 0.02894241477822971
350.5 0.030248281038156105
351.5 0.03130144780166569
352.5 0.032368233100910325
353.5 0.033572716928142544
354.5 0.03434140761185357
355.5 0.034368644683323644
356.5 0.03470305539415069
357.5 0.03482864855704046
358.5 0.03474239783071858
359.5 0.03414620859965137
