0.5 1.5131706372264188e-06
1.5 0.0
2.5 3.0263412744528375e-06
3.5 0.0
4.5 1.5131706372264188e-06
5.5 1.5131706372264188e-06
6.5 3.0263412744528375e-06
7.5 1.5131706372264188e-06
8.5 1.5131706372264188e-06
9.5 0.0
10.5 3.0263412744528375e-06
11.5 1.5131706372264188e-06
12.5 0.0
13.5 0.0
14.5 3.0263412744528375e-06
15.5 4.539511911679256e-06
16.5 9.079023823358512e-06
17.5 3.0263412744528375e-06
18.5 3.0263412744528375e-06
19.5 1.0592194460584931e-05
20.5 7.565853186132094e-06
21.5 1.8158047646717024e-05
22.5 1.3618535735037769e-05
23.5 1.6644877009490605e-05
24.5 1.9671218283943443e-05
25.5 1.8158047646717024e-05
26.5 1.8158047646717024e-05
27.5 2.8750242107301957e-05
28.5 3.328975401898121e-05
29.5 4.539511911679256e-05
30.5 4.993463102847182e-05
31.5 7.26321905868681e-05
32.5 8.322438504745303e-05
33.5 0.00011046145651752857
34.5 0.00011197462715475499
35.5 0.00013013267480147198
36.5 0.00022243608367228328
37.5 0.00022394925430950955
38.5 0.00026783120278907574
39.5 0.00034046339337594374
40.5 0.00039039802440441563
41.5 0.0005038858221963967
42.5 0.0005507941119504157
43.5 0.0006506633740073596
44.5 0.0007747433662599256
45.5 0.0008973101878752654
46.5 0.0010864565175285677
47.5 0.0011999443153205493
48.5 0.0013300769901220212
49.5 0.001606987216734455
50.5 0.0016417901413906635
51.5 0.0020049510943250036
52.5 0.002144162792949836
53.5 0.002381730582994383
54.5 0.0025375871586287044
55.5 0.0027706154367615715
56.5 0.0029310115243075725
57.5 0.0032442378462134414
58.5 0.0034227919814061565
59.5 0.003739044644586477
60.5 0.003837400736006192
61.5 0.004082534379236876
62.5 0.004208127542126668
63.5 0.004171811446833234
64.5 0.004522867034669764
65.5 0.004498656304474143
66.5 0.0044472085028084436
67.5 0.004412405578152236
68.5 0.004522867034669765
69.5 0.004447208502808443
70.5 0.004338260216928142
71.5 0.004306483633546386
72.5 0.004135495351539799
73.5 0.0039009539027697045
74.5 0.003969046581444892
75.5 0.0038419402479178736
76.5 0.003496937342630249
77.5 0.0032548300406740247
78.5 0.0030762759054813087
79.5 0.00288561640519078
80.5 0.0026541012976951384
81.5 0.0025996271547549877
82.5 0.002360546194073212
83.5 0.0021759393763315896
84.5 0.0019323189037381346
85.5 0.001802186228936663
86.5 0.0016765930660468716
87.5 0.001425406740267285
88.5 0.001386064303699399
89.5 0.001230207728065079
90.5 0.0010682984698818505
91.5 0.0009759950610110391
92.5 0.0009124418942475299
93.5 0.0007550721479759823
94.5 0.0006900058105752463
95.5 0.0006536897152818127
96.5 0.000612834108076699
97.5 0.0005507941119504158
98.5 0.0004978331396474912
99.5 0.00045697753244237796
100.5 0.00040552973077667974
101.5 0.00035710827038543434
102.5 0.00031322632190586817
103.5 0.0003041472980825098
104.5 0.00029204193298469844
105.5 0.00027842339724966055
106.5 0.0002345414487700945
107.5 0.0002345414487700946
108.5 0.0002148702304861512
109.5 0.00019217267092775492
110.5 0.00015736974627154744
111.5 0.000174014623281038
112.5 0.0001452643811737361
113.5 0.0001346721867131512
114.5 0.00015283023435986814
115.5 0.00013921169862483044
116.5 0.000155856575634321
117.5 0.0001452643811737361
118.5 0.00011651413906643425
119.5 0.00015585657563432098
120.5 0.0001346721867131512
121.5 0.00013921169862483044
122.5 0.00011954048034088709
123.5 0.0001361853573503776
124.5 0.00012710633352701917
125.5 0.0001467775518109625
126.5 0.00016644877009490592
127.5 0.00018158047646717011
128.5 0.00018763315901607563
129.5 0.00021184388921169833
130.5 0.00023756779004454739
131.5 0.0002375677900445474
132.5 0.00023605461940732098
133.5 0.0002693443734263021
134.5 0.0003359238814642647
135.5 0.00042822729033507607
136.5 0.0003873716831299627
137.5 0.0004630302149912836
138.5 0.0005053989928336232
139.5 0.0005553336238620951
140.5 0.0006037550842533406
141.5 0.0006900058105752463
142.5 0.0008625072632190581
143.5 0.0008579677513073787
144.5 0.0010743511524307567
145.5 0.001231720898702304
146.5 0.0013663930854154553
147.5 0.0015782369746271544
148.5 0.001870278907611852
149.5 0.0020019247530505494
150.5 0.0022077159597133447
151.5 0.0026238378849506114
152.5 0.0029370642068564778
153.5 0.0034000944218477605
154.5 0.003687596842920777
155.5 0.004168785105558782
156.5 0.004739250435793145
157.5 0.00528247869455743
158.5 0.00566682403641294
159.5 0.0064884756924268846
160.5 0.0073176932016269505
161.5 0.008112107786170823
162.5 0.008800600426108848
163.5 0.009454290141390667
164.5 0.01037278471818711
165.5 0.01103404028665506
166.5 0.01222793191942669
167.5 0.012880108464071276
168.5 0.013778931822583745
169.5 0.014730716153399165
170.5 0.015904936567886857
171.5 0.016445138485376688
172.5 0.016643363838853353
173.5 0.017698043773000167
174.5 0.018347193976370305
175.5 0.01871792078249079
176.5 0.01932318903738136
177.5 0.019551677803602556
178.5 0.019884575343792368
179.5 0.019671218283943435
180.5 0.020356684582607008
181.5 0.01984977241913616
182.5 0.020052537284524493
183.5 0.018798118826263786
184.5 0.01905081832268061
185.5 0.018389562754212656
186.5 0.01802186228936663
187.5 0.01721685551036217
188.5 0.016363427270966468
189.5 0.015684013654851798
190.5 0.014762492736780913
191.5 0.014007420588804937
192.5 0.013320441119504145
193.5 0.012358064594228163
194.5 0.011477399283362395
195.5 0.010351600329265938
196.5 0.009567777939182651
197.5 0.008599348731357733
198.5 0.0079850014526438
199.5 0.007270784911872932
200.5 0.006370448382723223
201.5 0.005819654270772814
202.5 0.005391426980437732
203.5 0.004857277745496808
204.5 0.004324641681193103
205.5 0.0038207558589967022
206.5 0.0032533168700367987
207.5 0.002958248595777649
208.5 0.0027751549486732534
209.5 0.002280348150300213
210.5 0.0020004115824133225
211.5 0.0018914632965330224
212.5 0.0014919862483052477
213.5 0.0014133013751694739
214.5 0.001239286751888436
215.5 0.0010561931047840401
216.5 0.0009063892116986241
217.5 0.0008564545806701519
218.5 0.0006854662986635673
219.5 0.0006430975208212274
220.5 0.0005447414294015099
221.5 0.0004932936277358119
222.5 0.0004025033895022268
223.5 0.0003843453418555099
224.5 0.000373753147394925
225.5 0.00031927900445477396
226.5 0.00033441071082703817
227.5 0.00026631803215184936
228.5 0.000207304377300019
229.5 0.0002526994964168116
230.5 0.0001921726709277549
231.5 0.00020276486538833984
232.5 0.00019065950029052844
233.5 0.00018006730582994355
234.5 0.00014829072244818892
235.5 0.00014980389308541533
236.5 0.00011802730970366067
237.5 0.00016190925818322663
238.5 0.00014980389308541536
239.5 0.00013769852798760403
240.5 0.0001210536509781135
241.5 0.0001407248692620569
242.5 0.00012407999225256633
243.5 0.00014223803989928325
244.5 0.0001210536509781135
245.5 0.0001513170637226418
246.5 0.00015131706372264173
247.5 0.0001407248692620569
248.5 0.00016190925818322663
249.5 0.0002133570598489247
250.5 0.00018006730582994365
251.5 0.00023151510749564176
252.5 0.00022092291303505682
253.5 0.00024513364323067947
254.5 0.0002648048615146229
255.5 0.00025269949641681163
256.5 0.00028296290916134
257.5 0.0003101999806314155
258.5 0.00034954241719930217
259.5 0.00042520094906062315
260.5 0.00041158241332558526
261.5 0.00048118826263800056
262.5 0.0005795443540577178
263.5 0.0005553336238620951
264.5 0.0006703345922913031
265.5 0.0007263219058686806
266.5 0.0007686906837110199
267.5 0.0008867179934146804
268.5 0.0009911267673833038
269.5 0.00109856188262638
270.5 0.0012150760216928147
271.5 0.0014057355219833415
272.5 0.0015207364904125512
273.5 0.0017098828200658514
274.5 0.0018506076893279094
275.5 0.001973174510943248
276.5 0.0020730437730001917
277.5 0.002399888630641101
278.5 0.0025678505713732326
279.5 0.0027585100716637605
280.5 0.0029476564013170645
281.5 0.0031443685841564977
282.5 0.003406147104396666
283.5 0.0033955549099360816
284.5 0.0037027285492930427
285.5 0.0037995714700755326
286.5 0.003975099263993799
287.5 0.004137008522177028
288.5 0.004327668022467556
289.5 0.004463853379817937
290.5 0.0045758280069726895
291.5 0.004506222157660273
292.5 0.004459313867906254
293.5 0.004665105074569051
294.5 0.004475958744915748
295.5 0.004418458260701142
296.5 0.004238390954871196
297.5 0.004185429982568272
298.5 0.003984178287817157
299.5 0.0038600982955645916
300.5 0.0036633861127251584
301.5 0.003454568564787911
302.5 0.0033214095487119873
303.5 0.0029416037187681566
304.5 0.0027857471431338367
305.5 0.002540613499903158
306.5 0.002337848634514817
307.5 0.0022016632771644385
308.5 0.0018385023242300975
309.5 0.001734093550261474
310.5 0.001625145264381173
311.5 0.0012922477241913606
312.5 0.0011636282200271162
313.5 0.0010123111563044736
314.5 0.0008836916521402274
315.5 0.0007414536122409446
316.5 0.000655202885919039
317.5 0.0005538204532248688
318.5 0.0004842146039124535
319.5 0.0003782926593066041
320.5 0.0003177658338175475
321.5 0.0002980946155336041
322.5 0.00024059413131900025
323.5 0.00018158047646717006
324.5 0.00013467218671315125
325.5 0.00013315901607592482
326.5 0.00010743511524307573
327.5 7.565853186132094e-05
328.5 7.414536122409452e-05
329.5 4.539511911679256e-05
330.5 5.7500484214603914e-05
331.5 4.539511911679256e-05
332.5 3.480292465620763e-05
333.5 1.9671218283943443e-05
334.5 2.1184388921169862e-05
335.5 2.1184388921169862e-05
336.5 1.5131706372264188e-05
337.5 1.0592194460584931e-05
338.5 1.6644877009490605e-05
339.5 1.210536509781135e-05
340.5 6.052682548905675e-06
341.5 4.539511911679256e-06
342.5 4.539511911679256e-06
343.5 1.5131706372264188e-06
344.5 1.5131706372264188e-06
345.5 3.0263412744528375e-06
346.5 1.5131706372264188e-06
347.5 0.0
348.5 4.539511911679256e-06
349.5 4.539511911679256e-06
350.5 3.0263412744528375e-06
351.5 1.5131706372264188e-06
352.5 1.5131706372264188e-06
353.5 3.0263412744528375e-06
354.5 0.0
355.5 1.5131706372264188e-06
356.5 0.0
357.5 0.0
358.5 0.0
359.5 0.0
