0.5 0.0
1.5 1.5131706372264188e-06
2.5 1.5131706372264188e-06
3.5 0.0
4.5 1.5131706372264188e-06
5.5 0.0
6.5 1.5131706372264188e-06
7.5 3.0263412744528375e-06
8.5 1.5131706372264188e-06
9.5 3.0263412744528375e-06
10.5 1.5131706372264188e-06
11.5 0.0
12.5 1.5131706372264188e-06
13.5 3.0263412744528375e-06
14.5 1.5131706372264188e-06
15.5 3.0263412744528375e-06
16.5 3.0263412744528375e-06
17.5 3.0263412744528375e-06
18.5 6.052682548905675e-06
19.5 4.539511911679256e-06
20.5 6.052682548905675e-06
21.5 1.0592194460584931e-05
22.5 9.079023823358512e-06
23.5 1.210536509781135e-05
24.5 1.8158047646717024e-05
25.5 1.210536509781135e-05
26.5 1.9671218283943443e-05
27.5 3.0263412744528376e-05
28.5 3.480292465620763e-05
29.5 4.539511911679256e-05
30.5 4.539511911679256e-05
31.5 7.565853186132094e-05
32.5 9.079023823358512e-05
33.5 0.00011651413906643425
34.5 0.00011954048034088709
35.5 0.00015434340499709463
36.5 0.00015888291690877382
37.5 0.00022546242494673606
38.5 0.00025269949641681147
39.5 0.00032987119891535877
40.5 0.00037223997675769855
41.5 0.0004524380205306987
42.5 0.0006052682548905673
43.5 0.0006733609335657561
44.5 0.0007823092194460576
45.5 0.0009427053069920581
46.5 0.0010107979856672472
47.5 0.0012059969978694557
48.5 0.0013164584543869848
49.5 0.0015388945380592671
50.5 0.0017219881851636633
51.5 0.0019383715862870408
52.5 0.0021910710827038548
53.5 0.002368112047259345
54.5 0.002566337400736007
55.5 0.002871997869455742
56.5 0.0029900251791594038
57.5 0.003165552973077669
58.5 0.00345154222351346
59.5 0.003518121731551421
60.5 0.003661872942087929
61.5 0.0037753607398799097
62.5 0.004141548034088704
63.5 0.004311023145458066
64.5 0.004274707050164632
65.5 0.004273193879527403
66.5 0.00425806217315514
67.5 0.004382142165407708
68.5 0.004295891439085802
69.5 0.004183916811931046
70.5 0.0043246416811931025
71.5 0.00430043095099748
72.5 0.0038706904900251762
73.5 0.004061349990315705
74.5 0.003673978307185741
75.5 0.0035756222157660236
76.5 0.0033153568661630824
77.5 0.003259369552585704
78.5 0.0030081832268061214
79.5 0.0028841032345535544
80.5 0.0025315344760797995
81.5 0.0022531110788301385
82.5 0.0023075852217702897
83.5 0.00202310914197172
84.5 0.0018838974433468898
85.5 0.0017628437923687757
86.5 0.0015736974627154744
87.5 0.0013724457679643613
88.5 0.0012332340693395308
89.5 0.0011333648072825873
90.5 0.0010229033507650575
91.5 0.000903362870424171
92.5 0.0008277043385628499
93.5 0.0007490194654270764
94.5 0.0007127033701336427
95.5 0.0006325053263606425
96.5 0.0005810575246949443
97.5 0.00045546436180515137
98.5 0.0004600038737168307
99.5 0.00037829265930660423
100.5 0.00042217460778617045
101.5 0.0003344107108270383
102.5 0.0003056604687197362
103.5 0.0003177658338175476
104.5 0.0002466468138679059
105.5 0.00026480486151462304
106.5 0.00023454144877009457
107.5 0.00021033071857447187
108.5 0.00016644877009490587
109.5 0.00019671218283943417
110.5 0.000199738524113887
111.5 0.00016796194073213225
112.5 0.00013921169862483044
113.5 0.00013921169862483046
114.5 0.0001331590160759248
115.5 0.00016493559945767944
116.5 0.00013921169862483044
117.5 0.00012861950416424557
118.5 0.00013164584543869836
119.5 0.00011954048034088709
120.5 0.0001558565756343209
121.5 0.00012407999225256633
122.5 0.00017250145264381165
123.5 0.00012710633352701914
124.5 0.00012559316288979276
125.5 0.000137698527987604
126.5 0.00016039608754600028
127.5 0.0001649355994576794
128.5 0.00019368584156498138
129.5 0.0001740146232810379
130.5 0.00022697559558396247
131.5 0.00023000193685841528
132.5 0.00020579120666279257
133.5 0.0002950682742591513
134.5 0.000290528762347472
135.5 0.00037677948866937747
136.5 0.00036316095293434007
137.5 0.00041763509587449104
138.5 0.0005023726515591706
139.5 0.0005644126476854538
140.5 0.0006400711795467743
141.5 0.0007565853186132088
142.5 0.0008534282393956989
143.5 0.0008791521402285484
144.5 0.0010546799341468128
145.5 0.0012619843114468337
146.5 0.00136487991477823
147.5 0.0015373813674220405
148.5 0.0017522515979081922
149.5 0.002000411582413324
150.5 0.0022500847375556843
151.5 0.002590548130931629
152.5 0.0029279851830331213
153.5 0.0032714749176835168
154.5 0.0037360183033120233
155.5 0.004303457292271932
156.5 0.004790698237458845
157.5 0.005344518690683714
158.5 0.0058574835367034665
159.5 0.00643854106139841
160.5 0.007329798566724761
161.5 0.00817112144102265
162.5 0.008997312608948285
163.5 0.009829556459422824
164.5 0.010440877396862292
165.5 0.01135331929110983
166.5 0.01237470947123766
167.5 0.013111623571566904
168.5 0.01421926447801664
169.5 0.01493650736006195
170.5 0.01582171218283941
171.5 0.016401256536897123
172.5 0.01710790722448187
173.5 0.018276074956420665
174.5 0.018876803699399567
175.5 0.019515361708309115
176.5 0.01965457340693394
177.5 0.02000865533604493
178.5 0.020187209471237647
179.5 0.019890628026341266
180.5 0.020412671896184394
181.5 0.020110037768739097
182.5 0.020002602653496016
183.5 0.019409439763703275
184.5 0.019262662211892302
185.5 0.019047791981406145
186.5 0.018189824230098767
187.5 0.017284948189037357
188.5 0.016874878946349006
189.5 0.016077438020530667
190.5 0.01492137565368969
191.5 0.014232883013751672
192.5 0.01328261185357349
193.5 0.012177997288398218
194.5 0.011146014913809814
195.5 0.010483246174704629
196.5 0.009605607205113309
197.5 0.008909548711989151
198.5 0.008207437536316085
199.5 0.007462957582800686
200.5 0.006757820065853178
201.5 0.00603906401317064
202.5 0.005159911872942093
203.5 0.004701421169862484
204.5 0.00414760071663761
205.5 0.00377990025179159
206.5 0.0033970680805733085
207.5 0.0030777890761185364
208.5 0.0025920613015688572
209.5 0.0023696252178965725
210.5 0.002026135483246174
211.5 0.0017507384272709642
212.5 0.0014617228355607202
213.5 0.0013194847956614375
214.5 0.0011666545613015682
215.5 0.0010561931047840393
216.5 0.0009200077474336611
217.5 0.0008261911679256234
218.5 0.0007671775130737934
219.5 0.0006491502033701334
220.5 0.0005659258183226802
221.5 0.0005205306992058875
222.5 0.00041914826651171747
223.5 0.00040855607205113266
224.5 0.00030717363935696266
225.5 0.00031927900445477385
226.5 0.00030112095680805693
227.5 0.0003056604687197362
228.5 0.00025118632577958525
229.5 0.00022546242494673606
230.5 0.0002088175479372455
231.5 0.0001906595002905286
232.5 0.00017704096455549076
233.5 0.00014829072244818892
234.5 0.00016796194073213236
235.5 0.0001679619407321323
236.5 0.0001513170637226418
237.5 0.00013315901607592476
238.5 0.00012710633352701917
239.5 0.00011651413906643425
240.5 0.00014829072244818892
241.5 0.00011348779779198141
242.5 0.00010743511524307573
243.5 0.00013164584543869838
244.5 0.00013013267480147198
245.5 0.00014072486926205684
246.5 0.00014677755181096257
247.5 0.00017250145264381152
248.5 0.0001951990122022078
249.5 0.00017401462328103792
250.5 0.0001770409645554907
251.5 0.00020730437730001906
252.5 0.0002057912066627926
253.5 0.00024513364323067947
254.5 0.0002526994964168115
255.5 0.0002678312027890757
256.5 0.00027388388533798136
257.5 0.0003450029052876232
258.5 0.0003465160759248496
259.5 0.0003873716831299627
260.5 0.00038283217121828336
261.5 0.00043730631415843445
262.5 0.0005235570404803403
263.5 0.0005538204532248687
264.5 0.0006219131319000577
265.5 0.0007021111756730576
266.5 0.0006990848343986051
267.5 0.0008640204338562845
268.5 0.0009427053069920578
269.5 0.0009896135967460771
270.5 0.0011878389502227391
271.5 0.0012695501646329663
272.5 0.0013633667441410027
273.5 0.0016523823358512483
274.5 0.001685672089870229
275.5 0.0018203442765833808
276.5 0.002073043773000193
277.5 0.0022319266899089667
278.5 0.0023696252178965716
279.5 0.0026571276389695904
280.5 0.0026934437342630265
281.5 0.0029597617664148764
282.5 0.0031186446833236475
283.5 0.003391015398024404
284.5 0.003554437826844856
285.5 0.003624043676157269
286.5 0.003907006585318609
287.5 0.00397055975208212
288.5 0.004061349990315707
289.5 0.004395760701142746
290.5 0.004354905093937633
291.5 0.004360957776486539
292.5 0.004494116792562465
293.5 0.004491090451288011
294.5 0.004530432887855898
295.5 0.004307996804183614
296.5 0.0040174680418361385
297.5 0.004026547065659498
298.5 0.004067402672864612
299.5 0.003795031958163852
300.5 0.003493911001355797
301.5 0.0034954241719930257
302.5 0.0032154876041061388
303.5 0.0029264720123958936
304.5 0.0027766681193104803
305.5 0.0025905481309316312
306.5 0.002277321809025761
307.5 0.002101794015107495
308.5 0.001858173542514041
309.5 0.0017340935502614748
310.5 0.0014783677125702111
311.5 0.0013376428433081544
312.5 0.0011772467557621539
313.5 0.0010864565175285686
314.5 0.0008625072632190575
315.5 0.0007187560526825483
316.5 0.0005961892310672083
317.5 0.0005250702111175669
318.5 0.0004494116792562459
319.5 0.00042368777842339655
320.5 0.000326844857640906
321.5 0.0002844760797985663
322.5 0.00020730437730001898
323.5 0.0001694751113693587
324.5 0.0001422380398992833
325.5 0.00016342242882045306
326.5 0.00010743511524307573
327.5 8.625072632190587e-05
328.5 7.111901994964168e-05
329.5 4.993463102847182e-05
330.5 4.690828975401898e-05
331.5 3.328975401898121e-05
332.5 2.42107301956227e-05
333.5 3.328975401898121e-05
334.5 2.42107301956227e-05
335.5 1.5131706372264188e-05
336.5 4.539511911679256e-06
337.5 9.079023823358512e-06
338.5 3.0263412744528375e-06
339.5 7.565853186132094e-06
340.5 9.079023823358512e-06
341.5 7.565853186132094e-06
342.5 6.052682548905675e-06
343.5 3.0263412744528375e-06
344.5 4.539511911679256e-06
345.5 1.5131706372264188e-06
346.5 3.0263412744528375e-06
347.5 3.0263412744528375e-06
348.5 3.0263412744528375e-06
349.5 3.0263412744528375e-06
350.5 3.0263412744528375e-06
351.5 0.0
352.5 1.5131706372264188e-06
353.5 1.5131706372264188e-06
354.5 0.0
355.5 3.0263412744528375e-06
356.5 0.0
357.5 1.5131706372264188e-06
358.5 1.5131706372264188e-06
359.5 1.5131706372264188e-06
