0.5 0.0
1.5 0.0
2.5 1.5131706372264188e-06
3.5 1.5131706372264188e-06
4.5 0.0
5.5 1.5131706372264188e-06
6.5 0.0
7.5 3.0263412744528375e-06
8.5 1.5131706372264188e-06
9.5 0.0
10.5 0.0
11.5 1.5131706372264188e-06
12.5 1.5131706372264188e-06
13.5 0.0
14.5 3.0263412744528375e-06
15.5 7.565853186132093e-06
16.5 7.565853186132094e-06
17.5 6.052682548905675e-06
18.5 7.565853186132094e-06
19.5 1.5131706372264188e-06
20.5 6.052682548905675e-06
21.5 1.0592194460584931e-05
22.5 1.0592194460584931e-05
23.5 6.052682548905675e-06
24.5 2.572390083284912e-05
25.5 2.1184388921169862e-05
26.5 4.3881948479566143e-05
27.5 4.539511911679256e-05
28.5 3.631609529343405e-05
29.5 6.5066337400736e-05
30.5 5.7500484214603914e-05
31.5 7.565853186132094e-05
32.5 0.00010289560333139648
33.5 0.00012256682161533992
34.5 0.00014677755181096252
35.5 0.0001679619407321323
36.5 0.0002012516947511134
37.5 0.0002315151074956418
38.5 0.0003283580282781323
39.5 0.0003616477822971137
40.5 0.0003903980244044155
41.5 0.0005099385047453026
42.5 0.0007051375169475108
43.5 0.0007308614177803596
44.5 0.0008125726321905861
45.5 0.0009865872554716245
46.5 0.001145470172380398
47.5 0.0012377735812512105
48.5 0.0014314594228161913
49.5 0.0017401462328103792
50.5 0.0018581735425140396
51.5 0.0021290310865775693
52.5 0.00231515107495642
53.5 0.002505810575246952
54.5 0.002781207631222157
55.5 0.002973380302149913
56.5 0.003251803699399572
57.5 0.003605885628510554
58.5 0.003828321712182835
59.5 0.003962993898895987
60.5 0.004105231938795269
61.5 0.004289838756536895
62.5 0.004444182161533991
63.5 0.004548590935502614
64.5 0.004563722641874879
65.5 0.004798264090644974
66.5 0.004972278713926016
67.5 0.004870896281231845
68.5 0.004712013364323069
69.5 0.0045077353282975
70.5 0.004606091419717218
71.5 0.0044275372845245
72.5 0.004277733391439084
73.5 0.0042035880302149905
74.5 0.003985691458454382
75.5 0.0040235207243850424
76.5 0.0035952934340499655
77.5 0.003353186132093743
78.5 0.003127723707147006
79.5 0.0028674583575440636
80.5 0.0029007481115630434
81.5 0.0025875217896571784
82.5 0.0024135071663761373
83.5 0.0021668603525082323
84.5 0.0019852798760410582
85.5 0.0018142915940344733
86.5 0.0017174486732519838
87.5 0.0015509999031570777
88.5 0.0014027091807088906
89.5 0.0012211287042417193
90.5 0.001193891632771644
91.5 0.001038035057137322
92.5 0.0009033628704241709
93.5 0.0008034936083672274
94.5 0.0007580984892504354
95.5 0.00070967702885919
96.5 0.0005901365485183032
97.5 0.0005371755762153783
98.5 0.000493293627735812
99.5 0.0004191482665117175
100.5 0.0004282272903350758
101.5 0.00038131900058105715
102.5 0.0003722399767576985
103.5 0.0002890155917102455
104.5 0.000301120956808057
105.5 0.0002678312027890756
106.5 0.00023908096068177385
107.5 0.00022394925430950968
108.5 0.00022092291303505687
109.5 0.00018914632965330203
110.5 0.00019973852411388703
111.5 0.00020881754793724557
112.5 0.00016796194073213228
113.5 0.00015434340499709455
114.5 0.00013467218671315125
115.5 0.00012710633352701917
116.5 0.00016190925818322665
117.5 0.00014980389308541536
118.5 0.00015131706372264176
119.5 0.00015131706372264173
120.5 0.00015736974627154736
121.5 0.000163422428820453
122.5 0.00014980389308541536
123.5 0.0001679619407321323
124.5 0.00015131706372264176
125.5 0.00014072486926205687
126.5 0.00015131706372264173
127.5 0.0001936858415649813
128.5 0.00019973852411388698
129.5 0.00019973852411388695
130.5 0.0002375677900445474
131.5 0.00023454144877009466
132.5 0.00024967315514235866
133.5 0.0002875024210730192
134.5 0.0003223053457292268
135.5 0.0003586214410226609
136.5 0.00040552973077667974
137.5 0.0004993463102847176
138.5 0.0004494116792562456
139.5 0.0005750048421460387
140.5 0.0007081638582219633
141.5 0.0007051375169475104
142.5 0.0008034936083672276
143.5 0.0009381657950803786
144.5 0.0011500096842920787
145.5 0.0011560623668409832
146.5 0.001380011621150493
147.5 0.0015963950222738705
148.5 0.0017461989153592867
149.5 0.0019731745109432476
150.5 0.002251597908192909
151.5 0.002560284718187102
152.5 0.002931011524307573
153.5 0.0032533168700367996
154.5 0.003725426108851437
155.5 0.004297404609723028
156.5 0.004674184098392408
157.5 0.005217412357156695
158.5 0.005902878655820264
159.5 0.006344724481890367
160.5 0.007124007360061969
161.5 0.007742894150687571
162.5 0.008546387759054808
163.5 0.009298433565756348
164.5 0.010260810091032354
165.5 0.011277660759248506
166.5 0.011819375847375566
167.5 0.012580500677900444
168.5 0.013665444024791779
169.5 0.01441295031958161
170.5 0.015279997094712344
171.5 0.015891318032151817
172.5 0.016703890664342413
173.5 0.017192644780166546
174.5 0.01797949351152429
175.5 0.01834416763509586
176.5 0.01899634417974045
177.5 0.018929764671702497
178.5 0.01933378123184194
179.5 0.01912193734263024
180.5 0.019451808541545604
181.5 0.01948812463683904
182.5 0.019351939279488656
183.5 0.018923711989153588
184.5 0.018342654464458624
185.5 0.017747978404028652
186.5 0.017148762831686985
187.5 0.016781062366840956
188.5 0.015951844857640878
189.5 0.015220983439860511
190.5 0.01440387129575825
191.5 0.013471758183226795
192.5 0.012698527987604097
193.5 0.012070562173155145
194.5 0.010784367131512698
195.5 0.010185151559171034
196.5 0.009242446252178965
197.5 0.008464676544644579
198.5 0.007909342920782478
199.5 0.007071046387759043
200.5 0.006400711795467749
201.5 0.005790904028665504
202.5 0.0051947147975982995
203.5 0.004705960681774164
204.5 0.00417332461747046
205.5 0.003773847569242685
206.5 0.003262395893860156
207.5 0.0029052876234747253
208.5 0.002560284718187103
209.5 0.0023484408289754025
210.5 0.0019701481696687943
211.5 0.0018142915940344752
212.5 0.001575210633352701
213.5 0.001349748208405965
214.5 0.001225668216153399
215.5 0.0011076409064497373
216.5 0.0009366526244431524
217.5 0.0008216516560139446
218.5 0.0007248087352314537
219.5 0.0006733609335657559
220.5 0.0005689521595971332
221.5 0.0005432282587642837
222.5 0.0004872409451869066
223.5 0.0004236877784233968
224.5 0.000355595099748208
225.5 0.0003041472980825099
226.5 0.000287502421073019
227.5 0.00024967315514235866
228.5 0.00024210730195622666
229.5 0.0002360546194073209
230.5 0.00019822535347666065
231.5 0.00016493559945767946
232.5 0.00017552779391826433
233.5 0.0001482907224481889
234.5 0.00015434340499709457
235.5 0.0001528302343598681
236.5 0.0001513170637226418
237.5 0.00016039608754600025
238.5 0.00013769852798760403
239.5 0.00016644877009490587
240.5 0.00013769852798760406
241.5 0.00015736974627154744
242.5 0.0001210536509781135
243.5 0.00016796194073213228
244.5 0.00014526438117373609
245.5 0.00015585657563432095
246.5 0.00018914632965330211
247.5 0.00019822535347666063
248.5 0.00016947511136935868
249.5 0.00015888291690877384
250.5 0.0001740146232810379
251.5 0.0002360546194073209
252.5 0.00024059413131900022
253.5 0.00024210730195622663
254.5 0.0002693443734263022
255.5 0.00033138436955258525
256.5 0.00034348973465039655
257.5 0.00033138436955258525
258.5 0.0003419765640131702
259.5 0.00041612192523726466
260.5 0.00045243802053069855
261.5 0.0005008594809219442
262.5 0.0005840838659693969
263.5 0.0005417150881270573
264.5 0.0006173736199883784
265.5 0.0007671775130737933
266.5 0.0007702038543482466
267.5 0.0009578370133643217
268.5 0.0009427053069920578
269.5 0.0011606018787526636
270.5 0.0011923784621344182
271.5 0.0014193540577183807
272.5 0.0014708018593840783
273.5 0.001625145264381173
274.5 0.0018112652527600204
275.5 0.0019323189037381342
276.5 0.0022909403447607976
277.5 0.0023998886306410994
278.5 0.002563311059461552
279.5 0.00277969446058493
280.5 0.003000617373619991
281.5 0.003369831009103232
282.5 0.0034636475886112702
283.5 0.003617990993608363
284.5 0.003866150978113495
285.5 0.0040840475498741015
286.5 0.004141548034088705
287.5 0.0043261548518303316
288.5 0.004489577280650783
289.5 0.004547077764865389
290.5 0.004577341177609917
291.5 0.0046181967848150296
292.5 0.0046908289754018975
293.5 0.004742276777067596
294.5 0.004725631900058107
295.5 0.004692342146039127
296.5 0.004541025082316483
297.5 0.004466879721092387
298.5 0.004336747046290915
299.5 0.0041884563238427245
300.5 0.0038510192717412296
301.5 0.0036694387952740603
302.5 0.0035544378268448557
303.5 0.0031337763896959127
304.5 0.0030611441991090465
305.5 0.002790286655045515
306.5 0.002572390083284913
307.5 0.0022909403447607985
308.5 0.00213357059848925
309.5 0.0019686349990315683
310.5 0.0016871852605074558
311.5 0.0014874467363935693
312.5 0.001249878946349022
313.5 0.0011454701723803984
314.5 0.000997179449932209
315.5 0.0008337570211117562
316.5 0.0007066506875847368
317.5 0.0006037550842533407
318.5 0.0005129648460197553
319.5 0.0004070429014139062
320.5 0.0003465160759248496
321.5 0.0002996077861708305
322.5 0.0002209229130350568
323.5 0.00020125169475111344
324.5 0.00021033071857447187
325.5 0.00013921169862483038
326.5 0.00011197462715475499
327.5 0.0001210536509781135
328.5 8.171121441022661e-05
329.5 6.355316676350958e-05
330.5 3.480292465620763e-05
331.5 3.782926593066047e-05
332.5 2.42107301956227e-05
333.5 4.2368777842339724e-05
334.5 2.1184388921169862e-05
335.5 1.0592194460584931e-05
336.5 1.5131706372264188e-05
337.5 1.210536509781135e-05
338.5 1.8158047646717024e-05
339.5 1.0592194460584931e-05
340.5 1.210536509781135e-05
341.5 4.539511911679256e-06
342.5 6.052682548905675e-06
343.5 3.0263412744528375e-06
344.5 9.079023823358512e-06
345.5 3.0263412744528375e-06
346.5 3.0263412744528375e-06
347.5 1.5131706372264188e-06
348.5 3.0263412744528375e-06
349.5 1.5131706372264188e-06
350.5 1.5131706372264188e-06
351.5 3.0263412744528375e-06
352.5 1.5131706372264188e-06
353.5 1.5131706372264188e-06
354.5 1.5131706372264188e-06
355.5 0.0
356.5 1.5131706372264188e-06
357.5 0.0
358.5 1.5131706372264188e-06
359.5 0.0
