0.5 0.0
1.5 0.0
2.5 0.0
3.5 0.0
4.5 0.0
5.5 0.0
6.5 0.0
7.5 0.0
8.5 0.0
9.5 0.0
10.5 0.0
11.5 0.0
12.5 0.0
13.5 0.0
14.5 0.0
15.5 0.0
16.5 0.0
17.5 0.0
18.5 0.0
19.5 0.0
20.5 0.0
21.5 0.0
22.5 0.0
23.5 0.0
24.5 0.0
25.5 0.0
26.5 0.0
27.5 0.0
28.5 0.0
29.5 0.0
30.5 0.0
31.5 0.0
32.5 0.0
33.5 0.0
34.5 0.0
35.5 0.0
36.5 0.0
37.5 0.0
38.5 0.0
39.5 0.0
40.5 0.0
41.5 0.0
42.5 0.0
43.5 0.0
44.5 0.0
45.5 0.0
46.5 0.0
47.5 0.0
48.5 0.0
49.5 0.0
50.5 0.0
51.5 0.0
52.5 0.0
53.5 0.0
54.5 0.0
55.5 0.0
56.5 0.0
57.5 0.0
58.5 0.0
59.5 0.0
60.5 0.0
61.5 0.0
62.5 0.0
63.5 0.0
64.5 0.0
65.5 0.0
66.5 0.0
67.5 0.0
68.5 0.0
69.5 0.0
70.5 0.0
71.5 0.0
72.5 0.0
73.5 0.0
74.5 0.0
75.5 0.0
76.5 0.0
77.5 0.0
78.5 0.0
79.5 0.0
80.5 0.0
81.5 0.0
82.5 0.0
83.5 0.0
84.5 0.0
85.5 0.0
86.5 0.0
87.5 0.0
88.5 0.0
89.5 0.0
90.5 0.0
91.5 0.0
92.5 0.0
93.5 0.0
94.5 0.0
95.5 0.0
96.5 0.0
97.5 0.0
98.5 0.0
99.5 0.0
100.5 0.0
101.5 0.0
102.5 0.0
103.5 0.0
104.5 0.0
105.5 0.0
106.5 1.5131706372264188e-06
107.5 0.0
108.5 3.0263412744528375e-06
109.5 0.0
110.5 4.539511911679256e-06
111.5 1.5131706372264188e-06
112.5 9.079023823358512e-06
113.5 1.0592194460584931e-05
114.5 4.539511911679256e-06
115.5 7.565853186132094e-06
116.5 1.8158047646717024e-05
117.5 1.8158047646717024e-05
118.5 2.269755955839628e-05
119.5 1.9671218283943443e-05
120.5 3.631609529343405e-05
121.5 3.177658338175479e-05
122.5 4.3881948479566143e-05
123.5 5.4474142940151076e-05
124.5 4.690828975401898e-05
125.5 5.5987313577377495e-05
126.5 5.5987313577377495e-05
127.5 8.625072632190587e-05
128.5 0.00011197462715475499
129.5 8.625072632190587e-05
130.5 0.00013315901607592484
131.5 0.00015888291690877384
132.5 0.00018309364710439652
133.5 0.0002194097423978305
134.5 0.0002769102266124344
135.5 0.00041006924268835904
136.5 0.00043730631415843445
137.5 0.0006491502033701332
138.5 0.0007565853186132092
139.5 0.0010546799341468137
140.5 0.0013875774743366265
141.5 0.0018778447607979863
142.5 0.002296993027309704
143.5 0.0029991042029827632
144.5 0.0038767431725740837
145.5 0.005020700174317259
146.5 0.006399198624830527
147.5 0.007916908773968626
148.5 0.009835609141971721
149.5 0.011646874394731747
150.5 0.014337291787720316
151.5 0.016992906256052688
152.5 0.019757469010265354
153.5 0.022385846407127635
154.5 0.024649549680418357
155.5 0.027182597327135367
156.5 0.02976860594615533
157.5 0.03186132093743947
158.5 0.03310968671315127
159.5 0.03391318032151851
160.5 0.034090221286073974
161.5 0.03412805055200465
162.5 0.03385114032539221
163.5 0.03255132674801472
164.5 0.030915589289172974
165.5 0.029264720123958952
166.5 0.0276138509587449
167.5 0.025111066724772414
168.5 0.023004733197753258
169.5 0.020786425043579308
170.5 0.018867724675576205
171.5 0.016784088708115426
172.5 0.01506361369358899
173.5 0.013040504551617276
174.5 0.011613584640712769
175.5 0.010498377881076899
176.5 0.009815937923687781
177.5 0.008783955549099363
178.5 0.008033422913035054
179.5 0.007866974142940153
180.5 0.007756512686422623
181.5 0.007773157563432113
182.5 0.007868487313577378
183.5 0.008487374104202989
184.5 0.008998825779585518
185.5 0.009387710633352702
186.5 0.010251731067208992
187.5 0.010575549583575442
188.5 0.011032527116017824
189.5 0.011875363160952938
190.5 0.012397407030796054
191.5 0.012759054813093163
192.5 0.013452086964942864
193.5 0.013306822583769126
194.5 0.01304655723416619
195.5 0.01294366163083479
196.5 0.012383788495061018
197.5 0.011739177803602563
198.5 0.010928118342049205
199.5 0.01008528229711409
200.5 0.009470935018400161
201.5 0.008357241429401514
202.5 0.007456904900251799
203.5 0.00644156740267287
204.5 0.005373268932791016
205.5 0.004587933372070503
206.5 0.0037345051326748034
207.5 0.003050552004648462
208.5 0.002498244722060819
209.5 0.0019187003680030995
210.5 0.0015086311253147398
211.5 0.0011046145651752858
212.5 0.0008957970172380399
213.5 0.0006082945961650202
214.5 0.00044789850861901964
215.5 0.0003223053457292269
216.5 0.0002375677900445474
217.5 0.00018611998837884933
218.5 0.0001422380398992833
219.5 9.230340887081154e-05
220.5 7.565853186132094e-05
221.5 4.3881948479566143e-05
222.5 4.84214603912454e-05
223.5 2.8750242107301957e-05
224.5 3.480292465620763e-05
225.5 2.42107301956227e-05
226.5 3.328975401898121e-05
227.5 1.9671218283943443e-05
228.5 2.269755955839628e-05
229.5 1.9671218283943443e-05
230.5 1.9671218283943443e-05
231.5 1.6644877009490605e-05
232.5 1.9671218283943443e-05
233.5 2.42107301956227e-05
234.5 1.6644877009490605e-05
235.5 1.9671218283943443e-05
236.5 1.5131706372264188e-05
237.5 1.9671218283943443e-05
238.5 1.8158047646717024e-05
239.5 9.079023823358512e-06
240.5 3.0263412744528375e-06
241.5 1.6644877009490605e-05
242.5 7.565853186132093e-06
243.5 9.079023823358512e-06
244.5 7.565853186132094e-06
245.5 4.539511911679256e-06
246.5 4.539511911679256e-06
247.5 1.5131706372264188e-06
248.5 4.539511911679256e-06
249.5 3.0263412744528375e-06
250.5 1.5131706372264188e-06
251.5 3.0263412744528375e-06
252.5 0.0
253.5 0.0
254.5 3.0263412744528375e-06
255.5 0.0
256.5 1.5131706372264188e-06
257.5 0.0
258.5 0.0
259.5 1.5131706372264188e-06
260.5 0.0
261.5 1.5131706372264188e-06
262.5 0.0
263.5 0.0
264.5 0.0
265.5 0.0
266.5 0.0
267.5 0.0
268.5 0.0
269.5 0.0
270.5 0.0
271.5 0.0
272.5 0.0
273.5 0.0
274.5 0.0
275.5 0.0
276.5 0.0
277.5 0.0
278.5 0.0
279.5 0.0
280.5 0.0
281.5 0.0
282.5 0.0
283.5 0.0
284.5 0.0
285.5 0.0
286.5 0.0
287.5 0.0
288.5 0.0
289.5 0.0
290.5 0.0
291.5 0.0
292.5 0.0
293.5 0.0
294.5 0.0
295.5 0.0
296.5 0.0
297.5 0.0
298.5 0.0
299.5 0.0
300.5 0.0
301.5 0.0
302.5 0.0
303.5 0.0
304.5 0.0
305.5 0.0
306.5 0.0
307.5 0.0
308.5 0.0
309.5 0.0
310.5 0.0
311.5 0.0
312.5 0.0
313.5 0.0
314.5 0.0
315.5 0.0
316.5 0.0
317.5 0.0
318.5 0.0
319.5 0.0
320.5 0.0
321.5 0.0
322.5 0.0
323.5 0.0
324.5 0.0
325.5 0.0
326.5 0.0
327.5 0.0
328.5 0.0
329.5 0.0
330.5 0.0
331.5 0.0
332.5 0.0
333.5 0.0
334.5 0.0
335.5 0.0
336.5 0.0
337.5 0.0
338.5 0.0
339.5 0.0
340.5 0.0
341.5 0.0
342.5 0.0
343.5 0.0
344.5 0.0
345.5 0.0
346.5 0.0
347.5 0.0
348.5 0.0
349.5 0.0
350.5 0.0
351.5 0.0
352.5 0.0
353.5 0.0
354.5 0.0
355.5 0.0
356.5 0.0
357.5 0.0
358.5 0.0
359.5 0.0
