0.5 0.0
1.5 0.0
2.5 0.0
3.5 0.0
4.5 1.5131706372264188e-06
5.5 1.5131706372264188e-06
6.5 1.5131706372264188e-06
7.5 1.5131706372264188e-06
8.5 0.0
9.5 0.0
10.5 3.0263412744528375e-06
11.5 0.0
12.5 1.5131706372264188e-06
13.5 0.0
14.5 0.0
15.5 0.0
16.5 0.0
17.5 0.0
18.5 0.0
19.5 0.0
20.5 3.0263412744528375e-06
21.5 1.5131706372264188e-06
22.5 1.5131706372264188e-06
23.5 1.5131706372264188e-06
24.5 1.5131706372264188e-06
25.5 1.5131706372264188e-06
26.5 0.0
27.5 0.0
28.5 0.0
29.5 0.0
30.5 1.5131706372264188e-06
31.5 3.0263412744528375e-06
32.5 1.5131706372264188e-06
33.5 1.5131706372264188e-06
34.5 1.5131706372264188e-06
35.5 4.539511911679256e-06
36.5 1.5131706372264188e-06
37.5 0.0
38.5 3.0263412744528375e-06
39.5 1.5131706372264188e-06
40.5 4.539511911679256e-06
41.5 1.5131706372264188e-06
42.5 1.210536509781135e-05
43.5 7.565853186132094e-06
44.5 1.3618535735037769e-05
45.5 1.0592194460584931e-05
46.5 7.565853186132094e-06
47.5 6.052682548905675e-06
48.5 9.079023823358512e-06
49.5 6.052682548905675e-06
50.5 1.9671218283943443e-05
51.5 1.3618535735037769e-05
52.5 1.6644877009490605e-05
53.5 1.8158047646717024e-05
54.5 3.0263412744528376e-05
55.5 3.480292465620763e-05
56.5 3.480292465620763e-05
57.5 4.2368777842339724e-05
58.5 4.993463102847182e-05
59.5 5.144780166569824e-05
60.5 6.809267867518884e-05
61.5 9.986926205694364e-05
62.5 0.00012256682161533992
63.5 0.00015283023435986817
64.5 0.00013769852798760406
65.5 0.0001891463296533021
66.5 0.00020276486538833982
67.5 0.00027237071470075504
68.5 0.0002799365678868872
69.5 0.0003540819291109818
70.5 0.0004327668022467555
71.5 0.0004948067983730386
72.5 0.000576518012783265
73.5 0.0006733609335657553
74.5 0.0007747433662599259
75.5 0.0009124418942475297
76.5 0.0010350087158628705
77.5 0.001204483827232229
78.5 0.001269550164632965
79.5 0.0014617228355607197
80.5 0.0016054740460972286
81.5 0.001670540383497965
82.5 0.001948963780747624
83.5 0.0021577813286848733
84.5 0.0023045588804958364
85.5 0.0026510749564206872
86.5 0.0027948261669571966
87.5 0.00297035396087546
88.5 0.0032185139453805908
89.5 0.0035226612434630994
90.5 0.0037208865969397607
91.5 0.004059836819678477
92.5 0.004311023145458064
93.5 0.004557669959325974
94.5 0.004820961650203371
95.5 0.005238596746077869
96.5 0.005403532345535546
97.5 0.005601757699012207
98.5 0.005946760604299825
99.5 0.0061964337594421865
100.5 0.006532357640906448
101.5 0.00685163664536122
102.5 0.007361575150106517
103.5 0.007347956614371481
104.5 0.007629406352895587
105.5 0.00798046194073212
106.5 0.00793204048034087
107.5 0.007986514623281026
108.5 0.00841322874297888
109.5 0.008139344857640896
110.5 0.008470729227193483
111.5 0.008623559461553356
112.5 0.008567572147975978
113.5 0.008569085318613202
114.5 0.008381452159597125
115.5 0.008505532151849694
116.5 0.008564545806701523
117.5 0.008395070695332163
118.5 0.008211977048227764
119.5 0.008579677513073786
120.5 0.008389018012783255
121.5 0.008245266802246748
122.5 0.008054607301956217
123.5 0.008116647298082499
124.5 0.008042501936858404
125.5 0.007924474627154742
126.5 0.007552234650397045
127.5 0.007980461940732122
128.5 0.007820065853186117
129.5 0.00781401317063721
130.5 0.0075613136742204
131.5 0.0076778278132868345
132.5 0.0074463127057911955
133.5 0.0073797331977532325
134.5 0.007213284427658329
135.5 0.007130060042610876
136.5 0.0069197293240364065
137.5 0.006574726418748784
138.5 0.0065263049583575376
139.5 0.00629630302149913
140.5 0.005907418167731942
141.5 0.005680442572147979
142.5 0.005468598682936284
143.5 0.005344518690683714
144.5 0.005019187003680036
145.5 0.004660565562657371
146.5 0.004457800697269029
147.5 0.004233851442959517
148.5 0.003999309994189419
149.5 0.0039191119504164195
150.5 0.003681544160371872
151.5 0.0033985812512105345
152.5 0.0032215402866550454
153.5 0.002853839821809025
154.5 0.002708575440635291
155.5 0.0024921920395119127
156.5 0.002283374491574667
157.5 0.002194097423978306
158.5 0.002106333527019174
159.5 0.0019943588998644177
160.5 0.0018218574472206065
161.5 0.0017068564787913996
162.5 0.0016690272128607377
163.5 0.0015631052682548894
164.5 0.0014813940538446638
165.5 0.001469288688746852
166.5 0.001416327716443928
167.5 0.00127560284718187
168.5 0.0012574447995351542
169.5 0.0010970487119891532
170.5 0.0011046145651752851
171.5 0.0011242857834592292
172.5 0.0010667852992446245
173.5 0.001047114080960681
174.5 0.001059219446058493
175.5 0.0010380350571373225
176.5 0.0010259296920395113
177.5 0.0010410613984117752
178.5 0.0010940223707147005
179.5 0.001060732616695719
180.5 0.0009896135967460771
181.5 0.0010153374975789265
182.5 0.0011182331009103237
183.5 0.0010395482277745492
184.5 0.0009881004261088507
185.5 0.0010804038349796628
186.5 0.001065272128607398
187.5 0.0011575755374782098
188.5 0.0011394174898314933
189.5 0.0011772467557621534
190.5 0.0011273121247336818
191.5 0.001327050648847569
192.5 0.0013346165020337024
193.5 0.001283168700368003
194.5 0.0015040916134030603
195.5 0.0015555394150687572
196.5 0.0015328418555103618
197.5 0.0017008037962424928
198.5 0.001664487700949059
199.5 0.0018778447607979835
200.5 0.0020034379236877763
201.5 0.0021396232810381543
202.5 0.0022183081541739284
203.5 0.002439231067208988
204.5 0.002531534476079798
205.5 0.0026843647104396666
206.5 0.0028750242107301945
207.5 0.003098973465039704
208.5 0.0033637783265543257
209.5 0.0034848319775324403
210.5 0.0038706904900251736
211.5 0.003993257311640514
212.5 0.0044335899670734065
213.5 0.004649973368196785
214.5 0.004790698237458843
215.5 0.005264320646910717
216.5 0.005179583091226033
217.5 0.005562415262444321
218.5 0.005961892310672087
219.5 0.006207025953902769
220.5 0.006154064981599844
221.5 0.006527818128994766
222.5 0.006633740073600615
223.5 0.006859202498547352
224.5 0.0072677585705984826
225.5 0.0072556532055006685
226.5 0.007531050261475873
227.5 0.007528023920201418
228.5 0.007472036606624043
229.5 0.007748946833236477
230.5 0.007751973174510926
231.5 0.00799256730582993
232.5 0.00807427852024016
233.5 0.008044015107495632
234.5 0.008053094131318989
235.5 0.008007699012202196
236.5 0.00817263461165988
237.5 0.00812875266318031
238.5 0.008143884369552573
239.5 0.008372373135773768
240.5 0.008280069726902954
241.5 0.008429873619988372
242.5 0.008516124346310279
243.5 0.00850704532248692
244.5 0.008631125314739488
245.5 0.008454084350183994
246.5 0.008596322390083278
247.5 0.008685599457679638
248.5 0.00868408628704241
249.5 0.008236187778423385
250.5 0.008361780941313183
251.5 0.008334543869843107
252.5 0.008342109723029238
253.5 0.00810605510362192
254.5 0.007832171218283928
255.5 0.007800394634902175
256.5 0.00722992930466782
257.5 0.007130060042610878
258.5 0.006906110788301368
259.5 0.006517225934534183
260.5 0.006170709858609336
261.5 0.005967944993220994
262.5 0.005630507941119509
263.5 0.005349058202595392
264.5 0.005082740170443544
265.5 0.004603065078442769
266.5 0.0044895772806507845
267.5 0.004127929498353667
268.5 0.00411733730389308
269.5 0.0037102944024791744
270.5 0.0036285831880689475
271.5 0.0032563432113112533
272.5 0.0030929207824907986
273.5 0.0028023920201433296
274.5 0.0026283773968622873
275.5 0.0024256125314739497
276.5 0.00213357059848925
277.5 0.001930805733100907
278.5 0.0017658701336432285
279.5 0.001725014526438115
280.5 0.0014011960100716635
281.5 0.0012967872361030407
282.5 0.0011681677319387955
283.5 0.001081917005616889
284.5 0.0008912575053263601
285.5 0.000788361901994963
286.5 0.0006385580089095483
287.5 0.0005992155723416613
288.5 0.00046756972690296293
289.5 0.0004403326554328873
290.5 0.00032987119891535893
291.5 0.0002723707147007551
292.5 0.00024513364323067947
293.5 0.00022243608367228322
294.5 0.0001709882820065851
295.5 0.00015434340499709455
296.5 0.00015888291690877382
297.5 0.00011046145651752857
298.5 8.473755568467945e-05
299.5 8.776389695913229e-05
300.5 5.4474142940151076e-05
301.5 4.84214603912454e-05
302.5 4.993463102847182e-05
303.5 2.8750242107301957e-05
304.5 3.177658338175479e-05
305.5 9.079023823358512e-06
306.5 3.0263412744528376e-05
307.5 1.8158047646717024e-05
308.5 1.9671218283943443e-05
309.5 1.9671218283943443e-05
310.5 7.565853186132094e-06
311.5 1.210536509781135e-05
312.5 1.210536509781135e-05
313.5 6.052682548905675e-06
314.5 6.052682548905675e-06
315.5 6.052682548905675e-06
316.5 9.079023823358512e-06
317.5 3.0263412744528375e-06
318.5 1.5131706372264188e-06
319.5 7.565853186132094e-06
320.5 6.052682548905675e-06
321.5 6.052682548905675e-06
322.5 0.0
323.5 1.5131706372264188e-06
324.5 0.0
325.5 1.5131706372264188e-06
326.5 0.0
327.5 1.5131706372264188e-06
328.5 0.0
329.5 3.0263412744528375e-06
330.5 0.0
331.5 0.0
332.5 1.5131706372264188e-06
333.5 1.5131706372264188e-06
334.5 1.5131706372264188e-06
335.5 1.5131706372264188e-06
336.5 1.5131706372264188e-06
337.5 0.0
338.5 1.5131706372264188e-06
339.5 0.0
340.5 0.0
341.5 3.0263412744528375e-06
342.5 0.0
343.5 0.0
344.5 1.5131706372264188e-06
345.5 0.0
346.5 0.0
347.5 0.0
348.5 0.0
349.5 0.0
350.5 0.0
351.5 0.0
352.5 1.5131706372264188e-06
353.5 0.0
354.5 0.0
355.5 0.0
356.5 0.0
357.5 0.0
358.5 1.5131706372264188e-06
359.5 0.0
