0.5 0.0
1.5 0.0
2.5 1.5131706372264188e-06
3.5 0.0
4.5 0.0
5.5 0.0
6.5 0.0
7.5 0.0
8.5 1.5131706372264188e-06
9.5 1.5131706372264188e-06
10.5 0.0
11.5 3.0263412744528375e-06
12.5 1.0592194460584931e-05
13.5 1.5131706372264188e-06
14.5 4.539511911679256e-06
15.5 1.5131706372264188e-06
16.5 7.565853186132094e-06
17.5 3.0263412744528375e-06
18.5 3.0263412744528375e-06
19.5 1.0592194460584931e-05
20.5 4.539511911679256e-06
21.5 7.565853186132094e-06
22.5 4.539511911679256e-06
23.5 1.8158047646717024e-05
24.5 9.079023823358512e-06
25.5 1.9671218283943443e-05
26.5 2.8750242107301957e-05
27.5 3.480292465620763e-05
28.5 4.690828975401898e-05
29.5 5.7500484214603914e-05
30.5 4.84214603912454e-05
31.5 8.625072632190587e-05
32.5 9.986926205694364e-05
33.5 9.532975014526438e-05
34.5 0.00015283023435986814
35.5 0.00019217267092775492
36.5 0.00020276486538833982
37.5 0.0002330282781328681
38.5 0.00030566046871973595
39.5 0.00033289754018981174
40.5 0.00042822729033507585
41.5 0.00048270143327522715
42.5 0.0005977024017044348
43.5 0.0006930321518496992
44.5 0.0008140858028278128
45.5 0.0009669160371876807
46.5 0.001075864323067983
47.5 0.0012952740654658143
48.5 0.0014571833236490409
49.5 0.0017068564787914007
50.5 0.001791594034476077
51.5 0.0021592944993220984
52.5 0.002156268158047646
53.5 0.002425612531473951
54.5 0.0027297598295564596
55.5 0.002902261282200271
56.5 0.0032139744334689123
57.5 0.0034258183226806085
58.5 0.003555950997482081
59.5 0.004014441700561685
60.5 0.0039372699980631375
61.5 0.00433069436374201
62.5 0.004353391923300404
63.5 0.004554643618051522
64.5 0.004581880689521595
65.5 0.004724118729420882
66.5 0.004643920685647879
67.5 0.004774053360449354
68.5 0.004746816288979276
69.5 0.004802803602556655
70.5 0.004637868003098977
71.5 0.0045425382529537105
72.5 0.004342799728839821
73.5 0.004212667054038347
74.5 0.003996283652914966
75.5 0.00391003292659306
76.5 0.0035029900251791566
77.5 0.003310817354251402
78.5 0.003254830040674027
79.5 0.002986998837884952
80.5 0.0028129842146039125
81.5 0.0025587715475498727
82.5 0.002331795951965911
83.5 0.0021456759635870622
84.5 0.0020594252372651547
85.5 0.0019005423203563808
86.5 0.0016569218477629278
87.5 0.0015570525857059845
88.5 0.0013754721092388137
89.5 0.001225668216153399
90.5 0.0011273121247336825
91.5 0.0010017189618438881
92.5 0.0009684292078249066
93.5 0.0008231648266511709
94.5 0.0007762565368971525
95.5 0.000706650687584737
96.5 0.0006400711795467743
97.5 0.0005538204532248686
98.5 0.0005538204532248684
99.5 0.000391911195041642
100.5 0.000446385337981793
101.5 0.0004297404609723023
102.5 0.00039191119504164185
103.5 0.0003223053457292265
104.5 0.00033743705210149093
105.5 0.00029960778617083055
106.5 0.00028598925043579277
107.5 0.0002481599845051323
108.5 0.00022394925430950966
109.5 0.00020881754793724547
110.5 0.00021940974239783036
111.5 0.00019368584156498138
112.5 0.00014223803989928325
113.5 0.0001694751113693587
114.5 0.0001603960875460002
115.5 0.00014375121053650965
116.5 0.00015434340499709455
117.5 0.00013013267480147198
118.5 0.00014829072244818895
119.5 0.00015283023435986817
120.5 0.00014829072244818895
121.5 0.00014980389308541536
122.5 0.00018309364710439647
123.5 0.00016190925818322663
124.5 0.00016493559945767946
125.5 0.00020579120666279257
126.5 0.00016947511136935874
127.5 0.00019368584156498136
128.5 0.00021033071857447193
129.5 0.00021184388921169828
130.5 0.0002375677900445474
131.5 0.0002814497385241137
132.5 0.0002738838853379814
133.5 0.00026177852024017
134.5 0.0003661872942087929
135.5 0.00034954241719930234
136.5 0.00042066143714894385
137.5 0.00040704290141390607
138.5 0.00046756972690296277
139.5 0.0005553336238620952
140.5 0.0006385580089095479
141.5 0.0007807960488088312
142.5 0.0008140858028278121
143.5 0.0008821784815030015
144.5 0.001028956033313964
145.5 0.0011590887081154365
146.5 0.001399682839434437
147.5 0.0015222496610497766
148.5 0.0016841589192330018
149.5 0.0019444242688359454
150.5 0.0022394925430950993
151.5 0.002593574472206082
152.5 0.0028266027503389495
153.5 0.003271474917683514
154.5 0.003633122699980625
155.5 0.004047731454580666
156.5 0.00458490703079605
157.5 0.004999515785396091
158.5 0.005790904028665507
159.5 0.0063961722835560696
160.5 0.007128546871973648
161.5 0.007785262928529912
162.5 0.008479808251016843
163.5 0.009266656982374593
164.5 0.01025021789657177
165.5 0.010793446155336062
166.5 0.011633255858996707
167.5 0.012650106527212848
168.5 0.013669983536703446
169.5 0.014673215669184555
170.5 0.01511506149525467
171.5 0.01616671508812703
172.5 0.016880931628897908
173.5 0.017489226225062927
174.5 0.018304825198527972
175.5 0.018689170540383482
176.5 0.018710354929304653
177.5 0.019190030021305433
178.5 0.019427597811349985
179.5 0.01980589047065659
180.5 0.019345886596939758
181.5 0.019291412453999606
182.5 0.01946240073600619
183.5 0.01903114710439667
184.5 0.01842436567886886
185.5 0.01806423106720897
186.5 0.017442317935308906
187.5 0.016947511136935864
188.5 0.016148557040480318
189.5 0.015096903447607949
190.5 0.014434134708502789
191.5 0.013648799147782283
192.5 0.01293004309509974
193.5 0.011913192426883594
194.5 0.011114238330428062
195.5 0.010334955452256451
196.5 0.00940284233972497
197.5 0.008556979953515393
198.5 0.007617300987797782
199.5 0.006881900058105744
200.5 0.006379527406546581
201.5 0.005639586964942869
202.5 0.005162938214216545
203.5 0.004662078733294594
204.5 0.004235364613596744
205.5 0.003581674898314928
206.5 0.0033925285686616288
207.5 0.0028326554328878557
208.5 0.0025587715475498753
209.5 0.00219258425334108
210.5 0.002017056459422815
211.5 0.0017280408677125688
212.5 0.0015343550261475894
213.5 0.001340669184582607
214.5 0.0012075101685066817
215.5 0.0010440877396862285
216.5 0.0009109287236103026
217.5 0.0008504018981212463
218.5 0.0007217823939570016
219.5 0.0006385580089095478
220.5 0.0005250702111175669
221.5 0.00048118826263800034
222.5 0.0004554643618051515
223.5 0.0003964507069533211
224.5 0.00037375314739492477
225.5 0.000334410710827038
226.5 0.00026177852024017
227.5 0.00024210730195622663
228.5 0.00020579120666279268
229.5 0.00024513364323067947
230.5 0.00020427803602556617
231.5 0.0002027648653883398
232.5 0.00020125169475111347
233.5 0.00015434340499709455
234.5 0.00017401462328103795
235.5 0.00016342242882045309
236.5 0.00013769852798760406
237.5 0.00014677755181096257
238.5 0.0001452643811737361
239.5 0.00014677755181096255
240.5 0.00017855413519271717
241.5 0.00012710633352701917
242.5 0.00011500096842920783
243.5 0.00014072486926205684
244.5 0.00013013267480147195
245.5 0.00019822535347666063
246.5 0.00016947511136935874
247.5 0.00016493559945767944
248.5 0.00017250145264381155
249.5 0.00017552779391826436
250.5 0.0002027648653883398
251.5 0.00021335705984892468
252.5 0.00026783120278907585
253.5 0.00027388388533798136
254.5 0.00032533168700367985
255.5 0.00031171315126864196
256.5 0.00032079217509200044
257.5 0.0003374370521014908
258.5 0.00038888485376718904
259.5 0.0004221746077861704
260.5 0.00047059606817741553
261.5 0.0005871102072438502
262.5 0.0006219131319000576
263.5 0.0005916497191555296
264.5 0.0007505326360643035
265.5 0.0006839531280263413
266.5 0.0007868487313577372
267.5 0.0009563238427270959
268.5 0.0010092848150300205
269.5 0.0011227726128220019
270.5 0.0012801423590935509
271.5 0.0014072486926205692
272.5 0.0014450779585512298
273.5 0.0016856720898702296
274.5 0.0018415286655045489
275.5 0.0020927149912841345
276.5 0.0022031764478016654
277.5 0.0022803481503002117
278.5 0.002655614468332366
279.5 0.0027494310478404027
280.5 0.0029189061592097623
281.5 0.0031534476079798546
282.5 0.003410686616308344
283.5 0.003689110013558003
284.5 0.003882795855122984
285.5 0.0040628631609529306
286.5 0.004147600716637608
287.5 0.0041354953515398
288.5 0.00438970801859384
289.5 0.004625762638001161
290.5 0.004663591903931823
291.5 0.0047089870230486155
292.5 0.004781619213635486
293.5 0.004636354832461748
294.5 0.004642407515010655
295.5 0.004627275808638389
296.5 0.004371549970947122
297.5 0.0043821421654077096
298.5 0.004371549970947122
299.5 0.004183916811931045
300.5 0.00390549341468138
301.5 0.003751150009684288
302.5 0.003356212473368195
303.5 0.003333514913809798
304.5 0.0030384466395506475
305.5 0.0027963393375944226
306.5 0.002546666182452063
307.5 0.002301532539221382
308.5 0.002100280844470269
309.5 0.0019156740267286451
310.5 0.0017159355026147576
311.5 0.0015131706372264178
312.5 0.0012816555297307766
313.5 0.0011318516366453605
314.5 0.0010032321324811148
315.5 0.0007868487313577368
316.5 0.0006930321518496988
317.5 0.0005371755762153781
318.5 0.0005175043579314347
319.5 0.00042217460778617045
320.5 0.0003767794886693777
321.5 0.00028296290916133985
322.5 0.0002269755955839625
323.5 0.00022697559558396255
324.5 0.0001770409645554908
325.5 0.00012710633352701914
326.5 0.00010592194460584931
327.5 7.26321905868681e-05
328.5 6.960584931241526e-05
329.5 5.4474142940151076e-05
330.5 4.3881948479566143e-05
331.5 3.782926593066047e-05
332.5 3.177658338175479e-05
333.5 2.1184388921169862e-05
334.5 1.5131706372264188e-05
335.5 1.5131706372264188e-05
336.5 1.5131706372264188e-05
337.5 7.565853186132094e-06
338.5 1.3618535735037769e-05
339.5 1.5131706372264188e-05
340.5 1.5131706372264188e-06
341.5 4.539511911679256e-06
342.5 3.0263412744528375e-06
343.5 4.539511911679256e-06
344.5 6.052682548905675e-06
345.5 0.0
346.5 1.5131706372264188e-06
347.5 1.5131706372264188e-06
348.5 3.0263412744528375e-06
349.5 3.0263412744528375e-06
350.5 0.0
351.5 1.5131706372264188e-06
352.5 1.5131706372264188e-06
353.5 0.0
354.5 1.5131706372264188e-06
355.5 1.5131706372264188e-06
356.5 1.5131706372264188e-06
357.5 0.0
358.5 1.5131706372264188e-06
359.5 0.0
