0.5 9.230340887081154e-05
1.5 7.565853186132094e-05
2.5 6.809267867518884e-05
3.5 5.296097230292466e-05
4.5 6.5066337400736e-05
5.5 7.565853186132094e-05
6.5 6.052682548905675e-05
7.5 5.750048421460391e-05
8.5 5.5987313577377495e-05
9.5 6.052682548905675e-05
10.5 5.296097230292466e-05
11.5 7.565853186132094e-05
12.5 6.809267867518884e-05
13.5 7.565853186132094e-05
14.5 9.079023823358512e-05
15.5 0.00011046145651752857
16.5 0.000130132674801472
17.5 0.0001316458454386984
18.5 0.00013315901607592484
19.5 0.00016493559945767955
20.5 0.0001861199883788494
21.5 0.00021638340112337774
22.5 0.0002557258376912647
23.5 0.0002557258376912647
24.5 0.00030263412744528374
25.5 0.00032230534572922715
26.5 0.0003328975401898121
27.5 0.00035710827038543477
28.5 0.0004252009490606236
29.5 0.00042974046097230277
30.5 0.00044033265543288774
31.5 0.00044638533798179353
32.5 0.00045243802053069915
33.5 0.0004342799728839822
34.5 0.00041309558396281223
35.5 0.0003994770482277746
36.5 0.0003465160759248499
37.5 0.0004100692426883595
38.5 0.00031322632190586866
39.5 0.00027842339724966104
40.5 0.00027388388533798185
41.5 0.00021789657176060422
42.5 0.00020881754793724574
43.5 0.0001422380398992833
44.5 0.00013164584543869838
45.5 0.0001316458454386984
46.5 9.68429207824908e-05
47.5 0.00010743511524307573
48.5 7.868487313577377e-05
49.5 6.203999612628316e-05
50.5 3.0263412744528376e-05
51.5 3.631609529343405e-05
52.5 2.269755955839628e-05
53.5 3.177658338175479e-05
54.5 2.8750242107301957e-05
55.5 1.0592194460584931e-05
56.5 9.079023823358512e-06
57.5 1.210536509781135e-05
58.5 1.0592194460584931e-05
59.5 1.5131706372264188e-06
60.5 1.5131706372264188e-06
61.5 3.0263412744528375e-06
62.5 6.052682548905675e-06
63.5 4.539511911679256e-06
64.5 4.539511911679256e-06
65.5 3.0263412744528375e-06
66.5 1.5131706372264188e-06
67.5 1.5131706372264188e-06
68.5 4.539511911679256e-06
69.5 3.0263412744528375e-06
70.5 3.0263412744528375e-06
71.5 6.052682548905675e-06
72.5 4.539511911679256e-06
73.5 3.0263412744528375e-06
74.5 6.052682548905675e-06
75.5 7.565853186132093e-06
76.5 9.079023823358512e-06
77.5 4.539511911679256e-06
78.5 6.052682548905675e-06
79.5 1.5131706372264188e-05
80.5 1.9671218283943443e-05
81.5 2.8750242107301957e-05
82.5 2.8750242107301957e-05
83.5 4.2368777842339724e-05
84.5 4.84214603912454e-05
85.5 3.177658338175479e-05
86.5 5.5987313577377495e-05
87.5 6.052682548905675e-05
88.5 7.717170249854735e-05
89.5 7.717170249854735e-05
90.5 7.111901994964168e-05
91.5 0.00011046145651752857
92.5 9.986926205694364e-05
93.5 0.0001210536509781135
94.5 0.00012861950416424557
95.5 0.00013467218671315125
96.5 0.00011197462715475499
97.5 0.00014375121053650976
98.5 0.00011651413906643425
99.5 0.00011500096842920783
100.5 0.00014375121053650973
101.5 0.000130132674801472
102.5 0.00011954048034088709
103.5 8.776389695913229e-05
104.5 9.835609141971722e-05
105.5 9.986926205694364e-05
106.5 0.00012407999225256633
107.5 0.0001044087739686229
108.5 0.00011046145651752857
109.5 0.00012256682161533992
110.5 0.00012559316288979273
111.5 0.00012861950416424557
112.5 0.00012256682161533992
113.5 0.00012861950416424557
114.5 0.00016947511136935887
115.5 0.00015736974627154752
116.5 0.0001679619407321324
117.5 0.0001543434049970947
118.5 0.00013467218671315125
119.5 0.00014526438117373614
120.5 0.00016039608754600036
121.5 0.00014223803989928333
122.5 0.00015131706372264184
123.5 0.00018763315901607587
124.5 0.00017401462328103814
125.5 0.00011651413906643425
126.5 0.0001498038930854154
127.5 0.00012559316288979273
128.5 0.00011651413906643425
129.5 0.0001422380398992833
130.5 0.00014980389308541536
131.5 0.00011348779779198141
132.5 0.00012559316288979276
133.5 0.0001331590160759248
134.5 0.00013921169862483046
135.5 0.00016493559945767952
136.5 0.00015888291690877392
137.5 0.00015736974627154746
138.5 0.00016493559945767952
139.5 0.0002163834011233777
140.5 0.0002481599845051324
141.5 0.00020579120666279287
142.5 0.0003147394925430948
143.5 0.00033743705210149125
144.5 0.00038737168312996293
145.5 0.00046756972690296293
146.5 0.0006143472787139258
147.5 0.0007202692233197748
148.5 0.0008171121441022656
149.5 0.0010531667635095875
150.5 0.001245339434437343
151.5 0.001435998934727871
152.5 0.0016962642843308155
153.5 0.002030674995157854
154.5 0.0024876525276002334
155.5 0.0028417344567112147
156.5 0.0031927900445477436
157.5 0.0037345051326748016
158.5 0.004264114855704049
159.5 0.004966226031377106
160.5 0.005273399670734069
161.5 0.006017879624249468
162.5 0.0065384103234553586
163.5 0.007015059074181679
164.5 0.007706578055394152
165.5 0.008015264865388342
166.5 0.008225595583962813
167.5 0.00862507263219059
168.5 0.008783955549099363
169.5 0.008662901898121248
170.5 0.008718889211698626
171.5 0.00864928336238621
172.5 0.008603888243269416
173.5 0.008426847278713926
174.5 0.008513098005035833
175.5 0.008454084350184006
176.5 0.008404149719155532
177.5 0.008287635580089095
178.5 0.008457110691458457
179.5 0.008631125314739493
180.5 0.009083563335270191
181.5 0.009705476467170253
182.5 0.010020215959713346
183.5 0.010319823745884178
184.5 0.01110515930660469
185.5 0.011663519271741238
186.5 0.011996416811931051
187.5 0.012052404125508422
188.5 0.01246701288010846
189.5 0.012389841177609917
190.5 0.0126183299438311
191.5 0.012572934824714306
192.5 0.012305103621925231
193.5 0.011952534863451478
194.5 0.01157878171605655
195.5 0.011444109529343405
196.5 0.011005290044547743
197.5 0.010846407127638968
198.5 0.01018666472980825
199.5 0.009744818903738135
200.5 0.009292380883207437
201.5 0.009100208212279682
202.5 0.008815732132481118
203.5 0.00823164826651172
204.5 0.007686906837110211
205.5 0.007261705888049587
206.5 0.006772951772225453
207.5 0.006411303989928339
208.5 0.005927089386015882
209.5 0.005329386984311446
210.5 0.004861817257408484
211.5 0.00448806411001356
212.5 0.004138521692814256
213.5 0.003767794886693783
214.5 0.0035771353864032544
215.5 0.0030762759054813087
216.5 0.002790286655045516
217.5 0.002582982277745497
218.5 0.0023817305829943827
219.5 0.002177452546968817
220.5 0.0020094906062366837
221.5 0.0018233706178578343
222.5 0.001679619407321325
223.5 0.0015252760023242303
224.5 0.0013996828394344375
225.5 0.0013285638194847956
226.5 0.001227181386790626
227.5 0.0010970487119891532
228.5 0.0011394174898314928
229.5 0.0010410613984117756
230.5 0.0009729687197365871
231.5 0.0009820477435599452
232.5 0.0009926399380205306
233.5 0.0008836916521402287
234.5 0.0008746126283168699
235.5 0.000871586287042417
236.5 0.0008201384853767193
237.5 0.0007868487313577372
238.5 0.0008004672670927754
239.5 0.000817112144102266
240.5 0.0007974409258183226
241.5 0.0008655336044935114
242.5 0.0008322438504745302
243.5 0.0008625072632190584
244.5 0.0008473755568467942
245.5 0.0008942838466008136
246.5 0.0009079023823358515
247.5 0.000900336529149719
248.5 0.0009502711601781911
249.5 0.0010213901801278326
250.5 0.0009775082316482665
251.5 0.001027442862676738
252.5 0.0010667852992446254
253.5 0.0012740896765446456
254.5 0.0012877082122796826
255.5 0.001464749176835174
256.5 0.0015858028278132878
257.5 0.0016992906256052694
258.5 0.0019867930466782886
259.5 0.00213811011040093
260.5 0.002460415456130158
261.5 0.0028311422622506305
262.5 0.003374370521014915
263.5 0.003964507069533218
264.5 0.004810369455742786
265.5 0.005689521595971337
266.5 0.006771438601588226
267.5 0.007857895119116795
268.5 0.008794547743559946
269.5 0.009991465717606044
270.5 0.0112489105171412
271.5 0.012327801181483635
272.5 0.01353531134999032
273.5 0.01454913567693202
274.5 0.015084798082510172
275.5 0.015161969785008722
276.5 0.015240654658144495
277.5 0.01520433856285106
278.5 0.014919862483052498
279.5 0.014002881076893287
280.5 0.013439981599845056
281.5 0.012111417780360258
282.5 0.011596939763703277
283.5 0.010622457873329463
284.5 0.009687318419523534
285.5 0.008734020918070889
286.5 0.007733815126864227
287.5 0.0069651244431532065
288.5 0.006511173251985278
289.5 0.005877154754987409
290.5 0.005264320646910712
291.5 0.004589446542707729
292.5 0.004153653399186518
293.5 0.003916085609141972
294.5 0.0036134514816966888
295.5 0.003322922719349216
296.5 0.002985485667247724
297.5 0.0029930515204338566
298.5 0.0027388388533798186
299.5 0.0026344300794111956
300.5 0.0025406134999031572
301.5 0.0024346915552973074
302.5 0.0024528496029440246
303.5 0.0023166642455936474
304.5 0.0022727822971140817
305.5 0.002286400832849119
306.5 0.002283374491574666
307.5 0.0024513364323067986
308.5 0.0022954798566724778
309.5 0.0025481793530892894
310.5 0.002439231067208987
311.5 0.0024725208212279686
312.5 0.0026026534960294405
313.5 0.0026934437342630256
314.5 0.002691930563625799
315.5 0.002766075924849893
316.5 0.002747917877203177
317.5 0.002632916908773969
318.5 0.0027585100716637613
319.5 0.0027312730001936856
320.5 0.0027070622699980635
321.5 0.0026404827619601013
322.5 0.002467981309316289
323.5 0.0022985061979469306
324.5 0.002212255471625024
325.5 0.002062451578539609
326.5 0.0018188311059461552
327.5 0.0017961335463877591
328.5 0.0016463296533023434
329.5 0.0013815247917877203
330.5 0.0011802730970366065
331.5 0.0010304692039511912
332.5 0.000897310187875266
333.5 0.0007717170249854735
334.5 0.0006567160565562656
335.5 0.0006052682548905674
336.5 0.0004963199690102652
337.5 0.0004539511911679255
338.5 0.0004040165601394537
339.5 0.0003495424171993025
340.5 0.0003389502227387178
341.5 0.00028901559171024585
342.5 0.0002799365678868873
343.5 0.00023302827813286839
344.5 0.00022394925430950993
345.5 0.00018158047646717017
346.5 0.0001603960875460003
347.5 0.00019065950029052874
348.5 0.00019368584156498157
349.5 0.00020730437730001933
350.5 0.00015736974627154752
351.5 0.00014526438117373614
352.5 0.0001346721867131512
353.5 0.00012559316288979273
354.5 0.00012710633352701914
355.5 0.00013164584543869836
356.5 0.0001044087739686229
357.5 8.473755568467945e-05
358.5 8.473755568467945e-05
359.5 8.776389695913229e-05
