0.5 0.0
1.5 1.5131706372264188e-06
2.5 1.5131706372264188e-06
3.5 0.0
4.5 1.5131706372264188e-06
5.5 3.0263412744528375e-06
6.5 1.5131706372264188e-06
7.5 0.0
8.5 6.052682548905675e-06
9.5 0.0
10.5 6.052682548905675e-06
11.5 3.0263412744528375e-06
12.5 0.0
13.5 3.0263412744528375e-06
14.5 4.539511911679256e-06
15.5 1.5131706372264188e-06
16.5 1.5131706372264188e-06
17.5 6.052682548905675e-06
18.5 6.052682548905675e-06
19.5 6.052682548905675e-06
20.5 1.0592194460584931e-05
21.5 1.5131706372264188e-05
22.5 1.6644877009490605e-05
23.5 2.8750242107301957e-05
24.5 2.42107301956227e-05
25.5 3.0263412744528376e-05
26.5 3.631609529343405e-05
27.5 4.2368777842339724e-05
28.5 4.690828975401898e-05
29.5 5.901365485183033e-05
30.5 8.019804377300019e-05
31.5 0.00011197462715475499
32.5 0.00011046145651752857
33.5 0.00013013267480147198
34.5 0.00017098828200658514
35.5 0.00020730437730001914
36.5 0.00028598925043579277
37.5 0.00031322632190586833
38.5 0.00037980582994383055
39.5 0.0004448721673445667
40.5 0.0004811882626380005
41.5 0.0005462546000387368
42.5 0.0007005980050358313
43.5 0.0008337570211117559
44.5 0.0009971794499322088
45.5 0.001148496513654851
46.5 0.001210536509781135
47.5 0.0013981696687972104
48.5 0.0016962642843308144
49.5 0.0018188311059461535
50.5 0.0020382408483439855
51.5 0.0022682427852024015
52.5 0.0024286388727484034
53.5 0.0027085754406352912
54.5 0.0029688407902382346
55.5 0.0031988427270966476
56.5 0.003386475886112724
57.5 0.0036225305055200435
58.5 0.003746610497772609
59.5 0.004015954871198911
60.5 0.004298917780360253
61.5 0.004413918748789461
62.5 0.0047331977532442384
63.5 0.0047089870230486155
64.5 0.004742276777067598
65.5 0.004792211408096071
66.5 0.004737737265155919
67.5 0.005010107979856676
68.5 0.004951094325004842
69.5 0.0049465548130931646
70.5 0.004610630931628899
71.5 0.004724118729420881
72.5 0.004463853379817936
73.5 0.004394247530505515
74.5 0.004211153883401119
75.5 0.004074968526050742
76.5 0.0037662817160565507
77.5 0.0035741090451287976
78.5 0.0035332534379236853
79.5 0.0032850934534185525
80.5 0.0029718671315126866
81.5 0.0026192983730389317
82.5 0.0026631803215184983
83.5 0.002428638872748401
84.5 0.0021698866937826843
85.5 0.0019338320743753606
86.5 0.0018642262250629456
87.5 0.0016009345341855504
88.5 0.001449617470462908
89.5 0.0013225111369358905
90.5 0.0012392867518884372
91.5 0.0010274428626767381
92.5 0.0009971794499322095
93.5 0.0008821784815030015
94.5 0.000783822390083284
95.5 0.0007444799535153974
96.5 0.0006612555684679445
97.5 0.0005523072825876422
98.5 0.0005250702111175669
99.5 0.0004690828975401892
100.5 0.0004600038737168308
101.5 0.0003888848537671895
102.5 0.0003374370521014911
103.5 0.00031019998063141536
104.5 0.00030263412744528325
105.5 0.00026934437342630206
106.5 0.00025572583769126444
107.5 0.00024513364323067936
108.5 0.00020276486538833987
109.5 0.0002224360836722833
110.5 0.00018914632965330206
111.5 0.00018309364710439638
112.5 0.00012861950416424557
113.5 0.00012559316288979276
114.5 0.0001482907224481889
115.5 0.00015888291690877387
116.5 0.00013164584543869838
117.5 0.00014375121053650968
118.5 0.00011046145651752857
119.5 0.00012559316288979276
120.5 0.00011802730970366067
121.5 0.00012861950416424554
122.5 0.00013013267480147198
123.5 0.00010592194460584931
124.5 9.532975014526438e-05
125.5 0.00014072486926205687
126.5 0.00012407999225256633
127.5 0.00014829072244818892
128.5 0.00014223803989928325
129.5 0.00014526438117373606
130.5 0.00016947511136935868
131.5 0.00016039608754600025
132.5 0.00017704096455549076
133.5 0.00022092291303505687
134.5 0.00022092291303505674
135.5 0.00024059413131900006
136.5 0.00029960778617083055
137.5 0.00028750242107301914
138.5 0.0003434897346503969
139.5 0.00041006924268835893
140.5 0.00043427997288398147
141.5 0.0004917804570985854
142.5 0.0005704653302343589
143.5 0.0006325053263606424
144.5 0.0007308614177803599
145.5 0.0008004672670927747
146.5 0.0008776389695913219
147.5 0.0011015882239008323
148.5 0.0012407999225256627
149.5 0.001411788204532249
150.5 0.0017295540383497957
151.5 0.0019262662211892293
152.5 0.0021956105946155323
153.5 0.0025042974046097254
154.5 0.0029930515204338553
155.5 0.0032396983343017612
156.5 0.003838913906643419
157.5 0.004158192911098193
158.5 0.004923857253534771
159.5 0.005365703079604883
160.5 0.006039064013170635
161.5 0.006900058105752465
162.5 0.007724736103040855
163.5 0.008440465814448957
164.5 0.009467908677125707
165.5 0.010265349602944037
166.5 0.011410819775324436
167.5 0.012305103621925237
168.5 0.013489916230873502
169.5 0.014370581541739274
170.5 0.015484275130737905
171.5 0.016522310187875238
172.5 0.01720626331590159
173.5 0.018189824230098763
174.5 0.018960028084447026
175.5 0.019666678772031758
176.5 0.020439908967654467
177.5 0.020520107011427466
178.5 0.020940768448576407
179.5 0.021190441603718774
180.5 0.02102701917489831
181.5 0.020656292368777848
182.5 0.020977084543869852
183.5 0.020465632868487318
184.5 0.019789245593647104
185.5 0.01896608076699592
186.5 0.018286667150881262
187.5 0.017465015494867307
188.5 0.016457243850474503
189.5 0.015597762928529893
190.5 0.014447753244237818
191.5 0.013676036219252355
192.5 0.012645567015301173
193.5 0.0114093066046872
194.5 0.010490812027890768
195.5 0.009339289172961458
196.5 0.008499479469300786
197.5 0.007770131222157647
198.5 0.006913676641487499
199.5 0.006272092291303502
200.5 0.005441361611466205
201.5 0.004637868003098974
202.5 0.004173324617470459
203.5 0.00377536073987991
204.5 0.0032033822390083264
205.5 0.0030066700561688937
206.5 0.0026283773968622916
207.5 0.002141136451675382
208.5 0.0018142915940344742
209.5 0.0015646184388921167
210.5 0.0014450779585512283
211.5 0.001240799922525663
212.5 0.0010289560333139646
213.5 0.0008867179934146806
214.5 0.0007883619019949638
215.5 0.0007066506875847372
216.5 0.0006188867906256045
217.5 0.00047816192136354764
218.5 0.000490267286461359
219.5 0.0004130955839628118
220.5 0.0003586214410226608
221.5 0.00035862144102266093
222.5 0.0002526994964168116
223.5 0.00027085754406352855
224.5 0.00026480486151462276
225.5 0.0002224360836722831
226.5 0.0002133570598489248
227.5 0.0001770409645554908
228.5 0.00017401462328103792
229.5 0.0001316458454386984
230.5 0.0001210536509781135
231.5 0.00012710633352701917
232.5 0.00013467218671315122
233.5 0.00014072486926205682
234.5 0.00010138243269417006
235.5 0.00011802730970366067
236.5 0.00011348779779198141
237.5 0.00012559316288979276
238.5 0.00012256682161533992
239.5 0.00013921169862483046
240.5 9.68429207824908e-05
241.5 0.00014375121053650968
242.5 0.00011954048034088709
243.5 0.00011197462715475499
244.5 0.00014980389308541536
245.5 0.00012710633352701914
246.5 0.00016796194073213233
247.5 0.00013315901607592482
248.5 0.00018006730582994365
249.5 0.00022848876622118893
250.5 0.00017401462328103798
251.5 0.00017401462328103795
252.5 0.0002330282781328681
253.5 0.0002784233972496607
254.5 0.0002617785202401701
255.5 0.0002844760797985662
256.5 0.00037072680612047207
257.5 0.0003571082703854343
258.5 0.000394937536316095
259.5 0.00041914826651171736
260.5 0.0004872409451869064
261.5 0.0005280965523920195
262.5 0.0005825706953321709
263.5 0.0006370448382723216
264.5 0.0007505326360643033
265.5 0.0008504018981212467
266.5 0.0007823092194460575
267.5 0.000935139453805926
268.5 0.0011288252953709076
269.5 0.001271063335270192
270.5 0.0013497482084059652
271.5 0.0014950125895797008
272.5 0.0016160662405578137
273.5 0.0017492252566337389
274.5 0.0019187003680030976
275.5 0.002154754987410419
276.5 0.00232423009877978
277.5 0.0024740339918651946
278.5 0.00280995787332946
279.5 0.0029189061592097623
280.5 0.0031519344373426308
281.5 0.003398581251210535
282.5 0.0036573334301762497
283.5 0.0037405578152237026
284.5 0.003923651462328098
285.5 0.004208127542126667
286.5 0.004453261185357348
287.5 0.0044789850861901995
288.5 0.004639381173736199
289.5 0.00462727580863839
290.5 0.004869383110594617
291.5 0.004942015301181485
292.5 0.004923857253534768
293.5 0.004813395797017239
294.5 0.0047967509200077495
295.5 0.004913265059074185
296.5 0.004662078733294597
297.5 0.004615170443540577
298.5 0.004565235812512105
299.5 0.004338260216928141
300.5 0.004003849506101099
301.5 0.0037935187875266286
302.5 0.0035786485570404765
303.5 0.003384962715475496
304.5 0.003245751016850666
305.5 0.003065683711020725
306.5 0.0026767988572535366
307.5 0.002472520821227969
308.5 0.0023575198527987593
309.5 0.0020473198721673437
310.5 0.0018960028084447007
311.5 0.0016720535541351917
312.5 0.0014193540577183798
313.5 0.0012453394344373425
314.5 0.001121259442184776
315.5 0.0009744818903738131
316.5 0.0008730994576796431
317.5 0.0007596116598876612
318.5 0.000579544354057718
319.5 0.0005023726515591707
320.5 0.00042217460778617034
321.5 0.000378292659306604
322.5 0.00027085754406352866
323.5 0.00020730437730001911
324.5 0.00023454144877009455
325.5 0.00015131706372264176
326.5 0.00015888291690877384
327.5 0.00012256682161533992
328.5 9.532975014526438e-05
329.5 6.203999612628316e-05
330.5 6.5066337400736e-05
331.5 4.993463102847182e-05
332.5 3.0263412744528376e-05
333.5 4.84214603912454e-05
334.5 4.3881948479566143e-05
335.5 2.269755955839628e-05
336.5 2.572390083284912e-05
337.5 9.079023823358512e-06
338.5 3.0263412744528376e-05
339.5 1.6644877009490605e-05
340.5 1.0592194460584931e-05
341.5 9.079023823358512e-06
342.5 6.052682548905675e-06
343.5 1.5131706372264188e-06
344.5 6.052682548905675e-06
345.5 1.5131706372264188e-06
346.5 1.5131706372264188e-06
347.5 3.0263412744528375e-06
348.5 3.0263412744528375e-06
349.5 0.0
350.5 1.5131706372264188e-06
351.5 1.5131706372264188e-06
352.5 1.5131706372264188e-06
353.5 0.0
354.5 0.0
355.5 0.0
356.5 0.0
357.5 1.5131706372264188e-06
358.5 1.5131706372264188e-06
359.5 1.5131706372264188e-06
