0.5 1.5131706372264188e-06
1.5 0.0
2.5 1.5131706372264188e-06
3.5 3.0263412744528375e-06
4.5 1.5131706372264188e-06
5.5 0.0
6.5 0.0
7.5 1.5131706372264188e-06
8.5 1.5131706372264188e-06
9.5 1.5131706372264188e-06
10.5 3.0263412744528375e-06
11.5 1.5131706372264188e-06
12.5 0.0
13.5 7.565853186132094e-06
14.5 3.0263412744528375e-06
15.5 1.5131706372264188e-06
16.5 9.079023823358512e-06
17.5 4.539511911679256e-06
18.5 6.052682548905675e-06
19.5 7.565853186132094e-06
20.5 7.565853186132094e-06
21.5 9.079023823358512e-06
22.5 6.052682548905675e-06
23.5 1.210536509781135e-05
24.5 1.9671218283943443e-05
25.5 2.7237071470075538e-05
26.5 2.42107301956227e-05
27.5 3.631609529343405e-05
28.5 5.901365485183033e-05
29.5 5.4474142940151076e-05
30.5 6.355316676350958e-05
31.5 6.809267867518884e-05
32.5 7.26321905868681e-05
33.5 0.00011500096842920783
34.5 0.00014526438117373609
35.5 0.000163422428820453
36.5 0.0002027648653883399
37.5 0.00023000193685841533
38.5 0.00028296290916133985
39.5 0.00034802924656207574
40.5 0.0004524380205306985
41.5 0.0004857277745496799
42.5 0.000620399961262831
43.5 0.0007142165407708693
44.5 0.0007898750726321896
45.5 0.0009729687197365864
46.5 0.00107737749370521
47.5 0.0012771160178190973
48.5 0.0014238935696300598
49.5 0.0016750798954096432
50.5 0.0017658701336432292
51.5 0.002017056459422814
52.5 0.0022410057137323258
53.5 0.00242561253147395
54.5 0.002741865194654272
55.5 0.0029007481115630425
56.5 0.0030898944412163475
57.5 0.00335772564400542
58.5 0.0036179909936083633
59.5 0.003757202692233194
60.5 0.004026547065659496
61.5 0.004255035831880686
62.5 0.0042762202208018575
63.5 0.004506222157660276
64.5 0.004504708987023049
65.5 0.0045395119116792585
66.5 0.004646947026922332
67.5 0.0045349723997675775
68.5 0.004590959713344955
69.5 0.004609117760991673
70.5 0.004545564594228165
71.5 0.00430497046290916
72.5 0.004162732423009873
73.5 0.004058323649041252
74.5 0.003858585124927362
75.5 0.0037783870811543617
76.5 0.003506016366453609
77.5 0.003510555878365288
78.5 0.0029461432306798355
79.5 0.0028780505520046486
80.5 0.0028084447026922327
81.5 0.0024119939957389126
82.5 0.002393835948092194
83.5 0.0021608076699593253
84.5 0.0018657393957001724
85.5 0.001746198915359286
86.5 0.0016296847762928529
87.5 0.0013906038156110791
88.5 0.0013285638194847965
89.5 0.0011651413906643418
90.5 0.0010894828588030208
91.5 0.0009654028665504541
92.5 0.0008927706759635863
93.5 0.0007656643424365675
94.5 0.000723295564594228
95.5 0.0007293482471431333
96.5 0.0006037550842533408
97.5 0.0005311228936664724
98.5 0.0004796750920007742
99.5 0.0004100692426883588
100.5 0.00040855607205113244
101.5 0.0003465160759248493
102.5 0.0003011209568080571
103.5 0.0002935551036219248
104.5 0.00026783120278907585
105.5 0.00026631803215184936
106.5 0.0002663180321518494
107.5 0.00021184388921169836
108.5 0.00020730437730001906
109.5 0.0001861199883788492
110.5 0.00016947511136935874
111.5 0.00015585657563432098
112.5 0.00014829072244818895
113.5 0.0001452643811737361
114.5 0.00016190925818322668
115.5 0.00017098828200658509
116.5 0.00015131706372264173
117.5 0.00013467218671315122
118.5 0.00015585657563432103
119.5 0.0001422380398992833
120.5 0.0001603960875460002
121.5 0.00012710633352701917
122.5 0.00015434340499709457
123.5 0.00016493559945767944
124.5 0.0001694751113693588
125.5 0.0001498038930854153
126.5 0.00018006730582994363
127.5 0.00019822535347666055
128.5 0.0001936858415649813
129.5 0.00016796194073213228
130.5 0.00022092291303505687
131.5 0.00021487023048615111
132.5 0.00025269949641681163
133.5 0.0003283580282781323
134.5 0.0003268448576409058
135.5 0.0003888848537671889
136.5 0.0004342799728839815
137.5 0.0004857277745496798
138.5 0.0004993463102847177
139.5 0.0005613863064110006
140.5 0.0006430975208212278
141.5 0.0007641511717993407
142.5 0.0007959277551810958
143.5 0.0009502711601781901
144.5 0.0010244165214022846
145.5 0.0012029706565950032
146.5 0.001325537478210342
147.5 0.001576723803989928
148.5 0.0017083696494286265
149.5 0.0020866623087352305
150.5 0.002241005713732327
151.5 0.0024952183807863642
152.5 0.0029537090838659685
153.5 0.003309304183614176
154.5 0.0036830573310090973
155.5 0.004182403641293819
156.5 0.004645433856285107
157.5 0.005352084543869849
158.5 0.005857483536703469
159.5 0.0067396620182064645
160.5 0.007316180030989724
161.5 0.007800394634902178
162.5 0.008752178965717604
163.5 0.0095420540383498
164.5 0.010207849118729432
165.5 0.011289766124346314
166.5 0.01206148314933178
167.5 0.0131282684485764
168.5 0.01359583817547935
169.5 0.0146353864032539
170.5 0.015278483924075121
171.5 0.016330137516947486
172.5 0.016985340402866523
173.5 0.017631464264962208
174.5 0.018168639841177597
175.5 0.018419826166957178
176.5 0.019129503195816376
177.5 0.01980589047065659
178.5 0.01965154706565949
179.5 0.019681810478404026
180.5 0.01976806120472593
181.5 0.019618257311640516
182.5 0.019528980244044144
183.5 0.019185490509393752
184.5 0.018773908096068166
185.5 0.018242785202401687
186.5 0.017487713054425705
187.5 0.016880931628897904
188.5 0.01623026825489054
189.5 0.015342037090838626
190.5 0.014632360061979441
191.5 0.01398926254115822
192.5 0.012905832364904116
193.5 0.012052404125508434
194.5 0.011238318322680617
195.5 0.010126137904319203
196.5 0.009437645264381178
197.5 0.008750665795080376
198.5 0.007983488282006571
199.5 0.007133086383885329
200.5 0.006435514720123958
201.5 0.005896825973271355
202.5 0.005129648460197561
203.5 0.004659052392020145
204.5 0.004203588030214989
205.5 0.0036376622118923056
206.5 0.0032442378462134397
207.5 0.0030036437148944425
208.5 0.0025950876428433097
209.5 0.002307585221770288
210.5 0.001948963780747625
211.5 0.001787054522564398
212.5 0.0015373813674220407
213.5 0.0013300769901220216
214.5 0.0012377735812512107
215.5 0.00105165359287236
216.5 0.0009184945767964353
217.5 0.0008806653108657747
218.5 0.0007747433662599254
219.5 0.0006688214216540769
220.5 0.0006082945961650196
221.5 0.0004887541158241326
222.5 0.0004645433856285102
223.5 0.0003646741235715666
224.5 0.00037375314739492493
225.5 0.0003555950997482079
226.5 0.00029052876234747206
227.5 0.00027085754406352855
228.5 0.0002753970559752077
229.5 0.0002300019368584153
230.5 0.0001936858415649812
231.5 0.0002027648653883398
232.5 0.00015888291690877384
233.5 0.00015585657563432103
234.5 0.00016644877009490576
235.5 0.0001800673058299436
236.5 0.00016493559945767955
237.5 0.00013164584543869838
238.5 0.00016342242882045306
239.5 0.00014677755181096252
240.5 0.00018158047646717006
241.5 0.00012861950416424554
242.5 0.00013164584543869838
243.5 0.00014829072244818892
244.5 0.00013618535735037763
245.5 0.0001709882820065851
246.5 0.00016039608754600022
247.5 0.00016493559945767952
248.5 0.00016190925818322665
249.5 0.0001982253534766606
250.5 0.00021487023048615114
251.5 0.00019671218283943417
252.5 0.00023454144877009452
253.5 0.0002859892504357927
254.5 0.00024210730195622663
255.5 0.0002965814448963777
256.5 0.00032835802827813233
257.5 0.0003601346116598873
258.5 0.0003450029052876231
259.5 0.00038434534185550985
260.5 0.00044033265543288753
261.5 0.0005326360643036987
262.5 0.0005144780166569819
263.5 0.0005977024017044355
264.5 0.0006173736199883784
265.5 0.0006960584931241518
266.5 0.0007823092194460587
267.5 0.000930599941894247
268.5 0.0009896135967460771
269.5 0.0010849433468913417
270.5 0.001187838950222738
271.5 0.0013073794305636258
272.5 0.0015631052682548896
273.5 0.0014859335657563422
274.5 0.0017401462328103807
275.5 0.001961069145845437
276.5 0.002027648653883399
277.5 0.002298506197946931
278.5 0.002466468138679063
279.5 0.002578442765833819
280.5 0.002884103234553555
281.5 0.003044499322099554
282.5 0.0032790407708696485
283.5 0.003568056362579891
284.5 0.003751150009684287
285.5 0.003984178287817154
286.5 0.00407496852605074
287.5 0.0042686543676157245
288.5 0.004359444605849312
289.5 0.004421484601975594
290.5 0.004530432887855896
291.5 0.0045697753244237855
292.5 0.004640894344373428
293.5 0.004634841661824523
294.5 0.004616683614177805
295.5 0.00453799874104203
296.5 0.004492603621925236
297.5 0.004312536316095293
298.5 0.004067402672864609
299.5 0.004081021208599649
300.5 0.0038873353670346644
301.5 0.00364068855316676
302.5 0.0034893714894441196
303.5 0.0031262105365097792
304.5 0.0029521959132287425
305.5 0.0025754164245593665
306.5 0.0024967315514235915
307.5 0.00226067693201627
308.5 0.002029161824520626
309.5 0.0018218574472206063
310.5 0.0014813940538446638
311.5 0.0013890906449738523
312.5 0.0011984311446833233
313.5 0.0010667852992446245
314.5 0.0009729687197365867
315.5 0.0008927706759635862
316.5 0.0006385580089095486
317.5 0.0005765180127832654
318.5 0.000547767770675963
319.5 0.0004146087546000384
320.5 0.00035408192911098136
321.5 0.0003359238814642645
322.5 0.00022546242494673598
323.5 0.00017401462328103787
324.5 0.00018006730582994365
325.5 0.00014677755181096255
326.5 0.00011954048034088709
327.5 9.381657950803796e-05
328.5 8.019804377300019e-05
329.5 5.901365485183033e-05
330.5 4.84214603912454e-05
331.5 2.8750242107301957e-05
332.5 2.7237071470075538e-05
333.5 3.177658338175479e-05
334.5 2.42107301956227e-05
335.5 2.1184388921169862e-05
336.5 1.8158047646717024e-05
337.5 9.079023823358512e-06
338.5 9.079023823358512e-06
339.5 9.079023823358512e-06
340.5 6.052682548905675e-06
341.5 6.052682548905675e-06
342.5 3.0263412744528375e-06
343.5 7.565853186132094e-06
344.5 7.565853186132094e-06
345.5 1.5131706372264188e-06
346.5 1.5131706372264188e-06
347.5 1.5131706372264188e-06
348.5 1.5131706372264188e-06
349.5 0.0
350.5 4.539511911679256e-06
351.5 0.0
352.5 0.0
353.5 0.0
354.5 3.0263412744528375e-06
355.5 0.0
356.5 1.5131706372264188e-06
357.5 0.0
358.5 3.0263412744528375e-06
359.5 1.5131706372264188e-06
