0.5 0.0
1.5 0.0
2.5 0.0
3.5 0.0
4.5 0.0
5.5 0.0
6.5 0.0
7.5 0.0
8.5 0.0
9.5 0.0
10.5 0.0
11.5 0.0
12.5 0.0
13.5 0.0
14.5 0.0
15.5 0.0
16.5 0.0
17.5 0.0
18.5 0.0
19.5 0.0
20.5 0.0
21.5 0.0
22.5 0.0
23.5 0.0
24.5 0.0
25.5 0.0
26.5 0.0
27.5 0.0
28.5 0.0
29.5 0.0
30.5 0.0
31.5 1.5131706372264188e-06
32.5 1.5131706372264188e-06
33.5 0.0
34.5 0.0
35.5 0.0
36.5 1.5131706372264188e-06
37.5 0.0
38.5 1.5131706372264188e-06
39.5 1.5131706372264188e-06
40.5 3.0263412744528375e-06
41.5 1.5131706372264188e-06
42.5 0.0
43.5 1.5131706372264188e-06
44.5 1.5131706372264188e-06
45.5 1.5131706372264188e-06
46.5 4.539511911679256e-06
47.5 0.0
48.5 1.5131706372264188e-06
49.5 0.0
50.5 0.0
51.5 0.0
52.5 0.0
53.5 0.0
54.5 0.0
55.5 0.0
56.5 0.0
57.5 0.0
58.5 0.0
59.5 0.0
60.5 0.0
61.5 0.0
62.5 1.5131706372264188e-06
63.5 0.0
64.5 0.0
65.5 1.5131706372264188e-06
66.5 0.0
67.5 0.0
68.5 3.0263412744528375e-06
69.5 0.0
70.5 0.0
71.5 1.5131706372264188e-06
72.5 1.5131706372264188e-06
73.5 1.5131706372264188e-06
74.5 1.0592194460584931e-05
75.5 1.5131706372264188e-05
76.5 1.9671218283943443e-05
77.5 2.7237071470075538e-05
78.5 4.993463102847182e-05
79.5 0.00010138243269417006
80.5 0.00015434340499709463
81.5 0.00033441071082703817
82.5 0.0005795443540577181
83.5 0.0010410613984117758
84.5 0.0017734359868293629
85.5 0.00307173639356963
86.5 0.004861817257408482
87.5 0.007491707824908004
88.5 0.01115963344954484
89.5 0.01598513461165989
90.5 0.021532418167731944
91.5 0.02781056314158435
92.5 0.0334440974239783
93.5 0.03868874685260507
94.5 0.04084804135192718
95.5 0.04219476321905869
96.5 0.04008237700949061
97.5 0.0365309655239202
98.5 0.03138315901607592
99.5 0.025522649138098
100.5 0.019202135386403255
101.5 0.014107289850861907
102.5 0.009719095002905286
103.5 0.006830452256440056
104.5 0.004318588998644199
105.5 0.002579955936471043
106.5 0.00156310526825489
107.5 0.0009245472593453415
108.5 0.0005402019174898313
109.5 0.0003707268061204724
110.5 0.00018006730582994374
111.5 0.00011500096842920783
112.5 3.782926593066047e-05
113.5 2.42107301956227e-05
114.5 1.9671218283943443e-05
115.5 1.210536509781135e-05
116.5 9.079023823358512e-06
117.5 1.5131706372264188e-06
118.5 0.0
119.5 4.539511911679256e-06
120.5 0.0
121.5 0.0
122.5 0.0
123.5 1.5131706372264188e-06
124.5 0.0
125.5 0.0
126.5 0.0
127.5 0.0
128.5 0.0
129.5 0.0
130.5 0.0
131.5 0.0
132.5 0.0
133.5 0.0
134.5 0.0
135.5 0.0
136.5 0.0
137.5 1.5131706372264188e-06
138.5 0.0
139.5 0.0
140.5 1.5131706372264188e-06
141.5 0.0
142.5 0.0
143.5 0.0
144.5 0.0
145.5 0.0
146.5 0.0
147.5 0.0
148.5 0.0
149.5 0.0
150.5 0.0
151.5 0.0
152.5 0.0
153.5 0.0
154.5 0.0
155.5 0.0
156.5 0.0
157.5 0.0
158.5 0.0
159.5 0.0
160.5 0.0
161.5 0.0
162.5 0.0
163.5 0.0
164.5 0.0
165.5 0.0
166.5 0.0
167.5 0.0
168.5 0.0
169.5 0.0
170.5 0.0
171.5 0.0
172.5 0.0
173.5 0.0
174.5 0.0
175.5 0.0
176.5 0.0
177.5 0.0
178.5 0.0
179.5 0.0
180.5 0.0
181.5 0.0
182.5 0.0
183.5 0.0
184.5 0.0
185.5 0.0
186.5 0.0
187.5 0.0
188.5 0.0
189.5 0.0
190.5 0.0
191.5 0.0
192.5 0.0
193.5 0.0
194.5 0.0
195.5 0.0
196.5 0.0
197.5 0.0
198.5 0.0
199.5 0.0
200.5 0.0
201.5 0.0
202.5 0.0
203.5 0.0
204.5 0.0
205.5 0.0
206.5 0.0
207.5 0.0
208.5 0.0
209.5 0.0
210.5 0.0
211.5 0.0
212.5 0.0
213.5 0.0
214.5 0.0
215.5 0.0
216.5 0.0
217.5 0.0
218.5 0.0
219.5 0.0
220.5 0.0
221.5 0.0
222.5 0.0
223.5 0.0
224.5 0.0
225.5 0.0
226.5 0.0
227.5 0.0
228.5 0.0
229.5 0.0
230.5 0.0
231.5 0.0
232.5 0.0
233.5 0.0
234.5 0.0
235.5 0.0
236.5 0.0
237.5 0.0
238.5 0.0
239.5 0.0
240.5 1.5131706372264188e-06
241.5 1.5131706372264188e-06
242.5 0.0
243.5 3.0263412744528375e-06
244.5 9.079023823358512e-06
245.5 1.0592194460584931e-05
246.5 1.210536509781135e-05
247.5 3.328975401898121e-05
248.5 8.92770675963587e-05
249.5 0.00014829072244818895
250.5 0.0002890155917102457
251.5 0.00048724094518690634
252.5 0.0010017189618438886
253.5 0.0017159355026147582
254.5 0.002803905190780553
255.5 0.004636354832461747
256.5 0.007493220995545228
257.5 0.011006803215184966
258.5 0.0162605316676351
259.5 0.022452425915165594
260.5 0.029733803021499125
261.5 0.03696373232616695
262.5 0.04367010459035444
263.5 0.04932331009103235
264.5 0.051803396765446444
265.5 0.05182458115436761
266.5 0.048875411582413326
267.5 0.04304213877590549
268.5 0.036043724578733304
269.5 0.02888945380592678
270.5 0.0218970922913035
271.5 0.015358681967848153
272.5 0.010720813964749174
273.5 0.007039269804377301
274.5 0.004374576312221575
275.5 0.002691930563625798
276.5 0.0015888291690877396
277.5 0.0009532975014526437
278.5 0.0005810575246949446
279.5 0.00029658144489637785
280.5 0.0001785541351927173
281.5 0.0001361853573503776
282.5 6.809267867518884e-05
283.5 3.328975401898121e-05
284.5 1.9671218283943443e-05
285.5 9.079023823358512e-06
286.5 7.565853186132094e-06
287.5 6.052682548905675e-06
288.5 6.052682548905675e-06
289.5 1.5131706372264188e-06
290.5 1.5131706372264188e-06
291.5 0.0
292.5 0.0
293.5 4.539511911679256e-06
294.5 0.0
295.5 0.0
296.5 0.0
297.5 0.0
298.5 0.0
299.5 0.0
300.5 0.0
301.5 0.0
302.5 1.5131706372264188e-06
303.5 0.0
304.5 0.0
305.5 1.5131706372264188e-06
306.5 1.5131706372264188e-06
307.5 1.5131706372264188e-06
308.5 1.5131706372264188e-06
309.5 1.5131706372264188e-06
310.5 3.0263412744528375e-06
311.5 3.0263412744528375e-06
312.5 3.0263412744528375e-06
313.5 3.0263412744528375e-06
314.5 6.052682548905675e-06
315.5 3.0263412744528375e-06
316.5 1.0592194460584931e-05
317.5 3.0263412744528375e-06
318.5 6.052682548905675e-06
319.5 7.565853186132094e-06
320.5 1.5131706372264188e-06
321.5 9.079023823358512e-06
322.5 1.0592194460584931e-05
323.5 6.052682548905675e-06
324.5 0.0
325.5 0.0
326.5 3.0263412744528375e-06
327.5 0.0
328.5 0.0
329.5 0.0
330.5 0.0
331.5 0.0
332.5 0.0
333.5 0.0
334.5 0.0
335.5 0.0
336.5 0.0
337.5 0.0
338.5 0.0
339.5 0.0
340.5 0.0
341.5 0.0
342.5 0.0
343.5 0.0
344.5 0.0
345.5 0.0
346.5 0.0
347.5 0.0
348.5 0.0
349.5 0.0
350.5 0.0
351.5 0.0
352.5 0.0
353.5 0.0
354.5 0.0
355.5 0.0
356.5 0.0
357.5 0.0
358.5 0.0
359.5 0.0
