0.5 0.0
1.5 0.0
2.5 0.0
3.5 0.0
4.5 1.5131706372264188e-06
5.5 1.5131706372264188e-06
6.5 1.5131706372264188e-06
7.5 3.0263412744528375e-06
8.5 1.5131706372264188e-06
9.5 0.0
10.5 3.0263412744528375e-06
11.5 3.0263412744528375e-06
12.5 1.5131706372264188e-06
13.5 1.5131706372264188e-06
14.5 3.0263412744528375e-06
15.5 0.0
16.5 7.565853186132094e-06
17.5 1.5131706372264188e-06
18.5 7.565853186132094e-06
19.5 9.079023823358512e-06
20.5 6.052682548905675e-06
21.5 7.565853186132094e-06
22.5 1.8158047646717024e-05
23.5 1.210536509781135e-05
24.5 1.0592194460584931e-05
25.5 2.572390083284912e-05
26.5 3.0263412744528376e-05
27.5 4.690828975401898e-05
28.5 3.782926593066047e-05
29.5 6.960584931241526e-05
30.5 6.809267867518884e-05
31.5 6.5066337400736e-05
32.5 0.00010289560333139648
33.5 0.00011500096842920783
34.5 0.0001725014526438115
35.5 0.00018006730582994355
36.5 0.00020881754793724547
37.5 0.00025421266705403795
38.5 0.00026631803215184936
39.5 0.0004191482665117176
40.5 0.00041309558396281174
41.5 0.00048118826263800056
42.5 0.0006037550842533407
43.5 0.0007142165407708692
44.5 0.0007883619019949633
45.5 0.0009033628704241709
46.5 0.0011878389502227387
47.5 0.0012438262638001165
48.5 0.0014314594228161922
49.5 0.0015404077086964931
50.5 0.001861199883788492
51.5 0.002107846697656401
52.5 0.0022848876622118923
53.5 0.002533047646717026
54.5 0.002750944218477631
55.5 0.0031035129769513845
56.5 0.0032048954096455537
57.5 0.0035468719736587223
58.5 0.0037102944024791753
59.5 0.003934243656788684
60.5 0.004053784137129573
61.5 0.004285299244625217
62.5 0.004522867034669767
63.5 0.0044229977726128215
64.5 0.0045939860546194075
65.5 0.004616683614177804
66.5 0.0046363548324617485
67.5 0.004774053360449354
68.5 0.004683263122215767
69.5 0.004581880689521598
70.5 0.004391221189231066
71.5 0.004330694363742008
72.5 0.00427924656207631
73.5 0.004053784137129571
74.5 0.0039675334108076644
75.5 0.00394029633933759
76.5 0.0035695695332171188
77.5 0.0033622651559171023
78.5 0.0032866066240557794
79.5 0.0030641705403834977
80.5 0.0027206808057331005
81.5 0.0026087061785783484
82.5 0.0023484408289754016
83.5 0.0020685042610885124
84.5 0.0019171871973658703
85.5 0.0017083696494286243
86.5 0.001623632093743946
87.5 0.001443564787914003
88.5 0.0013724457679643613
89.5 0.001251392116986248
90.5 0.0010743511524307573
91.5 0.0009578370133643217
92.5 0.0009427053069920577
93.5 0.0008352701917489822
94.5 0.000677900445477435
95.5 0.0006158604493511517
96.5 0.0005568467944993215
97.5 0.0005568467944993219
98.5 0.00045546436180515153
99.5 0.00044033265543288737
100.5 0.00041006924268835893
101.5 0.00040552973077667974
102.5 0.0003344107108270381
103.5 0.0002451336432306795
104.5 0.0002920419329846983
105.5 0.0002814497385241135
106.5 0.00023454144877009444
107.5 0.0002648048615146228
108.5 0.0001967121828394341
109.5 0.00018309364710439647
110.5 0.00017552779391826438
111.5 0.00019217267092775487
112.5 0.0001603960875460002
113.5 0.00015434340499709463
114.5 0.00019519901220220782
115.5 0.0001770409645554908
116.5 0.00013769852798760406
117.5 0.00011954048034088709
118.5 0.00015283023435986814
119.5 0.00011651413906643425
120.5 0.00012256682161533992
121.5 0.0001331590160759248
122.5 0.00018006730582994368
123.5 0.00017704096455549074
124.5 0.00013013267480147198
125.5 0.0001331590160759248
126.5 0.00020125169475111338
127.5 0.0001800673058299436
128.5 0.00018158047646717011
129.5 0.0001997385241138869
130.5 0.00021184388921169825
131.5 0.0002466468138679058
132.5 0.00025118632577958525
133.5 0.0003011209568080569
134.5 0.00031171315126864196
135.5 0.00035105558783652877
136.5 0.00042368777842339677
137.5 0.0004448721673445665
138.5 0.00046605655626573645
139.5 0.0005417150881270575
140.5 0.0006642819097423972
141.5 0.000717242882045322
142.5 0.0008382965330234349
143.5 0.0008973101878752655
144.5 0.0010561931047840393
145.5 0.0011666545613015686
146.5 0.001361853573503777
147.5 0.0015434340499709456
148.5 0.0017749491574665878
149.5 0.00201856963006004
150.5 0.002316664245593648
151.5 0.002679825198527989
152.5 0.0028674583575440627
153.5 0.003285093453418554
154.5 0.0037329919620375704
155.5 0.0040552973077667975
156.5 0.004784645554909937
157.5 0.005339979178772038
158.5 0.005728864032539222
159.5 0.006331105946155332
160.5 0.007198152721286064
161.5 0.007829144877009477
162.5 0.008661388727484017
163.5 0.009466395506488479
164.5 0.01034403447607981
165.5 0.011109698818516377
166.5 0.011807270482277749
167.5 0.012798397249661054
168.5 0.013813734747239962
169.5 0.014618741526244407
170.5 0.015346576602750305
171.5 0.016166715088127028
172.5 0.01705948576409062
173.5 0.017663240848343965
174.5 0.01814896862289365
175.5 0.01852877445283748
176.5 0.018731539318225823
177.5 0.019624309994189418
178.5 0.019647007553747813
179.5 0.01960766511717993
180.5 0.01981648266511718
181.5 0.019872469978694546
182.5 0.019227859287236106
183.5 0.019025094421847757
184.5 0.01851666908773968
185.5 0.01805817838466006
186.5 0.017460475982955623
187.5 0.01688395797017235
188.5 0.01611072777454965
189.5 0.015113548324617438
190.5 0.014434134708502779
191.5 0.013579193298469863
192.5 0.012669777745496798
193.5 0.01200700900639163
194.5 0.01104917199302731
195.5 0.010074690102653504
196.5 0.009522382820065858
197.5 0.008475268739105164
198.5 0.007880592678675177
199.5 0.00720420540383497
200.5 0.006544463006004265
201.5 0.00590439182645749
202.5 0.0051326748014720175
203.5 0.004640894344373428
204.5 0.004085560720511326
205.5 0.003684570501646325
206.5 0.003478779294983534
207.5 0.0030036437148944404
208.5 0.0026071930079411207
209.5 0.002319690586868101
210.5 0.002033701336432305
211.5 0.0018021862289366642
212.5 0.0015283023435986815
213.5 0.0013104057718380782
214.5 0.0011182331009103234
215.5 0.0010501404222351335
216.5 0.0009094155529730766
217.5 0.0008034936083672279
218.5 0.0007384272709664916
219.5 0.0006582292271934918
220.5 0.0005371755762153783
221.5 0.0004857277745496799
222.5 0.0004584907030796043
223.5 0.00037223997675769866
224.5 0.0003677004648460192
225.5 0.00030717363935696255
226.5 0.0003283580282781323
227.5 0.0002587521789657173
228.5 0.00026177852024016995
229.5 0.00022243608367228317
230.5 0.00020427803602556628
231.5 0.00015585657563432092
232.5 0.00017552779391826444
233.5 0.000155856575634321
234.5 0.00016039608754600022
235.5 0.00014223803989928327
236.5 0.00014980389308541533
237.5 0.0001422380398992833
238.5 0.00012559316288979273
239.5 0.00015131706372264173
240.5 0.00013164584543869838
241.5 0.00012407999225256633
242.5 0.0001513170637226417
243.5 0.0001210536509781135
244.5 0.00012861950416424557
245.5 0.00015888291690877384
246.5 0.0001437512105365097
247.5 0.00021033071857447182
248.5 0.00019368584156498128
249.5 0.00016190925818322668
250.5 0.000199738524113887
251.5 0.00020881754793724552
252.5 0.0002118438892116983
253.5 0.00020881754793724552
254.5 0.00023756779004454739
255.5 0.00029506827425915136
256.5 0.0003177658338175476
257.5 0.00033289754018981174
258.5 0.000391911195041642
259.5 0.00041460875460003823
260.5 0.0004206614371489439
261.5 0.0004690828975401892
262.5 0.0005341492349409254
263.5 0.0005840838659693978
264.5 0.0006688214216540766
265.5 0.0007308614177803595
266.5 0.0007944145845438687
267.5 0.0008836916521402277
268.5 0.0010743511524307573
269.5 0.0011318516366453613
270.5 0.0012256682161533997
271.5 0.0013315901607592476
272.5 0.0015570525857059835
273.5 0.0016750798954096439
274.5 0.0017719228161921345
275.5 0.0018763315901607564
276.5 0.002194097423978307
277.5 0.002318177416230874
278.5 0.0025148895990703066
279.5 0.0028250895797017226
280.5 0.003041472980825102
281.5 0.003197329556459421
282.5 0.003295685647879138
283.5 0.0035423324617470417
284.5 0.0038010846407127586
285.5 0.003950888533798176
286.5 0.004153653399186517
287.5 0.0041627324230098725
288.5 0.0044275372845245
289.5 0.004637868003098977
290.5 0.004527406546581446
291.5 0.004740763606430369
292.5 0.0046015519078055405
293.5 0.004566748983149331
294.5 0.004521353864032539
295.5 0.004515301181483633
296.5 0.004309509974820839
297.5 0.0044290504551617255
298.5 0.0042958914390858
299.5 0.00388128268448576
300.5 0.003911546097230287
301.5 0.0036422017238039854
302.5 0.0033683178384660045
303.5 0.003141342242882045
304.5 0.0030429861514623254
305.5 0.0027433783652914983
306.5 0.002567850571373234
307.5 0.0022531110788301363
308.5 0.002000411582413324
309.5 0.001939884756924267
310.5 0.0015358681967848151
311.5 0.0014481042998256827
312.5 0.0012029706565950028
313.5 0.0010879696881657946
314.5 0.0009502711601781903
315.5 0.0008171121441022653
316.5 0.0007414536122409442
317.5 0.0006067814255277934
318.5 0.0004872409451869063
319.5 0.0004282272903350758
320.5 0.00037526631803215136
321.5 0.000290528762347472
322.5 0.00023454144877009455
323.5 0.00019217267092775495
324.5 0.00014980389308541533
325.5 0.00013013267480147198
326.5 0.0001210536509781135
327.5 9.230340887081154e-05
328.5 5.901365485183033e-05
329.5 4.84214603912454e-05
330.5 4.690828975401898e-05
331.5 4.539511911679256e-05
332.5 3.177658338175479e-05
333.5 3.480292465620763e-05
334.5 2.42107301956227e-05
335.5 1.9671218283943443e-05
336.5 1.6644877009490605e-05
337.5 1.8158047646717024e-05
338.5 9.079023823358512e-06
339.5 9.079023823358512e-06
340.5 6.052682548905675e-06
341.5 4.539511911679256e-06
342.5 0.0
343.5 6.052682548905675e-06
344.5 4.539511911679256e-06
345.5 3.0263412744528375e-06
346.5 4.539511911679256e-06
347.5 4.539511911679256e-06
348.5 3.0263412744528375e-06
349.5 0.0
350.5 3.0263412744528375e-06
351.5 1.5131706372264188e-06
352.5 6.052682548905675e-06
353.5 1.5131706372264188e-06
354.5 1.5131706372264188e-06
355.5 1.5131706372264188e-06
356.5 3.0263412744528375e-06
357.5 1.5131706372264188e-06
358.5 1.5131706372264188e-06
359.5 0.0
