0.5 0.0
1.5 3.0263412744528375e-06
2.5 0.0
3.5 0.0
4.5 0.0
5.5 0.0
6.5 0.0
7.5 3.0263412744528375e-06
8.5 0.0
9.5 0.0
10.5 1.5131706372264188e-06
11.5 1.5131706372264188e-06
12.5 1.5131706372264188e-06
13.5 6.052682548905675e-06
14.5 1.5131706372264188e-06
15.5 3.0263412744528375e-06
16.5 4.539511911679256e-06
17.5 9.079023823358512e-06
18.5 1.3618535735037769e-05
19.5 1.9671218283943443e-05
20.5 7.565853186132094e-06
21.5 7.565853186132094e-06
22.5 1.3618535735037769e-05
23.5 2.572390083284912e-05
24.5 2.1184388921169862e-05
25.5 2.572390083284912e-05
26.5 4.84214603912454e-05
27.5 6.960584931241526e-05
28.5 6.960584931241526e-05
29.5 8.171121441022661e-05
30.5 9.381657950803796e-05
31.5 0.00013467218671315125
32.5 0.0001785541351927173
33.5 0.00021033071857447198
34.5 0.0002965814448963779
35.5 0.0003601346116598875
36.5 0.00044941167925624623
37.5 0.0005008594809219444
38.5 0.0006763872748402089
39.5 0.0007656643424365679
40.5 0.0009396789657176061
41.5 0.0010940223707147007
42.5 0.0013452086964942868
43.5 0.0015177101491380984
44.5 0.0017719228161921375
45.5 0.0020291618245206282
46.5 0.002296993027309704
47.5 0.0025602847181871017
48.5 0.0027857471431338384
49.5 0.0033077910129769546
50.5 0.0034500290528762375
51.5 0.0037980582994383127
52.5 0.004074968526050748
53.5 0.004315562657369747
54.5 0.0046272758086383925
55.5 0.004937475789269807
56.5 0.005023726515591713
57.5 0.005194714797598301
58.5 0.005262807476273489
59.5 0.00529609723029247
60.5 0.005432282587642848
61.5 0.00529609723029247
62.5 0.005582086480728264
63.5 0.005306689424753054
64.5 0.005339979178772035
65.5 0.004958660178190977
66.5 0.004895107011427467
67.5 0.004707473852411393
68.5 0.004475958744915748
69.5 0.0042262855897733905
70.5 0.0041778641293821455
71.5 0.0037874661049777276
72.5 0.003552924656207631
73.5 0.0034560817354251424
74.5 0.0030308807863645188
75.5 0.0029461432306798385
76.5 0.0026223247143133854
77.5 0.0023015325392213835
78.5 0.0021108730389308556
79.5 0.0019625823164826656
80.5 0.001784028181289948
81.5 0.0015267891729614565
82.5 0.0014057355219833432
83.5 0.0012786291884563246
84.5 0.0011409306604687197
85.5 0.001080403834979663
86.5 0.0009079023823358503
87.5 0.0008625072632190585
88.5 0.0007232955645942277
89.5 0.0005931628897927556
90.5 0.0005825706953321711
91.5 0.0005311228936664726
92.5 0.0004630302149912837
93.5 0.0003903980244044154
94.5 0.0003979638775905477
95.5 0.00030112095680805704
96.5 0.00031171315126864174
97.5 0.000243620472593453
98.5 0.0002239492543095097
99.5 0.00018460681774162284
100.5 0.00019217267092775498
101.5 0.000174014623281038
102.5 0.0001437512105365097
103.5 0.00011802730970366067
104.5 0.00010592194460584931
105.5 9.68429207824908e-05
106.5 9.68429207824908e-05
107.5 8.322438504745303e-05
108.5 6.203999612628316e-05
109.5 7.565853186132094e-05
110.5 6.960584931241526e-05
111.5 7.414536122409452e-05
112.5 4.690828975401898e-05
113.5 6.5066337400736e-05
114.5 5.901365485183033e-05
115.5 5.296097230292466e-05
116.5 5.144780166569824e-05
117.5 5.296097230292466e-05
118.5 4.539511911679256e-05
119.5 4.539511911679256e-05
120.5 5.144780166569824e-05
121.5 4.993463102847182e-05
122.5 5.5987313577377495e-05
123.5 6.5066337400736e-05
124.5 5.7500484214603914e-05
125.5 7.565853186132094e-05
126.5 7.26321905868681e-05
127.5 5.5987313577377495e-05
128.5 0.00010894828588030215
129.5 9.230340887081154e-05
130.5 9.986926205694364e-05
131.5 0.00011954048034088709
132.5 0.00011046145651752857
133.5 0.00014980389308541527
134.5 0.0001528302343598682
135.5 0.00016644877009490582
136.5 0.00021033071857447195
137.5 0.00022243608367228325
138.5 0.0002965814448963777
139.5 0.0003056604687197362
140.5 0.00037526631803215147
141.5 0.00037829265930660434
142.5 0.0005220438698431139
143.5 0.000597702401704435
144.5 0.0006975716637613782
145.5 0.0008594809219446051
146.5 0.000998692620569436
147.5 0.001116719930273097
148.5 0.0013845511330621738
149.5 0.001593368680999419
150.5 0.0018233706178578328
151.5 0.002265216443927949
152.5 0.002534560817354252
153.5 0.002799365678868874
154.5 0.003357725644005425
155.5 0.0037148339143908563
156.5 0.004209640712763897
157.5 0.0050721479759829585
158.5 0.005786364516753827
159.5 0.006393145942281623
160.5 0.007155783943443735
161.5 0.00784276341274452
162.5 0.008971588708115444
163.5 0.009838635483246178
164.5 0.01074653786558203
165.5 0.011820889018012789
166.5 0.012799910420298275
167.5 0.013620048905674987
168.5 0.015134732713538627
169.5 0.01602599021886498
170.5 0.01688698431144682
171.5 0.01799462521789655
172.5 0.01881930321518497
173.5 0.019887601685066817
174.5 0.020365763606430366
175.5 0.020781885531667637
176.5 0.02127669233004066
177.5 0.021901631803215187
178.5 0.021615642552779375
179.5 0.021779064981599833
180.5 0.022042356672477243
181.5 0.02159597133449545
182.5 0.02159143182258376
183.5 0.02112688843695525
184.5 0.020760701142746456
185.5 0.019630362676738337
186.5 0.019073515882239003
187.5 0.017751004745303105
188.5 0.01737119891535928
189.5 0.016006319000581037
190.5 0.01520736490412549
191.5 0.01419505374782102
192.5 0.013055636257989528
193.5 0.011996416811931046
194.5 0.011079435405771835
195.5 0.009953636451675385
196.5 0.00916224820840597
197.5 0.008083357544063521
198.5 0.00737368051520433
199.5 0.006632226902963391
200.5 0.00581965427077281
201.5 0.005143266995932599
202.5 0.004480498256827424
203.5 0.003996283652914969
204.5 0.0034833188068952125
205.5 0.00305963102847182
206.5 0.002658640809606818
207.5 0.002368112047259346
208.5 0.0019217267092775494
209.5 0.0017764623281038142
210.5 0.0014798808832074367
211.5 0.0012075101685066819
212.5 0.0010622457873329459
213.5 0.0008882311640519066
214.5 0.0007671775130737933
215.5 0.0007187560526825482
216.5 0.0006037550842533409
217.5 0.0005296097230292457
218.5 0.0004660565562657363
219.5 0.00038585851249273634
220.5 0.00035710827038543434
221.5 0.00032079217509200033
222.5 0.00028901559171024563
223.5 0.0002587521789657172
224.5 0.00023151510749564168
225.5 0.00016644877009490584
226.5 0.00020579120666279263
227.5 0.0001467775518109625
228.5 0.00014829072244818895
229.5 0.00011500096842920783
230.5 9.68429207824908e-05
231.5 0.00011954048034088709
232.5 9.986926205694364e-05
233.5 7.26321905868681e-05
234.5 9.230340887081154e-05
235.5 8.019804377300019e-05
236.5 8.171121441022661e-05
237.5 7.717170249854735e-05
238.5 0.0001044087739686229
239.5 7.565853186132094e-05
240.5 8.019804377300019e-05
241.5 7.565853186132094e-05
242.5 8.322438504745303e-05
243.5 6.203999612628316e-05
244.5 6.960584931241526e-05
245.5 7.565853186132094e-05
246.5 9.230340887081154e-05
247.5 8.019804377300019e-05
248.5 8.019804377300019e-05
249.5 0.00011954048034088709
250.5 0.00011500096842920783
251.5 9.986926205694364e-05
252.5 0.00014526438117373609
253.5 0.00012256682161533992
254.5 0.00015434340499709455
255.5 0.00017250145264381152
256.5 0.0001725014526438116
257.5 0.00023454144877009452
258.5 0.00025875217896571714
259.5 0.00025421266705403806
260.5 0.0002784233972496606
261.5 0.0002769102266124342
262.5 0.00029506827425915136
263.5 0.0003162526631803212
264.5 0.000373753147394925
265.5 0.0004206614371489439
266.5 0.00044941167925624585
267.5 0.0004963199690102648
268.5 0.0005069121634708497
269.5 0.000556846794499322
270.5 0.0006567160565562658
271.5 0.0006854662986635674
272.5 0.0007414536122409449
273.5 0.0008413228742978888
274.5 0.0008927706759635862
275.5 0.001006258473755568
276.5 0.0011076409064497382
277.5 0.001124285783459229
278.5 0.0011575755374782094
279.5 0.0013043530892891736
280.5 0.0014329725934534188
281.5 0.0015600789269804383
282.5 0.0016085003873716822
283.5 0.0017976467170249854
284.5 0.001870278907611854
285.5 0.00211692572147976
286.5 0.002175939376331591
287.5 0.002437717896571762
288.5 0.002472520821227968
289.5 0.00271311495254697
290.5 0.002767589095487121
291.5 0.0029748934727871408
292.5 0.0029461432306798377
293.5 0.003127723707147009
294.5 0.0032154876041061414
295.5 0.0035589773387565385
296.5 0.0034681871005229543
297.5 0.0035347666085609178
298.5 0.003725426108851445
299.5 0.003678517819097426
300.5 0.003637662211892312
301.5 0.003560490509393766
302.5 0.003421278810768936
303.5 0.0033849627154755005
304.5 0.0032805539415068784
305.5 0.0033501597908192926
306.5 0.0030384466395506496
307.5 0.002829629091613405
308.5 0.0026162720317644793
309.5 0.00264956178578346
310.5 0.0023454144877009505
311.5 0.0021638340112337794
312.5 0.0019171871973658727
313.5 0.001749225256633741
314.5 0.0015706711214410233
315.5 0.0013497482084059652
316.5 0.0011303384660081351
317.5 0.001025929692039512
318.5 0.0008367833623862096
319.5 0.0008791521402285491
320.5 0.0006552028859190392
321.5 0.0005008594809219444
322.5 0.00047816192136354785
323.5 0.0003752663180321517
324.5 0.000329871198915359
325.5 0.00026480486151462287
326.5 0.00021487023048615122
327.5 0.00015736974627154746
328.5 0.00013013267480147198
329.5 9.532975014526438e-05
330.5 5.901365485183033e-05
331.5 5.901365485183033e-05
332.5 4.3881948479566143e-05
333.5 3.9342436567886886e-05
334.5 3.782926593066047e-05
335.5 2.42107301956227e-05
336.5 1.8158047646717024e-05
337.5 1.0592194460584931e-05
338.5 2.42107301956227e-05
339.5 1.5131706372264186e-05
340.5 9.079023823358512e-06
341.5 6.052682548905675e-06
342.5 4.539511911679256e-06
343.5 6.052682548905675e-06
344.5 4.539511911679256e-06
345.5 0.0
346.5 3.0263412744528375e-06
347.5 1.5131706372264188e-06
348.5 3.0263412744528375e-06
349.5 0.0
350.5 0.0
351.5 0.0
352.5 3.0263412744528375e-06
353.5 0.0
354.5 1.5131706372264188e-06
355.5 3.0263412744528375e-06
356.5 0.0
357.5 1.5131706372264188e-06
358.5 0.0
359.5 3.0263412744528375e-06
