0.5 1.5131706372264188e-06
1.5 0.0
2.5 0.0
3.5 0.0
4.5 1.5131706372264188e-06
5.5 1.5131706372264188e-06
6.5 0.0
7.5 0.0
8.5 1.5131706372264188e-06
9.5 0.0
10.5 0.0
11.5 0.0
12.5 0.0
13.5 0.0
14.5 1.5131706372264188e-06
15.5 6.052682548905675e-06
16.5 0.0
17.5 1.5131706372264188e-06
18.5 4.539511911679256e-06
19.5 3.0263412744528375e-06
20.5 3.0263412744528375e-06
21.5 3.0263412744528375e-06
22.5 1.0592194460584931e-05
23.5 1.5131706372264188e-05
24.5 3.0263412744528375e-06
25.5 9.079023823358512e-06
26.5 1.210536509781135e-05
27.5 2.8750242107301957e-05
28.5 2.1184388921169862e-05
29.5 3.177658338175479e-05
30.5 3.631609529343405e-05
31.5 4.539511911679256e-05
32.5 5.5987313577377495e-05
33.5 7.111901994964168e-05
34.5 0.00011500096842920783
35.5 0.0001044087739686229
36.5 0.00015131706372264176
37.5 0.00014526438117373606
38.5 0.0001800673058299436
39.5 0.00024210730195622666
40.5 0.00028296290916133995
41.5 0.0003056604687197361
42.5 0.0003858585124927364
43.5 0.0004675697269029629
44.5 0.0005674389889599067
45.5 0.0006657950803796239
46.5 0.0007550721479759826
47.5 0.0008382965330234355
48.5 0.0010410613984117756
49.5 0.0010577062754212666
50.5 0.0012332340693395312
51.5 0.0013921169862483053
52.5 0.0016251452643811725
53.5 0.001723501355800891
54.5 0.0018672525663374002
55.5 0.002150215475498741
56.5 0.0023741647298082522
57.5 0.0025481793530892916
58.5 0.0026556144683323665
59.5 0.002861405674995159
60.5 0.0030202885919039324
61.5 0.0032381851636645344
62.5 0.0032064085802827806
63.5 0.003371344179740459
64.5 0.0034833188068952143
65.5 0.003410686616308348
66.5 0.003586214410226611
67.5 0.0034621344179740477
68.5 0.0035620036800309883
69.5 0.0035695695332171183
70.5 0.0034197656401317054
71.5 0.003395554909936082
72.5 0.0033531861320937424
73.5 0.0031080524888630625
74.5 0.0030944339531280268
75.5 0.003020288591903931
76.5 0.0027933129963199693
77.5 0.0027327861708309133
78.5 0.002407454483827233
79.5 0.00230304570985861
80.5 0.002169886693782684
81.5 0.0020715306023629666
82.5 0.0018521208599651343
83.5 0.0016675140422235126
84.5 0.0016523823358512478
85.5 0.001567644780166568
86.5 0.0013527745496804185
87.5 0.001205996997869455
88.5 0.0011727072438504735
89.5 0.0011106672477241913
90.5 0.0008897443346891332
91.5 0.0008307306798373023
92.5 0.0008050067790044542
93.5 0.0006552028859190388
94.5 0.0006945453224869256
95.5 0.0005462546000387366
96.5 0.0005780311834204916
97.5 0.0004978331396474911
98.5 0.0004842146039124533
99.5 0.0003873716831299625
100.5 0.0003737531473949251
101.5 0.0003571082703854344
102.5 0.0003177658338175476
103.5 0.00027539705597520774
104.5 0.0002602653496029435
105.5 0.00026480486151462276
106.5 0.0002345414487700946
107.5 0.00021335705984892476
108.5 0.00018914632965330203
109.5 0.00015585657563432095
110.5 0.00019368584156498125
111.5 0.0001619092581832266
112.5 0.0001422380398992833
113.5 0.00015283023435986817
114.5 0.00014223803989928327
115.5 0.0001679619407321323
116.5 0.00015888291690877382
117.5 0.00015131706372264176
118.5 0.0001437512105365096
119.5 0.00013164584543869836
120.5 0.00016342242882045298
121.5 0.0001588829169087739
122.5 0.00012559316288979273
123.5 0.00013921169862483046
124.5 0.00017250145264381163
125.5 0.0001603960875460003
126.5 0.00017704096455549084
127.5 0.0001830936471043965
128.5 0.0002057912066627927
129.5 0.0002390809606817738
130.5 0.0002617785202401701
131.5 0.00027842339724966055
132.5 0.00028296290916133995
133.5 0.0002920419329846984
134.5 0.00034651607592484963
135.5 0.00039039802440441547
136.5 0.0004630302149912834
137.5 0.0004978331396474912
138.5 0.0005795443540577179
139.5 0.0005992155723416615
140.5 0.0007248087352314537
141.5 0.0007475062947898505
142.5 0.0009124418942475297
143.5 0.0009472448189037369
144.5 0.0011318516366453613
145.5 0.0013013267480147203
146.5 0.0014390252760023226
147.5 0.0017265276970753422
148.5 0.002017056459422814
149.5 0.0020851491380980028
150.5 0.002511863257795856
151.5 0.002772128607398801
152.5 0.0032003558977338753
153.5 0.0036739783071857404
154.5 0.004006875847375552
155.5 0.00470747385241139
156.5 0.005306689424753058
157.5 0.005660771353864034
158.5 0.006427948866937825
159.5 0.007201179062560516
160.5 0.007966843404997084
161.5 0.008550927270966485
162.5 0.009460342823939573
163.5 0.010620944702692245
164.5 0.011348779779198149
165.5 0.012309643133836916
166.5 0.013353730873523121
167.5 0.014322160081348031
168.5 0.015127166860352476
169.5 0.016030529730776653
170.5 0.01676895700174315
171.5 0.01778732084059653
172.5 0.01850456372264186
173.5 0.019491150978113495
174.5 0.02020385434824714
175.5 0.020627542126670544
176.5 0.020958926496223124
177.5 0.02135689037381368
178.5 0.021913737168313012
179.5 0.021777551810962633
180.5 0.02194400058105753
181.5 0.02165347181871006
182.5 0.021546036703466984
183.5 0.020905965523920208
184.5 0.020427803602556645
185.5 0.020040431919426685
186.5 0.019323189037381363
187.5 0.018848053457292263
188.5 0.017636003776873896
189.5 0.017003498450513244
190.5 0.01614250435793141
191.5 0.015329931725740816
192.5 0.014228343501839996
193.5 0.013379454774355981
194.5 0.012240037284524514
195.5 0.011450162211892318
196.5 0.010356139841177621
197.5 0.009476987700949067
198.5 0.008785468719736582
199.5 0.007986514623281026
200.5 0.007186047356188255
201.5 0.006349263993802051
202.5 0.005780311834204921
203.5 0.005228004551617277
204.5 0.004586420201433277
205.5 0.00399477048227774
206.5 0.0036346358706178536
207.5 0.0030535783459229096
208.5 0.002841734456711215
209.5 0.002418046678287817
210.5 0.0021502154754987394
211.5 0.0019308057331009088
212.5 0.0017416594034476078
213.5 0.0015086311253147387
214.5 0.0012529052876234746
215.5 0.0010622457873329454
216.5 0.0010062584737555674
217.5 0.0008746126283168691
218.5 0.0007505326360643029
219.5 0.0007021111756730576
220.5 0.0006400711795467742
221.5 0.0005462546000387369
222.5 0.0004554643618051516
223.5 0.00039796387759054785
224.5 0.0003798058299438306
225.5 0.0003374370521014911
226.5 0.00031019998063141525
227.5 0.0002708575440635284
228.5 0.0002466468138679059
229.5 0.0002224360836722833
230.5 0.00020881754793724547
231.5 0.00019973852411388698
232.5 0.0001709882820065851
233.5 0.00018158047646717
234.5 0.00016796194073213228
235.5 0.00015736974627154744
236.5 0.00018006730582994363
237.5 0.00013013267480147195
238.5 0.00013618535735037763
239.5 0.00016796194073213233
240.5 0.00012710633352701917
241.5 0.0001392116986248304
242.5 0.00011348779779198141
243.5 0.00015283023435986817
244.5 0.00016342242882045309
245.5 0.00016796194073213228
246.5 0.00017401462328103795
247.5 0.00014526438117373614
248.5 0.0001679619407321323
249.5 0.00019217267092775492
250.5 0.00017704096455549076
251.5 0.00021335705984892468
252.5 0.00023756779004454744
253.5 0.00022243608367228322
254.5 0.00024664681386790585
255.5 0.0002481599845051323
256.5 0.0003404633933759437
257.5 0.000348029246562076
258.5 0.00037223997675769844
259.5 0.00033592388146426466
260.5 0.0004191482665117173
261.5 0.0004584907030796043
262.5 0.00046756972690296304
263.5 0.0005568467944993215
264.5 0.0005250702111175669
265.5 0.000626452643811737
266.5 0.000732374588417586
267.5 0.0007369141003292657
268.5 0.0007792828781716053
269.5 0.0008746126283168698
270.5 0.001118233100910323
271.5 0.0010909960294402477
272.5 0.0011515228549293045
273.5 0.0012846818710052293
274.5 0.0014632360061979466
275.5 0.0015479735618826257
276.5 0.0017265276970753428
277.5 0.0019050818322680601
278.5 0.002068504261088513
279.5 0.0022394925430950993
280.5 0.0023272564400542315
281.5 0.002536073987991478
282.5 0.0026737725159790807
283.5 0.002794826166957196
284.5 0.0029128534766608557
285.5 0.0031156183420491946
286.5 0.0031943032151849696
287.5 0.0032245666279294987
288.5 0.0033773968622893657
289.5 0.0034212788107689323
290.5 0.00348483197753244
291.5 0.0034923978307185716
292.5 0.003450029052876232
293.5 0.003440950029052873
294.5 0.0033516729614565173
295.5 0.0033607519852798737
296.5 0.0032427246755762154
297.5 0.003183711020724384
298.5 0.003092920782490798
299.5 0.002909827135386403
300.5 0.0027539705597520825
301.5 0.002741865194654271
302.5 0.002569363742010458
303.5 0.0023620593647104404
304.5 0.0021229784040286653
305.5 0.001986793046678286
306.5 0.0017477120859965127
307.5 0.0015404077086964944
308.5 0.0014329725934534184
309.5 0.0012286945574278524
310.5 0.0012120496804183612
311.5 0.000982047743559945
312.5 0.0008806653108657748
313.5 0.0007626380011621145
314.5 0.0006597423978307181
315.5 0.0005916497191555292
316.5 0.0004630302149912837
317.5 0.00040401656013945315
318.5 0.00034046339337594385
319.5 0.0002587521789657172
320.5 0.00022697559558396255
321.5 0.0001815804764671701
322.5 0.00018006730582994365
323.5 0.00012256682161533992
324.5 8.92770675963587e-05
325.5 0.00010743511524307573
326.5 6.5066337400736e-05
327.5 6.203999612628316e-05
328.5 7.111901994964168e-05
329.5 2.7237071470075538e-05
330.5 4.690828975401898e-05
331.5 2.1184388921169862e-05
332.5 2.42107301956227e-05
333.5 2.269755955839628e-05
334.5 1.9671218283943443e-05
335.5 7.565853186132094e-06
336.5 4.539511911679256e-06
337.5 9.079023823358512e-06
338.5 6.052682548905675e-06
339.5 1.5131706372264188e-06
340.5 7.565853186132094e-06
341.5 0.0
342.5 1.5131706372264188e-06
343.5 3.0263412744528375e-06
344.5 1.5131706372264188e-06
345.5 1.5131706372264188e-06
346.5 1.5131706372264188e-06
347.5 1.5131706372264188e-06
348.5 0.0
349.5 0.0
350.5 0.0
351.5 3.0263412744528375e-06
352.5 0.0
353.5 0.0
354.5 0.0
355.5 1.5131706372264188e-06
356.5 0.0
357.5 0.0
358.5 0.0
359.5 3.0263412744528375e-06
