0.5 1.5131706372264188e-06
1.5 0.0
2.5 0.0
3.5 1.5131706372264188e-06
4.5 0.0
5.5 0.0
6.5 1.5131706372264188e-06
7.5 1.5131706372264188e-06
8.5 1.5131706372264188e-06
9.5 0.0
10.5 3.0263412744528375e-06
11.5 1.5131706372264188e-06
12.5 3.0263412744528375e-06
13.5 3.0263412744528375e-06
14.5 0.0
15.5 1.5131706372264188e-06
16.5 3.0263412744528375e-06
17.5 6.052682548905675e-06
18.5 4.539511911679256e-06
19.5 3.0263412744528375e-06
20.5 3.0263412744528375e-06
21.5 1.3618535735037769e-05
22.5 2.572390083284912e-05
23.5 1.210536509781135e-05
24.5 1.6644877009490605e-05
25.5 2.7237071470075538e-05
26.5 2.42107301956227e-05
27.5 5.144780166569824e-05
28.5 4.3881948479566143e-05
29.5 6.355316676350958e-05
30.5 6.960584931241526e-05
31.5 8.171121441022661e-05
32.5 0.00013467218671315117
33.5 0.00012407999225256633
34.5 0.00016644877009490592
35.5 0.00021033071857447187
36.5 0.00024967315514235866
37.5 0.00029204193298469833
38.5 0.0003782926593066042
39.5 0.0003994770482277742
40.5 0.00046908289754018937
41.5 0.0006082945961650199
42.5 0.0006612555684679444
43.5 0.0007792828781716048
44.5 0.0009593501840015487
45.5 0.0011106672477241913
46.5 0.0012014574859577761
47.5 0.0013648799147782304
48.5 0.0016327111175673049
49.5 0.0017416594034476063
50.5 0.0019262662211892289
51.5 0.0021169257214797587
52.5 0.0024513364323068003
53.5 0.0025648242300987797
54.5 0.0028598925043579323
55.5 0.0031489080960681766
56.5 0.0034182524694944777
57.5 0.003611938311059459
58.5 0.003900953902769702
59.5 0.00402503389502227
60.5 0.004014441700561685
61.5 0.004324641681193101
62.5 0.004536485570404804
63.5 0.0044759587449157475
64.5 0.004727145070695331
65.5 0.004568262153786557
66.5 0.004836093356575637
67.5 0.00495260749564207
68.5 0.004752868971528184
69.5 0.004798264090644975
70.5 0.004633328491187296
71.5 0.0045455645942281625
72.5 0.00458490703079605
73.5 0.004318588998644196
74.5 0.004099179256246362
75.5 0.004046218283943439
76.5 0.003711807573116401
77.5 0.003625556846794496
78.5 0.003398581251210535
79.5 0.003073249564206857
80.5 0.0030823285880302157
81.5 0.00267528568661631
82.5 0.002542126670540384
83.5 0.002369625217896572
84.5 0.0021426496223126085
85.5 0.002085149138098004
86.5 0.0017991598876622114
87.5 0.0015479735618826244
88.5 0.0015388945380592673
89.5 0.0013104057718380786
90.5 0.0012589579701723797
91.5 0.0010304692039511904
92.5 0.0009729687197365867
93.5 0.0008337570211117559
94.5 0.0008594809219446052
95.5 0.000735400929692039
96.5 0.0006748741042029826
97.5 0.0005613863064110009
98.5 0.0005205306992058876
99.5 0.00044638533798179266
100.5 0.0004297404609723023
101.5 0.0003722399767576987
102.5 0.0003601346116598872
103.5 0.0002844760797985664
104.5 0.0002950682742591513
105.5 0.0002753970559752077
106.5 0.00025875217896571725
107.5 0.00021940974239783036
108.5 0.0001967121828394341
109.5 0.0002209229130350568
110.5 0.00018611998837884928
111.5 0.00014677755181096255
112.5 0.000155856575634321
113.5 0.0001498038930854153
114.5 0.00011954048034088709
115.5 0.00011802730970366067
116.5 0.00012861950416424554
117.5 0.00013164584543869838
118.5 0.00014223803989928325
119.5 0.00014223803989928327
120.5 0.00011500096842920783
121.5 0.00013769852798760403
122.5 0.00010894828588030215
123.5 0.00010894828588030215
124.5 0.00011500096842920783
125.5 0.00010894828588030215
126.5 0.00012407999225256633
127.5 0.00014072486926205682
128.5 0.00015736974627154746
129.5 0.00018460681774162282
130.5 0.00017250145264381157
131.5 0.0001634224288204531
132.5 0.00021184388921169836
133.5 0.0002300019368584153
134.5 0.00023302827813286814
135.5 0.00023908096068177374
136.5 0.00026783120278907585
137.5 0.00029052876234747206
138.5 0.00032079217509200055
139.5 0.00042368777842339655
140.5 0.0004418458260701137
141.5 0.0004993463102847176
142.5 0.0005734916715088123
143.5 0.0006582292271934919
144.5 0.0006869794693007935
145.5 0.0008973101878752654
146.5 0.0009487579895409641
147.5 0.001110667247724191
148.5 0.0012816555297307766
149.5 0.0013921169862483051
150.5 0.0015585657563432105
151.5 0.0019156740267286447
152.5 0.002077583284911872
153.5 0.0025118632577958567
154.5 0.0029113403060236306
155.5 0.0031640398024404387
156.5 0.0038812826844857582
157.5 0.0043533919233004065
158.5 0.004808856285105562
159.5 0.0055079411195041676
160.5 0.006190381076893281
161.5 0.007019598586093345
162.5 0.007773157563432104
163.5 0.008682573116405187
164.5 0.009421000387371689
165.5 0.01055285202401706
166.5 0.011563650009684297
167.5 0.01240497288398218
168.5 0.013408205016463285
169.5 0.014606636161146588
170.5 0.015624999999999965
171.5 0.016670600910323432
172.5 0.01786449254309508
173.5 0.018242785202401694
174.5 0.019232398799147777
175.5 0.020063129478985083
176.5 0.020849978210342828
177.5 0.020843925527793912
178.5 0.021258534282393965
179.5 0.021272152818129
180.5 0.021782091322874307
181.5 0.02160353718768158
182.5 0.02070622699980631
183.5 0.02031885531667635
184.5 0.019905759732713538
185.5 0.019261149041255077
186.5 0.018230679837303882
187.5 0.01764054328878557
188.5 0.016941458454386965
189.5 0.015617434146813837
190.5 0.014623281038156083
191.5 0.013279585512299033
192.5 0.012516947511136932
193.5 0.011530360255665326
194.5 0.01028804716250243
195.5 0.009611659887662213
196.5 0.008417768254890557
197.5 0.007547695138485367
198.5 0.006804728355607198
199.5 0.006269065950029056
200.5 0.005513993802053073
201.5 0.00466510507456905
202.5 0.00430497046290916
203.5 0.003722399767576985
204.5 0.0031655529730776656
205.5 0.002915879817935309
206.5 0.002517915940344762
207.5 0.0022092291303505715
208.5 0.001911134514816965
209.5 0.0016932379430563613
210.5 0.0015267891729614559
211.5 0.0012952740654658143
212.5 0.0010788906643424362
213.5 0.0009850740848343976
214.5 0.0008534282393956992
215.5 0.0007157297114080956
216.5 0.0006945453224869257
217.5 0.0005523072825876425
218.5 0.000490267286461359
219.5 0.0004357931435212082
220.5 0.0003843453418555099
221.5 0.0003586214410226609
222.5 0.00028144973852411363
223.5 0.0002557258376912644
224.5 0.00022394925430950968
225.5 0.00021335705984892474
226.5 0.00017552779391826436
227.5 0.00016493559945767944
228.5 0.00017855413519271714
229.5 0.0001603960875460002
230.5 0.0001619092581832266
231.5 0.00013013267480147198
232.5 0.00012710633352701914
233.5 0.00011046145651752857
234.5 0.00012256682161533992
235.5 0.00010894828588030215
236.5 9.986926205694364e-05
237.5 9.835609141971722e-05
238.5 0.00010289560333139648
239.5 0.00012256682161533992
240.5 9.68429207824908e-05
241.5 0.00014223803989928325
242.5 0.00012710633352701917
243.5 0.00012559316288979273
244.5 0.00014526438117373609
245.5 0.0001331590160759248
246.5 0.00018460681774162284
247.5 0.00014375121053650968
248.5 0.00019519901220220774
249.5 0.0001997385241138871
250.5 0.0001906595002905284
251.5 0.00023000193685841533
252.5 0.0002511863257795852
253.5 0.00023000193685841533
254.5 0.0002875024210730193
255.5 0.0003117131512686418
256.5 0.0002753970559752077
257.5 0.00032230534572922677
258.5 0.0003616477822971138
259.5 0.000446385337981793
260.5 0.00046756972690296266
261.5 0.0005492809413131896
262.5 0.0005992155723416615
263.5 0.0006718477629285293
264.5 0.0006763872748402084
265.5 0.0008579677513073785
266.5 0.0009139550648847566
267.5 0.0010213901801278322
268.5 0.0010410613984117758
269.5 0.0011227726128220025
270.5 0.0012725765059074183
271.5 0.0014359989347278708
272.5 0.0016221189231067205
273.5 0.001850607689327908
274.5 0.001961069145845436
275.5 0.002103307185744722
276.5 0.0023045588804958355
277.5 0.002474033991865196
278.5 0.0027191676350958754
279.5 0.0029370642068564795
280.5 0.0029794329846988196
281.5 0.0033441071082703834
282.5 0.0036028592872360977
283.5 0.003569569533217119
284.5 0.0039750992639937975
285.5 0.004182403641293818
286.5 0.004214180224675574
287.5 0.00446990606236684
288.5 0.0045773411776099185
289.5 0.00458036751888437
290.5 0.0048905674995157866
291.5 0.004866356769320166
292.5 0.004840632868487315
293.5 0.004976818225837696
294.5 0.004777079701723803
295.5 0.004678723610304088
296.5 0.004668131415843504
297.5 0.004348852411388727
298.5 0.004188456323842723
299.5 0.0039493753631609455
300.5 0.00398569145845438
301.5 0.0038555587836529093
302.5 0.003698189037381363
303.5 0.0032064085802827776
304.5 0.003039959810187876
305.5 0.002865945186906837
306.5 0.002578442765833818
307.5 0.002449823261669573
308.5 0.0021184388921169843
309.5 0.0019474506101103991
310.5 0.00169021160178191
311.5 0.0015646184388921156
312.5 0.0013966564981599842
313.5 0.001186325779585512
314.5 0.0011500096842920772
315.5 0.0008912575053263602
316.5 0.0008125726321905857
317.5 0.0006975716637613785
318.5 0.000582570695332171
319.5 0.0004252009490606231
320.5 0.0004478985086190194
321.5 0.00037375314739492504
322.5 0.00030566046871973606
323.5 0.00023605461940732095
324.5 0.00020276486538833974
325.5 0.00016644877009490587
326.5 0.0001316458454386984
327.5 0.00011651413906643425
328.5 9.230340887081154e-05
329.5 9.381657950803796e-05
330.5 5.144780166569824e-05
331.5 6.355316676350958e-05
332.5 4.84214603912454e-05
333.5 3.480292465620763e-05
334.5 1.6644877009490605e-05
335.5 3.328975401898121e-05
336.5 3.177658338175479e-05
337.5 1.8158047646717024e-05
338.5 1.3618535735037769e-05
339.5 4.539511911679256e-06
340.5 1.0592194460584931e-05
341.5 1.0592194460584931e-05
342.5 4.539511911679256e-06
343.5 7.565853186132094e-06
344.5 3.0263412744528375e-06
345.5 3.0263412744528375e-06
346.5 4.539511911679256e-06
347.5 0.0
348.5 3.0263412744528375e-06
349.5 1.5131706372264188e-06
350.5 0.0
351.5 1.5131706372264188e-06
352.5 3.0263412744528375e-06
353.5 0.0
354.5 4.539511911679256e-06
355.5 1.5131706372264188e-06
356.5 0.0
357.5 0.0
358.5 0.0
359.5 3.0263412744528375e-06
