0.5 5.4474142940151076e-05
1.5 8.019804377300019e-05
2.5 8.776389695913229e-05
3.5 8.92770675963587e-05
4.5 9.532975014526438e-05
5.5 0.00011197462715475499
6.5 0.00011500096842920783
7.5 0.00011046145651752857
8.5 0.000130132674801472
9.5 0.00015131706372264182
10.5 0.00016493559945767957
11.5 0.0001921726709277551
12.5 0.00017250145264381168
13.5 0.00018158047646717017
14.5 0.0002224360836722834
15.5 0.0002617785202401704
16.5 0.00029658144489637806
17.5 0.00036921363548324596
18.5 0.0003601346116598875
19.5 0.00043730631415843477
20.5 0.0005916497191555298
21.5 0.0006915189812124733
22.5 0.0007717170249854734
23.5 0.0008382965330234358
24.5 0.0011121804183614181
25.5 0.001331590160759249
26.5 0.0015631052682548907
27.5 0.00198981938795274
28.5 0.0023242300987797787
29.5 0.0027312730001936856
30.5 0.0031398290722448193
31.5 0.0037935187875266334
32.5 0.004232338272322293
33.5 0.004746816288979275
34.5 0.005287018206469107
35.5 0.005686495254696883
36.5 0.006231236684098394
37.5 0.0064990678868874704
38.5 0.00691821615339919
39.5 0.00728137710633353
40.5 0.007591577086964944
41.5 0.007500786848731358
42.5 0.007650590741816775
43.5 0.007496247336819682
44.5 0.0074659839240751496
45.5 0.00718756052682549
46.5 0.006904597617664148
47.5 0.006615582025953905
48.5 0.00637196155336045
49.5 0.006020905965523921
50.5 0.005743995738911487
51.5 0.005403532345535542
52.5 0.0053218211311253155
53.5 0.004893593840790239
54.5 0.004649973368196785
55.5 0.004683263122215767
56.5 0.004504708987023049
57.5 0.004447208502808444
58.5 0.004376089482858803
59.5 0.004211153883401124
60.5 0.004208127542126671
61.5 0.004230825101685067
62.5 0.004223259248498933
63.5 0.004486550939376329
64.5 0.004441155820259539
65.5 0.004662078733294596
66.5 0.005140240654658144
67.5 0.005350571373232617
68.5 0.005845378171605657
69.5 0.006131367422041451
70.5 0.006724530311834207
71.5 0.00745387855897734
72.5 0.008006185841564982
73.5 0.008473755568467944
74.5 0.009360473561882623
75.5 0.010171533023435984
76.5 0.01122923929885725
77.5 0.012253655820259538
78.5 0.01293760894828588
79.5 0.013828866453612238
80.5 0.014514332752275807
81.5 0.015101442959519658
82.5 0.015257299535153979
83.5 0.01556901268642262
84.5 0.015354142455936465
85.5 0.014815453709083864
86.5 0.014476503486345143
87.5 0.013380967944993216
88.5 0.01260622457873329
89.5 0.011139962231260897
90.5 0.010141269610691459
91.5 0.008859614080960683
92.5 0.007756512686422621
93.5 0.0067865703079604866
94.5 0.0056849820840596576
95.5 0.004839119697850087
96.5 0.003982665117179935
97.5 0.003351672961456518
98.5 0.002846273968622895
99.5 0.0025421266705403837
100.5 0.002189557912066627
101.5 0.0019308057331009101
102.5 0.001703830137516948
103.5 0.001543434049970947
104.5 0.0012922477241913614
105.5 0.001266523823358513
106.5 0.0011848126089482863
107.5 0.0011031013945380596
108.5 0.0010531667635095875
109.5 0.0010047453031183417
110.5 0.0009502711601781906
111.5 0.000974481890373814
112.5 0.0009200077474336623
113.5 0.000907902382335851
114.5 0.000907902382335851
115.5 0.0008504018981212472
116.5 0.0009109287236103037
117.5 0.0008594809219446055
118.5 0.0008050067790044545
119.5 0.000798954096455549
120.5 0.0009079023823358514
121.5 0.0008367833623862095
122.5 0.0008912575053263607
123.5 0.0008655336044935115
124.5 0.0008791521402285495
125.5 0.0008398097036606625
126.5 0.0008715862870424172
127.5 0.0009018496997869451
128.5 0.001047114080960682
129.5 0.001065272128607399
130.5 0.0010713248111563047
131.5 0.001159088708115437
132.5 0.0012468526050745698
133.5 0.001320997966298664
134.5 0.0014027091807088906
135.5 0.0014723150300213054
136.5 0.0016024477048227773
137.5 0.0018415286655045515
138.5 0.0019701481696687974
139.5 0.0021668603525082314
140.5 0.002257650590741817
141.5 0.002431665214022856
142.5 0.002617785202401705
143.5 0.003053578345922913
144.5 0.0032563432113112546
145.5 0.0035256875847375566
146.5 0.0038903617083091233
147.5 0.004117337303893085
148.5 0.00444569533217122
149.5 0.004866356769320166
150.5 0.0053233343017625445
151.5 0.005604784040286658
152.5 0.006020905965523923
153.5 0.006411303989928338
154.5 0.006875847375556848
155.5 0.0071739419910904515
156.5 0.007467497094712377
157.5 0.008106055103621926
158.5 0.008525203370133646
159.5 0.008821784815030024
160.5 0.009328696978500877
161.5 0.009546593550261476
162.5 0.01025021789657176
163.5 0.010186664729808254
164.5 0.011118777842339727
165.5 0.011286739783071854
166.5 0.01164838756536897
167.5 0.01187233681967848
168.5 0.012128062657369747
169.5 0.012241550455161728
170.5 0.012187076312221578
171.5 0.01201003534766608
172.5 0.011569702692233202
173.5 0.011050685163664533
174.5 0.010622457873329461
175.5 0.009693371102072438
176.5 0.008809679449932212
177.5 0.007945659016075924
178.5 0.00711492833623862
179.5 0.00653689715281813
180.5 0.00573037720317645
181.5 0.005458006488475693
182.5 0.005049450416424561
183.5 0.004466879721092389
184.5 0.004392734359868294
185.5 0.004191482665117179
186.5 0.003902467073406932
187.5 0.0037814134224288198
188.5 0.0037450973271353867
189.5 0.0035847012395893857
190.5 0.003575622215766028
191.5 0.003475752953709084
192.5 0.003254830040674027
193.5 0.0031352895603331396
194.5 0.0030112095680805734
195.5 0.002732786170830912
196.5 0.0025572583769126484
197.5 0.002359033023435987
198.5 0.0021471891342242882
199.5 0.001965608657757118
200.5 0.0017053433081541738
201.5 0.0014829072244818904
202.5 0.0013209979662986639
203.5 0.001156062366840984
204.5 0.0009714555490993609
205.5 0.0008882311640519077
206.5 0.0007641511717993414
207.5 0.0006915189812124732
208.5 0.0005961892310672088
209.5 0.0004902672864613595
210.5 0.00040401656013945364
211.5 0.00035710827038543466
212.5 0.00027842339724966093
213.5 0.0002663180321518496
214.5 0.00021789657176060425
215.5 0.0002042780360255664
216.5 0.0001558565756343211
217.5 0.00017098828200658525
218.5 0.000130132674801472
219.5 0.00011651413906643425
220.5 0.00011802730970366065
221.5 0.00010592194460584931
222.5 8.92770675963587e-05
223.5 0.00011500096842920783
224.5 0.00011046145651752857
225.5 0.00010289560333139648
226.5 0.00010894828588030215
227.5 0.00011197462715475499
228.5 9.835609141971722e-05
229.5 0.0001044087739686229
230.5 0.00010743511524307573
231.5 0.00011954048034088709
232.5 0.00011651413906643425
233.5 0.000130132674801472
234.5 0.000130132674801472
235.5 0.00014677755181096257
236.5 0.00012256682161533992
237.5 0.00013164584543869838
238.5 0.00015131706372264187
239.5 0.00018611998837884944
240.5 0.0001800673058299438
241.5 0.0001800673058299438
242.5 0.00013013267480147198
243.5 0.0001740146232810381
244.5 0.00018914632965330225
245.5 0.00017401462328103811
246.5 0.00018006730582994382
247.5 0.0001679619407321324
248.5 0.00016796194073213244
249.5 0.00017704096455549095
250.5 0.00016796194073213244
251.5 0.00018763315901607584
252.5 0.0001725014526438117
253.5 0.00021487023048615133
254.5 0.00022546242494673625
255.5 0.0002769102266124345
256.5 0.00027691022661243455
257.5 0.0002920419329846988
258.5 0.0003268448576409064
259.5 0.0003873716831299631
260.5 0.00042520094906062374
261.5 0.00048270143327522764
262.5 0.0004645433856285106
263.5 0.0004978331396474916
264.5 0.0004978331396474917
265.5 0.0004887541158241332
266.5 0.0004630302149912841
267.5 0.000491780457098586
268.5 0.0004751355800890956
269.5 0.0004267141196978501
270.5 0.0004115824133255859
271.5 0.0003480292465620762
272.5 0.0003071736393569631
273.5 0.0003101999806314159
274.5 0.00025875217896571747
275.5 0.00019671218283943436
276.5 0.00016342242882045314
277.5 0.00015585657563432103
278.5 0.00012710633352701914
279.5 8.473755568467945e-05
280.5 8.171121441022661e-05
281.5 6.960584931241526e-05
282.5 3.9342436567886886e-05
283.5 2.42107301956227e-05
284.5 2.1184388921169862e-05
285.5 3.0263412744528376e-05
286.5 2.572390083284912e-05
287.5 2.572390083284912e-05
288.5 1.3618535735037769e-05
289.5 6.052682548905675e-06
290.5 4.539511911679256e-06
291.5 9.079023823358512e-06
292.5 6.052682548905675e-06
293.5 1.5131706372264188e-05
294.5 3.0263412744528375e-06
295.5 6.052682548905675e-06
296.5 3.0263412744528375e-06
297.5 6.052682548905675e-06
298.5 6.052682548905675e-06
299.5 0.0
300.5 1.5131706372264188e-06
301.5 4.539511911679256e-06
302.5 7.565853186132094e-06
303.5 1.5131706372264188e-06
304.5 0.0
305.5 3.0263412744528375e-06
306.5 1.5131706372264188e-06
307.5 7.565853186132094e-06
308.5 3.0263412744528375e-06
309.5 6.052682548905675e-06
310.5 1.0592194460584931e-05
311.5 1.3618535735037769e-05
312.5 1.0592194460584931e-05
313.5 4.539511911679256e-06
314.5 2.269755955839628e-05
315.5 1.9671218283943443e-05
316.5 2.7237071470075538e-05
317.5 3.480292465620763e-05
318.5 2.572390083284912e-05
319.5 3.782926593066047e-05
320.5 5.5987313577377495e-05
321.5 5.901365485183033e-05
322.5 6.657950803796242e-05
323.5 5.7500484214603914e-05
324.5 5.7500484214603914e-05
325.5 7.868487313577377e-05
326.5 6.657950803796242e-05
327.5 7.26321905868681e-05
328.5 0.00010138243269417006
329.5 9.230340887081154e-05
330.5 8.171121441022661e-05
331.5 0.00010743511524307573
332.5 8.019804377300019e-05
333.5 8.776389695913229e-05
334.5 7.414536122409452e-05
335.5 7.717170249854735e-05
336.5 7.717170249854735e-05
337.5 7.565853186132094e-05
338.5 5.5987313577377495e-05
339.5 7.111901994964168e-05
340.5 5.7500484214603914e-05
341.5 6.052682548905675e-05
342.5 6.809267867518884e-05
343.5 5.7500484214603914e-05
344.5 4.690828975401898e-05
345.5 5.7500484214603914e-05
346.5 5.296097230292466e-05
347.5 5.5987313577377495e-05
348.5 3.480292465620763e-05
349.5 5.5987313577377495e-05
350.5 5.5987313577377495e-05
351.5 5.5987313577377495e-05
352.5 4.690828975401898e-05
353.5 4.539511911679256e-05
354.5 6.355316676350958e-05
355.5 5.4474142940151076e-05
356.5 5.144780166569824e-05
357.5 5.7500484214603914e-05
358.5 6.960584931241526e-05
359.5 8.322438504745303e-05
