0.5 1.5131706372264188e-06
1.5 0.0
2.5 0.0
3.5 1.5131706372264188e-06
4.5 0.0
5.5 0.0
6.5 0.0
7.5 0.0
8.5 0.0
9.5 0.0
10.5 0.0
11.5 0.0
12.5 0.0
13.5 0.0
14.5 3.0263412744528375e-06
15.5 0.0
16.5 0.0
17.5 0.0
18.5 0.0
19.5 0.0
20.5 1.5131706372264188e-06
21.5 3.0263412744528375e-06
22.5 3.0263412744528375e-06
23.5 3.0263412744528375e-06
24.5 7.565853186132094e-06
25.5 9.079023823358512e-06
26.5 1.3618535735037769e-05
27.5 1.8158047646717024e-05
28.5 1.0592194460584931e-05
29.5 1.9671218283943443e-05
30.5 1.5131706372264188e-05
31.5 2.8750242107301957e-05
32.5 4.993463102847182e-05
33.5 5.7500484214603914e-05
34.5 8.625072632190587e-05
35.5 0.00010592194460584931
36.5 0.00013013267480147195
37.5 0.000155856575634321
38.5 0.0001921726709277549
39.5 0.00024967315514235866
40.5 0.00038434534185550985
41.5 0.00046605655626573634
42.5 0.0005644126476854533
43.5 0.0006718477629285295
44.5 0.0007989540964555485
45.5 0.0009548106720898694
46.5 0.0012604711408096068
47.5 0.0015146838078636453
48.5 0.0018142915940344746
49.5 0.0020685042610885133
50.5 0.0024362047259345364
51.5 0.002811471043966687
52.5 0.0033365412550842508
53.5 0.004017468041836137
54.5 0.004675697269029635
55.5 0.005140240654658148
56.5 0.005715245496804188
57.5 0.006479396668603524
58.5 0.006959071760604294
59.5 0.007700525372845232
60.5 0.008311846310284714
61.5 0.008619019949641675
62.5 0.009183432597327136
63.5 0.009304486248305249
64.5 0.009520869649428632
65.5 0.009887056943637425
66.5 0.009973307669959327
67.5 0.00987343840790239
68.5 0.009596528181289954
69.5 0.009697910613984125
70.5 0.00932113112531474
71.5 0.008802113596746075
72.5 0.008802113596746078
73.5 0.007894211214410213
74.5 0.007382759539027686
75.5 0.007146704919620365
76.5 0.006437027890761188
77.5 0.005747022080185941
78.5 0.005096358706178581
79.5 0.00465299970947124
80.5 0.004214180224675575
81.5 0.003587727580863835
82.5 0.0031655529730776674
83.5 0.0028477871392601213
84.5 0.002483113015688554
85.5 0.002100280844470269
86.5 0.0018218574472206057
87.5 0.0015827764865388324
88.5 0.0013633667441410038
89.5 0.0011379043191942666
90.5 0.0009911267673833038
91.5 0.0008140858028278122
92.5 0.0007429667828781708
93.5 0.0005916497191555292
94.5 0.0005265833817547931
95.5 0.0004252009490606232
96.5 0.00035408192911098147
97.5 0.00030717363935696255
98.5 0.00024815998450513233
99.5 0.00023151510749564185
100.5 0.00021335705984892476
101.5 0.0001679619407321323
102.5 0.00014223803989928327
103.5 0.00012559316288979276
104.5 0.00013769852798760406
105.5 9.532975014526438e-05
106.5 9.532975014526438e-05
107.5 8.019804377300019e-05
108.5 8.473755568467945e-05
109.5 5.5987313577377495e-05
110.5 5.901365485183033e-05
111.5 6.809267867518884e-05
112.5 5.4474142940151076e-05
113.5 5.296097230292466e-05
114.5 6.203999612628316e-05
115.5 5.144780166569824e-05
116.5 3.9342436567886886e-05
117.5 2.269755955839628e-05
118.5 4.993463102847182e-05
119.5 3.9342436567886886e-05
120.5 3.0263412744528376e-05
121.5 4.3881948479566143e-05
122.5 3.9342436567886886e-05
123.5 6.657950803796242e-05
124.5 4.0855607205113305e-05
125.5 3.9342436567886886e-05
126.5 3.782926593066047e-05
127.5 5.144780166569824e-05
128.5 4.84214603912454e-05
129.5 5.4474142940151076e-05
130.5 5.901365485183033e-05
131.5 7.111901994964168e-05
132.5 6.809267867518884e-05
133.5 7.414536122409452e-05
134.5 9.381657950803796e-05
135.5 7.111901994964168e-05
136.5 0.00010138243269417006
137.5 0.00012861950416424557
138.5 0.00015283023435986817
139.5 0.0001649355994576795
140.5 0.00015585657563432098
141.5 0.0001861199883788493
142.5 0.00023605461940732095
143.5 0.0002905287623474719
144.5 0.00037980582994383077
145.5 0.0004494116792562456
146.5 0.0004948067983730384
147.5 0.000686979469300794
148.5 0.0007459931241526239
149.5 0.0008761257989540953
150.5 0.001116719930273097
151.5 0.0012650106527212867
152.5 0.0014798808832074378
153.5 0.0017779754987410404
154.5 0.0020094906062366816
155.5 0.0022773218090257597
156.5 0.0026571276389695925
157.5 0.003018775421266707
158.5 0.0034379236877784204
159.5 0.0038858221963974375
160.5 0.004536485570404804
161.5 0.004937475789269807
162.5 0.005663797695138485
163.5 0.006213078636451673
164.5 0.006962098101878744
165.5 0.0074947341661824405
166.5 0.00828612240945186
167.5 0.008889877493705208
168.5 0.009920346697656412
169.5 0.010490812027890765
170.5 0.011651413906643432
171.5 0.011792138775905481
172.5 0.012775699690102652
173.5 0.013408205016463278
174.5 0.013847024501258945
175.5 0.01462782055006776
176.5 0.015276970753437893
177.5 0.015286049777261253
178.5 0.01572789560333137
179.5 0.016068358996707315
180.5 0.01585954144877006
181.5 0.01559019707534376
182.5 0.01544795903544448
183.5 0.015343550261475856
184.5 0.014482556168894031
185.5 0.014142092775518084
186.5 0.01344452111175672
187.5 0.012578987507263212
188.5 0.012215826554328877
189.5 0.011267068564787925
190.5 0.01068449786945575
191.5 0.009876464749176844
192.5 0.009010931144683326
193.5 0.008404149719155526
194.5 0.007600656110788287
195.5 0.006816833720705013
196.5 0.006088998644199107
197.5 0.005465572341661825
198.5 0.004945041642455936
199.5 0.004515301181483631
200.5 0.0039297041448770045
201.5 0.003442463199690097
202.5 0.0029703539608754597
203.5 0.0025708769126476867
204.5 0.002331795951965911
205.5 0.0018551472012395868
206.5 0.0016085003873716822
207.5 0.0014889599070307949
208.5 0.0012392867518884367
209.5 0.0010350087158628692
210.5 0.0008110594615533597
211.5 0.0007626380011621143
212.5 0.0006567160565562655
213.5 0.000558359965136548
214.5 0.0004630302149912836
215.5 0.00044789850861901926
216.5 0.00032230534572922666
217.5 0.00027237071470075504
218.5 0.0002526994964168116
219.5 0.00019973852411388698
220.5 0.00019822535347666063
221.5 0.00013921169862483046
222.5 0.00011046145651752857
223.5 9.532975014526438e-05
224.5 0.00010138243269417006
225.5 8.171121441022661e-05
226.5 7.26321905868681e-05
227.5 5.144780166569824e-05
228.5 7.414536122409452e-05
229.5 5.4474142940151076e-05
230.5 5.144780166569824e-05
231.5 5.7500484214603914e-05
232.5 4.539511911679256e-05
233.5 3.177658338175479e-05
234.5 4.993463102847182e-05
235.5 4.0855607205113305e-05
236.5 3.0263412744528376e-05
237.5 2.1184388921169862e-05
238.5 2.7237071470075538e-05
239.5 3.631609529343405e-05
240.5 4.539511911679256e-05
241.5 5.296097230292466e-05
242.5 6.657950803796242e-05
243.5 4.2368777842339724e-05
244.5 5.144780166569824e-05
245.5 4.690828975401898e-05
246.5 5.5987313577377495e-05
247.5 4.84214603912454e-05
248.5 6.657950803796242e-05
249.5 6.960584931241526e-05
250.5 8.019804377300019e-05
251.5 6.960584931241526e-05
252.5 9.079023823358512e-05
253.5 8.019804377300019e-05
254.5 9.68429207824908e-05
255.5 0.00010289560333139648
256.5 0.00012407999225256633
257.5 0.00013769852798760403
258.5 0.0001543434049970946
259.5 0.0002300019368584152
260.5 0.0002542126670540379
261.5 0.00029355510362192493
262.5 0.00033138436955258525
263.5 0.00040704290141390607
264.5 0.00046605655626573634
265.5 0.0005417150881270575
266.5 0.0006839531280263408
267.5 0.0006506633740073598
268.5 0.0008534282393956993
269.5 0.00097145554909936
270.5 0.0011938916327716438
271.5 0.0013028399186519467
272.5 0.0014798808832074365
273.5 0.0017688964749176818
274.5 0.0022727822971140813
275.5 0.0025254817935308938
276.5 0.0027131149525469697
277.5 0.0032321324811156295
278.5 0.0038222690296339304
279.5 0.004065889502227383
280.5 0.004846685551036221
281.5 0.005128135289560339
282.5 0.005892286461359679
283.5 0.00644459374394732
284.5 0.006930321518496991
285.5 0.00751137904319193
286.5 0.008028883401123366
287.5 0.008473755568467937
288.5 0.008894417005616887
289.5 0.009357447220608179
290.5 0.009658568177416234
291.5 0.009776595487119899
292.5 0.010100414003486354
293.5 0.00984014865388341
294.5 0.009540540867712574
295.5 0.009561725256633746
296.5 0.00908053699399574
297.5 0.009278762347472403
298.5 0.008502505810575241
299.5 0.007956251210536495
300.5 0.007668748789463483
301.5 0.007207231745109422
302.5 0.006315974239783071
303.5 0.005970971334495451
304.5 0.005031292368777847
305.5 0.0045939860546194075
306.5 0.003970559752082119
307.5 0.003431871005229514
308.5 0.0029234456711214425
309.5 0.0024225861901994964
310.5 0.0021214652333914384
311.5 0.0017810018400154937
312.5 0.0015525130737943048
313.5 0.0012423130931628898
314.5 0.0009744818903738125
315.5 0.0008231648266511716
316.5 0.0006264526438117367
317.5 0.0005432282587642837
318.5 0.00036467412357156634
319.5 0.00035559509974820774
320.5 0.0002875024210730192
321.5 0.00023605461940732103
322.5 0.0001573697462715474
323.5 0.00012861950416424557
324.5 9.68429207824908e-05
325.5 7.414536122409452e-05
326.5 5.296097230292466e-05
327.5 3.9342436567886886e-05
328.5 3.480292465620763e-05
329.5 3.0263412744528376e-05
330.5 1.8158047646717024e-05
331.5 7.565853186132094e-06
332.5 9.079023823358512e-06
333.5 9.079023823358512e-06
334.5 6.052682548905675e-06
335.5 6.052682548905675e-06
336.5 4.539511911679256e-06
337.5 3.0263412744528375e-06
338.5 3.0263412744528375e-06
339.5 0.0
340.5 3.0263412744528375e-06
341.5 4.539511911679256e-06
342.5 0.0
343.5 1.5131706372264188e-06
344.5 0.0
345.5 0.0
346.5 0.0
347.5 0.0
348.5 0.0
349.5 0.0
350.5 0.0
351.5 0.0
352.5 0.0
353.5 0.0
354.5 0.0
355.5 1.5131706372264188e-06
356.5 0.0
357.5 0.0
358.5 1.5131706372264188e-06
359.5 0.0
