0.5 1.5131706372264188e-06
1.5 1.5131706372264188e-06
2.5 1.5131706372264188e-06
3.5 0.0
4.5 0.0
5.5 1.5131706372264188e-06
6.5 1.5131706372264188e-06
7.5 0.0
8.5 1.5131706372264188e-06
9.5 0.0
10.5 3.0263412744528375e-06
11.5 3.0263412744528375e-06
12.5 3.0263412744528375e-06
13.5 3.0263412744528375e-06
14.5 1.5131706372264188e-06
15.5 0.0
16.5 4.539511911679256e-06
17.5 1.5131706372264188e-06
18.5 4.539511911679256e-06
19.5 6.052682548905675e-06
20.5 9.079023823358512e-06
21.5 1.0592194460584931e-05
22.5 4.539511911679256e-06
23.5 7.565853186132094e-06
24.5 3.0263412744528375e-06
25.5 2.1184388921169862e-05
26.5 2.269755955839628e-05
27.5 1.5131706372264188e-05
28.5 3.631609529343405e-05
29.5 2.7237071470075538e-05
30.5 4.993463102847182e-05
31.5 6.052682548905675e-05
32.5 7.111901994964168e-05
33.5 7.565853186132094e-05
34.5 9.532975014526438e-05
35.5 0.00011954048034088709
36.5 0.00016190925818322665
37.5 0.0001694751113693587
38.5 0.0001876331590160758
39.5 0.0002315151074956417
40.5 0.0003223053457292269
41.5 0.0003646741235715665
42.5 0.0004463853379817929
43.5 0.0005492809413131896
44.5 0.0006340184969978687
45.5 0.0006673082510168502
46.5 0.0007838223900832845
47.5 0.0009366526244431525
48.5 0.0010213901801278322
49.5 0.001189352120859965
50.5 0.00128468187100523
51.5 0.001488959907030795
52.5 0.001670540383497965
53.5 0.0019065950029052868
54.5 0.0020004115824133243
55.5 0.0022137686422622517
56.5 0.0023802174123571575
57.5 0.0025890349602944026
58.5 0.0027917998256827424
59.5 0.002879563722641875
60.5 0.0030793022467557616
61.5 0.003079302246755762
62.5 0.003247264187487894
63.5 0.0033501597908192913
64.5 0.003360751985279876
65.5 0.0034939110013558
66.5 0.0034636475886112733
67.5 0.0034575949060623654
68.5 0.0034333841758667416
69.5 0.0035604905093937636
70.5 0.0035226612434631007
71.5 0.0032351588223900845
72.5 0.0032260797985667247
73.5 0.0030823285880302127
74.5 0.0029219325004842165
75.5 0.0029219325004842148
76.5 0.002778181289947705
77.5 0.0026556144683323665
78.5 0.0023393618051520434
79.5 0.002380217412357158
80.5 0.0021456759635870614
81.5 0.002085149138098005
82.5 0.0018490945186906821
83.5 0.001725014526438117
84.5 0.0015207364904125504
85.5 0.001411788204532249
86.5 0.0013512613790431908
87.5 0.0011938916327716446
88.5 0.0011046145651752853
89.5 0.0010561931047840404
90.5 0.0009608633546387753
91.5 0.0008746126283168698
92.5 0.0007157297114080956
93.5 0.0006975716637613789
94.5 0.0005568467944993217
95.5 0.000602241913616114
96.5 0.0005265833817547935
97.5 0.0005023726515591705
98.5 0.0004418458260701138
99.5 0.00039493753631609477
100.5 0.0003631609529343401
101.5 0.0003389502227387173
102.5 0.00028750242107301925
103.5 0.0002844760797985664
104.5 0.00026177852024017006
105.5 0.00021789657176060398
106.5 0.0002693443734263022
107.5 0.00020427803602556617
108.5 0.00020125169475111336
109.5 0.00019217267092775487
110.5 0.0001437512105365097
111.5 0.00013921169862483046
112.5 0.00015736974627154746
113.5 0.00019519901220220782
114.5 0.00014223803989928327
115.5 0.0001513170637226418
116.5 0.0001498038930854153
117.5 0.00012407999225256633
118.5 0.00015585657563432098
119.5 0.00010592194460584931
120.5 0.00011651413906643425
121.5 0.00014980389308541538
122.5 0.0001422380398992833
123.5 0.00011802730970366067
124.5 0.00014223803989928327
125.5 0.00016644877009490584
126.5 0.0001346721867131512
127.5 0.00016644877009490584
128.5 0.00018006730582994355
129.5 0.00020276486538833984
130.5 0.00022546242494673606
131.5 0.0002451336432306794
132.5 0.00021184388921169833
133.5 0.00030868680999418893
134.5 0.0003223053457292269
135.5 0.0003737531473949248
136.5 0.00038585851249273634
137.5 0.00046908289754018926
138.5 0.00048572777454967974
139.5 0.0006234263025372838
140.5 0.0006052682548905668
141.5 0.0007520458067015297
142.5 0.0008171121441022652
143.5 0.0009427053069920577
144.5 0.0010864565175285684
145.5 0.0011136935889986435
146.5 0.001304353089289172
147.5 0.001619092581832267
148.5 0.0018400154948673229
149.5 0.0021592944993220975
150.5 0.002306072051133063
151.5 0.0027721286073988005
152.5 0.003089894441216347
153.5 0.003424305152043383
154.5 0.003766281716056553
155.5 0.0045031958163858216
156.5 0.005090306023629676
157.5 0.0056713635483246205
158.5 0.006141959616502036
159.5 0.007024138098005029
160.5 0.007783749757892685
161.5 0.008520663858221958
162.5 0.00955567257408484
163.5 0.01034857398799149
164.5 0.011159633449544855
165.5 0.012185563141584355
166.5 0.013406691845826057
167.5 0.013987749370520995
168.5 0.015107495642068538
169.5 0.01620303118342046
170.5 0.017345475014526414
171.5 0.018040020337013348
172.5 0.019132529537090832
173.5 0.019730231938795265
174.5 0.020436882626380007
175.5 0.0206366211504939
176.5 0.021594458163858226
177.5 0.02200452740654658
178.5 0.022021172283556063
179.5 0.022260253244237846
180.5 0.022166436664729807
181.5 0.022222423978307183
182.5 0.022069593743947326
183.5 0.021556628897927567
184.5 0.020986163567693197
185.5 0.020273460197559556
186.5 0.01964852072438504
187.5 0.018705815417392975
188.5 0.01799613838853378
189.5 0.016837049680418336
190.5 0.016200004842146017
191.5 0.015016705403834953
192.5 0.0141027503389502
193.5 0.013007214797598287
194.5 0.011916218768158049
195.5 0.011369964168119315
196.5 0.010297126186325788
197.5 0.009225801375169476
198.5 0.008461650203370127
199.5 0.007647564400542308
200.5 0.006895518593840781
201.5 0.006231236684098394
202.5 0.00560024452837498
203.5 0.004999515785396088
204.5 0.004335233875653688
205.5 0.0038313480534572886
206.5 0.0034636475886112702
207.5 0.0031110788301375158
208.5 0.0027040359287236098
209.5 0.002263703273290723
210.5 0.0021063335270191737
211.5 0.0017477120859965122
212.5 0.0015631052682548898
213.5 0.0013467218671315132
214.5 0.0012317208987023046
215.5 0.0011152067596358695
216.5 0.0009230340887081143
217.5 0.0008443492155723407
218.5 0.0006945453224869254
219.5 0.0006430975208212275
220.5 0.0005568467944993219
221.5 0.0005296097230292463
222.5 0.0004115824133255855
223.5 0.0003616477822971137
224.5 0.0003480292465620758
225.5 0.0003011209568080568
226.5 0.0002496731551423587
227.5 0.0002360546194073209
228.5 0.0002436204725934531
229.5 0.0002118438892116983
230.5 0.000199738524113887
231.5 0.0001951990122022078
232.5 0.00018158047646717003
233.5 0.00018158047646716998
234.5 0.00018309364710439644
235.5 0.00013467218671315125
236.5 0.00013467218671315117
237.5 0.00012710633352701917
238.5 0.00012710633352701917
239.5 0.00013013267480147198
240.5 0.00014526438117373609
241.5 0.00012407999225256633
242.5 0.0001331590160759248
243.5 0.00015888291690877384
244.5 0.00010592194460584931
245.5 0.00014072486926205687
246.5 0.00016493559945767946
247.5 0.00016342242882045303
248.5 0.00016796194073213228
249.5 0.0001725014526438116
250.5 0.00021940974239783036
251.5 0.00021335705984892468
252.5 0.00019368584156498128
253.5 0.000272370714700755
254.5 0.00026783120278907574
255.5 0.00027388388533798147
256.5 0.0003480292465620759
257.5 0.0003555950997482079
258.5 0.0003465160759248494
259.5 0.00039645070695332093
260.5 0.00044638533798179326
261.5 0.00047210923881464207
262.5 0.0004902672864613589
263.5 0.0005871102072438499
264.5 0.0005613863064110006
265.5 0.0006854662986635675
266.5 0.0007490194654270773
267.5 0.0007944145845438693
268.5 0.0009336262831686992
269.5 0.0009532975014526434
270.5 0.0010864565175285684
271.5 0.0011348779779198131
272.5 0.0012680369939957385
273.5 0.0013754721092388142
274.5 0.0014496174704629085
275.5 0.0015343550261475876
276.5 0.001758304280457097
277.5 0.0019171871973658707
278.5 0.0020064642649622313
279.5 0.002141136451675382
280.5 0.0022969930273097038
281.5 0.0024755471625024232
282.5 0.002711601781909743
283.5 0.0028371949447995367
284.5 0.0030081832268061192
285.5 0.003073249564206856
286.5 0.003047525663374005
287.5 0.0032639090644973837
288.5 0.0032745012589579696
289.5 0.003245751016850668
290.5 0.0033259490606236688
291.5 0.003512069049002515
292.5 0.0033849627154754953
293.5 0.0035544378268448566
294.5 0.003465160759248497
295.5 0.0035393061204725914
296.5 0.0032351588223900824
297.5 0.0032139744334689128
298.5 0.0031837110207243845
299.5 0.0029370642068564795
300.5 0.0027554837303893085
301.5 0.002731273000193686
302.5 0.002540613499903158
303.5 0.002348440828975402
304.5 0.002180478888243269
305.5 0.0020624515785396084
306.5 0.0017915940344760785
307.5 0.0016660008715862855
308.5 0.001495012589579701
309.5 0.0014011960100716635
310.5 0.0011878389502227385
311.5 0.0011091540770869646
312.5 0.0009759950610110398
313.5 0.0008216516560139452
314.5 0.0006915189812124732
315.5 0.0006249394731745108
316.5 0.0005175043579314349
317.5 0.00048572777454967974
318.5 0.00039342436567886823
319.5 0.00034500290528762293
320.5 0.00029809461553360417
321.5 0.00023454144877009463
322.5 0.00018611998837884925
323.5 0.0001679619407321323
324.5 0.00013164584543869838
325.5 9.532975014526438e-05
326.5 9.532975014526438e-05
327.5 7.717170249854735e-05
328.5 5.296097230292466e-05
329.5 3.9342436567886886e-05
330.5 3.328975401898121e-05
331.5 2.7237071470075538e-05
332.5 3.328975401898121e-05
333.5 2.269755955839628e-05
334.5 6.052682548905675e-06
335.5 1.0592194460584931e-05
336.5 1.210536509781135e-05
337.5 7.565853186132094e-06
338.5 1.0592194460584931e-05
339.5 1.5131706372264188e-06
340.5 6.052682548905675e-06
341.5 6.052682548905675e-06
342.5 4.539511911679256e-06
343.5 1.5131706372264188e-06
344.5 3.0263412744528375e-06
345.5 0.0
346.5 0.0
347.5 3.0263412744528375e-06
348.5 3.0263412744528375e-06
349.5 1.5131706372264188e-06
350.5 6.052682548905675e-06
351.5 0.0
352.5 0.0
353.5 0.0
354.5 0.0
355.5 4.539511911679256e-06
356.5 0.0
357.5 0.0
358.5 0.0
359.5 0.0
