0.5 3.0263412744528375e-06
1.5 0.0
2.5 6.052682548905675e-06
3.5 1.5131706372264188e-06
4.5 6.052682548905675e-06
5.5 1.5131706372264188e-06
6.5 1.5131706372264188e-06
7.5 4.539511911679256e-06
8.5 1.5131706372264188e-06
9.5 4.539511911679256e-06
10.5 6.052682548905675e-06
11.5 7.565853186132094e-06
12.5 7.565853186132093e-06
13.5 1.3618535735037769e-05
14.5 1.210536509781135e-05
15.5 7.565853186132094e-06
16.5 1.210536509781135e-05
17.5 1.8158047646717024e-05
18.5 1.210536509781135e-05
19.5 1.8158047646717024e-05
20.5 2.7237071470075538e-05
21.5 2.8750242107301957e-05
22.5 3.9342436567886886e-05
23.5 4.2368777842339724e-05
24.5 4.690828975401898e-05
25.5 6.5066337400736e-05
26.5 6.960584931241526e-05
27.5 8.322438504745303e-05
28.5 7.717170249854735e-05
29.5 0.00011954048034088709
30.5 0.00013769852798760406
31.5 0.00018309364710439647
32.5 0.00020730437730001911
33.5 0.0002526994964168116
34.5 0.0002481599845051324
35.5 0.0003298711989153589
36.5 0.0003601346116598872
37.5 0.00048724094518690645
38.5 0.0005205306992058878
39.5 0.0006325053263606428
40.5 0.0007853355607205108
41.5 0.0009381657950803796
42.5 0.0010440877396862285
43.5 0.0010713248111563045
44.5 0.0012695501646329654
45.5 0.0013285638194847958
46.5 0.001519223319775324
47.5 0.0016357374588417586
48.5 0.0019913325585899674
49.5 0.002089688650009685
50.5 0.00228186132093744
51.5 0.0024437705791206664
52.5 0.0026495617857834604
53.5 0.0027479178772031776
54.5 0.002887129575828007
55.5 0.0030218017625411593
56.5 0.003318383207437537
57.5 0.0033668046678287824
58.5 0.0037072680612047263
59.5 0.003608911969785009
60.5 0.0038131900058105757
61.5 0.003847992930466784
62.5 0.0038510192717412365
63.5 0.0039977968235522
64.5 0.003949375363160954
65.5 0.00400233633546388
66.5 0.003920625121053651
67.5 0.004070429014139066
68.5 0.0039705597520821225
69.5 0.003961480728258766
70.5 0.003962993898895991
71.5 0.003866150978113499
72.5 0.0037027285492930474
73.5 0.003654307088901803
74.5 0.0034197656401317067
75.5 0.003425818322680612
76.5 0.003185224191361612
77.5 0.003062657369746273
78.5 0.002803905190780555
79.5 0.0028129842146039125
80.5 0.0025496925237265163
81.5 0.0024483100910323453
82.5 0.00217593937633159
83.5 0.002070017431725741
84.5 0.002098767673833043
85.5 0.0018082389114855708
86.5 0.0017068564787914005
87.5 0.0014874467363935689
88.5 0.0014238935696300606
89.5 0.0013225111369358899
90.5 0.0013013267480147194
91.5 0.0011379043191942666
92.5 0.0010486272515979073
93.5 0.0009411921363548326
94.5 0.0008670467751307373
95.5 0.0008140858028278133
96.5 0.0007686906837110203
97.5 0.0006915189812124728
98.5 0.0006552028859190388
99.5 0.0005992155723416614
100.5 0.0005613863064110012
101.5 0.0005175043579314346
102.5 0.0005220438698431139
103.5 0.00042520094906062315
104.5 0.00039796387759054774
105.5 0.00033138436955258536
106.5 0.0003071736393569628
107.5 0.00033441071082703817
108.5 0.0003101999806314154
109.5 0.00023605461940732098
110.5 0.00024210730195622666
111.5 0.000264804861514623
112.5 0.00023302827813286817
113.5 0.00019671218283943425
114.5 0.00020125169475111338
115.5 0.00019065950029052852
116.5 0.00016342242882045298
117.5 0.00020276486538833987
118.5 0.00017704096455549082
119.5 0.0001513170637226418
120.5 0.0001649355994576795
121.5 0.00015131706372264176
122.5 0.00019368584156498133
123.5 0.00016796194073213236
124.5 0.00017250145264381152
125.5 0.00018309364710439652
126.5 0.00016342242882045309
127.5 0.0001951990122022077
128.5 0.0001861199883788493
129.5 0.00018611998837884928
130.5 0.00023000193685841533
131.5 0.00019217267092775492
132.5 0.00024059413131900017
133.5 0.0002814497385241135
134.5 0.00030414729808250974
135.5 0.0003283580282781324
136.5 0.0003026341274452833
137.5 0.0003722399767576987
138.5 0.0004055297307766797
139.5 0.00046756972690296277
140.5 0.0005386887468526044
141.5 0.0005886233778810764
142.5 0.0006809267867518882
143.5 0.000706650687584737
144.5 0.0008504018981212468
145.5 0.0009321131125314733
146.5 0.001045600910323455
147.5 0.0011363911485570404
148.5 0.0012983004067402676
149.5 0.0016130398992833617
150.5 0.0018218574472206068
151.5 0.0020397540189812115
152.5 0.002328769610691459
153.5 0.00257390325392214
154.5 0.00297489347278714
155.5 0.003445489540964556
156.5 0.0038268085415456093
157.5 0.004320102169281423
158.5 0.004710500193685843
159.5 0.005580573310091035
160.5 0.006093538156110793
161.5 0.006833478597714503
162.5 0.007724736103040859
163.5 0.008345136064303696
164.5 0.00901244431532055
165.5 0.010033834495448387
166.5 0.01113542271934922
167.5 0.0121310889986442
168.5 0.012880108464071267
169.5 0.013778931822583773
170.5 0.014671702498547342
171.5 0.015827764865388314
172.5 0.01637401946542706
173.5 0.017104880883207423
174.5 0.017914427174123563
175.5 0.018439497385241123
176.5 0.019055357834592286
177.5 0.019654573406933946
178.5 0.01997536558202595
179.5 0.020293131415843494
180.5 0.020261354832461758
181.5 0.02025984166182452
182.5 0.019719639744334678
183.5 0.019361018303312008
184.5 0.019560756827425918
185.5 0.018689170540383486
186.5 0.01815048179353088
187.5 0.017089749176835155
188.5 0.01638309848925042
189.5 0.015388945380592664
190.5 0.014653544450900622
191.5 0.013837945477435595
192.5 0.01287405578152237
193.5 0.011811809994189426
194.5 0.010909960294402483
195.5 0.010094361320937441
196.5 0.009557185744722065
197.5 0.008448031667635091
198.5 0.0078049341468138635
199.5 0.006977229808251015
200.5 0.006376501065272125
201.5 0.005651692330040675
202.5 0.004994976273484407
203.5 0.004595499225256633
204.5 0.003949375363160951
205.5 0.0035650300213054403
206.5 0.003218513945380589
207.5 0.0029521959132287417
208.5 0.0024437705791206677
209.5 0.002296993027309704
210.5 0.001983766705403833
211.5 0.0016735667247724177
212.5 0.0015116574665891924
213.5 0.0015177101491380977
214.5 0.001212049680418361
215.5 0.0011227726128220027
216.5 0.000969942378462134
217.5 0.0008685599457679635
218.5 0.0008398097036606615
219.5 0.0007157297114080951
220.5 0.0006612555684679446
221.5 0.000526583381754793
222.5 0.0005840838659693971
223.5 0.000500859480921944
224.5 0.0004478985086190195
225.5 0.00040552973077667974
226.5 0.00040401656013945336
227.5 0.000366187294208793
228.5 0.0003117131512686419
229.5 0.0003253316870036797
230.5 0.00031927900445477385
231.5 0.00024967315514235866
232.5 0.0002587521789657173
233.5 0.0002678312027890758
234.5 0.00022092291303505682
235.5 0.00025572583769126433
236.5 0.00026177852024017017
237.5 0.0002269755955839625
238.5 0.00024513364323067947
239.5 0.0002421073019562267
240.5 0.00024362047259345306
241.5 0.0002360546194073209
242.5 0.00025723900832849087
243.5 0.00021335705984892468
244.5 0.0002950682742591513
245.5 0.0002799365678868872
246.5 0.0002965814448963778
247.5 0.0002814497385241135
248.5 0.0003298711989153589
249.5 0.0003434897346503968
250.5 0.00035105558783652877
251.5 0.00037375314739492493
252.5 0.0004115824133255853
253.5 0.00041914826651171764
254.5 0.0004721092388146421
255.5 0.00046908289754018915
256.5 0.0005371755762153779
257.5 0.0005583599651365482
258.5 0.0006506633740073596
259.5 0.000652176544644586
260.5 0.000732374588417586
261.5 0.0007702038543482469
262.5 0.0008171121441022659
263.5 0.000823164826651171
264.5 0.0008912575053263602
265.5 0.0009517843308154171
266.5 0.0010667852992446254
267.5 0.0011621150493898904
268.5 0.001233234069339532
269.5 0.0014481042998256823
270.5 0.0015736974627154749
271.5 0.0015192233197753237
272.5 0.0017431725740848336
273.5 0.0019035686616308343
274.5 0.002048833042804571
275.5 0.002039754018981212
276.5 0.0022379793724578738
277.5 0.0023756779004454782
278.5 0.002572390083284911
279.5 0.002634430079411195
280.5 0.0029325246949447998
281.5 0.002967327619601007
282.5 0.0033410807669959335
283.5 0.003088381270579121
284.5 0.003496937342630254
285.5 0.003719373426302536
286.5 0.003708781231841951
287.5 0.003872203660662405
288.5 0.004050757795855124
289.5 0.00404773145458067
290.5 0.004130955839628124
291.5 0.004282272903350766
292.5 0.004186943153205502
293.5 0.004185429982568275
294.5 0.004338260216928146
295.5 0.004262601685066824
296.5 0.004298917780360257
297.5 0.004241417296145656
298.5 0.004081021208599652
299.5 0.003976612434631029
300.5 0.003932730486151463
301.5 0.004002336335463877
302.5 0.0037390446445864796
303.5 0.0036028592872361024
304.5 0.0033108173542514057
305.5 0.0032533168700367996
306.5 0.0031050261475886127
307.5 0.002763049583575441
308.5 0.0027282466589192336
309.5 0.00247252082122797
310.5 0.0023287696106914597
311.5 0.002118438892116986
312.5 0.0019777140228549282
313.5 0.0017522515979081928
314.5 0.001641790141390664
315.5 0.0013648799147782296
316.5 0.0012317208987023052
317.5 0.0010834301762541155
318.5 0.0010561931047840404
319.5 0.0007989540964555482
320.5 0.0007308614177803601
321.5 0.000623426302537284
322.5 0.0005719785008715859
323.5 0.00047816192136354785
324.5 0.00038888485376718915
325.5 0.0003147394925430948
326.5 0.00028447607979856644
327.5 0.00023605461940732098
328.5 0.00017401462328103806
329.5 0.00015585657563432106
330.5 0.00012256682161533992
331.5 0.00013921169862483046
332.5 7.111901994964168e-05
333.5 8.625072632190587e-05
334.5 6.657950803796242e-05
335.5 5.901365485183033e-05
336.5 5.296097230292466e-05
337.5 3.328975401898121e-05
338.5 3.0263412744528376e-05
339.5 2.269755955839628e-05
340.5 2.572390083284912e-05
341.5 1.3618535735037769e-05
342.5 9.079023823358512e-06
343.5 6.052682548905675e-06
344.5 9.079023823358512e-06
345.5 9.079023823358512e-06
346.5 9.079023823358512e-06
347.5 7.565853186132094e-06
348.5 6.052682548905675e-06
349.5 6.052682548905675e-06
350.5 6.052682548905675e-06
351.5 4.539511911679256e-06
352.5 3.0263412744528375e-06
353.5 7.565853186132094e-06
354.5 6.052682548905675e-06
355.5 1.5131706372264188e-06
356.5 0.0
357.5 3.0263412744528375e-06
358.5 1.5131706372264188e-06
359.5 1.5131706372264188e-06
