0.5 3.0263412744528375e-06
1.5 0.0
2.5 0.0
3.5 0.0
4.5 1.5131706372264188e-06
5.5 1.5131706372264188e-06
6.5 0.0
7.5 3.0263412744528375e-06
8.5 1.5131706372264188e-06
9.5 0.0
10.5 3.0263412744528375e-06
11.5 3.0263412744528375e-06
12.5 3.0263412744528375e-06
13.5 6.052682548905675e-06
14.5 3.0263412744528375e-06
15.5 4.539511911679256e-06
16.5 7.565853186132094e-06
17.5 7.565853186132094e-06
18.5 1.5131706372264188e-06
19.5 1.0592194460584931e-05
20.5 1.210536509781135e-05
21.5 9.079023823358512e-06
22.5 1.5131706372264188e-05
23.5 1.0592194460584931e-05
24.5 3.0263412744528376e-05
25.5 2.572390083284912e-05
26.5 2.7237071470075538e-05
27.5 2.42107301956227e-05
28.5 3.631609529343405e-05
29.5 5.144780166569824e-05
30.5 7.717170249854735e-05
31.5 9.230340887081154e-05
32.5 7.868487313577377e-05
33.5 0.00011500096842920783
34.5 0.00013467218671315122
35.5 0.00017552779391826433
36.5 0.00023151510749564176
37.5 0.0002557258376912645
38.5 0.00028296290916133985
39.5 0.0004146087546000382
40.5 0.00045546436180515126
41.5 0.0005462546000387364
42.5 0.0006294789850861893
43.5 0.0007656643424365675
44.5 0.0008685599457679637
45.5 0.0009956662792949828
46.5 0.001209023339143908
47.5 0.0013058662599263991
48.5 0.001458696494286267
49.5 0.0017507384272709649
50.5 0.0019353452450125872
51.5 0.002089688650009684
52.5 0.0023953491187294214
53.5 0.0028220632384272715
54.5 0.0029204193298469875
55.5 0.003064170540383497
56.5 0.003524174414100324
57.5 0.003592267092775515
58.5 0.00397358609335657
59.5 0.004047731454580665
60.5 0.004179377300019366
61.5 0.004468392891729614
62.5 0.0045213538640325405
63.5 0.004648460197559558
64.5 0.004849711892310676
65.5 0.004772540189812128
66.5 0.0050403713926012025
67.5 0.0048512250629479
68.5 0.004987410420298282
69.5 0.004814908967654465
70.5 0.0048179353089289195
71.5 0.004790698237458845
72.5 0.004687802634127446
73.5 0.004330694363742009
74.5 0.004165758764284327
75.5 0.004079508037962422
76.5 0.003683057331009099
77.5 0.003552924656207628
78.5 0.003465160759248493
79.5 0.0030808154173929876
80.5 0.0029552222545031954
81.5 0.002602653496029441
82.5 0.0024679813093162898
83.5 0.00234541448770095
84.5 0.002103307185744721
85.5 0.0018838974433468894
86.5 0.0017113959907030783
87.5 0.0015858028278132857
88.5 0.001375472109238814
89.5 0.0013058662599263991
90.5 0.0010682984698818514
91.5 0.0010274428626767373
92.5 0.0009593501840015484
93.5 0.0008473755568467932
94.5 0.0008322438504745293
95.5 0.0007036243463102844
96.5 0.0006007287429788877
97.5 0.0005886233778810767
98.5 0.0005159911872942081
99.5 0.00046303021499128337
100.5 0.0004872409451869062
101.5 0.0003677004648460192
102.5 0.0003722399767576988
103.5 0.00032835802827813255
104.5 0.00025875217896571714
105.5 0.00028296290916133985
106.5 0.0002466468138679059
107.5 0.00021940974239783036
108.5 0.00023756779004454736
109.5 0.0001951990122022078
110.5 0.00018460681774162295
111.5 0.00017401462328103792
112.5 0.00018006730582994363
113.5 0.00012861950416424554
114.5 0.00014980389308541536
115.5 0.0001407248692620569
116.5 0.0001543434049970946
117.5 0.00015283023435986817
118.5 0.00011197462715475499
119.5 0.00012710633352701917
120.5 0.00015736974627154736
121.5 0.0001694751113693587
122.5 0.00014526438117373606
123.5 0.0001316458454386984
124.5 0.00013618535735037757
125.5 0.00015434340499709457
126.5 0.0001694751113693587
127.5 0.0001740146232810379
128.5 0.00018611998837884922
129.5 0.0002118438892116983
130.5 0.0002315151074956417
131.5 0.0002375677900445473
132.5 0.00025421266705403795
133.5 0.00029355510362192493
134.5 0.00031019998063141536
135.5 0.0003374370521014909
136.5 0.00041460875460003823
137.5 0.0005008594809219442
138.5 0.00048724094518690623
139.5 0.0005583599651365481
140.5 0.0006128341080766993
141.5 0.0007399404416037177
142.5 0.0008458623862095673
143.5 0.0009169814061592089
144.5 0.001057706275421266
145.5 0.001181786267673832
146.5 0.001373958938601588
147.5 0.0014586964942862669
148.5 0.0016508691652140216
149.5 0.0019519901220220774
150.5 0.0022515979081929108
151.5 0.0024694944799535153
152.5 0.002797852508231649
153.5 0.003224566627929498
154.5 0.003507529537090834
155.5 0.004020494383110588
156.5 0.004550104106139842
157.5 0.0049631996901026544
158.5 0.005645639647491773
159.5 0.0063538035057137295
160.5 0.006959071760604293
161.5 0.0075325634321131
162.5 0.008366320453224862
163.5 0.009065405287623474
164.5 0.009690344760797992
165.5 0.011061277358125137
166.5 0.011575755374782113
167.5 0.01237016995932597
168.5 0.013648799147782283
169.5 0.014240448866937802
170.5 0.01502275808638385
171.5 0.015730921944605823
172.5 0.016626718961843864
173.5 0.017185078926980422
174.5 0.017738899380205293
175.5 0.018226140325392198
176.5 0.018559037865582006
177.5 0.019011475886112707
178.5 0.01906141051714119
179.5 0.018950949060623664
180.5 0.01907502905287623
181.5 0.019171871973658716
182.5 0.0188964749176835
183.5 0.019049305152043373
184.5 0.018266995932597316
185.5 0.017797913035057112
186.5 0.016936918942475277
187.5 0.016712969688165772
188.5 0.015590197075343757
189.5 0.01510598247143131
190.5 0.013892419620375726
191.5 0.013352217702885904
192.5 0.012559316288979277
193.5 0.011660492930466788
194.5 0.010952329072244837
195.5 0.009929425721479763
196.5 0.009133497966298667
197.5 0.008513098005035826
198.5 0.007629406352895588
199.5 0.007036243463102839
200.5 0.006290250338950225
201.5 0.005604784040286659
202.5 0.005055503098973472
203.5 0.00448655093937633
204.5 0.00415214022854929
205.5 0.003552924656207628
206.5 0.0031141051714119678
207.5 0.002955222254503196
208.5 0.002569363742010459
209.5 0.002198636935889986
210.5 0.0019398847569242663
211.5 0.0015979081929110965
212.5 0.0014496174704629098
213.5 0.0012680369939957385
214.5 0.0011606018787526631
215.5 0.001025929692039511
216.5 0.000856454580670152
217.5 0.0008443492155723409
218.5 0.000685466298663567
219.5 0.0006355316676350959
220.5 0.0005205306992058876
221.5 0.0004600038737168308
222.5 0.0004433589967073401
223.5 0.00042671411969784964
224.5 0.0003555950997482078
225.5 0.0003162526631803212
226.5 0.0002632916908773965
227.5 0.0002920419329846984
228.5 0.00022546242494673614
229.5 0.0002405941313190002
230.5 0.0002163834011233775
231.5 0.000174014623281038
232.5 0.00017855413519271725
233.5 0.00016947511136935874
234.5 0.00016342242882045303
235.5 0.0001346721867131512
236.5 0.00017098828200658514
237.5 0.00014375121053650968
238.5 0.0001452643811737361
239.5 0.00014375121053650965
240.5 0.00011651413906643425
241.5 0.00015585657563432098
242.5 0.00015736974627154744
243.5 0.00017250145264381155
244.5 0.00013921169862483046
245.5 0.00016039608754600025
246.5 0.00020125169475111338
247.5 0.0001528302343598682
248.5 0.00016342242882045306
249.5 0.00014223803989928327
250.5 0.00019368584156498128
251.5 0.00023151510749564176
252.5 0.0002572390083284907
253.5 0.00025269949641681163
254.5 0.00026329169087739633
255.5 0.00030717363935696266
256.5 0.0003480292465620758
257.5 0.0003979638775905476
258.5 0.00043276680224675537
259.5 0.0003949375363160946
260.5 0.0005099385047453027
261.5 0.0005704653302343595
262.5 0.0005840838659693972
263.5 0.0006733609335657555
264.5 0.0006597423978307181
265.5 0.0008261911679256237
266.5 0.0007596116598876615
267.5 0.0009230340887081146
268.5 0.0010834301762541155
269.5 0.0011772467557621537
270.5 0.0012392867518884363
271.5 0.0014859335657563426
272.5 0.0015267891729614559
273.5 0.001681132577958549
274.5 0.0018430418361417766
275.5 0.002106333527019174
276.5 0.002269755955839626
277.5 0.0024407442378462157
278.5 0.0027146281231841974
279.5 0.0028039051907805547
280.5 0.0031867373619988374
281.5 0.0033108173542514023
282.5 0.0034833188068952134
283.5 0.0038676641487507208
284.5 0.003929704144877002
285.5 0.0041990485183033095
286.5 0.004226285589773385
287.5 0.004380628994770481
288.5 0.00449109045128801
289.5 0.004613657272903352
290.5 0.004813395797017241
291.5 0.004857277745496807
292.5 0.004969252372651561
293.5 0.005019187003680033
294.5 0.004998002614758865
295.5 0.00479221140809607
296.5 0.004633328491187296
297.5 0.004672670927755183
298.5 0.004494116792562462
299.5 0.004347339240751501
300.5 0.004065889502227383
301.5 0.003829834882820059
302.5 0.003716347085028079
303.5 0.003333514913809798
304.5 0.0032321324811156273
305.5 0.0028886427464652345
306.5 0.0026556144683323657
307.5 0.002371138388533799
308.5 0.0022228476660856094
309.5 0.001886923784621343
310.5 0.001764356963006003
311.5 0.0015434340499709464
312.5 0.0012196155336044933
313.5 0.0010985618826263798
314.5 0.0009548106720898699
315.5 0.0008473755568467935
316.5 0.0007354009296920389
317.5 0.0005992155723416615
318.5 0.0005250702111175666
319.5 0.00047816192136354774
320.5 0.00036316095293434007
321.5 0.00031625266318032104
322.5 0.00021789657176060393
323.5 0.00021940974239783044
324.5 0.00017098828200658514
325.5 0.00015283023435986817
326.5 9.381657950803796e-05
327.5 0.00012710633352701914
328.5 7.414536122409452e-05
329.5 5.7500484214603914e-05
330.5 5.4474142940151076e-05
331.5 4.539511911679256e-05
332.5 3.782926593066047e-05
333.5 3.631609529343405e-05
334.5 2.1184388921169862e-05
335.5 2.1184388921169862e-05
336.5 1.9671218283943443e-05
337.5 1.8158047646717024e-05
338.5 1.5131706372264188e-05
339.5 1.210536509781135e-05
340.5 6.052682548905675e-06
341.5 7.565853186132094e-06
342.5 3.0263412744528375e-06
343.5 6.052682548905675e-06
344.5 6.052682548905675e-06
345.5 4.539511911679256e-06
346.5 3.0263412744528375e-06
347.5 3.0263412744528375e-06
348.5 1.5131706372264188e-06
349.5 6.052682548905675e-06
350.5 1.5131706372264188e-06
351.5 1.5131706372264188e-06
352.5 3.0263412744528375e-06
353.5 1.5131706372264188e-06
354.5 1.5131706372264188e-06
355.5 0.0
356.5 0.0
357.5 1.5131706372264188e-06
358.5 1.5131706372264188e-06
359.5 0.0
