0.5 2.1184388921169862e-05
1.5 1.5131706372264188e-05
2.5 2.1184388921169862e-05
3.5 1.5131706372264188e-05
4.5 7.565853186132094e-06
5.5 1.5131706372264186e-05
6.5 4.539511911679256e-06
7.5 1.0592194460584931e-05
8.5 6.052682548905675e-06
9.5 3.0263412744528375e-06
10.5 1.0592194460584931e-05
11.5 9.079023823358512e-06
12.5 1.210536509781135e-05
13.5 9.079023823358512e-06
14.5 4.539511911679256e-06
15.5 6.052682548905675e-06
16.5 7.565853186132094e-06
17.5 1.210536509781135e-05
18.5 6.052682548905675e-06
19.5 1.6644877009490605e-05
20.5 1.5131706372264188e-05
21.5 1.3618535735037769e-05
22.5 2.1184388921169862e-05
23.5 1.6644877009490605e-05
24.5 7.565853186132094e-06
25.5 2.42107301956227e-05
26.5 1.3618535735037769e-05
27.5 1.5131706372264188e-05
28.5 2.269755955839628e-05
29.5 2.42107301956227e-05
30.5 1.8158047646717024e-05
31.5 1.6644877009490605e-05
32.5 2.8750242107301957e-05
33.5 2.572390083284912e-05
34.5 3.0263412744528376e-05
35.5 2.1184388921169862e-05
36.5 3.0263412744528376e-05
37.5 3.0263412744528376e-05
38.5 2.572390083284912e-05
39.5 2.7237071470075538e-05
40.5 2.269755955839628e-05
41.5 3.0263412744528376e-05
42.5 2.42107301956227e-05
43.5 2.7237071470075538e-05
44.5 1.8158047646717024e-05
45.5 2.1184388921169862e-05
46.5 1.9671218283943443e-05
47.5 2.572390083284912e-05
48.5 3.177658338175479e-05
49.5 1.3618535735037769e-05
50.5 1.6644877009490605e-05
51.5 1.5131706372264188e-05
52.5 1.5131706372264188e-05
53.5 2.269755955839628e-05
54.5 2.1184388921169862e-05
55.5 1.3618535735037769e-05
56.5 4.539511911679256e-06
57.5 1.8158047646717024e-05
58.5 9.079023823358512e-06
59.5 9.079023823358512e-06
60.5 6.052682548905675e-06
61.5 9.079023823358512e-06
62.5 1.0592194460584931e-05
63.5 1.5131706372264188e-05
64.5 4.539511911679256e-06
65.5 1.210536509781135e-05
66.5 9.079023823358512e-06
67.5 7.565853186132094e-06
68.5 9.079023823358512e-06
69.5 7.565853186132094e-06
70.5 3.0263412744528375e-06
71.5 9.079023823358512e-06
72.5 1.5131706372264188e-05
73.5 6.052682548905675e-06
74.5 9.079023823358512e-06
75.5 9.079023823358512e-06
76.5 1.6644877009490605e-05
77.5 3.177658338175479e-05
78.5 2.7237071470075538e-05
79.5 2.7237071470075538e-05
80.5 3.782926593066047e-05
81.5 3.480292465620763e-05
82.5 4.0855607205113305e-05
83.5 4.3881948479566143e-05
84.5 6.203999612628316e-05
85.5 4.993463102847182e-05
86.5 7.414536122409452e-05
87.5 6.809267867518884e-05
88.5 7.717170249854735e-05
89.5 0.0001044087739686229
90.5 9.986926205694364e-05
91.5 0.00013315901607592484
92.5 8.019804377300019e-05
93.5 0.00011954048034088709
94.5 0.00010894828588030215
95.5 0.00015131706372264187
96.5 0.0001467775518109626
97.5 0.00015888291690877395
98.5 0.00013618535735037768
99.5 0.0001785541351927174
100.5 0.00016493559945767965
101.5 0.00016039608754600038
102.5 0.00019822535347666084
103.5 0.0001967121828394344
104.5 0.000242107301956227
105.5 0.0002572390083284912
106.5 0.000260265349602944
107.5 0.000296581444896378
108.5 0.00032684485764090634
109.5 0.0003601346116598875
110.5 0.0003677004648460197
111.5 0.00042368777842339715
112.5 0.0005583599651365485
113.5 0.0006067814255277938
114.5 0.0006915189812124735
115.5 0.0008504018981212472
116.5 0.0008927706759635872
117.5 0.0009654028665504553
118.5 0.0011590887081154367
119.5 0.0012998135773774938
120.5 0.0014541569823745886
121.5 0.0016538955064884762
122.5 0.0017658701336432316
123.5 0.0019928457292271943
124.5 0.002194097423978307
125.5 0.00232876961069146
126.5 0.002631403738136743
127.5 0.00279785250823165
128.5 0.0028311422622506314
129.5 0.0032215402866550475
130.5 0.0032336456517528594
131.5 0.003524174414100332
132.5 0.0037057548905675033
133.5 0.003778387081154369
134.5 0.004025033895022276
135.5 0.00438214216540771
136.5 0.0043654972883982205
137.5 0.004840632868487316
138.5 0.005113003583188074
139.5 0.0053505713732326194
140.5 0.005663797695138491
141.5 0.006079919620375755
142.5 0.00672453031183421
143.5 0.0070816385822196435
144.5 0.007691446349021892
145.5 0.008202898024404421
146.5 0.008634151656013951
147.5 0.008941325295370913
148.5 0.0097765954871199
149.5 0.010682984698818522
150.5 0.011500096842920794
151.5 0.012193128994770484
152.5 0.01308589967073407
153.5 0.013763800116211507
154.5 0.014305515204338568
155.5 0.015534209761766407
156.5 0.016361914100329264
157.5 0.01702922235134611
158.5 0.017838768642262238
159.5 0.01842890519078055
160.5 0.019300491477822968
161.5 0.01961220462909161
162.5 0.020536751888436944
163.5 0.020663858221963965
164.5 0.02065023968622894
165.5 0.021083006488475692
166.5 0.020919584059655254
167.5 0.02068504261088514
168.5 0.021191954774355995
169.5 0.020992216250242102
170.5 0.020113064110013554
171.5 0.020051024113887272
172.5 0.019774113887274833
173.5 0.019474506101104013
174.5 0.018893448576409066
175.5 0.01810206033313965
176.5 0.01806725740848344
177.5 0.017422646717024978
178.5 0.01685823406933953
179.5 0.01628625556846794
180.5 0.016097109238814637
181.5 0.015467630253728446
182.5 0.01515894344373426
183.5 0.014848743463102845
184.5 0.014296436180515194
185.5 0.013895445961650202
186.5 0.013564061592097615
187.5 0.01322359819872167
188.5 0.012550237265155915
189.5 0.011925297791981409
190.5 0.011416872457873326
191.5 0.010791932984698821
192.5 0.01020482277745497
193.5 0.00989916230873523
194.5 0.00919553796242495
195.5 0.008697704822777461
196.5 0.008045528278132872
197.5 0.007528023920201436
198.5 0.006934861030408679
199.5 0.0064249225256633735
200.5 0.005946760604299829
201.5 0.005373268932791014
202.5 0.004914778229711412
203.5 0.004391221189231068
204.5 0.003956941216347087
205.5 0.0035196349021886495
206.5 0.0030051568855316685
207.5 0.002669233004067403
208.5 0.0025088369165214047
209.5 0.0021078466976564023
210.5 0.0018036993995738913
211.5 0.0015328418555103627
212.5 0.0013421823552198342
213.5 0.0012211287042417204
214.5 0.0009986926205694364
215.5 0.0009411921363548326
216.5 0.0007883619019949638
217.5 0.0007671775130737942
218.5 0.0006264526438117373
219.5 0.00047513558008909515
220.5 0.000452438020530699
221.5 0.00036921363548324585
222.5 0.0003752663180321517
223.5 0.00033289754018981185
224.5 0.000285989250435793
225.5 0.0002723707147007552
226.5 0.00020579120666279287
227.5 0.00018611998837884936
228.5 0.0001800673058299437
229.5 0.00013769852798760406
230.5 0.00011197462715475499
231.5 0.00010743511524307573
232.5 0.00011651413906643425
233.5 8.776389695913229e-05
234.5 0.00010138243269417006
235.5 6.960584931241526e-05
236.5 5.144780166569824e-05
237.5 5.5987313577377495e-05
238.5 6.657950803796242e-05
239.5 5.144780166569824e-05
240.5 4.84214603912454e-05
241.5 5.296097230292466e-05
242.5 4.2368777842339724e-05
243.5 3.9342436567886886e-05
244.5 3.0263412744528376e-05
245.5 3.631609529343405e-05
246.5 1.6644877009490605e-05
247.5 4.539511911679256e-05
248.5 3.480292465620763e-05
249.5 3.631609529343405e-05
250.5 3.631609529343405e-05
251.5 3.328975401898121e-05
252.5 2.8750242107301957e-05
253.5 3.177658338175479e-05
254.5 3.177658338175479e-05
255.5 2.1184388921169862e-05
256.5 3.631609529343405e-05
257.5 4.2368777842339724e-05
258.5 2.7237071470075538e-05
259.5 2.572390083284912e-05
260.5 3.0263412744528376e-05
261.5 3.480292465620763e-05
262.5 2.8750242107301954e-05
263.5 3.177658338175479e-05
264.5 4.690828975401898e-05
265.5 2.572390083284912e-05
266.5 3.9342436567886886e-05
267.5 3.782926593066047e-05
268.5 3.480292465620763e-05
269.5 3.9342436567886886e-05
270.5 3.9342436567886886e-05
271.5 5.901365485183033e-05
272.5 4.0855607205113305e-05
273.5 4.84214603912454e-05
274.5 4.690828975401898e-05
275.5 5.4474142940151076e-05
276.5 5.5987313577377495e-05
277.5 7.26321905868681e-05
278.5 7.414536122409452e-05
279.5 6.5066337400736e-05
280.5 6.5066337400736e-05
281.5 7.565853186132094e-05
282.5 0.00010894828588030214
283.5 8.776389695913229e-05
284.5 0.00011046145651752857
285.5 0.0001134877977919814
286.5 0.00012105365097811349
287.5 0.0001044087739686229
288.5 0.00014223803989928336
289.5 0.0001543434049970947
290.5 0.00016947511136935887
291.5 0.000195199012202208
292.5 0.0001634224288204532
293.5 0.00021789657176060425
294.5 0.00022243608367228352
295.5 0.00019217267092775514
296.5 0.0002511863257795855
297.5 0.00024362047259345341
298.5 0.0002572390083284912
299.5 0.0002738838853379818
300.5 0.0002738838853379818
301.5 0.0002769102266124346
302.5 0.00033138436955258574
303.5 0.0003344107108270385
304.5 0.000289015591710246
305.5 0.0003888848537671896
306.5 0.00033289754018981207
307.5 0.00029960778617083093
308.5 0.0003374370521014914
309.5 0.0003283580282781329
310.5 0.00034651607592484985
311.5 0.00030263412744528374
312.5 0.0003298711989153593
313.5 0.0002980946155336045
314.5 0.0003434897346503971
315.5 0.00032533168700368
316.5 0.0003026341274452837
317.5 0.00031927900445477434
318.5 0.00036467412357156693
319.5 0.00035710827038543477
320.5 0.00033289754018981207
321.5 0.0003389502227387178
322.5 0.00032381851636645363
323.5 0.0003404633933759443
324.5 0.00032533168700368007
325.5 0.0002859892504357931
326.5 0.0002693443734263025
327.5 0.00029506827425915163
328.5 0.0002663180321518497
329.5 0.00027085754406352893
330.5 0.0002436204725934534
331.5 0.00022243608367228352
332.5 0.0002648048615146233
333.5 0.0002890155917102459
334.5 0.0002178965717606043
335.5 0.0002466468138679062
336.5 0.0002375677900445477
337.5 0.0002224360836722835
338.5 0.0002209229130350571
339.5 0.00017250145264381174
340.5 0.0001467775518109626
341.5 0.00015736974627154755
342.5 0.00017552779391826457
343.5 0.0001543434049970947
344.5 0.00012710633352701917
345.5 0.0001452643811737362
346.5 0.00011197462715475499
347.5 9.079023823358512e-05
348.5 9.68429207824908e-05
349.5 9.532975014526438e-05
350.5 7.26321905868681e-05
351.5 6.960584931241526e-05
352.5 5.144780166569824e-05
353.5 6.203999612628316e-05
354.5 4.539511911679256e-05
355.5 2.8750242107301957e-05
356.5 3.328975401898121e-05
357.5 3.177658338175479e-05
358.5 2.572390083284912e-05
359.5 1.8158047646717024e-05
