0.5 0.0
1.5 1.5131706372264188e-06
2.5 0.0
3.5 0.0
4.5 0.0
5.5 0.0
6.5 0.0
7.5 0.0
8.5 1.5131706372264188e-06
9.5 1.5131706372264188e-06
10.5 0.0
11.5 0.0
12.5 0.0
13.5 0.0
14.5 1.5131706372264188e-06
15.5 0.0
16.5 0.0
17.5 0.0
18.5 1.5131706372264188e-06
19.5 1.5131706372264188e-06
20.5 4.539511911679256e-06
21.5 1.5131706372264188e-06
22.5 3.0263412744528375e-06
23.5 6.052682548905675e-06
24.5 0.0
25.5 3.0263412744528375e-06
26.5 1.5131706372264188e-06
27.5 9.079023823358512e-06
28.5 1.210536509781135e-05
29.5 1.3618535735037769e-05
30.5 1.0592194460584931e-05
31.5 1.6644877009490605e-05
32.5 1.6644877009490605e-05
33.5 9.079023823358512e-06
34.5 3.177658338175479e-05
35.5 3.177658338175479e-05
36.5 4.0855607205113305e-05
37.5 3.9342436567886886e-05
38.5 6.052682548905675e-05
39.5 6.355316676350958e-05
40.5 6.355316676350958e-05
41.5 6.960584931241526e-05
42.5 7.26321905868681e-05
43.5 0.00011046145651752857
44.5 0.000130132674801472
45.5 0.00011348779779198141
46.5 0.0001467775518109626
47.5 0.00012407999225256633
48.5 0.0001558565756343211
49.5 0.00018460681774162306
50.5 0.00017250145264381168
51.5 0.00019368584156498157
52.5 0.00019671218283943444
53.5 0.0002284887662211892
54.5 0.00019671218283943444
55.5 0.00021335705984892506
56.5 0.0002224360836722835
57.5 0.00022546242494673639
58.5 0.00019822535347666084
59.5 0.0001876331590160759
60.5 0.00017704096455549095
61.5 0.00013769852798760409
62.5 0.0001649355994576796
63.5 0.00016644877009490603
64.5 0.0001286195041642456
65.5 9.079023823358512e-05
66.5 8.625072632190587e-05
67.5 8.019804377300019e-05
68.5 8.171121441022661e-05
69.5 6.5066337400736e-05
70.5 5.296097230292466e-05
71.5 3.480292465620763e-05
72.5 3.177658338175479e-05
73.5 3.0263412744528376e-05
74.5 3.9342436567886886e-05
75.5 1.9671218283943443e-05
76.5 1.3618535735037769e-05
77.5 1.3618535735037769e-05
78.5 1.0592194460584931e-05
79.5 6.052682548905675e-06
80.5 9.079023823358512e-06
81.5 9.079023823358512e-06
82.5 1.5131706372264188e-06
83.5 0.0
84.5 0.0
85.5 0.0
86.5 1.5131706372264188e-06
87.5 1.5131706372264188e-06
88.5 0.0
89.5 0.0
90.5 0.0
91.5 0.0
92.5 0.0
93.5 0.0
94.5 0.0
95.5 0.0
96.5 0.0
97.5 0.0
98.5 0.0
99.5 0.0
100.5 0.0
101.5 0.0
102.5 0.0
103.5 0.0
104.5 0.0
105.5 0.0
106.5 0.0
107.5 0.0
108.5 0.0
109.5 0.0
110.5 0.0
111.5 0.0
112.5 0.0
113.5 0.0
114.5 0.0
115.5 0.0
116.5 0.0
117.5 0.0
118.5 0.0
119.5 0.0
120.5 0.0
121.5 0.0
122.5 1.5131706372264188e-06
123.5 0.0
124.5 0.0
125.5 0.0
126.5 0.0
127.5 0.0
128.5 0.0
129.5 0.0
130.5 0.0
131.5 0.0
132.5 1.5131706372264188e-06
133.5 0.0
134.5 1.5131706372264188e-06
135.5 0.0
136.5 1.5131706372264188e-06
137.5 3.0263412744528375e-06
138.5 6.052682548905675e-06
139.5 3.0263412744528375e-06
140.5 4.539511911679256e-06
141.5 9.079023823358512e-06
142.5 6.052682548905675e-06
143.5 9.079023823358512e-06
144.5 2.269755955839628e-05
145.5 2.42107301956227e-05
146.5 3.177658338175479e-05
147.5 3.782926593066047e-05
148.5 6.203999612628316e-05
149.5 6.203999612628316e-05
150.5 9.835609141971722e-05
151.5 0.00013315901607592484
152.5 0.00018006730582994376
153.5 0.00020579120666279284
154.5 0.0002738838853379817
155.5 0.0003298711989153592
156.5 0.0004494116792562461
157.5 0.0005719785008715862
158.5 0.0007384272709664922
159.5 0.0009109287236103037
160.5 0.001145470172380399
161.5 0.0014526438117373624
162.5 0.001743172574084835
163.5 0.0021895579120666288
164.5 0.0027085754406352895
165.5 0.003272988088320746
166.5 0.0038464797598295577
167.5 0.004649973368196785
168.5 0.005684982084059658
169.5 0.006547489347278718
170.5 0.007553747821034288
171.5 0.008712836529149719
172.5 0.009997518400154953
173.5 0.010978052973077669
174.5 0.012557803118342054
175.5 0.013613996223126095
176.5 0.014800322002711612
177.5 0.015876186325779595
178.5 0.01675685163664536
179.5 0.018145942281619226
180.5 0.01853180079411195
181.5 0.019468453418555104
182.5 0.019560756827425918
183.5 0.019572862192523733
184.5 0.019256609529343407
185.5 0.019489637807476277
186.5 0.018548445671121447
187.5 0.017882650590741827
188.5 0.01730007989540966
189.5 0.016290795080379634
190.5 0.015122627348440835
191.5 0.014086105461940739
192.5 0.012966359190393186
193.5 0.011663519271741236
194.5 0.010607326166957197
195.5 0.009411921363548329
196.5 0.008375399477048231
197.5 0.0076309195235328324
198.5 0.006686701045903546
199.5 0.005803009393763317
200.5 0.005084253341080766
201.5 0.004424510943250049
202.5 0.0038116768351733497
203.5 0.003294172477241914
204.5 0.002790286655045516
205.5 0.002306072051133062
206.5 0.002045806701530118
207.5 0.001558565756343212
208.5 0.0013784984505132677
209.5 0.0011757335851249274
210.5 0.0010456009103234553
211.5 0.000823164826651172
212.5 0.0007384272709664922
213.5 0.0005946760604299822
214.5 0.00047967509200077434
215.5 0.000402503389502227
216.5 0.0003692136354832459
217.5 0.00032381851636645336
218.5 0.00021335705984892484
219.5 0.00020276486538833998
220.5 0.00018460681774162292
221.5 0.0001603960875460003
222.5 0.00010138243269417006
223.5 0.00011651413906643425
224.5 0.00011500096842920783
225.5 9.986926205694364e-05
226.5 8.625072632190587e-05
227.5 8.92770675963587e-05
228.5 6.809267867518884e-05
229.5 4.84214603912454e-05
230.5 7.111901994964168e-05
231.5 6.809267867518884e-05
232.5 4.690828975401898e-05
233.5 4.539511911679256e-05
234.5 4.3881948479566143e-05
235.5 3.480292465620763e-05
236.5 4.690828975401898e-05
237.5 4.84214603912454e-05
238.5 4.0855607205113305e-05
239.5 3.782926593066047e-05
240.5 3.0263412744528376e-05
241.5 5.144780166569824e-05
242.5 5.296097230292466e-05
243.5 5.5987313577377495e-05
244.5 4.690828975401898e-05
245.5 6.203999612628316e-05
246.5 6.052682548905675e-05
247.5 7.868487313577377e-05
248.5 8.019804377300019e-05
249.5 8.625072632190587e-05
250.5 9.835609141971722e-05
251.5 0.00013013267480147198
252.5 0.00013164584543869836
253.5 0.00013921169862483044
254.5 0.0001664487700949059
255.5 0.00019671218283943425
256.5 0.00022848876622118903
257.5 0.00025421266705403817
258.5 0.00029809461553360417
259.5 0.00040855607205113266
260.5 0.0004917804570985859
261.5 0.0005296097230292466
262.5 0.0006022419136161146
263.5 0.0007429667828781713
264.5 0.0008685599457679637
265.5 0.0010667852992446256
266.5 0.001190865291497192
267.5 0.0013875774743366263
268.5 0.0015449472206081735
269.5 0.001950476951384854
270.5 0.0021880447414294028
271.5 0.002601140325392216
272.5 0.002923445671121442
273.5 0.0032139744334689136
274.5 0.0037178602556653113
275.5 0.004342799728839824
276.5 0.004823987991477828
277.5 0.00552307282587643
278.5 0.00613136742204145
279.5 0.006913676641487509
280.5 0.007646051229905097
281.5 0.008490400445477438
282.5 0.009502711601781915
283.5 0.01021995448382724
284.5 0.011227726128220034
285.5 0.011966153399186523
286.5 0.013158531861320938
287.5 0.013695707437536316
288.5 0.014742821518496995
289.5 0.015785396087546005
290.5 0.016134938504745306
291.5 0.01696869552585706
292.5 0.017572450610110403
293.5 0.017474094518690687
294.5 0.017852387177997295
295.5 0.018029428142552782
296.5 0.018003704241719928
297.5 0.017660214507069536
298.5 0.017517976467170255
299.5 0.016853694557427856
300.5 0.016189412647685458
301.5 0.015387432209955457
302.5 0.014540056653108665
303.5 0.01328715136548519
304.5 0.012391354348247143
305.5 0.01162417683517335
306.5 0.010126137904319198
307.5 0.009422513558008919
308.5 0.00830881996901027
309.5 0.007379733197753247
310.5 0.006514199593259735
311.5 0.005609323552198336
312.5 0.004831553844663957
313.5 0.0042399041255084275
314.5 0.0034833188068952164
315.5 0.0029234456711214416
316.5 0.002475547162502422
317.5 0.0020942281619213644
318.5 0.001703830137516948
319.5 0.0013996828394344377
320.5 0.001196917974046097
321.5 0.0009820477435599458
322.5 0.0006960584931241527
323.5 0.000661255568467945
324.5 0.000460003873716831
325.5 0.0003419765640131703
326.5 0.00036316095293434023
327.5 0.0002163834011233777
328.5 0.00018611998837884936
329.5 0.0001498038930854154
330.5 0.00012256682161533992
331.5 9.230340887081154e-05
332.5 8.019804377300019e-05
333.5 5.5987313577377495e-05
334.5 5.296097230292466e-05
335.5 3.9342436567886886e-05
336.5 2.269755955839628e-05
337.5 2.269755955839628e-05
338.5 1.210536509781135e-05
339.5 1.210536509781135e-05
340.5 7.565853186132094e-06
341.5 1.0592194460584931e-05
342.5 7.565853186132093e-06
343.5 1.0592194460584931e-05
344.5 3.0263412744528375e-06
345.5 4.539511911679256e-06
346.5 0.0
347.5 0.0
348.5 0.0
349.5 3.0263412744528375e-06
350.5 0.0
351.5 1.5131706372264188e-06
352.5 1.5131706372264188e-06
353.5 0.0
354.5 0.0
355.5 3.0263412744528375e-06
356.5 0.0
357.5 1.5131706372264188e-06
358.5 0.0
359.5 0.0
