0.5 0.0003339008997750558
1.5 0.0003690483629092722
2.5 0.0003163271682079476
3.5 0.0003436640839790049
4.5 0.0003749062734316416
5.5 0.00034756935766058457
6.5 0.00036904836290927237
7.5 0.00037685891027243137
8.5 0.00042176955761059697
9.5 0.00034561672081979457
10.5 0.00042567483129217633
11.5 0.00048815921019745016
12.5 0.00047839602599350115
13.5 0.000507685578605348
14.5 0.0005565014996250933
15.5 0.0005838384153961505
16.5 0.0007244282679330163
17.5 0.0007166177205698568
18.5 0.0008669707573106715
19.5 0.0008435391152211942
20.5 0.0010056079730067474
21.5 0.0010407554361409647
22.5 0.0012184453886528368
23.5 0.0013180298675331166
24.5 0.0015874937515621104
25.5 0.0018862471882029504
26.5 0.001997547488127968
27.5 0.0022845851037240697
28.5 0.002542333166708323
29.5 0.0027317389402649332
30.5 0.0031554611347163228
31.5 0.003383919645088727
32.5 0.0038291208447888015
33.5 0.0042411272181954495
34.5 0.004737096975756061
35.5 0.004916739565108722
36.5 0.005367798675331166
37.5 0.005315077480629845
38.5 0.0057407523119220195
39.5 0.005910631717070734
40.5 0.006025837290677331
41.5 0.0063382591852036985
42.5 0.006308969632591852
43.5 0.006262106348412899
44.5 0.006266011622094475
45.5 0.006090274306423395
46.5 0.006174237690577357
47.5 0.0061410428642839285
48.5 0.005908679080229943
49.5 0.00612346913271682
50.5 0.0056431204698825285
51.5 0.005461525243689079
52.5 0.005688031117220693
53.5 0.005604067733066732
54.5 0.005697794301424644
55.5 0.0053365564858785285
56.5 0.005461525243689079
57.5 0.0056470257435641096
58.5 0.0054790989752561865
59.5 0.005596257185703575
60.5 0.005957495001249686
61.5 0.005998500374906273
62.5 0.006447606848287927
63.5 0.006560859785053737
64.5 0.006820560484878782
65.5 0.007310672331917019
66.5 0.0077011997000749795
67.5 0.008406101599600098
68.5 0.008939171457135714
69.5 0.009532773056735815
70.5 0.00996235316170957
71.5 0.0105891495876031
72.5 0.011405351787053238
73.5 0.011934516370907275
74.5 0.012202027618095477
75.5 0.012875687328167957
76.5 0.01285225568607848
77.5 0.012754623844038993
78.5 0.012740955386153463
79.5 0.012619891902024494
80.5 0.012118064233941517
81.5 0.011415114971257183
82.5 0.010473944013996504
83.5 0.009755373656585855
84.5 0.008728286678330418
85.5 0.007904273931517117
86.5 0.0069045238690327426
87.5 0.005873531617095725
88.5 0.0052935984753811555
89.5 0.004303611597100724
90.5 0.0035323200449887526
91.5 0.00276102849287678
92.5 0.0022943482879280172
93.5 0.0016636465883529121
94.5 0.0014000406148462884
95.5 0.001048565983504124
96.5 0.0007869126468382906
97.5 0.0006892808047988004
98.5 0.0004940171207198202
99.5 0.00038662209447638075
100.5 0.00027532179455136196
101.5 0.00022455323669082712
102.5 0.00016597413146713307
103.5 0.0001308266683329168
104.5 0.0001308266683329168
105.5 7.224756310922272e-05
106.5 6.834228942764311e-05
107.5 5.076855786053487e-05
108.5 3.7100099975006254e-05
109.5 3.124218945263685e-05
110.5 2.1479005248687836e-05
111.5 2.1479005248687836e-05
112.5 2.7336915771057243e-05
113.5 7.81054736315921e-06
114.5 3.905273681579605e-06
115.5 5.857910522369408e-06
116.5 7.81054736315921e-06
117.5 7.81054736315921e-06
118.5 1.3668457885528618e-05
119.5 7.81054736315921e-06
120.5 7.81054736315921e-06
121.5 3.905273681579605e-06
122.5 9.763184203949014e-06
123.5 5.857910522369408e-06
124.5 3.905273681579605e-06
125.5 7.81054736315921e-06
126.5 5.857910522369408e-06
127.5 3.905273681579605e-06
128.5 0.0
129.5 3.905273681579605e-06
130.5 7.81054736315921e-06
131.5 3.905273681579605e-06
132.5 5.857910522369408e-06
133.5 3.905273681579605e-06
134.5 5.857910522369408e-06
135.5 1.1715821044738818e-05
136.5 1.3668457885528618e-05
137.5 3.905273681579605e-06
138.5 9.763184203949014e-06
139.5 7.81054736315921e-06
140.5 3.905273681579605e-06
141.5 1.562109472631842e-05
142.5 1.3668457885528621e-05
143.5 2.1479005248687832e-05
144.5 2.3431642089477636e-05
145.5 3.319482629342665e-05
146.5 2.3431642089477636e-05
147.5 1.3668457885528621e-05
148.5 1.562109472631842e-05
149.5 2.538427893026744e-05
150.5 3.124218945263684e-05
151.5 1.5621094726318425e-05
152.5 2.1479005248687832e-05
153.5 2.1479005248687832e-05
154.5 2.9289552611847047e-05
155.5 3.514746313421646e-05
156.5 2.1479005248687832e-05
157.5 1.7573731567108225e-05
158.5 7.81054736315921e-06
159.5 5.857910522369408e-06
160.5 1.3668457885528621e-05
161.5 3.905273681579605e-06
162.5 5.857910522369408e-06
163.5 1.1715821044738815e-05
164.5 5.857910522369408e-06
165.5 5.857910522369408e-06
166.5 1.9526368407898027e-06
167.5 0.0
168.5 1.9526368407898027e-06
169.5 3.905273681579605e-06
170.5 3.905273681579605e-06
171.5 0.0
172.5 1.9526368407898027e-06
173.5 0.0
174.5 1.9526368407898027e-06
175.5 0.0
176.5 0.0
177.5 0.0
178.5 1.9526368407898027e-06
179.5 1.9526368407898027e-06
180.5 0.0
181.5 1.9526368407898027e-06
182.5 0.0
183.5 0.0
184.5 1.9526368407898027e-06
185.5 0.0
186.5 1.9526368407898027e-06
187.5 1.9526368407898027e-06
188.5 5.857910522369408e-06
189.5 7.81054736315921e-06
190.5 3.905273681579605e-06
191.5 9.763184203949013e-06
192.5 1.9526368407898027e-06
193.5 1.3668457885528618e-05
194.5 1.7573731567108222e-05
195.5 7.81054736315921e-06
196.5 2.5384278930267436e-05
197.5 1.7573731567108225e-05
198.5 4.6863284178955265e-05
199.5 2.3431642089477633e-05
200.5 6.053174206448388e-05
201.5 5.272119470132467e-05
202.5 5.272119470132467e-05
203.5 5.467383154211448e-05
204.5 7.420019995001251e-05
205.5 7.22475631092227e-05
206.5 8.396338415396151e-05
207.5 8.591602099475132e-05
208.5 0.00010739502624343914
209.5 8.005811047238192e-05
210.5 6.053174206448388e-05
211.5 7.61528367908023e-05
212.5 7.22475631092227e-05
213.5 8.201074731317172e-05
214.5 7.61528367908023e-05
215.5 3.319482629342665e-05
216.5 3.514746313421645e-05
217.5 3.905273681579606e-05
218.5 3.514746313421645e-05
219.5 3.124218945263684e-05
220.5 2.3431642089477636e-05
221.5 1.3668457885528621e-05
222.5 9.763184203949014e-06
223.5 2.1479005248687832e-05
224.5 1.1715821044738818e-05
225.5 1.3668457885528621e-05
226.5 7.81054736315921e-06
227.5 1.1715821044738818e-05
228.5 3.905273681579605e-06
229.5 1.9526368407898027e-06
230.5 5.857910522369408e-06
231.5 3.905273681579605e-06
232.5 1.9526368407898027e-06
233.5 5.857910522369408e-06
234.5 3.905273681579605e-06
235.5 7.81054736315921e-06
236.5 1.9526368407898027e-06
237.5 9.763184203949014e-06
238.5 7.81054736315921e-06
239.5 3.905273681579605e-06
240.5 5.857910522369408e-06
241.5 5.857910522369408e-06
242.5 5.857910522369408e-06
243.5 5.857910522369408e-06
244.5 5.857910522369408e-06
245.5 5.857910522369408e-06
246.5 3.905273681579605e-06
247.5 1.5621094726318425e-05
248.5 2.3431642089477636e-05
249.5 2.1479005248687832e-05
250.5 9.763184203949014e-06
251.5 2.538427893026744e-05
252.5 4.2958010497375665e-05
253.5 5.0768557860534886e-05
254.5 5.076855786053488e-05
255.5 0.00010544238940264938
256.5 0.0001405898525368658
257.5 0.00013668457885528617
258.5 0.00019916895776055977
259.5 0.0002597006998250436
260.5 0.00035342726818295427
261.5 0.0004920644838790301
262.5 0.0005721225943514118
263.5 0.0008181548362909271
264.5 0.0010934766308422896
265.5 0.0013863721569607596
266.5 0.0016519307673081734
267.5 0.002311922019495127
268.5 0.0025970069982504374
269.5 0.0033038615346163455
270.5 0.00406148462884279
271.5 0.004832776180954761
272.5 0.005771994501374656
273.5 0.006496422769307672
274.5 0.0073770619845038715
275.5 0.008298706573356662
276.5 0.009515199325168708
277.5 0.010194716945763559
278.5 0.01088009247688078
279.5 0.01135848850287428
280.5 0.011848600349912522
281.5 0.011895463634091477
282.5 0.012235222444388901
283.5 0.01227818045488628
284.5 0.012129780054986253
285.5 0.0116045207448138
286.5 0.011346772681829542
287.5 0.011073403524118964
288.5 0.01025134341414646
289.5 0.01000531117220695
290.5 0.009433188577855536
291.5 0.009128577230692327
292.5 0.008470538615346163
293.5 0.008134685078730317
294.5 0.007519604473881525
295.5 0.007505936015995999
296.5 0.0070216820794801295
297.5 0.006748312921769557
298.5 0.006545238690327418
299.5 0.006551096600849788
300.5 0.006297253811547113
301.5 0.006215243064233942
302.5 0.006367548737815546
303.5 0.006238674706323419
304.5 0.00632459072731817
305.5 0.006322638090477382
306.5 0.006494470132466886
307.5 0.0065179017745563604
308.5 0.006724881279680076
309.5 0.006996297800549859
310.5 0.006886950137465634
311.5 0.007234519495126218
312.5 0.007609425768557858
313.5 0.0075742783054236415
314.5 0.007769541989502622
315.5 0.007761731442139464
316.5 0.008058532241939514
317.5 0.007970663584103975
318.5 0.008001905773556606
319.5 0.007841789552611843
320.5 0.007615283679080228
321.5 0.007402446263434138
322.5 0.007088071732066982
323.5 0.006715118095476129
324.5 0.0061234691327168205
325.5 0.005645073106723319
326.5 0.005227208822794303
327.5 0.0046941389652586825
328.5 0.0043153274181454634
329.5 0.003680720444888777
330.5 0.003380014371407148
331.5 0.002739549487628093
332.5 0.002487659335166208
333.5 0.0021908585353661585
334.5 0.001802283804048988
335.5 0.0016167833041739563
336.5 0.001431282804298926
337.5 0.0011461978255436142
338.5 0.0011637715571107229
339.5 0.0009099287678080471
340.5 0.0007537178205448633
341.5 0.0007068545363659081
342.5 0.0006404648837790544
343.5 0.0006365596100974752
344.5 0.00048425393651587074
345.5 0.00045496438390402367
346.5 0.0004823012996750808
347.5 0.0004452011997000745
348.5 0.00043543801549612534
349.5 0.00035537990502374373
350.5 0.0003670957260684825
351.5 0.0003729536365908519
352.5 0.0003983379155211192
353.5 0.00038466945763559064
354.5 0.00033780617345663546
355.5 0.00032023244188952724
356.5 0.0003514746313421641
357.5 0.00035733254186453336
358.5 0.0003182798050487374
359.5 0.0003749062734316417
