0.5 0.0
1.5 0.0
2.5 0.0
3.5 0.0
4.5 0.0
5.5 0.0
6.5 0.0
7.5 0.0
8.5 0.0
9.5 0.0
10.5 1.9526368407898027e-06
11.5 0.0
12.5 1.9526368407898027e-06
13.5 0.0
14.5 0.0
15.5 3.905273681579605e-06
16.5 1.9526368407898027e-06
17.5 1.9526368407898027e-06
18.5 3.905273681579605e-06
19.5 5.857910522369408e-06
20.5 5.857910522369408e-06
21.5 3.905273681579605e-06
22.5 7.81054736315921e-06
23.5 5.857910522369408e-06
24.5 9.763184203949014e-06
25.5 1.5621094726318425e-05
26.5 1.5621094726318425e-05
27.5 1.3668457885528621e-05
28.5 1.3668457885528621e-05
29.5 2.343164208947764e-05
30.5 3.710009997500626e-05
31.5 2.7336915771057246e-05
32.5 2.1479005248687832e-05
33.5 4.881592101974508e-05
34.5 5.857910522369409e-05
35.5 0.00010153711572106977
36.5 9.177393151712075e-05
37.5 0.000128874031492127
38.5 0.00014254248937765556
39.5 0.0001796425893526617
40.5 0.00021674268932766788
41.5 0.00024407960509872505
42.5 0.0002968007998000496
43.5 0.0003553799050237436
44.5 0.0004276274681329665
45.5 0.0005135434891277176
46.5 0.0005643120469882523
47.5 0.0006346069732566849
48.5 0.000808391652086977
49.5 0.0008845444888777799
50.5 0.0009743657835541103
51.5 0.0011481504623844037
52.5 0.0013336509622594345
53.5 0.0013805142464383907
54.5 0.001530867283179205
55.5 0.0018218101724568852
56.5 0.0018374312671832049
57.5 0.0018979630092476876
58.5 0.002175237440639841
59.5 0.0021166583354161467
60.5 0.002309969382654337
61.5 0.0024876593351662074
62.5 0.0026926862034491383
63.5 0.0026848756560859787
64.5 0.0028098444138965253
65.5 0.002761028492876781
66.5 0.0028137496875781055
67.5 0.0028000812296925764
68.5 0.0030402555611097233
69.5 0.002755170582354411
70.5 0.00276883904023994
71.5 0.002844991877030744
72.5 0.0025501437140714833
73.5 0.0026106754561359665
74.5 0.0026048175456135966
75.5 0.002452511872031992
76.5 0.002438843414146464
77.5 0.002128374156460883
78.5 0.0020990846038490382
79.5 0.0019155367408147965
80.5 0.002009263309172707
81.5 0.0017554205198700317
82.5 0.0015582041989502624
83.5 0.0016245938515371153
84.5 0.0014879092726818284
85.5 0.0012770244938765307
86.5 0.0012145401149712574
87.5 0.0012164927518120464
88.5 0.001023181704573856
89.5 0.000925549862534365
90.5 0.000827918020494875
91.5 0.0007927705573606589
92.5 0.0007263809047738057
93.5 0.0006658491627093218
94.5 0.0006267964258935255
95.5 0.0005291645838540357
96.5 0.0005584541364658827
97.5 0.0004998750312421887
98.5 0.000429580104973756
99.5 0.00046863284178955204
100.5 0.00038857473131717
101.5 0.0003827168207948008
102.5 0.00031046925768557824
103.5 0.0003475693576605843
104.5 0.00026751124718820253
105.5 0.0002694638840289924
106.5 0.0002714165208697823
107.5 0.0002479848787803047
108.5 0.0002265058735316169
109.5 0.0001991689577605597
110.5 0.00018550049987503113
111.5 0.00019135841039740045
112.5 0.00017768995251187192
113.5 0.0001679267683079229
114.5 0.0001659741314671332
115.5 0.0001523056735816046
116.5 0.0001542583104223943
117.5 0.0001425424893776555
118.5 0.0001230161209697576
119.5 0.00017378467883029223
120.5 0.00016792676830792283
121.5 0.00016792676830792294
122.5 0.00015816358410397388
123.5 0.00017378467883029234
124.5 0.00015230567358160454
125.5 0.00015425831042239439
126.5 0.0002401743314171455
127.5 0.00018940577355661063
128.5 0.00023236378405398623
129.5 0.0001991689577605597
130.5 0.00021869532616845762
131.5 0.00027727443139215164
132.5 0.0003182798050487373
133.5 0.0003241377155711069
134.5 0.00038857473131717016
135.5 0.00039248000499874974
136.5 0.0004295801049737559
137.5 0.000499875031242189
138.5 0.0005799331417145706
139.5 0.0006287490627343155
140.5 0.0007478599100224936
141.5 0.0007771494626343401
142.5 0.0008923550362409384
143.5 0.0010348975256185948
144.5 0.0011130029992501866
145.5 0.0014078511622094472
146.5 0.0014547144463884032
147.5 0.0016734097725568603
148.5 0.001940921019745062
149.5 0.0021361847038240435
150.5 0.002503280429892527
151.5 0.0028703761559610106
152.5 0.003050018745313671
153.5 0.003596757060734817
154.5 0.004200121844538863
155.5 0.00454378592851787
156.5 0.005180345538615345
157.5 0.005834478880279931
158.5 0.006656538990252437
159.5 0.007103692826793298
160.5 0.008189358910272428
161.5 0.008810297425643591
162.5 0.009933063609097724
163.5 0.010723881529617597
164.5 0.011657241939515117
165.5 0.012590602349412642
166.5 0.013375562359410155
167.5 0.014551049737565607
168.5 0.01572848975256186
169.5 0.01647049175206198
170.5 0.017685031867033248
171.5 0.018243486003499124
172.5 0.019715774181454634
173.5 0.019871985128717823
174.5 0.020938124843789055
175.5 0.02171917958010497
176.5 0.022047222569357667
177.5 0.022219054611347176
178.5 0.022367455011247196
179.5 0.022728692826793295
180.5 0.022482660584853785
181.5 0.02258029242689328
182.5 0.022334260184953762
183.5 0.022219054611347155
184.5 0.021516105348662842
185.5 0.020701855786053488
186.5 0.02035233379155211
187.5 0.019616189702574352
188.5 0.018612534366408393
189.5 0.017708463509122724
190.5 0.016700902899275186
191.5 0.015775353036740804
192.5 0.014476849537615596
193.5 0.013623547238190451
194.5 0.012623797175706076
195.5 0.011807594976255942
196.5 0.01063015496125969
197.5 0.009735847288177947
198.5 0.008851302799300177
199.5 0.00777930517370657
200.5 0.007302861784553859
201.5 0.006568670332416894
202.5 0.005801284053986505
203.5 0.0051686297175706055
204.5 0.004627749312671832
205.5 0.004151305923519121
206.5 0.0037158679080229917
207.5 0.003301908897775556
208.5 0.0028664708822794304
209.5 0.002462275056235941
210.5 0.0022670113721569613
211.5 0.001962400024993751
212.5 0.0016011622094476371
213.5 0.0014996250937265678
214.5 0.0012672613096725814
215.5 0.0011442451887028239
216.5 0.0010251343414146455
217.5 0.0008240127468132958
218.5 0.0007459072731817037
219.5 0.0007185703574106462
220.5 0.0006599912521869522
221.5 0.0005604067733066724
222.5 0.0004920644838790297
223.5 0.0003983379155211191
224.5 0.0004237221944513864
225.5 0.0003514746313421638
226.5 0.0003670957260684826
227.5 0.00026165333666583316
228.5 0.0002655586103474129
229.5 0.0002323637840539863
230.5 0.00023822169457635557
231.5 0.0002265058735316168
232.5 0.00021674268932766783
233.5 0.0001874531367158209
234.5 0.00017183204198950247
235.5 0.00019331104723819027
236.5 0.0001698794051487128
237.5 0.00014840039990002496
238.5 0.00014254248937765556
239.5 0.00019135841039740045
240.5 0.00016402149462634334
241.5 0.00016987940514871273
242.5 0.00015035303674081472
243.5 0.00018159522619345147
244.5 0.00014840039990002493
245.5 0.00019135841039740053
246.5 0.00018354786303424126
247.5 0.00020307423144213927
248.5 0.00023431642089477605
249.5 0.0001815952261934515
250.5 0.00022260059985003728
251.5 0.00026751124718820264
252.5 0.0002401743314171454
253.5 0.00024212696825793534
254.5 0.0002597006998250435
255.5 0.00026946388402899227
256.5 0.0003866220944763805
257.5 0.000380764183954011
258.5 0.00038466945763559064
259.5 0.0003905273681579599
260.5 0.00046863284178955193
261.5 0.0005174487628092971
262.5 0.0005213540364908766
263.5 0.0006209385153711566
264.5 0.0006756123469132708
265.5 0.0007420019995001237
266.5 0.0008103442889277672
267.5 0.0009372656835791044
268.5 0.0008923550362409389
269.5 0.0009763184203949
270.5 0.001142292551862034
271.5 0.0012516402149462637
272.5 0.001292645588602849
273.5 0.0014527618095476129
274.5 0.0015367251937015735
275.5 0.0015855411147213195
276.5 0.0017554205198700315
277.5 0.0019018682829292676
278.5 0.0019799737565608586
279.5 0.002231863909022743
280.5 0.0022006217195701073
281.5 0.002630201824543864
282.5 0.0025579542614346416
283.5 0.002542333166708323
284.5 0.002831323419145214
285.5 0.0029816764558860294
286.5 0.0030695451137215703
287.5 0.00315546113471632
288.5 0.003331198450387404
289.5 0.003333151087228193
290.5 0.0032726193451637093
291.5 0.0031183610347413145
292.5 0.0030656398400399887
293.5 0.003424925018745314
294.5 0.0030324450137465633
295.5 0.0031769401399650084
296.5 0.0030695451137215703
297.5 0.0029172394401399643
298.5 0.0028430392401899533
299.5 0.0026712071982004505
300.5 0.0024447013246688336
301.5 0.002458369782554361
302.5 0.002226005998500375
303.5 0.0021225162459385157
304.5 0.0019467789302674318
305.5 0.0016792676830792302
306.5 0.0016499781304673833
307.5 0.001460572356910773
308.5 0.0013063140464883779
309.5 0.0011051924518870285
310.5 0.001011465883529117
311.5 0.0008396338415396143
312.5 0.0006970913521619584
313.5 0.0006131279680079971
314.5 0.0006053174206448378
315.5 0.00046472756810797235
316.5 0.0004100537365658579
317.5 0.0003436640839790047
318.5 0.00022845851037240668
319.5 0.0002577480629842536
320.5 0.0002011215946013494
321.5 0.00012106348412896781
322.5 0.00013668457885528617
323.5 0.00010348975256185957
324.5 7.810547363159213e-05
325.5 8.201074731317174e-05
326.5 7.810547363159213e-05
327.5 5.4673831542114486e-05
328.5 3.124218945263685e-05
329.5 3.514746313421646e-05
330.5 1.757373156710823e-05
331.5 2.7336915771057243e-05
332.5 2.343164208947764e-05
333.5 9.763184203949014e-06
334.5 9.763184203949014e-06
335.5 9.763184203949014e-06
336.5 7.81054736315921e-06
337.5 9.763184203949014e-06
338.5 3.905273681579605e-06
339.5 1.9526368407898027e-06
340.5 3.905273681579605e-06
341.5 1.9526368407898027e-06
342.5 0.0
343.5 1.9526368407898027e-06
344.5 1.9526368407898027e-06
345.5 1.9526368407898027e-06
346.5 0.0
347.5 3.905273681579605e-06
348.5 0.0
349.5 0.0
350.5 0.0
351.5 1.9526368407898027e-06
352.5 1.9526368407898027e-06
353.5 0.0
354.5 0.0
355.5 0.0
356.5 0.0
357.5 0.0
358.5 0.0
359.5 0.0
