0.5 0.00015035303674081472
1.5 0.00017183204198950255
2.5 0.0002616533366658333
3.5 0.0003768589102724315
4.5 0.00047449075231192157
5.5 0.0006326543364158952
6.5 0.0006834228942764299
7.5 0.0008162021994501368
8.5 0.0007595757310672325
9.5 0.0007537178205448636
10.5 0.0007049018995251182
11.5 0.0006873281679580094
12.5 0.0005350224943764053
13.5 0.0004608222944263929
14.5 0.00036514308922769247
15.5 0.0002167426893276679
16.5 0.00019135841039740048
17.5 0.0001366845788552862
18.5 0.00011130029992501879
19.5 7.810547363159213e-05
20.5 5.85791052236941e-05
21.5 3.3194826293426654e-05
22.5 2.928955261184705e-05
23.5 1.757373156710823e-05
24.5 1.9526368407898032e-05
25.5 1.5621094726318425e-05
26.5 9.763184203949014e-06
27.5 3.905273681579605e-06
28.5 5.857910522369408e-06
29.5 7.81054736315921e-06
30.5 3.905273681579605e-06
31.5 3.905273681579605e-06
32.5 0.0
33.5 9.763184203949014e-06
34.5 1.9526368407898027e-06
35.5 3.905273681579605e-06
36.5 1.9526368407898027e-06
37.5 5.857910522369408e-06
38.5 5.857910522369408e-06
39.5 1.3668457885528621e-05
40.5 1.3668457885528621e-05
41.5 2.7336915771057246e-05
42.5 2.7336915771057246e-05
43.5 3.9052736815796064e-05
44.5 6.0531742064483903e-05
45.5 8.396338415396154e-05
46.5 0.00015230567358160454
47.5 0.0002245532366908271
48.5 0.00038466945763559064
49.5 0.0005428330417395644
50.5 0.0009587446888277922
51.5 0.001337556235941014
52.5 0.002114705698575357
53.5 0.0030500187453136726
54.5 0.004479348912771806
55.5 0.006037553111722071
56.5 0.00809172706823294
57.5 0.01052666520869782
58.5 0.013098287928017998
59.5 0.015369204573856541
60.5 0.016833682204448894
61.5 0.017829526993251677
62.5 0.01794277993001749
63.5 0.01649197075731068
64.5 0.014578386653336661
65.5 0.01188765308672832
66.5 0.009036803299175203
67.5 0.006867423769057733
68.5 0.005381467133216693
69.5 0.004959697575606101
70.5 0.005664599475131215
71.5 0.007986284678830292
72.5 0.011653336665833545
73.5 0.01628108597850538
74.5 0.022390886653336668
75.5 0.027795785428642843
76.5 0.033099147088227955
77.5 0.03702199450137467
78.5 0.0391620844788803
79.5 0.03907616845788554
80.5 0.03695365221194701
81.5 0.03315967883029243
82.5 0.028373765933516613
83.5 0.023505842289427648
84.5 0.01838993376655836
85.5 0.014625249937515622
86.5 0.010493470382404405
87.5 0.007535225568607849
88.5 0.005582588727818042
89.5 0.004012668707823045
90.5 0.002811797050737317
91.5 0.0018608629092726813
92.5 0.001232113846538365
93.5 0.0008962603099225186
94.5 0.0005604067733066725
95.5 0.0003866220944763803
96.5 0.0003085166208447884
97.5 0.00018940577355661066
98.5 0.00013473194201449638
99.5 0.0001327793051737066
100.5 9.763184203949016e-05
101.5 6.44370157460635e-05
102.5 4.295801049737567e-05
103.5 4.8815921019745075e-05
104.5 3.124218945263685e-05
105.5 3.124218945263685e-05
106.5 2.343164208947764e-05
107.5 2.538427893026744e-05
108.5 9.763184203949014e-06
109.5 2.1479005248687836e-05
110.5 1.1715821044738818e-05
111.5 1.9526368407898032e-05
112.5 2.3431642089477636e-05
113.5 2.7336915771057246e-05
114.5 3.514746313421646e-05
115.5 3.514746313421646e-05
116.5 4.8815921019745075e-05
117.5 3.514746313421646e-05
118.5 6.24843789052737e-05
119.5 4.8815921019745075e-05
120.5 6.0531742064483903e-05
121.5 9.567920519870036e-05
122.5 0.0001269213946513372
123.5 0.00014058985253686575
124.5 0.00013863721569607593
125.5 0.00019721632091976993
126.5 0.00019916895776055972
127.5 0.0002479848787803048
128.5 0.00030070607348162923
129.5 0.00037295363659085184
130.5 0.0004491064733816542
131.5 0.0004393432891777051
132.5 0.00046277493126718283
133.5 0.00045496438390402356
134.5 0.0004998750312421891
135.5 0.0005252593101724563
136.5 0.000507685578605348
137.5 0.000468632841789552
138.5 0.00040810109972506833
139.5 0.00037295363659085184
140.5 0.00038466945763559064
141.5 0.00030851662084478845
142.5 0.00021674268932766788
143.5 0.0002069795051237189
144.5 0.0002050268682829291
145.5 0.00014254248937765554
146.5 0.00010739502624343918
147.5 0.00011325293676580859
148.5 0.00010153711572106977
149.5 6.44370157460635e-05
150.5 6.44370157460635e-05
151.5 8.005811047238193e-05
152.5 5.85791052236941e-05
153.5 5.272119470132468e-05
154.5 5.6626468382904296e-05
155.5 5.4673831542114486e-05
156.5 7.029492626843291e-05
157.5 8.201074731317174e-05
158.5 8.982129467633095e-05
159.5 6.834228942764311e-05
160.5 5.0768557860534886e-05
161.5 6.834228942764311e-05
162.5 6.24843789052737e-05
163.5 5.4673831542114486e-05
164.5 5.857910522369409e-05
165.5 4.4910647338165475e-05
166.5 5.0768557860534886e-05
167.5 5.467383154211449e-05
168.5 4.100537365658587e-05
169.5 3.514746313421646e-05
170.5 1.3668457885528621e-05
171.5 4.491064733816547e-05
172.5 4.295801049737567e-05
173.5 2.343164208947764e-05
174.5 4.100537365658587e-05
175.5 3.9052736815796064e-05
176.5 3.9052736815796064e-05
177.5 5.076855786053488e-05
178.5 2.7336915771057246e-05
179.5 4.295801049737567e-05
180.5 2.343164208947764e-05
181.5 3.9052736815796064e-05
182.5 3.3194826293426654e-05
183.5 1.5621094726318425e-05
184.5 3.3194826293426654e-05
185.5 5.662646838290429e-05
186.5 3.514746313421645e-05
187.5 4.8815921019745075e-05
188.5 4.686328417895528e-05
189.5 3.9052736815796064e-05
190.5 2.1479005248687836e-05
191.5 4.4910647338165475e-05
192.5 4.100537365658586e-05
193.5 4.881592101974508e-05
194.5 3.905273681579606e-05
195.5 4.686328417895528e-05
196.5 6.24843789052737e-05
197.5 5.4673831542114486e-05
198.5 4.686328417895527e-05
199.5 6.0531742064483903e-05
200.5 4.4910647338165475e-05
201.5 5.6626468382904296e-05
202.5 5.272119470132468e-05
203.5 4.881592101974508e-05
204.5 4.881592101974508e-05
205.5 8.396338415396154e-05
206.5 6.638965258685331e-05
207.5 4.100537365658587e-05
208.5 4.100537365658587e-05
209.5 5.662646838290429e-05
210.5 5.272119470132469e-05
211.5 8.786865783554115e-05
212.5 9.177393151712075e-05
213.5 0.00010934766308422899
214.5 0.0001366845788552862
215.5 0.00020307423144213938
216.5 0.00019721632091976993
217.5 0.00023822169457635568
218.5 0.00027336915771057206
219.5 0.0003885747313171704
220.5 0.00038271682079480095
221.5 0.0003866220944763806
222.5 0.0004295801049737561
223.5 0.0003651430892276926
224.5 0.00036319045238690284
225.5 0.00041786428392901723
226.5 0.00040614846288427843
227.5 0.00036514308922769274
228.5 0.000273369157710572
229.5 0.00028703761559610065
230.5 0.00020307423144213933
231.5 0.0001796425893526618
232.5 0.00017183204198950258
233.5 0.00018354786303424132
234.5 0.00013473194201449635
235.5 8.591602099475134e-05
236.5 8.591602099475134e-05
237.5 5.4673831542114486e-05
238.5 5.6626468382904296e-05
239.5 4.686328417895528e-05
240.5 3.3194826293426654e-05
241.5 3.3194826293426654e-05
242.5 2.7336915771057246e-05
243.5 3.514746313421646e-05
244.5 2.3431642089477636e-05
245.5 7.81054736315921e-06
246.5 9.763184203949014e-06
247.5 1.5621094726318425e-05
248.5 2.1479005248687836e-05
249.5 1.757373156710823e-05
250.5 9.763184203949014e-06
251.5 1.9526368407898027e-06
252.5 1.1715821044738818e-05
253.5 1.3668457885528621e-05
254.5 1.1715821044738818e-05
255.5 1.5621094726318425e-05
256.5 1.757373156710823e-05
257.5 2.9289552611847047e-05
258.5 2.1479005248687836e-05
259.5 4.295801049737567e-05
260.5 4.4910647338165475e-05
261.5 6.24843789052737e-05
262.5 9.372656835791056e-05
263.5 0.0001152055736065984
264.5 0.0001855004998750311
265.5 0.00020893214196450872
266.5 0.0003358535366158457
267.5 0.00049011184703824
268.5 0.000742001999500124
269.5 0.0011130029992501879
270.5 0.0016597413146713323
271.5 0.0021791427143214187
272.5 0.003112503124218945
273.5 0.004299706323419145
274.5 0.0058637684328917755
275.5 0.007785163084228944
276.5 0.009704605098725316
277.5 0.011592804923769058
278.5 0.013481004748812801
279.5 0.015345772931767056
280.5 0.016023337915521123
281.5 0.016208838415396148
282.5 0.015334057110722315
283.5 0.013549347038240442
284.5 0.011528367908022991
285.5 0.00904656648337915
286.5 0.006660444263934016
287.5 0.004906976380904775
288.5 0.003633857160709825
289.5 0.0031476505873531636
290.5 0.0032980036240939756
291.5 0.004272369407648089
292.5 0.0059301580854786325
293.5 0.008452964883779054
294.5 0.010967961134716327
295.5 0.013631357785553614
296.5 0.014920098100474875
297.5 0.01627132279430142
298.5 0.01648025493626593
299.5 0.015316483379155206
300.5 0.013863721569607605
301.5 0.011668957760559857
302.5 0.009450762309422647
303.5 0.007211087853036739
304.5 0.005387325043739071
305.5 0.003700246813296675
306.5 0.002600912271932018
307.5 0.0017690889777555606
308.5 0.001243829667583104
309.5 0.0007322388152961752
310.5 0.0004744907523119214
311.5 0.0002870376155961008
312.5 0.0001874531367158209
313.5 0.00015230567358160457
314.5 7.224756310922272e-05
315.5 5.272119470132469e-05
316.5 4.100537365658587e-05
317.5 2.9289552611847047e-05
318.5 1.5621094726318425e-05
319.5 1.1715821044738818e-05
320.5 1.1715821044738818e-05
321.5 1.9526368407898027e-06
322.5 1.9526368407898027e-06
323.5 3.905273681579605e-06
324.5 7.81054736315921e-06
325.5 3.905273681579605e-06
326.5 1.9526368407898027e-06
327.5 3.905273681579605e-06
328.5 3.905273681579605e-06
329.5 3.905273681579605e-06
330.5 3.905273681579605e-06
331.5 9.763184203949014e-06
332.5 1.9526368407898027e-06
333.5 1.9526368407898027e-06
334.5 7.81054736315921e-06
335.5 9.763184203949014e-06
336.5 2.343164208947764e-05
337.5 1.757373156710823e-05
338.5 1.952636840789803e-05
339.5 3.3194826293426654e-05
340.5 5.272119470132468e-05
341.5 6.0531742064483903e-05
342.5 7.420019995001252e-05
343.5 0.000119110847288178
344.5 0.00017183204198950258
345.5 0.00022260059985003728
346.5 0.00028899025243689055
347.5 0.00032999562609347646
348.5 0.0003827168207948008
349.5 0.0004393432891777052
350.5 0.000441295926018495
351.5 0.000470585478630342
352.5 0.0004862065733566602
353.5 0.0003866220944763806
354.5 0.0003319482629342659
355.5 0.0003202324418895274
356.5 0.0002343164208947761
357.5 0.0001679267683079229
358.5 0.000158163584103974
359.5 0.00014644776305923514
