0.5 0.0
1.5 1.9526368407898027e-06
2.5 1.9526368407898027e-06
3.5 0.0
4.5 1.9526368407898027e-06
5.5 0.0
6.5 1.9526368407898027e-06
7.5 0.0
8.5 0.0
9.5 0.0
10.5 0.0
11.5 0.0
12.5 1.9526368407898027e-06
13.5 1.9526368407898027e-06
14.5 0.0
15.5 0.0
16.5 0.0
17.5 3.905273681579605e-06
18.5 3.905273681579605e-06
19.5 1.9526368407898027e-06
20.5 1.9526368407898027e-06
21.5 1.9526368407898027e-06
22.5 3.905273681579605e-06
23.5 0.0
24.5 1.9526368407898027e-06
25.5 3.905273681579605e-06
26.5 3.905273681579605e-06
27.5 7.81054736315921e-06
28.5 9.763184203949013e-06
29.5 7.81054736315921e-06
30.5 1.9526368407898027e-06
31.5 1.1715821044738816e-05
32.5 7.81054736315921e-06
33.5 3.905273681579605e-06
34.5 1.7573731567108225e-05
35.5 1.952636840789803e-05
36.5 9.763184203949013e-06
37.5 1.7573731567108225e-05
38.5 1.9526368407898025e-05
39.5 2.147900524868783e-05
40.5 1.562109472631842e-05
41.5 2.147900524868783e-05
42.5 2.1479005248687832e-05
43.5 2.5384278930267433e-05
44.5 4.2958010497375665e-05
45.5 3.905273681579605e-05
46.5 2.928955261184704e-05
47.5 2.928955261184704e-05
48.5 4.100537365658586e-05
49.5 4.1005373656585854e-05
50.5 2.7336915771057236e-05
51.5 3.7100099975006254e-05
52.5 2.7336915771057236e-05
53.5 3.5147463134216444e-05
54.5 3.710009997500625e-05
55.5 2.928955261184704e-05
56.5 3.319482629342665e-05
57.5 2.9289552611847036e-05
58.5 2.733691577105724e-05
59.5 1.9526368407898025e-05
60.5 1.562109472631842e-05
61.5 1.9526368407898025e-05
62.5 1.562109472631842e-05
63.5 1.7573731567108225e-05
64.5 1.1715821044738815e-05
65.5 1.1715821044738816e-05
66.5 9.763184203949014e-06
67.5 9.763184203949014e-06
68.5 1.1715821044738815e-05
69.5 1.9526368407898027e-06
70.5 1.9526368407898027e-06
71.5 3.905273681579605e-06
72.5 3.905273681579605e-06
73.5 0.0
74.5 0.0
75.5 0.0
76.5 0.0
77.5 0.0
78.5 0.0
79.5 0.0
80.5 0.0
81.5 0.0
82.5 0.0
83.5 0.0
84.5 0.0
85.5 0.0
86.5 0.0
87.5 0.0
88.5 0.0
89.5 0.0
90.5 0.0
91.5 0.0
92.5 0.0
93.5 0.0
94.5 0.0
95.5 0.0
96.5 0.0
97.5 0.0
98.5 0.0
99.5 0.0
100.5 0.0
101.5 0.0
102.5 0.0
103.5 0.0
104.5 0.0
105.5 0.0
106.5 0.0
107.5 0.0
108.5 0.0
109.5 0.0
110.5 0.0
111.5 0.0
112.5 1.9526368407898027e-06
113.5 0.0
114.5 0.0
115.5 0.0
116.5 0.0
117.5 0.0
118.5 0.0
119.5 0.0
120.5 0.0
121.5 0.0
122.5 0.0
123.5 0.0
124.5 0.0
125.5 0.0
126.5 0.0
127.5 0.0
128.5 0.0
129.5 0.0
130.5 0.0
131.5 0.0
132.5 0.0
133.5 0.0
134.5 0.0
135.5 0.0
136.5 0.0
137.5 1.9526368407898027e-06
138.5 1.9526368407898027e-06
139.5 0.0
140.5 1.9526368407898027e-06
141.5 0.0
142.5 1.5621094726318425e-05
143.5 5.857910522369408e-06
144.5 3.905273681579605e-06
145.5 1.3668457885528621e-05
146.5 1.5621094726318425e-05
147.5 1.1715821044738818e-05
148.5 3.124218945263685e-05
149.5 3.514746313421646e-05
150.5 4.2958010497375665e-05
151.5 6.0531742064483903e-05
152.5 6.05317420644839e-05
153.5 0.00010544238940264936
154.5 0.00015816358410397397
155.5 0.00018940577355661074
156.5 0.0002889902524368906
157.5 0.00034171144713821504
158.5 0.0004354380154961257
159.5 0.0006092226943264176
160.5 0.0008162021994501368
161.5 0.0010719976255936013
162.5 0.0013707510622344415
163.5 0.001610925393651587
164.5 0.0021732848037990496
165.5 0.0026419176455886027
166.5 0.0032472350662334413
167.5 0.004049768807798051
168.5 0.0049928924018995255
169.5 0.005713415396150964
170.5 0.006871329042739314
171.5 0.008320185578605345
172.5 0.009614783804048985
173.5 0.01066334978755311
174.5 0.012334806923269187
175.5 0.014057032616845785
176.5 0.015624999999999998
177.5 0.016913740314921263
178.5 0.017708463509122727
179.5 0.01897963009247688
180.5 0.02007310672331917
181.5 0.021068951512121983
182.5 0.02158640027493127
183.5 0.02202183829042739
184.5 0.02196130654836291
185.5 0.021855864158960254
186.5 0.02134817858035491
187.5 0.020643276680829794
188.5 0.01970210572356912
189.5 0.018581292176955762
190.5 0.01766550549862534
191.5 0.016357238815296167
192.5 0.014875187453136717
193.5 0.014027743064233945
194.5 0.01258279180204949
195.5 0.011294051487128217
196.5 0.009954542614346409
197.5 0.008849350162459387
198.5 0.007744157710572357
199.5 0.006590149337665581
200.5 0.005932110722319421
201.5 0.004955792301924523
202.5 0.004350474881279682
203.5 0.003516698950262435
204.5 0.003114455761059733
205.5 0.0025462384403899035
206.5 0.0021928111722069477
207.5 0.0017768995251187204
208.5 0.0015503936515871035
209.5 0.0013043614096475875
210.5 0.0010290396150962255
211.5 0.0009665552361909513
212.5 0.0007634810047488117
213.5 0.0006150806048487871
214.5 0.0005389277680579848
215.5 0.0004705854786303419
216.5 0.00041395901024743754
217.5 0.0003573325418645334
218.5 0.0002557954261434638
219.5 0.00018940577355661066
220.5 0.0002050268682829292
221.5 0.00018745313671582092
222.5 0.00016011622094476373
223.5 0.00013473194201449638
224.5 0.00011325293676580859
225.5 9.177393151712075e-05
226.5 8.396338415396154e-05
227.5 0.0001152055736065984
228.5 6.638965258685331e-05
229.5 7.810547363159213e-05
230.5 6.638965258685331e-05
231.5 6.834228942764311e-05
232.5 6.638965258685331e-05
233.5 6.0531742064483903e-05
234.5 4.2958010497375665e-05
235.5 4.686328417895528e-05
236.5 6.834228942764311e-05
237.5 4.295801049737567e-05
238.5 5.272119470132469e-05
239.5 4.686328417895528e-05
240.5 4.295801049737567e-05
241.5 5.0768557860534886e-05
242.5 4.295801049737567e-05
243.5 4.881592101974508e-05
244.5 7.029492626843291e-05
245.5 8.396338415396154e-05
246.5 7.224756310922272e-05
247.5 7.810547363159213e-05
248.5 8.982129467633095e-05
249.5 0.00014058985253686577
250.5 0.000148400399900025
251.5 0.00012887403149212698
252.5 0.00012496875781054737
253.5 0.0001542583104223943
254.5 0.0001913584103974005
255.5 0.0002323637840539864
256.5 0.00022650587353161675
257.5 0.00031242189452636814
258.5 0.0003241377155711068
259.5 0.00042567483129217644
260.5 0.0004920644838790297
261.5 0.0005760278680329911
262.5 0.0006072700574856277
263.5 0.0006892808047987996
264.5 0.0008415864783804043
265.5 0.000950934141464633
266.5 0.0010876187203199188
267.5 0.0012379717570607345
268.5 0.001476193451637091
269.5 0.0017690889777555612
270.5 0.0019272525618595348
271.5 0.0022670113721569617
272.5 0.0026731598350412398
273.5 0.003034397650587352
274.5 0.003610425518620346
275.5 0.0038623156710822296
276.5 0.004358285428642842
277.5 0.005047566233441641
278.5 0.005764183954011495
279.5 0.0065686703324168965
280.5 0.007144698200449887
281.5 0.00790622656835791
282.5 0.008593554736315918
283.5 0.009524962509372653
284.5 0.01018300112471882
285.5 0.011391683329167703
286.5 0.01239533866533366
287.5 0.012959650712321922
288.5 0.013910584853786555
289.5 0.014242533116720822
290.5 0.015127077605598597
291.5 0.01586712696825793
292.5 0.016243985878530365
293.5 0.016894213946513366
294.5 0.017181251562109468
295.5 0.017300362409397647
296.5 0.016958650962259424
297.5 0.01685516120969757
298.5 0.016355286178455383
299.5 0.0156425737315671
300.5 0.015261809547613098
301.5 0.01419371719570107
302.5 0.013133435391152205
303.5 0.01297136653336666
304.5 0.011932563734066478
305.5 0.010356785803549108
306.5 0.00958939952511872
307.5 0.008534975631092222
308.5 0.007759778805298676
309.5 0.006699497000749811
310.5 0.005947731817045738
311.5 0.004998750312421896
312.5 0.004215742939265182
313.5 0.003747110097475632
314.5 0.0029348131717070736
315.5 0.0026458229192701833
316.5 0.002159616345913521
317.5 0.0016890308672831793
318.5 0.001441045988502874
319.5 0.0012633560359910023
320.5 0.0009138340414896271
321.5 0.0007302861784553857
322.5 0.000609222694326418
323.5 0.0004647275681079726
324.5 0.00039443264183953997
325.5 0.00028117970507373144
326.5 0.00022455323669082718
327.5 0.00021088477880529857
328.5 0.0001230161209697576
329.5 0.00013473194201449638
330.5 8.396338415396154e-05
331.5 5.272119470132468e-05
332.5 3.9052736815796064e-05
333.5 3.3194826293426654e-05
334.5 3.7100099975006254e-05
335.5 7.81054736315921e-06
336.5 3.710009997500626e-05
337.5 1.3668457885528621e-05
338.5 1.562109472631842e-05
339.5 7.81054736315921e-06
340.5 5.857910522369408e-06
341.5 5.857910522369408e-06
342.5 1.9526368407898027e-06
343.5 3.905273681579605e-06
344.5 5.857910522369408e-06
345.5 0.0
346.5 1.9526368407898027e-06
347.5 0.0
348.5 0.0
349.5 0.0
350.5 0.0
351.5 0.0
352.5 0.0
353.5 1.9526368407898027e-06
354.5 0.0
355.5 0.0
356.5 0.0
357.5 0.0
358.5 1.9526368407898027e-06
359.5 0.0
