0.5 1.9526368407898027e-06
1.5 3.905273681579605e-06
2.5 1.9526368407898027e-06
3.5 1.9526368407898027e-06
4.5 1.9526368407898027e-06
5.5 3.905273681579605e-06
6.5 0.0
7.5 1.9526368407898027e-06
8.5 1.9526368407898027e-06
9.5 0.0
10.5 5.857910522369408e-06
11.5 1.9526368407898027e-06
12.5 3.905273681579605e-06
13.5 1.9526368407898027e-06
14.5 7.81054736315921e-06
15.5 9.763184203949014e-06
16.5 5.857910522369408e-06
17.5 3.905273681579605e-06
18.5 7.81054736315921e-06
19.5 1.9526368407898027e-06
20.5 9.763184203949014e-06
21.5 7.81054736315921e-06
22.5 5.857910522369408e-06
23.5 5.857910522369408e-06
24.5 7.81054736315921e-06
25.5 7.81054736315921e-06
26.5 1.1715821044738818e-05
27.5 1.757373156710823e-05
28.5 1.3668457885528621e-05
29.5 2.3431642089477636e-05
30.5 1.757373156710823e-05
31.5 3.514746313421646e-05
32.5 4.295801049737567e-05
33.5 2.7336915771057243e-05
34.5 5.272119470132468e-05
35.5 3.9052736815796064e-05
36.5 7.420019995001252e-05
37.5 6.638965258685331e-05
38.5 0.0001171582104473882
39.5 8.591602099475134e-05
40.5 0.0001249687578105474
41.5 0.0001366845788552862
42.5 0.00017573731567108213
43.5 0.00021088477880529849
44.5 0.00019721632091976996
45.5 0.0002518901524618843
46.5 0.00028703761559610076
47.5 0.0003573325418645335
48.5 0.00039833791552111944
49.5 0.00045691702074481335
50.5 0.0005467383154211443
51.5 0.0005408804048987748
52.5 0.0005799331417145707
53.5 0.0006521807048237935
54.5 0.0006912334416395895
55.5 0.000814249562609347
56.5 0.0009060234941264677
57.5 0.0009099287678080472
58.5 0.00097827105723569
59.5 0.0011520557360659833
60.5 0.0010837134466383396
61.5 0.001171582104473882
62.5 0.0012926455886028494
63.5 0.0012711665833541614
64.5 0.0012516402149462635
65.5 0.0013941827043239187
66.5 0.001349272056985753
67.5 0.0014566670832291927
68.5 0.001370751062234441
69.5 0.0014898619095226186
70.5 0.0013473194201449631
71.5 0.0013941827043239196
72.5 0.0014215196200949764
73.5 0.0013453667833041745
74.5 0.001228208572856786
75.5 0.0012867876780804797
76.5 0.001222350662334416
77.5 0.0012028242939265189
78.5 0.0011149556360909767
79.5 0.0011286240939765051
80.5 0.0010329448887778049
81.5 0.000989986878280429
82.5 0.0009060234941264678
83.5 0.0008591602099475128
84.5 0.000792770557360659
85.5 0.0006775649837540608
86.5 0.0007283335416145959
87.5 0.0005955542364408891
88.5 0.0005896963259185197
89.5 0.0005115908522869277
90.5 0.0005194013996500871
91.5 0.0004276274681329664
92.5 0.00038076418395401116
93.5 0.0003221850787303172
94.5 0.0003026587103224191
95.5 0.00027141652086978233
96.5 0.0002675112471882027
97.5 0.0001972163209197699
98.5 0.0001894057735566108
99.5 0.00017768995251187192
100.5 0.00016011622094476378
101.5 0.0001249687578105474
102.5 0.0001308266683329168
103.5 0.00012106348412896781
104.5 0.000119110847288178
105.5 9.763184203949016e-05
106.5 8.005811047238193e-05
107.5 8.201074731317174e-05
108.5 0.00010348975256185957
109.5 5.272119470132469e-05
110.5 6.24843789052737e-05
111.5 6.834228942764311e-05
112.5 3.710009997500626e-05
113.5 5.467383154211449e-05
114.5 5.272119470132469e-05
115.5 3.9052736815796064e-05
116.5 6.05317420644839e-05
117.5 5.467383154211449e-05
118.5 6.638965258685331e-05
119.5 4.100537365658587e-05
120.5 5.272119470132469e-05
121.5 4.295801049737567e-05
122.5 5.6626468382904296e-05
123.5 3.710009997500626e-05
124.5 7.029492626843291e-05
125.5 6.638965258685331e-05
126.5 7.420019995001252e-05
127.5 4.881592101974508e-05
128.5 7.029492626843291e-05
129.5 6.834228942764311e-05
130.5 7.224756310922272e-05
131.5 9.958447888027997e-05
132.5 9.177393151712075e-05
133.5 0.00010153711572106977
134.5 0.0001230161209697576
135.5 0.0001308266683329168
136.5 0.0001874531367158209
137.5 0.00017378467883029234
138.5 0.0002147900524868781
139.5 0.00024993751562109453
140.5 0.0002909428892776804
141.5 0.000304611347163209
142.5 0.0003612378155461132
143.5 0.00048034866283429083
144.5 0.00047058547863034194
145.5 0.0005018276680829786
146.5 0.0006697544363909018
147.5 0.0009001655836040982
148.5 0.0009392183204198944
149.5 0.001040755436140964
150.5 0.0012692139465133713
151.5 0.0015367251937015744
152.5 0.0018061890777305671
153.5 0.0020014527618095464
154.5 0.0023529273931517116
155.5 0.0025677174456385904
156.5 0.0030832135716070985
157.5 0.003508888402899275
158.5 0.003911131592101973
159.5 0.004463727818045488
160.5 0.005194013996500872
161.5 0.005799331417145711
162.5 0.006635059985003748
163.5 0.0070919770057485615
164.5 0.00802143214196451
165.5 0.008900118720319913
166.5 0.009854958135466132
167.5 0.011051924518870283
168.5 0.01179392651837041
169.5 0.012694092101974513
170.5 0.013623547238190462
171.5 0.014635013121719567
172.5 0.015607426268432893
173.5 0.01668332916770807
174.5 0.016845398025493633
175.5 0.0176362159460135
176.5 0.018263012371907018
177.5 0.01889566670832292
178.5 0.019284241439640092
179.5 0.019750921644588856
180.5 0.020448012996750805
181.5 0.01957908960259935
182.5 0.02009263309172706
183.5 0.019942280054986248
184.5 0.01939163646588353
185.5 0.018952293176705822
186.5 0.01815561734566358
187.5 0.017501484003998997
188.5 0.01675557673081729
189.5 0.015949137715571104
190.5 0.015277430642339404
191.5 0.014385075606098476
192.5 0.013074856285928511
193.5 0.012373859660084975
194.5 0.011501030992251941
195.5 0.010321638340414892
196.5 0.009618689077730568
197.5 0.008759528867783051
198.5 0.007865221194701321
199.5 0.007058782179455133
200.5 0.006324590727318165
201.5 0.005359988127968006
202.5 0.004862065733566607
203.5 0.004452011997000749
204.5 0.0038291208447888032
205.5 0.003495219945013747
206.5 0.0030246344663834037
207.5 0.0025735753561609595
208.5 0.002194763809047737
209.5 0.0019897369407648087
210.5 0.0017456573356660838
211.5 0.001519151462134465
212.5 0.0012789771307173208
213.5 0.0011012871782054483
214.5 0.0009450762309422639
215.5 0.0007830073731567096
216.5 0.0006912334416395892
217.5 0.000615080604848787
218.5 0.0005584541364658829
219.5 0.0004627749312671826
220.5 0.00041395901024743776
221.5 0.0003729536365908517
222.5 0.0003124218945263679
223.5 0.00028508497875531086
224.5 0.00023431642089477607
225.5 0.00021283741564608828
226.5 0.00020307423144213924
227.5 0.00021283741564608833
228.5 0.00015230567358160454
229.5 0.00014644776305923512
230.5 0.0001366845788552862
231.5 0.0001308266683329168
232.5 0.00010739502624343918
233.5 7.615283679080233e-05
234.5 0.00010934766308422899
235.5 0.00010934766308422899
236.5 0.00011325293676580859
237.5 9.372656835791056e-05
238.5 0.000119110847288178
239.5 8.786865783554115e-05
240.5 6.0531742064483903e-05
241.5 0.00010934766308422899
242.5 9.567920519870036e-05
243.5 8.005811047238193e-05
244.5 9.372656835791056e-05
245.5 0.00010544238940264938
246.5 0.00013082666833291677
247.5 0.00011130029992501879
248.5 0.00013082666833291677
249.5 0.00014644776305923514
250.5 0.00014644776305923514
251.5 0.00016011622094476378
252.5 0.00017378467883029234
253.5 0.00018940577355661071
254.5 0.00018354786303424137
255.5 0.00020307423144213927
256.5 0.00029289552611847
257.5 0.0003143745313671578
258.5 0.0003280429892526865
259.5 0.0003983379155211196
260.5 0.0004549643839040233
261.5 0.0005037803049237686
262.5 0.0005115908522869279
263.5 0.0006541333416645831
264.5 0.0006970913521619589
265.5 0.0008533022994251426
266.5 0.0010212290677330666
267.5 0.001142292551862034
268.5 0.0012750718570357412
269.5 0.0013375562359410147
270.5 0.001519151462134467
271.5 0.0018842945513621594
272.5 0.0022162428142964248
273.5 0.00237831167208198
274.5 0.0027219757560609866
275.5 0.0031456979505123726
276.5 0.003501077855536117
277.5 0.003780304923769056
278.5 0.004370001249687579
279.5 0.0046668020494876295
280.5 0.005205729817545611
281.5 0.005803236690827296
282.5 0.006387075106223445
283.5 0.006961150337415647
284.5 0.007425877905523617
285.5 0.007976521494626344
286.5 0.008542786178455379
287.5 0.008972366283429142
288.5 0.009523009872531865
289.5 0.009714368282929264
290.5 0.01004826918270432
291.5 0.010600865408647832
292.5 0.010491517745563604
293.5 0.010514949387653084
294.5 0.010606723319170203
295.5 0.010352880529867532
296.5 0.010364596350912272
297.5 0.010085369282679332
298.5 0.009935016245938512
299.5 0.009396088477880527
300.5 0.00882006060984754
301.5 0.008525212446888275
302.5 0.007869126468382903
303.5 0.007339961884528867
304.5 0.00673073919020245
305.5 0.006113705948512871
306.5 0.0053346038490377405
307.5 0.005080761059735064
308.5 0.004608222944263934
309.5 0.0038955104973756568
310.5 0.0034483566608347906
311.5 0.0030949293926518374
312.5 0.002559906898275433
313.5 0.0023802643089227693
314.5 0.002026837040739815
315.5 0.0015992095726068477
316.5 0.0014644776305923516
317.5 0.0012184453886528366
318.5 0.0010759028992751798
319.5 0.0008708760309922514
320.5 0.000734191452136965
321.5 0.0006580386153461627
322.5 0.0005154961259685076
323.5 0.00043934328917770503
324.5 0.00039248000499874996
325.5 0.00028508497875531075
326.5 0.0002089321419645087
327.5 0.00019721632091976993
328.5 0.00018745313671582098
329.5 0.00013668457885528617
330.5 0.00010544238940264938
331.5 0.00011325293676580859
332.5 8.005811047238193e-05
333.5 5.0768557860534886e-05
334.5 5.857910522369409e-05
335.5 3.124218945263685e-05
336.5 4.100537365658587e-05
337.5 3.514746313421646e-05
338.5 3.124218945263685e-05
339.5 2.7336915771057246e-05
340.5 1.7573731567108225e-05
341.5 1.9526368407898032e-05
342.5 1.5621094726318425e-05
343.5 1.3668457885528621e-05
344.5 5.857910522369408e-06
345.5 1.1715821044738818e-05
346.5 9.763184203949014e-06
347.5 1.3668457885528621e-05
348.5 1.1715821044738818e-05
349.5 1.9526368407898027e-06
350.5 3.905273681579605e-06
351.5 3.905273681579605e-06
352.5 3.905273681579605e-06
353.5 0.0
354.5 1.9526368407898027e-06
355.5 0.0
356.5 1.9526368407898027e-06
357.5 0.0
358.5 1.9526368407898027e-06
359.5 1.9526368407898027e-06
