0.5 0.0
1.5 1.9526368407898027e-06
2.5 0.0
3.5 0.0
4.5 1.9526368407898027e-06
5.5 0.0
6.5 1.9526368407898027e-06
7.5 1.9526368407898027e-06
8.5 0.0
9.5 0.0
10.5 1.9526368407898027e-06
11.5 1.9526368407898027e-06
12.5 3.905273681579605e-06
13.5 5.857910522369408e-06
14.5 1.9526368407898027e-06
15.5 1.9526368407898027e-06
16.5 1.9526368407898027e-06
17.5 3.905273681579605e-06
18.5 7.81054736315921e-06
19.5 5.857910522369408e-06
20.5 9.763184203949014e-06
21.5 5.857910522369408e-06
22.5 1.5621094726318425e-05
23.5 2.538427893026744e-05
24.5 2.343164208947764e-05
25.5 1.5621094726318425e-05
26.5 2.5384278930267443e-05
27.5 3.710009997500626e-05
28.5 4.4910647338165475e-05
29.5 5.272119470132469e-05
30.5 7.810547363159213e-05
31.5 6.24843789052737e-05
32.5 8.005811047238193e-05
33.5 0.0001230161209697576
34.5 0.00014254248937765554
35.5 0.00017573731567108208
36.5 0.00016011622094476373
37.5 0.0002265058735316168
38.5 0.0003260903524118966
39.5 0.00035733254186453325
40.5 0.00036904836290927215
41.5 0.00046668020494876225
42.5 0.0005330698575356152
43.5 0.0007029492626843275
44.5 0.0007595757310672323
45.5 0.0009099287678080473
46.5 0.0009704605098725309
47.5 0.001165724193951511
48.5 0.0013863721569607594
49.5 0.0015933516620844784
50.5 0.00177689952511872
51.5 0.001989736940764808
52.5 0.0021303267933016736
53.5 0.002403695951012247
54.5 0.0027258810297425655
55.5 0.0029562921769557614
56.5 0.003143745313671581
57.5 0.003348772181954514
58.5 0.0035733254186453363
59.5 0.0037256310922269436
60.5 0.0038271682079480123
61.5 0.0040673425393651565
62.5 0.004307516870782306
63.5 0.004379764433891527
64.5 0.004487159460134968
65.5 0.0043934328917770585
66.5 0.00456526493376656
67.5 0.0045379280179955
68.5 0.004567217570607346
69.5 0.004373906523369158
70.5 0.004397338165458635
71.5 0.004301658960259936
72.5 0.004411006623344162
73.5 0.003918942139465134
74.5 0.003821310297425643
75.5 0.0036260466133466633
76.5 0.0032491877030742322
77.5 0.0033214352661834544
78.5 0.003091024118970256
79.5 0.002954339540114972
80.5 0.0026145807298175463
81.5 0.0023665958510372402
82.5 0.0023294957510622345
83.5 0.0020483160459885013
84.5 0.0017729942514371397
85.5 0.0016851255936015993
86.5 0.001460572356910771
87.5 0.0015308672831792056
88.5 0.0013492720569857543
89.5 0.0012028242939265182
90.5 0.0010485659835041234
91.5 0.001003655336165958
92.5 0.000913834041489627
93.5 0.0007712915521119711
94.5 0.0006990439890027483
95.5 0.0006580386153461622
96.5 0.000626796425893526
97.5 0.0005233066733316664
98.5 0.0005018276680829786
99.5 0.0004569170207448134
100.5 0.00040810109972506806
101.5 0.0003319482629342658
102.5 0.00036904836290927226
103.5 0.0003163271682079476
104.5 0.0003163271682079475
105.5 0.0003026587103224189
106.5 0.00024212696825793532
107.5 0.00023236378405398623
108.5 0.0002069795051237189
109.5 0.00019721632091976985
110.5 0.0001776899525118719
111.5 0.00014644776305923514
112.5 0.00016206885778555352
113.5 0.0001620688577855535
114.5 0.00017768995251187192
115.5 0.00018354786303424137
116.5 0.00016402149462634334
117.5 0.0001523056735816045
118.5 0.0001542583104223943
119.5 0.0001659741314671332
120.5 0.00013277930517370661
121.5 0.0001776899525118719
122.5 0.00015035303674081472
123.5 0.0001581635841039739
124.5 0.00014644776305923512
125.5 0.000148400399900025
126.5 0.0002206479630092474
127.5 0.00017183204198950258
128.5 0.0002577480629842536
129.5 0.000205026868282929
130.5 0.00021283741564608828
131.5 0.0002753217945513619
132.5 0.00027727443139215164
133.5 0.00034366408397900483
134.5 0.0002987534366408395
135.5 0.00037100099975006194
136.5 0.00043739065233691545
137.5 0.00048620657335666026
138.5 0.0005291645838540358
139.5 0.0005799331417145706
140.5 0.0006053174206448379
141.5 0.0007380967258185445
142.5 0.0008337759310172445
143.5 0.0009567920519870027
144.5 0.0009977974256435887
145.5 0.0011832979255186192
146.5 0.001339508872781805
147.5 0.0016206885778555355
148.5 0.0017964258935266179
149.5 0.002151805798550363
150.5 0.0023958854036490894
151.5 0.002604817545613598
152.5 0.0031574137715571103
153.5 0.0032120876030992253
154.5 0.003790068107973005
155.5 0.004305564233941515
156.5 0.004709760059985005
157.5 0.005283835291177207
158.5 0.005711462759310171
159.5 0.006754170832291926
160.5 0.007086119095226191
161.5 0.00816006935766058
162.5 0.008839586978255435
163.5 0.009681173456635838
164.5 0.010362643714071485
165.5 0.011081214071482125
166.5 0.012024337665583602
167.5 0.012994798175456134
168.5 0.013686031617095723
169.5 0.014525665458635342
170.5 0.01558594726318419
171.5 0.015908132341914516
172.5 0.017052377530617342
173.5 0.017763137340664835
174.5 0.018307923019245186
175.5 0.018883950887278178
176.5 0.019122172581854537
177.5 0.019602521244688823
178.5 0.02037381279680079
179.5 0.01977240064983754
180.5 0.01986807985503624
181.5 0.02016097538115471
182.5 0.01955370532366909
183.5 0.01961814233941515
184.5 0.01894643526618345
185.5 0.018253249187703085
186.5 0.017946685203699082
187.5 0.016827824293926517
188.5 0.016450965383654093
189.5 0.01569334228942765
190.5 0.01483222944263934
191.5 0.014254248937765559
192.5 0.013039708822794302
193.5 0.012110253686578358
194.5 0.011282335666083472
195.5 0.010456370282429397
196.5 0.00944490439890027
197.5 0.008618939015246192
198.5 0.0077051049737565614
199.5 0.007273572231942014
200.5 0.006613580979755058
201.5 0.0057134153961509605
202.5 0.005322888027993001
203.5 0.004774197075731066
204.5 0.004321185328667834
205.5 0.0036592414396400897
206.5 0.00336439327668083
207.5 0.0029582448137965506
208.5 0.0026145807298175467
209.5 0.0023548800299925026
210.5 0.0019604473881529617
211.5 0.0018784366408397895
212.5 0.0015660147463134211
213.5 0.001335603599100225
214.5 0.0011442451887028237
215.5 0.0010212290677330661
216.5 0.000989986878280429
217.5 0.0008279180204948753
218.5 0.0007517651837040727
219.5 0.0006795176205948503
220.5 0.0005975068732816788
221.5 0.0004608222944263927
222.5 0.00046863284178955204
223.5 0.000380764183954011
224.5 0.0004139590102474376
225.5 0.00035733254186453336
226.5 0.0003007060734816292
227.5 0.0002909428892776803
228.5 0.00023431642089477605
229.5 0.00021088477880529835
230.5 0.00020697950512371885
231.5 0.00019135841039740048
232.5 0.0002557954261434638
233.5 0.0001815952261934515
234.5 0.0001855004998750311
235.5 0.00013473194201449635
236.5 0.00014058985253686572
237.5 0.00016402149462634334
238.5 0.00014254248937765556
239.5 0.0001796425893526617
240.5 0.0001249687578105474
241.5 0.00014644776305923514
242.5 0.00011325293676580859
243.5 0.00012106348412896781
244.5 0.0001366845788552862
245.5 0.00015230567358160454
246.5 0.0001894057735566107
247.5 0.00016597413146713313
248.5 0.00019526368407898008
249.5 0.00018159522619345155
250.5 0.00018940577355661071
251.5 0.00023041114721319639
252.5 0.0002460322419395148
253.5 0.00028313234191452096
254.5 0.0002811797050737313
255.5 0.00032218507873031687
256.5 0.0003182798050487373
257.5 0.0003495219945013742
258.5 0.0003163271682079476
259.5 0.0004178642839290171
260.5 0.0004452011997000743
261.5 0.00047839602599350115
262.5 0.0005389277680579848
263.5 0.0005936015996000992
264.5 0.0006912334416395893
265.5 0.0007712915521119712
266.5 0.0007966758310422385
267.5 0.000921644588852786
268.5 0.000993892151962009
269.5 0.0011247188202949253
270.5 0.0011051924518870276
271.5 0.0013277930517370659
272.5 0.0014683829042739312
273.5 0.0015484410147463131
274.5 0.00168122031992002
275.5 0.00197021057235691
276.5 0.002042458135466133
277.5 0.002349022119470133
278.5 0.0024290802299425135
279.5 0.002718070482379406
280.5 0.002817654961259687
281.5 0.0030285397400649835
282.5 0.0032901930767308173
283.5 0.0034073512871782047
284.5 0.003749062734316422
285.5 0.00366900462384404
286.5 0.003848647213196699
287.5 0.00414349537615596
288.5 0.004305564233941517
289.5 0.004243079855036241
290.5 0.004366095976005996
291.5 0.004557454386403396
292.5 0.004389527618095476
293.5 0.004487159460134966
294.5 0.004450059360159957
295.5 0.004321185328667833
296.5 0.004207932391902023
297.5 0.00415130592351912
298.5 0.004131779555111222
299.5 0.003747110097475631
300.5 0.003737346913271682
301.5 0.0033800143714071487
302.5 0.003335103724068982
303.5 0.003112503124218946
304.5 0.002817654961259684
305.5 0.0026458229192701816
306.5 0.0024056485878530365
307.5 0.002237721819545114
308.5 0.002019026493376656
309.5 0.0017651837040739808
310.5 0.0016089727568107965
311.5 0.0014254248937765552
312.5 0.0012438296675831037
313.5 0.0011696294676330913
314.5 0.0009392183204198942
315.5 0.000767386278430391
316.5 0.0006697544363909012
317.5 0.0005936015996000989
318.5 0.0004432485628592844
319.5 0.0003553799050237435
320.5 0.00030461134716320876
321.5 0.0003104692576855781
322.5 0.0002401743314171455
323.5 0.00019331104723819035
324.5 0.00016792676830792286
325.5 0.00013863721569607598
326.5 0.00011130029992501879
327.5 8.982129467633095e-05
328.5 5.85791052236941e-05
329.5 5.6626468382904296e-05
330.5 4.100537365658587e-05
331.5 2.343164208947764e-05
332.5 2.1479005248687832e-05
333.5 2.1479005248687836e-05
334.5 2.343164208947764e-05
335.5 1.1715821044738818e-05
336.5 1.9526368407898032e-05
337.5 1.1715821044738818e-05
338.5 1.9526368407898032e-05
339.5 3.905273681579605e-06
340.5 3.905273681579605e-06
341.5 5.857910522369408e-06
342.5 7.81054736315921e-06
343.5 3.905273681579605e-06
344.5 1.9526368407898027e-06
345.5 1.9526368407898027e-06
346.5 1.9526368407898027e-06
347.5 0.0
348.5 1.9526368407898027e-06
349.5 1.9526368407898027e-06
350.5 1.9526368407898027e-06
351.5 1.9526368407898027e-06
352.5 3.905273681579605e-06
353.5 0.0
354.5 0.0
355.5 0.0
356.5 0.0
357.5 3.905273681579605e-06
358.5 0.0
359.5 0.0
