0.5 0.03167958010497376
1.5 0.03122656835791052
2.5 0.029914396400899778
3.5 0.02781726443389153
4.5 0.027167036365908528
5.5 0.02506990439890027
6.5 0.022880998500374897
7.5 0.021609831917020744
8.5 0.019612284428892787
9.5 0.017722131967008253
10.5 0.015777305673581613
11.5 0.01420152774306423
12.5 0.012340664833791553
13.5 0.010997250687328168
14.5 0.009421472756810798
15.5 0.00798823731567108
16.5 0.0067424550112471894
17.5 0.005594304548862784
18.5 0.004817155086228445
19.5 0.004022431892026995
20.5 0.0031007873031742065
21.5 0.0026848756560859783
22.5 0.00207760559860035
23.5 0.0017847100724818796
24.5 0.0014254248937765562
25.5 0.0009314077730567347
26.5 0.0009509341414646328
27.5 0.0006502280679830035
28.5 0.0005604067733066727
29.5 0.0004159116470882276
30.5 0.0003378061734566355
31.5 0.0002518901524618843
32.5 0.00019526368407898008
33.5 0.00016011622094476367
34.5 0.0001249687578105474
35.5 0.00011325293676580858
36.5 6.638965258685331e-05
37.5 4.686328417895528e-05
38.5 5.4673831542114486e-05
39.5 4.686328417895528e-05
40.5 3.514746313421645e-05
41.5 1.5621094726318425e-05
42.5 1.952636840789803e-05
43.5 1.952636840789803e-05
44.5 7.81054736315921e-06
45.5 5.857910522369408e-06
46.5 1.3668457885528621e-05
47.5 1.1715821044738818e-05
48.5 3.905273681579605e-06
49.5 3.905273681579605e-06
50.5 1.9526368407898027e-06
51.5 1.9526368407898027e-06
52.5 0.0
53.5 0.0
54.5 0.0
55.5 0.0
56.5 1.9526368407898027e-06
57.5 0.0
58.5 0.0
59.5 0.0
60.5 0.0
61.5 1.9526368407898027e-06
62.5 0.0
63.5 1.9526368407898027e-06
64.5 0.0
65.5 0.0
66.5 0.0
67.5 0.0
68.5 0.0
69.5 0.0
70.5 0.0
71.5 1.9526368407898027e-06
72.5 0.0
73.5 0.0
74.5 0.0
75.5 0.0
76.5 0.0
77.5 0.0
78.5 0.0
79.5 0.0
80.5 0.0
81.5 0.0
82.5 0.0
83.5 0.0
84.5 0.0
85.5 0.0
86.5 0.0
87.5 0.0
88.5 0.0
89.5 0.0
90.5 0.0
91.5 0.0
92.5 0.0
93.5 0.0
94.5 0.0
95.5 0.0
96.5 0.0
97.5 0.0
98.5 0.0
99.5 0.0
100.5 0.0
101.5 0.0
102.5 0.0
103.5 0.0
104.5 0.0
105.5 0.0
106.5 0.0
107.5 0.0
108.5 0.0
109.5 0.0
110.5 0.0
111.5 0.0
112.5 0.0
113.5 0.0
114.5 0.0
115.5 0.0
116.5 0.0
117.5 0.0
118.5 0.0
119.5 0.0
120.5 0.0
121.5 0.0
122.5 0.0
123.5 0.0
124.5 0.0
125.5 0.0
126.5 0.0
127.5 0.0
128.5 0.0
129.5 0.0
130.5 0.0
131.5 0.0
132.5 0.0
133.5 0.0
134.5 0.0
135.5 0.0
136.5 0.0
137.5 0.0
138.5 0.0
139.5 0.0
140.5 0.0
141.5 0.0
142.5 0.0
143.5 0.0
144.5 0.0
145.5 0.0
146.5 0.0
147.5 0.0
148.5 0.0
149.5 0.0
150.5 0.0
151.5 0.0
152.5 0.0
153.5 0.0
154.5 0.0
155.5 0.0
156.5 0.0
157.5 0.0
158.5 0.0
159.5 0.0
160.5 0.0
161.5 0.0
162.5 0.0
163.5 0.0
164.5 0.0
165.5 0.0
166.5 0.0
167.5 0.0
168.5 0.0
169.5 0.0
170.5 0.0
171.5 0.0
172.5 0.0
173.5 0.0
174.5 0.0
175.5 0.0
176.5 0.0
177.5 0.0
178.5 0.0
179.5 0.0
180.5 0.0
181.5 0.0
182.5 0.0
183.5 0.0
184.5 0.0
185.5 0.0
186.5 0.0
187.5 0.0
188.5 0.0
189.5 0.0
190.5 0.0
191.5 0.0
192.5 0.0
193.5 0.0
194.5 0.0
195.5 0.0
196.5 0.0
197.5 0.0
198.5 0.0
199.5 0.0
200.5 0.0
201.5 0.0
202.5 0.0
203.5 0.0
204.5 0.0
205.5 0.0
206.5 0.0
207.5 0.0
208.5 0.0
209.5 0.0
210.5 0.0
211.5 0.0
212.5 0.0
213.5 0.0
214.5 0.0
215.5 0.0
216.5 0.0
217.5 0.0
218.5 0.0
219.5 0.0
220.5 0.0
221.5 0.0
222.5 0.0
223.5 0.0
224.5 0.0
225.5 0.0
226.5 0.0
227.5 0.0
228.5 0.0
229.5 0.0
230.5 0.0
231.5 0.0
232.5 0.0
233.5 0.0
234.5 0.0
235.5 0.0
236.5 0.0
237.5 0.0
238.5 0.0
239.5 0.0
240.5 0.0
241.5 0.0
242.5 0.0
243.5 0.0
244.5 0.0
245.5 0.0
246.5 0.0
247.5 0.0
248.5 0.0
249.5 0.0
250.5 0.0
251.5 0.0
252.5 0.0
253.5 0.0
254.5 0.0
255.5 0.0
256.5 0.0
257.5 0.0
258.5 0.0
259.5 0.0
260.5 0.0
261.5 0.0
262.5 0.0
263.5 0.0
264.5 0.0
265.5 0.0
266.5 0.0
267.5 0.0
268.5 0.0
269.5 0.0
270.5 0.0
271.5 0.0
272.5 0.0
273.5 0.0
274.5 0.0
275.5 0.0
276.5 0.0
277.5 0.0
278.5 0.0
279.5 0.0
280.5 0.0
281.5 0.0
282.5 0.0
283.5 1.9526368407898027e-06
284.5 0.0
285.5 0.0
286.5 0.0
287.5 0.0
288.5 0.0
289.5 0.0
290.5 0.0
291.5 1.9526368407898027e-06
292.5 0.0
293.5 1.9526368407898027e-06
294.5 0.0
295.5 0.0
296.5 1.9526368407898027e-06
297.5 0.0
298.5 1.9526368407898027e-06
299.5 0.0
300.5 3.905273681579605e-06
301.5 1.9526368407898027e-06
302.5 0.0
303.5 0.0
304.5 9.763184203949014e-06
305.5 1.3668457885528621e-05
306.5 1.5621094726318425e-05
307.5 1.5621094726318425e-05
308.5 1.757373156710823e-05
309.5 2.1479005248687836e-05
310.5 2.343164208947764e-05
311.5 4.881592101974508e-05
312.5 5.0768557860534886e-05
313.5 4.4910647338165475e-05
314.5 5.6626468382904296e-05
315.5 9.763184203949016e-05
316.5 8.982129467633095e-05
317.5 0.00013277930517370656
318.5 0.00014254248937765562
319.5 0.0001659741314671332
320.5 0.00025579542614346395
321.5 0.00029484816295925975
322.5 0.00035537990502374373
323.5 0.00047839602599350126
324.5 0.0005916489627593096
325.5 0.0007888652836790794
326.5 0.0009977974256435889
327.5 0.0012535928517870534
328.5 0.0015972569357660584
329.5 0.0019584947513121716
330.5 0.0024017433141714567
331.5 0.002891855161209699
332.5 0.0036572888027992983
333.5 0.004469585728567858
334.5 0.005484956885778556
335.5 0.0065237596850787295
336.5 0.007759778805298675
337.5 0.00912271932016996
338.5 0.010552049487628093
339.5 0.012514449512621845
340.5 0.014418270432391897
341.5 0.01594718507873032
342.5 0.017854911272181955
343.5 0.01980169020244938
344.5 0.02195349600099975
345.5 0.023621047863034247
346.5 0.02575918520369908
347.5 0.027497031992002003
348.5 0.02878967758060486
349.5 0.030410366158460392
350.5 0.031595616720819786
351.5 0.03251140339915022
352.5 0.03333541614596352
353.5 0.03400126530867284
354.5 0.03448161397150712
355.5 0.03459681954511375
356.5 0.034630014371407135
357.5 0.033950496750812305
358.5 0.03408522869282681
359.5 0.03311476818295426
