0.5 0.0
1.5 0.0
2.5 0.0
3.5 0.0
4.5 0.0
5.5 0.0
6.5 1.9526368407898027e-06
7.5 1.9526368407898027e-06
8.5 0.0
9.5 0.0
10.5 0.0
11.5 0.0
12.5 1.9526368407898027e-06
13.5 0.0
14.5 0.0
15.5 0.0
16.5 0.0
17.5 1.9526368407898027e-06
18.5 0.0
19.5 0.0
20.5 0.0
21.5 0.0
22.5 0.0
23.5 0.0
24.5 0.0
25.5 1.9526368407898027e-06
26.5 1.9526368407898027e-06
27.5 0.0
28.5 1.9526368407898027e-06
29.5 1.9526368407898027e-06
30.5 0.0
31.5 0.0
32.5 5.857910522369408e-06
33.5 1.9526368407898027e-06
34.5 1.9526368407898027e-06
35.5 3.905273681579605e-06
36.5 0.0
37.5 0.0
38.5 3.905273681579605e-06
39.5 1.9526368407898027e-06
40.5 3.905273681579605e-06
41.5 7.81054736315921e-06
42.5 1.9526368407898027e-06
43.5 7.81054736315921e-06
44.5 9.763184203949014e-06
45.5 3.905273681579605e-06
46.5 7.81054736315921e-06
47.5 3.905273681579605e-06
48.5 2.1479005248687836e-05
49.5 1.1715821044738818e-05
50.5 1.5621094726318425e-05
51.5 7.81054736315921e-06
52.5 1.9526368407898032e-05
53.5 2.7336915771057246e-05
54.5 3.3194826293426654e-05
55.5 2.343164208947764e-05
56.5 4.100537365658587e-05
57.5 2.928955261184705e-05
58.5 5.272119470132469e-05
59.5 6.638965258685331e-05
60.5 9.177393151712075e-05
61.5 8.201074731317174e-05
62.5 9.567920519870036e-05
63.5 0.0001249687578105474
64.5 0.0001327793051737066
65.5 0.0001503530367408147
66.5 0.00021479005248687798
67.5 0.00027336915771057206
68.5 0.00030265871032241897
69.5 0.0003749062734316416
70.5 0.0003924800049987497
71.5 0.00049011184703824
72.5 0.0006150806048487869
73.5 0.0007107598100474872
74.5 0.0008240127468132955
75.5 0.0009626499625093718
76.5 0.0009841289677580596
77.5 0.001177440014996251
78.5 0.001241877030742314
79.5 0.0015035303674081474
80.5 0.0015328199200199957
81.5 0.0017593257935516115
82.5 0.0019838790302424397
83.5 0.0021557110722319416
84.5 0.002450559235191202
85.5 0.002554048987753062
86.5 0.002794223319170207
87.5 0.002946528992751812
88.5 0.00316131904523869
89.5 0.0034932673081729563
90.5 0.003735394276430891
91.5 0.004030242439390152
92.5 0.004231364033991499
93.5 0.004473491002249438
94.5 0.004782007623094227
95.5 0.0050709978755311145
96.5 0.005219398275431141
97.5 0.005625546738315421
98.5 0.005777852411897026
99.5 0.00629139590102474
100.5 0.006529617595601096
101.5 0.006826418395401152
102.5 0.007281382779305171
103.5 0.007224756310922266
104.5 0.007662146963259183
105.5 0.007921847663084226
106.5 0.007902321294676329
107.5 0.008242080104973756
108.5 0.008226459010247433
109.5 0.008607223194201449
110.5 0.00862479692576856
111.5 0.008382669957510622
112.5 0.00848811234691327
113.5 0.008615033741564606
114.5 0.00850959135216196
115.5 0.008329948762809295
116.5 0.008589649462634335
117.5 0.008441249062734309
118.5 0.008326043489127714
119.5 0.008259653836540861
120.5 0.008363143589102723
121.5 0.00800581104723819
122.5 0.007808594726318417
123.5 0.008044863784053984
124.5 0.007845694826293425
125.5 0.008015574231442137
126.5 0.007798831542114474
127.5 0.0080800112471882
128.5 0.007992142589352661
129.5 0.00797456885778555
130.5 0.007771494626343417
131.5 0.0073965883529117675
132.5 0.007523509747563106
133.5 0.0072384247688077955
134.5 0.007375109347663083
135.5 0.0071407929267683036
136.5 0.0067424550112471825
137.5 0.006543286053486629
138.5 0.006633107348162958
139.5 0.006164474506373404
140.5 0.005965305548612845
141.5 0.00594968445388653
142.5 0.005756373406648334
143.5 0.005387325043739064
144.5 0.00523306673331667
145.5 0.004942123844038991
146.5 0.004592601849537617
147.5 0.004319232691827042
148.5 0.0041552111972007
149.5 0.003782257560609848
150.5 0.003659241439640092
151.5 0.0034034460134966245
152.5 0.0031066452136965747
153.5 0.0028977130717320674
154.5 0.0026848756560859774
155.5 0.0025501437140714824
156.5 0.0024407960509872533
157.5 0.0023236378405398655
158.5 0.002063937140714822
159.5 0.001946778930267433
160.5 0.0018237628092976754
161.5 0.0017768995251187202
162.5 0.0016968414146463378
163.5 0.0015835884778805302
164.5 0.001566014746313422
165.5 0.0014273775306173461
166.5 0.0013512246938265434
167.5 0.0013024087728067985
168.5 0.001286787678080479
169.5 0.0012965508622844292
170.5 0.0011813452886778298
171.5 0.0012653086728317913
172.5 0.0011735347413146713
173.5 0.0010739502624343906
174.5 0.0011208135466133462
175.5 0.0010329448887778049
176.5 0.0010427080729817535
177.5 0.0009977974256435889
178.5 0.0009450762309422642
179.5 0.0010056079730067478
180.5 0.0011149556360909765
181.5 0.0009743657835541107
182.5 0.0010251343414146457
183.5 0.0010153711572106969
184.5 0.0010641870782304413
185.5 0.0010778555361159704
186.5 0.0011969663834041483
187.5 0.0011403399150212439
188.5 0.0010798081729567603
189.5 0.0012399243939015248
190.5 0.0012574981254686328
191.5 0.0011618189202699317
192.5 0.001318029867533117
193.5 0.00148595663584104
194.5 0.0014312828042989242
195.5 0.0015132935516120971
196.5 0.001620688577855536
197.5 0.0016441202199450138
198.5 0.0017183204198950252
199.5 0.0018881998250437385
200.5 0.0019741158460384917
201.5 0.0020854161459635087
202.5 0.0022513902774306425
203.5 0.0024622750562359403
204.5 0.0025696700824793797
205.5 0.0029328605348662834
206.5 0.0030129186453386643
207.5 0.0031808454136465873
208.5 0.003360488002999251
209.5 0.003483504123969007
210.5 0.003907226318420394
211.5 0.003999000249937517
212.5 0.0041415427393151705
213.5 0.004586743939015245
214.5 0.004680470507373156
215.5 0.005174487628092981
216.5 0.0052350193701574625
217.5 0.0056782679330167445
218.5 0.005891105348662835
219.5 0.006125421769557611
220.5 0.006090274306423394
221.5 0.006582338790302425
222.5 0.00651399650087478
223.5 0.006888902774306422
224.5 0.007031445263684077
225.5 0.007244282679330169
226.5 0.007677768057985501
227.5 0.007503983379155211
228.5 0.0075898994001499616
229.5 0.007798831542114467
230.5 0.007947231942014495
231.5 0.007748062984253933
232.5 0.008033147963009246
233.5 0.007867173831542113
234.5 0.007978474131467132
235.5 0.007867173831542108
236.5 0.008201074731317171
237.5 0.008201074731317164
238.5 0.00832604348912772
239.5 0.008203027368157957
240.5 0.008347522494376407
241.5 0.008369001499625097
242.5 0.008339711947013244
243.5 0.008560359910022491
244.5 0.008404148962759312
245.5 0.008552549362659331
246.5 0.008499828167958008
247.5 0.00838462259435141
248.5 0.008712665583604099
249.5 0.008464680704823794
250.5 0.008107348162959261
251.5 0.008169832541864533
252.5 0.008195216820794802
253.5 0.008050721694576355
254.5 0.007951137215696073
255.5 0.007693389152711821
256.5 0.007158366658335413
257.5 0.0069240502374406385
258.5 0.006920144963759062
259.5 0.006605770432391905
260.5 0.0062542958010497335
261.5 0.005967258185453635
262.5 0.005678267933016742
263.5 0.005322888027993002
264.5 0.00494212384403899
265.5 0.005029992501874531
266.5 0.004459822544363911
267.5 0.00436804861284679
268.5 0.0041571638340414906
269.5 0.003690483629092726
270.5 0.003598709697575605
271.5 0.0033175299925018724
272.5 0.0029797238190452393
273.5 0.0027297863034241444
274.5 0.002550143714071483
275.5 0.002261153461634591
276.5 0.0022826324668832805
277.5 0.0019467789302674333
278.5 0.0018647681829542613
279.5 0.0015386778305423647
280.5 0.0014078511622094472
281.5 0.0013219351412146955
282.5 0.0011891558360409894
283.5 0.0009743657835541103
284.5 0.000931407773056735
285.5 0.0007615283679080217
286.5 0.0007146650837290667
287.5 0.0005428330417395645
288.5 0.00048815921019745027
289.5 0.00038076418395401116
290.5 0.0003436640839790048
291.5 0.00027141652086978217
292.5 0.00023626905773556586
293.5 0.0001640214946263433
294.5 0.00016402149462634325
295.5 0.00013668457885528617
296.5 0.00010739502624343918
297.5 8.201074731317174e-05
298.5 9.763184203949016e-05
299.5 8.786865783554115e-05
300.5 5.85791052236941e-05
301.5 5.467383154211449e-05
302.5 3.3194826293426654e-05
303.5 3.710009997500626e-05
304.5 2.5384278930267443e-05
305.5 2.343164208947764e-05
306.5 2.538427893026744e-05
307.5 3.3194826293426654e-05
308.5 2.1479005248687836e-05
309.5 1.9526368407898032e-05
310.5 1.5621094726318425e-05
311.5 1.1715821044738818e-05
312.5 1.1715821044738818e-05
313.5 9.763184203949014e-06
314.5 1.9526368407898027e-06
315.5 7.81054736315921e-06
316.5 9.763184203949014e-06
317.5 1.9526368407898027e-06
318.5 3.905273681579605e-06
319.5 3.905273681579605e-06
320.5 5.857910522369408e-06
321.5 0.0
322.5 1.9526368407898027e-06
323.5 0.0
324.5 1.9526368407898027e-06
325.5 1.9526368407898027e-06
326.5 1.9526368407898027e-06
327.5 0.0
328.5 0.0
329.5 0.0
330.5 1.9526368407898027e-06
331.5 1.9526368407898027e-06
332.5 1.9526368407898027e-06
333.5 0.0
334.5 0.0
335.5 1.9526368407898027e-06
336.5 1.9526368407898027e-06
337.5 0.0
338.5 0.0
339.5 0.0
340.5 0.0
341.5 0.0
342.5 0.0
343.5 0.0
344.5 0.0
345.5 1.9526368407898027e-06
346.5 0.0
347.5 1.9526368407898027e-06
348.5 1.9526368407898027e-06
349.5 1.9526368407898027e-06
350.5 1.9526368407898027e-06
351.5 0.0
352.5 0.0
353.5 0.0
354.5 0.0
355.5 0.0
356.5 0.0
357.5 0.0
358.5 0.0
359.5 0.0
