0.5 5.662646838290429e-05
1.5 6.05317420644839e-05
2.5 6.834228942764311e-05
3.5 6.053174206448389e-05
4.5 8.201074731317174e-05
5.5 7.420019995001251e-05
6.5 8.591602099475133e-05
7.5 7.22475631092227e-05
8.5 9.177393151712074e-05
9.5 9.372656835791054e-05
10.5 9.372656835791056e-05
11.5 0.0001210634841289678
12.5 0.00013863721569607596
13.5 0.00011715821044738819
14.5 0.0001210634841289678
15.5 0.00013863721569607596
16.5 0.00015621094726318418
17.5 0.00016792676830792294
18.5 0.00018940577355661074
19.5 0.0001933110472381904
20.5 0.00021869532616845775
21.5 0.00024993751562109453
22.5 0.00032023244188952746
23.5 0.0002811797050737314
24.5 0.0003163271682079478
25.5 0.0002968007998000498
26.5 0.0003007060734816294
27.5 0.0003378061734566355
28.5 0.00035733254186453363
29.5 0.0003573325418645336
30.5 0.0003319482629342662
31.5 0.0002968007998000497
32.5 0.00031827980504873756
33.5 0.0002460322419395149
34.5 0.00026946388402899254
35.5 0.00023822169457635576
36.5 0.00018745313671582087
37.5 0.00018550049987503113
38.5 0.00016792676830792292
39.5 0.0001444951262184454
40.5 0.00010934766308422897
41.5 0.00011130029992501878
42.5 9.763184203949014e-05
43.5 6.053174206448389e-05
44.5 5.272119470132468e-05
45.5 4.686328417895527e-05
46.5 2.3431642089477636e-05
47.5 3.3194826293426654e-05
48.5 2.9289552611847047e-05
49.5 1.952636840789803e-05
50.5 1.7573731567108225e-05
51.5 2.3431642089477636e-05
52.5 7.81054736315921e-06
53.5 1.562109472631842e-05
54.5 3.905273681579605e-06
55.5 1.9526368407898027e-06
56.5 3.905273681579605e-06
57.5 5.857910522369408e-06
58.5 3.905273681579605e-06
59.5 0.0
60.5 1.9526368407898027e-06
61.5 0.0
62.5 0.0
63.5 0.0
64.5 0.0
65.5 1.9526368407898027e-06
66.5 1.9526368407898027e-06
67.5 0.0
68.5 1.9526368407898027e-06
69.5 0.0
70.5 0.0
71.5 3.905273681579605e-06
72.5 5.857910522369408e-06
73.5 3.905273681579605e-06
74.5 3.905273681579605e-06
75.5 3.905273681579605e-06
76.5 5.857910522369408e-06
77.5 9.763184203949014e-06
78.5 1.3668457885528621e-05
79.5 9.763184203949014e-06
80.5 7.81054736315921e-06
81.5 1.3668457885528621e-05
82.5 1.1715821044738818e-05
83.5 3.3194826293426654e-05
84.5 3.514746313421645e-05
85.5 2.538427893026744e-05
86.5 5.076855786053488e-05
87.5 6.05317420644839e-05
88.5 6.83422894276431e-05
89.5 7.810547363159212e-05
90.5 8.396338415396153e-05
91.5 0.00011130029992501878
92.5 0.00010544238940264935
93.5 9.763184203949015e-05
94.5 0.00011130029992501878
95.5 0.00012106348412896777
96.5 9.372656835791054e-05
97.5 0.00010544238940264938
98.5 9.372656835791054e-05
99.5 7.224756310922272e-05
100.5 8.396338415396154e-05
101.5 7.224756310922272e-05
102.5 5.0768557860534886e-05
103.5 6.83422894276431e-05
104.5 4.686328417895527e-05
105.5 4.4910647338165475e-05
106.5 2.7336915771057246e-05
107.5 4.4910647338165475e-05
108.5 3.905273681579606e-05
109.5 3.9052736815796064e-05
110.5 2.7336915771057243e-05
111.5 2.5384278930267443e-05
112.5 2.343164208947764e-05
113.5 1.757373156710823e-05
114.5 3.124218945263684e-05
115.5 2.3431642089477636e-05
116.5 1.952636840789803e-05
117.5 1.757373156710823e-05
118.5 2.538427893026744e-05
119.5 2.7336915771057243e-05
120.5 2.538427893026744e-05
121.5 2.343164208947764e-05
122.5 3.3194826293426654e-05
123.5 2.538427893026744e-05
124.5 3.319482629342665e-05
125.5 2.9289552611847047e-05
126.5 2.7336915771057243e-05
127.5 3.3194826293426654e-05
128.5 2.7336915771057243e-05
129.5 2.343164208947764e-05
130.5 5.467383154211449e-05
131.5 5.857910522369409e-05
132.5 6.44370157460635e-05
133.5 4.8815921019745075e-05
134.5 7.810547363159212e-05
135.5 8.201074731317174e-05
136.5 0.00010544238940264938
137.5 0.00012106348412896781
138.5 0.00013863721569607598
139.5 0.00018159522619345155
140.5 0.0002440796050987252
141.5 0.0002518901524618845
142.5 0.00030461134716320903
143.5 0.00032804298925268656
144.5 0.00043739065233691535
145.5 0.0005096382154461381
146.5 0.0006248437890527365
147.5 0.0007302861784553856
148.5 0.0008454917520619845
149.5 0.0010446607098225445
150.5 0.0012926455886028492
151.5 0.0015972569357660588
152.5 0.0019057735566108478
153.5 0.0023314483879030247
154.5 0.0027786022244438895
155.5 0.003290193076730817
156.5 0.003731489002749312
157.5 0.0041884060234941255
158.5 0.004801533991502124
159.5 0.005397088227943014
160.5 0.006332401274681329
161.5 0.006947481879530118
162.5 0.007710962884278927
163.5 0.008236222194451383
164.5 0.008734144588852787
165.5 0.00928478817795551
166.5 0.00987838977755561
167.5 0.009958447888027994
168.5 0.010210338040489875
169.5 0.010645776055986001
170.5 0.010005311172206948
171.5 0.009739752561859534
172.5 0.009671410272431888
173.5 0.009339462009497625
174.5 0.008976271557110721
175.5 0.008439296425893528
176.5 0.008175690452386907
177.5 0.0077265839790052505
178.5 0.007462978005498624
179.5 0.0070802611847038234
180.5 0.0068361815796050985
181.5 0.006650681079730068
182.5 0.006443701574606348
183.5 0.006471038490377405
184.5 0.006467133216695823
185.5 0.006597959885028743
186.5 0.006699497000749813
187.5 0.00672878655336166
188.5 0.0069533397900524855
189.5 0.007324340789802549
190.5 0.0073341039740064985
191.5 0.0078046894526368395
192.5 0.008068295426143462
193.5 0.008306517120719817
194.5 0.008853255436140966
195.5 0.008927455636090974
196.5 0.009107098225443635
197.5 0.009524962509372658
198.5 0.009376562109472629
199.5 0.009517151962009496
200.5 0.009468336040989756
201.5 0.009224256435891023
202.5 0.009064140214946262
203.5 0.008710712946763307
204.5 0.008449059610097474
205.5 0.008150306173456636
206.5 0.007548894026493375
207.5 0.007070498000499872
208.5 0.00669559172706823
209.5 0.006135184953761558
210.5 0.00572708385403649
211.5 0.005135434891277179
212.5 0.005024134591352163
213.5 0.004467633091727068
214.5 0.004036100349912522
215.5 0.0035577043239190215
216.5 0.003159366408397901
217.5 0.00286061297175706
218.5 0.0026321544613846534
219.5 0.0023880748562859293
220.5 0.002251390277430643
221.5 0.0020014527618095477
222.5 0.001960447388152962
223.5 0.0016734097725568608
224.5 0.0015621094726318424
225.5 0.001478146088477881
226.5 0.001376608972756811
227.5 0.0013063140464883783
228.5 0.001169629467633092
229.5 0.0011501030992251938
230.5 0.0010505186203449135
231.5 0.0010700449887528116
232.5 0.0009958447888027985
233.5 0.0009821763309172701
234.5 0.0009216445888527857
235.5 0.0009450762309422638
236.5 0.0009353130467383144
237.5 0.0009841289677580598
238.5 0.000902118220444888
239.5 0.000948981504623843
240.5 0.0010368501624593842
241.5 0.0009763184203949002
242.5 0.0009802236940764798
243.5 0.0009938921519620084
244.5 0.0010954292676830788
245.5 0.0011813452886778306
246.5 0.0010661397150712314
247.5 0.0011813452886778298
248.5 0.0012125874781304673
249.5 0.0013024087728067987
250.5 0.0013336509622594347
251.5 0.0014176143464133964
252.5 0.0015269620094976264
253.5 0.001648025493626595
254.5 0.001689030867283179
255.5 0.0018276680829792554
256.5 0.0019448262934266436
257.5 0.0021557110722319425
258.5 0.0024466539615096224
259.5 0.002684875656085978
260.5 0.002971913271682078
261.5 0.003307766808297926
262.5 0.003815452386903274
263.5 0.004213790302424394
264.5 0.0049011184703824035
265.5 0.005461525243689077
266.5 0.006168379780054984
267.5 0.006736597100724819
268.5 0.007570373031742061
269.5 0.00859160209947513
270.5 0.009163724693826541
271.5 0.009792473756560859
272.5 0.010751218445388651
273.5 0.011311625218695328
274.5 0.011598662834291423
275.5 0.012592554986253439
276.5 0.01277805548612847
277.5 0.012561312796800802
278.5 0.012461728317920518
279.5 0.012434391402149464
280.5 0.012500781054736319
281.5 0.012125874781304672
282.5 0.011428783429142714
283.5 0.010714118345413646
284.5 0.01029820669832542
285.5 0.009683126093476631
286.5 0.00867751812046988
287.5 0.008259653836540863
288.5 0.0074102568107973004
289.5 0.00681079730067483
290.5 0.006404648837790553
291.5 0.005697794301424644
292.5 0.00543418832791802
293.5 0.005176440264933768
294.5 0.0045633122969257695
295.5 0.004391480254936265
296.5 0.0039326105973506624
297.5 0.0038935578605348658
298.5 0.0037353942764308933
299.5 0.003657288802799301
300.5 0.003581135966008498
301.5 0.0035811359660084985
302.5 0.0033741564608847784
303.5 0.003524509497625594
304.5 0.0033604880029992506
305.5 0.0034932673081729576
306.5 0.003335103724068982
307.5 0.003678767808047988
308.5 0.0036279992501874526
309.5 0.0038349787553111727
310.5 0.003963852786803299
311.5 0.00414544801299675
312.5 0.004163021744563859
313.5 0.004389527618095477
314.5 0.004438343539115221
315.5 0.004627749312671831
316.5 0.0048308235441139715
317.5 0.004731239065233691
318.5 0.004768339165208697
319.5 0.004590649212696826
320.5 0.004824965633591602
321.5 0.004803486628342915
322.5 0.004483254186453387
323.5 0.0044071013496625846
324.5 0.004133732191952012
325.5 0.0037803049237690577
326.5 0.003610425518620345
327.5 0.00326871407148213
328.5 0.002993392276930768
329.5 0.0025149962509372664
330.5 0.0022728692826793307
331.5 0.0020248844038990256
332.5 0.0016851255936016002
333.5 0.001476193451637091
334.5 0.0012379717570607349
335.5 0.0010427080729817537
336.5 0.0009079761309672576
337.5 0.0007185703574106468
338.5 0.0006111753311672078
339.5 0.0004979223944013994
340.5 0.00039248000499875
341.5 0.0003495219945013745
342.5 0.00030656398400399866
343.5 0.00025970069982504364
344.5 0.00017573731567108218
345.5 0.00019916895776055972
346.5 0.000148400399900025
347.5 0.00013082666833291677
348.5 0.00013082666833291677
349.5 0.0001425424893776556
350.5 9.567920519870032e-05
351.5 8.005811047238193e-05
352.5 7.420019995001252e-05
353.5 8.982129467633094e-05
354.5 7.810547363159212e-05
355.5 5.857910522369409e-05
356.5 5.662646838290429e-05
357.5 6.05317420644839e-05
358.5 6.834228942764311e-05
359.5 3.710009997500625e-05
