0.5 0.0
1.5 1.9526368407898027e-06
2.5 0.0
3.5 1.9526368407898027e-06
4.5 0.0
5.5 1.9526368407898027e-06
6.5 0.0
7.5 1.9526368407898027e-06
8.5 0.0
9.5 0.0
10.5 0.0
11.5 1.9526368407898027e-06
12.5 5.857910522369408e-06
13.5 0.0
14.5 3.905273681579605e-06
15.5 3.905273681579605e-06
16.5 5.857910522369408e-06
17.5 1.9526368407898027e-06
18.5 5.857910522369408e-06
19.5 9.763184203949014e-06
20.5 3.905273681579605e-06
21.5 1.1715821044738818e-05
22.5 1.5621094726318425e-05
23.5 1.1715821044738818e-05
24.5 2.1479005248687832e-05
25.5 2.1479005248687836e-05
26.5 2.1479005248687836e-05
27.5 3.514746313421646e-05
28.5 4.686328417895528e-05
29.5 5.857910522369409e-05
30.5 8.982129467633095e-05
31.5 6.638965258685331e-05
32.5 6.44370157460635e-05
33.5 9.372656835791056e-05
34.5 0.00014644776305923517
35.5 0.0001698794051487128
36.5 0.00017768995251187195
37.5 0.0002343164208947761
38.5 0.0002928955261184699
39.5 0.0003124218945263679
40.5 0.0004510591102224437
41.5 0.0005272119470132462
42.5 0.0005740752311922012
43.5 0.0006658491627093216
44.5 0.0008923550362409383
45.5 0.000937265683579105
46.5 0.0010036553361659577
47.5 0.0012614033991502121
48.5 0.0014351880779805042
49.5 0.001622641214696325
50.5 0.0017671363409147703
51.5 0.00208151087228193
52.5 0.0021674268932766806
53.5 0.0025716227193201702
54.5 0.0026477755561109735
55.5 0.002905523619095228
56.5 0.003196466508372907
57.5 0.0032687140714821295
58.5 0.0035069357660584837
59.5 0.0038720788552861784
60.5 0.004010716070982253
61.5 0.004069295176205948
62.5 0.00434266433391652
63.5 0.0043602380654836305
64.5 0.004342664333916521
65.5 0.004575028117970504
66.5 0.004453964633841539
67.5 0.004528164833791554
68.5 0.004604317670582355
69.5 0.004717570607348166
70.5 0.004545738565358659
71.5 0.0045301174706323406
72.5 0.004272369407648089
73.5 0.0041298269182704316
74.5 0.003840836665833541
75.5 0.0037392995501124714
76.5 0.003571372781804548
77.5 0.003364393276680829
78.5 0.003087118845288679
79.5 0.0030363502874281435
80.5 0.002608722819295177
81.5 0.0025481910772306923
82.5 0.0022181954511372153
83.5 0.0020366002249437637
84.5 0.0019389683829042733
85.5 0.001761278430392401
86.5 0.001642167583104222
87.5 0.0014449512621844535
88.5 0.001319982504373907
89.5 0.0011989190202449384
90.5 0.0010759028992751807
91.5 0.0009567920519870022
92.5 0.0008591602099475125
93.5 0.0007439546363409143
94.5 0.0007517651837040736
95.5 0.0006170332416895766
96.5 0.0005447856785803542
97.5 0.0005740752311922013
98.5 0.000517448762809297
99.5 0.00044520119970007423
100.5 0.0004002905523619089
101.5 0.00039443264183953953
102.5 0.0003339008997750557
103.5 0.0002889902524368906
104.5 0.00029484816295925986
105.5 0.00025579542614346385
106.5 0.00023626905773556584
107.5 0.00022845851037240665
108.5 0.000187453136715821
109.5 0.00016792676830792297
110.5 0.00016792676830792292
111.5 0.00015425831042239436
112.5 0.0001503530367408148
113.5 0.00016597413146713313
114.5 0.00015230567358160454
115.5 0.0001464477630592351
116.5 0.00017378467883029229
117.5 0.0001152055736065984
118.5 0.0001230161209697576
119.5 0.00014840039990002493
120.5 0.0001230161209697576
121.5 0.0001308266683329168
122.5 0.0001366845788552862
123.5 0.00017573731567108218
124.5 0.00015425831042239433
125.5 0.00017768995251187187
126.5 0.00018745313671582084
127.5 0.00017573731567108216
128.5 0.00019526368407898
129.5 0.00019135841039740053
130.5 0.00022845851037240676
131.5 0.00029094288927768023
132.5 0.00026165333666583316
133.5 0.0003026587103224189
134.5 0.0003456167208197946
135.5 0.0003905273681579599
136.5 0.00036514308922769247
137.5 0.00042958010497375586
138.5 0.0005369751312171949
139.5 0.0005896963259185195
140.5 0.0006814702574356397
141.5 0.0007205229942514361
142.5 0.0008747813046738308
143.5 0.0008747813046738308
144.5 0.0010661397150712316
145.5 0.0011969663834041488
146.5 0.0014019932516870781
147.5 0.0014898619095226183
148.5 0.0017046519620094974
149.5 0.0020639371407148196
150.5 0.002245532366908273
151.5 0.0026204386403399144
152.5 0.0029406710822294435
153.5 0.0031886559610097465
154.5 0.003727583729067732
155.5 0.004213790302424392
156.5 0.004840586728317917
157.5 0.0051588665333666605
158.5 0.005953589727568106
159.5 0.006385122469382655
160.5 0.007275524868782802
161.5 0.008048769057735567
162.5 0.008861065983504127
163.5 0.009038755936015991
164.5 0.010046316545863528
165.5 0.011237425018745313
166.5 0.012086822044488875
167.5 0.01301822981754561
168.5 0.013734847538115477
169.5 0.01456081292176956
170.5 0.015580089352661837
171.5 0.016236175331167214
172.5 0.016925456135966018
173.5 0.017341367783054246
174.5 0.018100943514121483
175.5 0.01875117158210448
176.5 0.01925690452386904
177.5 0.019465836665833552
178.5 0.019815358660334917
179.5 0.019803642839290186
180.5 0.01985245876030993
181.5 0.019518557860534868
182.5 0.01944045238690327
183.5 0.018921050987253187
184.5 0.01877850849787554
185.5 0.018257154461384654
186.5 0.017743610972256935
187.5 0.017009419520119966
188.5 0.01661303424143964
189.5 0.015443404773806551
190.5 0.014670160584853785
191.5 0.013752421269682583
192.5 0.012828824043988997
193.5 0.012291848912771805
194.5 0.011135887903024248
195.5 0.01009513246688328
196.5 0.009413662209447634
197.5 0.008970413646588352
198.5 0.007728536615846038
199.5 0.007138840289927516
200.5 0.006568670332416896
201.5 0.0057876155961009736
202.5 0.005336556485878531
203.5 0.004602365033741562
204.5 0.00405562671832042
205.5 0.0038252155711072213
206.5 0.003112503124218946
207.5 0.002848897150712322
208.5 0.0026048175456135974
209.5 0.002311922019495126
210.5 0.0020971319670082477
211.5 0.001771041614596351
212.5 0.0015953042989252685
213.5 0.0012848350412396903
214.5 0.0012282085728567856
215.5 0.0010173237940514868
216.5 0.0009763184203949004
217.5 0.000802533741564608
218.5 0.0007029492626843277
219.5 0.0006873281679580094
220.5 0.0006033647838040483
221.5 0.000478396025993501
222.5 0.0004237221944513865
223.5 0.0004061484628842782
224.5 0.00037295363659085157
225.5 0.00031827980504873723
226.5 0.0002889902524368904
227.5 0.0002694638840289923
228.5 0.0002518901524618842
229.5 0.00021869532616845773
230.5 0.00021479005248687804
231.5 0.00019526368407898008
232.5 0.00015816358410397397
233.5 0.00015035303674081475
234.5 0.0002030742314421393
235.5 0.00014840039990002493
236.5 0.0001581635841039739
237.5 0.00016011622094476376
238.5 0.00014840039990002496
239.5 9.372656835791056e-05
240.5 0.00012887403149212698
241.5 0.00014254248937765556
242.5 0.00013863721569607593
243.5 0.00014449512621844533
244.5 0.0001523056735816045
245.5 0.00014449512621844538
246.5 0.0001874531367158209
247.5 0.00015425831042239436
248.5 0.00016597413146713313
249.5 0.00014840039990002496
250.5 0.0001815952261934515
251.5 0.00018940577355661074
252.5 0.00024407960509872502
253.5 0.00021674268932766786
254.5 0.00026946388402899243
255.5 0.000273369157710572
256.5 0.0002948481629592599
257.5 0.00036709572606848226
258.5 0.00034366408397900467
259.5 0.0004354380154961255
260.5 0.0004627749312671823
261.5 0.00048815921019745016
262.5 0.0005701699575106216
263.5 0.0006170332416895769
264.5 0.0006053174206448378
265.5 0.0007263809047738057
266.5 0.0008533022994251425
267.5 0.0009040708572856775
268.5 0.0010036553361659581
269.5 0.0010075606098475375
270.5 0.0011950137465633584
271.5 0.0013043614096475877
272.5 0.0015230567358160457
273.5 0.0016167833041739554
274.5 0.0017866627093226688
275.5 0.0019526368407898021
276.5 0.0020639371407148214
277.5 0.002280679830042489
278.5 0.002536475256185954
279.5 0.0028586603349162716
280.5 0.002960197450637341
281.5 0.0031300768557860543
282.5 0.0034073512871782043
283.5 0.0034542145713571605
284.5 0.003874031492126967
285.5 0.003930657960509871
286.5 0.004127874281429644
287.5 0.00428213259185204
288.5 0.004440296175956012
289.5 0.004539880654836291
290.5 0.004522306923269183
291.5 0.004701949512621844
292.5 0.004596507123219197
293.5 0.004588696575856039
294.5 0.004647275681079728
295.5 0.004383669707573104
296.5 0.004411006623344164
297.5 0.004334853786553361
298.5 0.004131779555111222
299.5 0.003803736565858537
300.5 0.0038252155711072234
301.5 0.00364947825543614
302.5 0.003413209197700575
303.5 0.0031730348662834277
304.5 0.002946528992751813
305.5 0.0028274181454636337
306.5 0.002438843414146464
307.5 0.0022631060984753793
308.5 0.0019897369407648074
309.5 0.001681220319920019
310.5 0.0015874937515621096
311.5 0.001401993251687078
312.5 0.0012985034991252191
313.5 0.0010641870782304413
314.5 0.0009470288677830534
315.5 0.0008201074731317157
316.5 0.0006599912521869525
317.5 0.000665849162709322
318.5 0.0004979223944013992
319.5 0.0004081010997250682
320.5 0.00033585353661584545
321.5 0.0002694638840289924
322.5 0.0002597006998250435
323.5 0.0001933110472381902
324.5 0.00015230567358160454
325.5 0.00014449512621844538
326.5 0.00010934766308422899
327.5 6.834228942764311e-05
328.5 6.05317420644839e-05
329.5 7.420019995001252e-05
330.5 6.0531742064483903e-05
331.5 2.343164208947764e-05
332.5 3.124218945263685e-05
333.5 3.710009997500626e-05
334.5 3.710009997500626e-05
335.5 1.1715821044738818e-05
336.5 2.928955261184705e-05
337.5 9.763184203949014e-06
338.5 7.81054736315921e-06
339.5 3.905273681579605e-06
340.5 7.81054736315921e-06
341.5 1.3668457885528621e-05
342.5 3.905273681579605e-06
343.5 5.857910522369408e-06
344.5 0.0
345.5 1.9526368407898027e-06
346.5 0.0
347.5 1.9526368407898027e-06
348.5 3.905273681579605e-06
349.5 3.905273681579605e-06
350.5 1.9526368407898027e-06
351.5 0.0
352.5 0.0
353.5 0.0
354.5 1.9526368407898027e-06
355.5 0.0
356.5 1.9526368407898027e-06
357.5 1.9526368407898027e-06
358.5 1.9526368407898027e-06
359.5 1.9526368407898027e-06
