0.5 0.0
1.5 0.0
2.5 0.0
3.5 0.0
4.5 0.0
5.5 0.0
6.5 0.0
7.5 0.0
8.5 1.9526368407898027e-06
9.5 0.0
10.5 1.9526368407898027e-06
11.5 0.0
12.5 0.0
13.5 5.857910522369408e-06
14.5 0.0
15.5 0.0
16.5 0.0
17.5 3.905273681579605e-06
18.5 1.9526368407898027e-06
19.5 0.0
20.5 0.0
21.5 3.905273681579605e-06
22.5 0.0
23.5 7.81054736315921e-06
24.5 3.905273681579605e-06
25.5 3.905273681579605e-06
26.5 1.757373156710823e-05
27.5 1.1715821044738818e-05
28.5 1.1715821044738818e-05
29.5 1.3668457885528621e-05
30.5 2.7336915771057246e-05
31.5 3.9052736815796064e-05
32.5 5.272119470132469e-05
33.5 5.0768557860534886e-05
34.5 0.00010348975256185957
35.5 8.201074731317174e-05
36.5 0.00011130029992501879
37.5 0.00017573731567108218
38.5 0.00022260059985003723
39.5 0.0003007060734816292
40.5 0.0003182798050487373
41.5 0.00042567483129217633
42.5 0.0004940171207198197
43.5 0.0007166177205698567
44.5 0.0008318232941764547
45.5 0.0009528867783054227
46.5 0.0012184453886528363
47.5 0.0014781460884778798
48.5 0.0017983785303674073
49.5 0.002013168582854287
50.5 0.002337306298425394
51.5 0.0028664708822794295
52.5 0.0033390089977505637
53.5 0.003963852786803298
54.5 0.004504733191702076
55.5 0.005078808422894279
56.5 0.0057075574856285905
57.5 0.006308969632591849
58.5 0.007025587353161706
59.5 0.007449309547613096
60.5 0.008089774431392149
61.5 0.008574028367908021
62.5 0.008646275931017248
63.5 0.009425378030492383
64.5 0.0095562046988253
65.5 0.009558157335666085
66.5 0.009567920519870035
67.5 0.009722178830292425
68.5 0.009468336040989754
69.5 0.009374609472631844
70.5 0.009259403899025246
71.5 0.00858574418895276
72.5 0.008404148962759305
73.5 0.0079843320419895
74.5 0.0073907304423893976
75.5 0.0069435766058485405
76.5 0.006312874906273431
77.5 0.005854005248687831
78.5 0.005293598475381156
79.5 0.004448106723319172
80.5 0.004163021744563859
81.5 0.0035811359660084985
82.5 0.0031359347663084225
83.5 0.002712212571857036
84.5 0.0024329855036240937
85.5 0.002147900524868782
86.5 0.0018159522619345164
87.5 0.0016187359410147458
88.5 0.0013453667833041732
89.5 0.0010993345413646582
90.5 0.0009743657835541105
91.5 0.0008240127468132955
92.5 0.0006756123469132705
93.5 0.0005467383154211439
94.5 0.0005057329417645584
95.5 0.0005154961259685072
96.5 0.00034171144713821493
97.5 0.000339758810297425
98.5 0.0002694638840289924
99.5 0.00023041114721319639
100.5 0.0001757373156710821
101.5 0.00019331104723819032
102.5 0.000177689952511872
103.5 0.00013473194201449638
104.5 0.00011130029992501879
105.5 0.00010544238940264938
106.5 8.786865783554115e-05
107.5 8.591602099475134e-05
108.5 8.396338415396154e-05
109.5 7.420019995001252e-05
110.5 5.0768557860534886e-05
111.5 4.881592101974508e-05
112.5 6.44370157460635e-05
113.5 4.881592101974508e-05
114.5 4.100537365658587e-05
115.5 3.9052736815796064e-05
116.5 5.0768557860534886e-05
117.5 3.514746313421646e-05
118.5 3.124218945263685e-05
119.5 5.0768557860534886e-05
120.5 4.295801049737567e-05
121.5 3.514746313421646e-05
122.5 3.514746313421646e-05
123.5 4.686328417895528e-05
124.5 3.514746313421646e-05
125.5 1.757373156710823e-05
126.5 4.881592101974508e-05
127.5 5.0768557860534886e-05
128.5 6.638965258685331e-05
129.5 4.881592101974508e-05
130.5 3.3194826293426654e-05
131.5 7.420019995001252e-05
132.5 6.638965258685331e-05
133.5 7.029492626843291e-05
134.5 8.396338415396154e-05
135.5 9.567920519870036e-05
136.5 0.0001601162209447637
137.5 0.00013863721569607598
138.5 0.00016402149462634334
139.5 0.00016011622094476367
140.5 0.000214790052486878
141.5 0.00022455323669082712
142.5 0.0002733691577105721
143.5 0.000359285178705323
144.5 0.0004002905523619089
145.5 0.00045105911022244366
146.5 0.0004959697575606092
147.5 0.0006385122469382646
148.5 0.0007556704573856529
149.5 0.0008806392151961995
150.5 0.0010993345413646588
151.5 0.0012692139465133717
152.5 0.0014371407148212945
153.5 0.001794473256685828
154.5 0.001897963009247689
155.5 0.002227958635341166
156.5 0.002472038240439891
157.5 0.0030714977505623613
158.5 0.003421019745063733
159.5 0.0041005373656585855
160.5 0.00444029617595601
161.5 0.004967508122969256
162.5 0.005637262559360159
163.5 0.006307016995751059
164.5 0.006687781179705076
165.5 0.007796878905273677
166.5 0.008267464383904022
167.5 0.008999703199200203
168.5 0.009728036740814797
169.5 0.010608675956010997
170.5 0.011708010497375658
171.5 0.012049721944513868
172.5 0.012815155586103466
173.5 0.013484910022494379
174.5 0.014084369532616846
175.5 0.014543239190202452
176.5 0.015353583479130208
177.5 0.015216898900274925
178.5 0.015835884778805293
179.5 0.015687484378905273
180.5 0.015619142089477631
181.5 0.015464883779055243
182.5 0.015097788052986753
183.5 0.015486362784303919
184.5 0.014554955011247187
185.5 0.014047269432641844
186.5 0.013385325543614095
187.5 0.01279172394401399
188.5 0.012418770307423145
189.5 0.011319435766058487
190.5 0.010643823419145219
191.5 0.009743657835541118
192.5 0.009263309172706825
193.5 0.00832799612596851
194.5 0.007636762684328912
195.5 0.006791270932266932
196.5 0.006334353911522118
197.5 0.0055532991752062
198.5 0.004817155086228444
199.5 0.004543785928517869
200.5 0.003747110097475631
201.5 0.0034444513871532112
202.5 0.0030402555611097246
203.5 0.0025560016245938506
204.5 0.0022533429142714318
205.5 0.001997547488127968
206.5 0.0017085572356910776
207.5 0.001454714446388403
208.5 0.0012399243939015241
209.5 0.0010485659835041228
210.5 0.0008806392151961998
211.5 0.0007888652836790792
212.5 0.0006658491627093215
213.5 0.000507685578605348
214.5 0.0004881592101974502
215.5 0.0003729536365908519
216.5 0.0003475693576605843
217.5 0.000273369157710572
218.5 0.00019526368407898017
219.5 0.00019331104723819019
220.5 0.00018354786303424126
221.5 0.00013277930517370656
222.5 0.0001171582104473882
223.5 0.00010544238940264938
224.5 8.201074731317174e-05
225.5 7.810547363159213e-05
226.5 9.177393151712075e-05
227.5 8.201074731317174e-05
228.5 5.272119470132469e-05
229.5 7.224756310922272e-05
230.5 5.467383154211449e-05
231.5 4.295801049737567e-05
232.5 5.0768557860534886e-05
233.5 4.100537365658587e-05
234.5 5.0768557860534886e-05
235.5 4.881592101974508e-05
236.5 6.05317420644839e-05
237.5 3.514746313421646e-05
238.5 3.514746313421646e-05
239.5 3.514746313421646e-05
240.5 3.9052736815796064e-05
241.5 2.928955261184705e-05
242.5 2.538427893026744e-05
243.5 3.9052736815796064e-05
244.5 3.9052736815796064e-05
245.5 6.05317420644839e-05
246.5 3.9052736815796064e-05
247.5 4.686328417895528e-05
248.5 4.100537365658587e-05
249.5 6.638965258685331e-05
250.5 6.0531742064483903e-05
251.5 8.005811047238193e-05
252.5 8.201074731317174e-05
253.5 0.00010348975256185957
254.5 0.00012106348412896781
255.5 0.0001249687578105474
256.5 0.000128874031492127
257.5 0.00017964258935266176
258.5 0.00016206885778555355
259.5 0.00017573731567108208
260.5 0.0002733691577105721
261.5 0.0002772744313921517
262.5 0.0003104692576855783
263.5 0.0004120063734066478
264.5 0.0004412959260184949
265.5 0.0005604067733066724
266.5 0.0005838384153961501
267.5 0.0006717070732316911
268.5 0.0008650181204698815
269.5 0.0010505186203449129
270.5 0.0011559610097475628
271.5 0.0013668457885528615
272.5 0.0016616939515121218
273.5 0.0019643526618345415
274.5 0.002151805798550362
275.5 0.002618486003499126
276.5 0.0028938077980504876
277.5 0.003284335166208448
278.5 0.003913084228942766
279.5 0.0040829636340914775
280.5 0.005016324043989003
281.5 0.005551346538365405
282.5 0.0058461947013246675
283.5 0.006672160084978754
284.5 0.007041208447888026
285.5 0.007462978005498623
286.5 0.007935516120969755
287.5 0.008558407273181702
288.5 0.008993845288677835
289.5 0.009364846288427894
290.5 0.009714368282929266
291.5 0.010007263809047737
292.5 0.010001405898525368
293.5 0.0101869063984004
294.5 0.009841289677580604
295.5 0.009936968882779307
296.5 0.009185203699075233
297.5 0.009222303799050242
298.5 0.008753670957260684
299.5 0.008197169457635586
300.5 0.007718773431642087
301.5 0.007236472131967008
302.5 0.006437843664083976
303.5 0.005650931017245688
304.5 0.0052935984753811555
305.5 0.004561359660084978
306.5 0.0037920207448137976
307.5 0.0035010778555361146
308.5 0.002835228692826793
309.5 0.0023861222194451388
310.5 0.002161568982754311
311.5 0.001825715446138466
312.5 0.001499625093726568
313.5 0.0012145401149712568
314.5 0.0010563765308672828
315.5 0.0008591602099475122
316.5 0.0006365596100974748
317.5 0.0005115908522869276
318.5 0.00040029055236190923
319.5 0.00032023244188952713
320.5 0.00024993751562109437
321.5 0.0002030742314421393
322.5 0.0001991689577605597
323.5 0.0001366845788552862
324.5 0.00010348975256185957
325.5 6.638965258685331e-05
326.5 5.0768557860534886e-05
327.5 5.272119470132469e-05
328.5 2.3431642089477636e-05
329.5 3.9052736815796064e-05
330.5 2.9289552611847047e-05
331.5 1.9526368407898032e-05
332.5 9.763184203949014e-06
333.5 1.5621094726318425e-05
334.5 3.905273681579605e-06
335.5 9.763184203949014e-06
336.5 5.857910522369408e-06
337.5 7.81054736315921e-06
338.5 1.9526368407898027e-06
339.5 0.0
340.5 0.0
341.5 1.9526368407898027e-06
342.5 3.905273681579605e-06
343.5 1.9526368407898027e-06
344.5 0.0
345.5 3.905273681579605e-06
346.5 0.0
347.5 0.0
348.5 0.0
349.5 0.0
350.5 0.0
351.5 0.0
352.5 0.0
353.5 0.0
354.5 0.0
355.5 0.0
356.5 0.0
357.5 0.0
358.5 0.0
359.5 0.0
