0.5 1.9526368407898027e-06
1.5 0.0
2.5 0.0
3.5 1.9526368407898027e-06
4.5 5.857910522369408e-06
5.5 0.0
6.5 0.0
7.5 1.9526368407898027e-06
8.5 0.0
9.5 0.0
10.5 1.9526368407898027e-06
11.5 0.0
12.5 1.9526368407898027e-06
13.5 3.905273681579605e-06
14.5 7.81054736315921e-06
15.5 5.857910522369408e-06
16.5 5.857910522369408e-06
17.5 3.905273681579605e-06
18.5 1.9526368407898027e-06
19.5 3.905273681579605e-06
20.5 9.763184203949014e-06
21.5 1.9526368407898032e-05
22.5 3.124218945263685e-05
23.5 2.1479005248687836e-05
24.5 2.3431642089477636e-05
25.5 2.538427893026744e-05
26.5 4.881592101974508e-05
27.5 4.295801049737567e-05
28.5 5.467383154211449e-05
29.5 6.0531742064483903e-05
30.5 6.834228942764311e-05
31.5 8.982129467633095e-05
32.5 0.0001171582104473882
33.5 0.0001230161209697576
34.5 0.0001972163209197699
35.5 0.00021869532616845767
36.5 0.00027727443139215164
37.5 0.0003124218945263681
38.5 0.0004041958260434888
39.5 0.000371000999750062
40.5 0.0004881592101974502
41.5 0.0006033647838040481
42.5 0.0006873281679580094
43.5 0.0007478599100224934
44.5 0.0008572075731067218
45.5 0.0010700449887528116
46.5 0.0012106348412896765
47.5 0.0013434141464633842
48.5 0.0015484410147463138
49.5 0.0018530523619095217
50.5 0.0019292051987003247
51.5 0.0021986690827293168
52.5 0.0022689640089977496
53.5 0.0026555861034741313
54.5 0.002833276055986002
55.5 0.003022681829542615
56.5 0.0033468195451137224
57.5 0.0034093039240189974
58.5 0.0037197731817045733
59.5 0.004024384528867784
60.5 0.004088821544613846
61.5 0.004368048612846787
62.5 0.00437000124968758
63.5 0.004502780554861285
64.5 0.004680470507373155
65.5 0.004965555486128469
66.5 0.004614080854786304
67.5 0.004698044238940265
68.5 0.004858160459885031
69.5 0.004457869907523119
70.5 0.004625796675831042
71.5 0.004590649212696823
72.5 0.004489112096975758
73.5 0.004221600849787552
74.5 0.004051721444638837
75.5 0.0037822575606098457
76.5 0.0036162834291427136
77.5 0.0034327355661084727
78.5 0.0032433297925518615
79.5 0.003108597850537365
80.5 0.0028762340664833788
81.5 0.0027239283929017745
82.5 0.0024915646088477894
83.5 0.002432985503624095
84.5 0.0021518057985503627
85.5 0.0018725787303174209
86.5 0.0017378467883029233
87.5 0.0015171988252936758
88.5 0.001431282804298925
89.5 0.0013258404148962755
90.5 0.0011422925518620348
91.5 0.0010739502624343904
92.5 0.00098217633091727
93.5 0.0009079761309672574
94.5 0.0008279180204948756
95.5 0.0007341914521369647
96.5 0.0006756123469132708
97.5 0.0005779805048737808
98.5 0.0005096382154461381
99.5 0.000439343289177705
100.5 0.00041395901024743743
101.5 0.0003905273681579599
102.5 0.00034756935766058425
103.5 0.00029289552611846996
104.5 0.0003007060734816293
105.5 0.0002440796050987251
106.5 0.0002518901524618843
107.5 0.00023041114721319647
108.5 0.00019916895776055966
109.5 0.0002206479630092475
110.5 0.00018940577355661071
111.5 0.0001581635841039739
112.5 0.00018745313671582095
113.5 0.00017768995251187187
114.5 0.00013668457885528617
115.5 0.00014449512621844538
116.5 0.0001542583104223943
117.5 0.00014840039990002488
118.5 0.00014449512621844535
119.5 0.00014644776305923514
120.5 0.0001230161209697576
121.5 0.00010739502624343918
122.5 0.000119110847288178
123.5 0.00010544238940264938
124.5 0.00011130029992501879
125.5 0.0001249687578105474
126.5 0.00010153711572106977
127.5 0.0001269213946513372
128.5 0.00015035303674081472
129.5 0.0001581635841039739
130.5 0.00020502686828292917
131.5 0.00018745313671582095
132.5 0.0001562109472631841
133.5 0.0002089321419645087
134.5 0.0002479848787803047
135.5 0.0002655586103474128
136.5 0.00030265871032241897
137.5 0.00031046925768557813
138.5 0.00033585353661584545
139.5 0.0003768589102724314
140.5 0.0004647275681079722
141.5 0.0004744907523119213
142.5 0.0005604067733066727
143.5 0.0007049018995251177
144.5 0.0007146650837290667
145.5 0.0009099287678080473
146.5 0.0009685078730317417
147.5 0.0010954292676830784
148.5 0.0013219351412146955
149.5 0.0014644776305923518
150.5 0.001536725193701574
151.5 0.001907726193451636
152.5 0.0022884903774056495
153.5 0.0024212696825793548
154.5 0.002995344913771558
155.5 0.0033448669082729314
156.5 0.0038252155711072213
157.5 0.004340711697075734
158.5 0.004961650212446888
159.5 0.005445904148962758
160.5 0.006279680079980003
161.5 0.006963102974256435
162.5 0.007771494626343412
163.5 0.008560359910022498
164.5 0.009538630967258186
165.5 0.010524712571857033
166.5 0.01185641089727568
167.5 0.012450012496875775
168.5 0.013695794801299682
169.5 0.014373359785053734
170.5 0.015833932141964505
171.5 0.01655640777305674
172.5 0.017755326793301676
173.5 0.018425081229692584
174.5 0.01902844601349663
175.5 0.019747016370907262
176.5 0.020729192701824547
177.5 0.02138137340664835
178.5 0.021170488627843046
179.5 0.02159421082229442
180.5 0.021533679080229937
181.5 0.02144776305923519
182.5 0.021088477880529873
183.5 0.020645229317670582
184.5 0.020114112096975757
185.5 0.019551752686828298
186.5 0.018241533366658333
187.5 0.01770260559860036
188.5 0.016888356035991006
189.5 0.01563085791052236
190.5 0.01469749750062484
191.5 0.01361768932766809
192.5 0.012623797175706076
193.5 0.0114697888027993
194.5 0.010528617845538619
195.5 0.009587446888277928
196.5 0.008515449262684327
197.5 0.00782031054736316
198.5 0.00697872406898275
199.5 0.006084416395901022
200.5 0.00553182016995751
201.5 0.004957744938765306
202.5 0.004543785928517872
203.5 0.003778352286928268
204.5 0.0033253405398650355
205.5 0.0028977130717320657
206.5 0.00257357535616096
207.5 0.0020326949512621843
208.5 0.0019252999250187444
209.5 0.0016226412146963256
210.5 0.001403945888527867
211.5 0.001224303299175206
212.5 0.0010837134466383403
213.5 0.0009411709572606837
214.5 0.0008337759310172448
215.5 0.000751765183704073
216.5 0.000644370157460634
217.5 0.0005135434891277173
218.5 0.0004471538365408641
219.5 0.00042567483129217644
220.5 0.00037490627343164147
221.5 0.00031437453136715787
222.5 0.0003007060734816293
223.5 0.00022455323669082702
224.5 0.0002186953261684577
225.5 0.00024212696825793523
226.5 0.0002401743314171455
227.5 0.00018550049987503113
228.5 0.00016011622094476376
229.5 0.0001640214946263433
230.5 0.0001855004998750311
231.5 0.0001601162209447637
232.5 0.00013863721569607598
233.5 0.00013082666833291677
234.5 9.958447888027997e-05
235.5 0.0001327793051737066
236.5 9.177393151712075e-05
237.5 0.00010934766308422899
238.5 0.0001249687578105474
239.5 0.00010153711572106977
240.5 0.00010544238940264938
241.5 0.00010934766308422899
242.5 0.00012106348412896781
243.5 0.0001249687578105474
244.5 0.00013668457885528614
245.5 0.0001425424893776555
246.5 0.00016206885778555352
247.5 0.0001874531367158209
248.5 0.00013668457885528617
249.5 0.0002011215946013494
250.5 0.00018159522619345153
251.5 0.00019916895776055966
252.5 0.00024017433141714544
253.5 0.0002479848787803047
254.5 0.00024017433141714528
255.5 0.0002694638840289924
256.5 0.0003260903524118965
257.5 0.0003436640839790049
258.5 0.0003749062734316416
259.5 0.0003807641839540109
260.5 0.000468632841789552
261.5 0.0004940171207198195
262.5 0.0005955542364408889
263.5 0.0006931860784803789
264.5 0.0006736597100724808
265.5 0.0007693389152711814
266.5 0.000907976130967257
267.5 0.0009587446888277925
268.5 0.0010915239940014986
269.5 0.0011715821044738812
270.5 0.0013785616095975998
271.5 0.0014800987253186693
272.5 0.0016265464883779058
273.5 0.0017768995251187206
274.5 0.0018823419145213695
275.5 0.0021127530617345664
276.5 0.0022689640089977505
277.5 0.0024642276930767295
278.5 0.0026243439140214942
279.5 0.002805939140214946
280.5 0.002989487003249189
281.5 0.003333151087228194
282.5 0.003567467508122969
283.5 0.0037217258185453642
284.5 0.0039013684078980245
285.5 0.004012668707823043
286.5 0.004256748312921769
287.5 0.004284085228692827
288.5 0.004487159460134966
289.5 0.004592601849537613
290.5 0.0046609441389652605
291.5 0.004832776180954763
292.5 0.004725381154711321
293.5 0.004688281054736315
294.5 0.004674612596850791
295.5 0.004811297175706071
296.5 0.004616033491627093
297.5 0.0044891120969757555
298.5 0.0043836697075731075
299.5 0.00413959010247438
300.5 0.004041958260434894
301.5 0.0037061047238190433
302.5 0.0035206042239440136
303.5 0.003380014371407148
304.5 0.0030402555611097224
305.5 0.0027336915771057247
306.5 0.002550143714071482
307.5 0.0023451168457885537
308.5 0.002300206198450389
309.5 0.001966305298675331
310.5 0.0017827574356410888
311.5 0.0015289146463384141
312.5 0.0013980879780054979
313.5 0.001175487378155461
314.5 0.0010680923519120217
315.5 0.0009372656835791041
316.5 0.0008337759310172442
317.5 0.0006717070732316909
318.5 0.0005760278680329908
319.5 0.0005545488627843032
320.5 0.0004159116470882274
321.5 0.0003514746313421641
322.5 0.0003221850787303169
323.5 0.0002597006998250434
324.5 0.00017573731567108208
325.5 0.00015816358410397394
326.5 0.00015230567358160454
327.5 9.958447888027997e-05
328.5 9.958447888027997e-05
329.5 7.810547363159213e-05
330.5 6.24843789052737e-05
331.5 5.272119470132469e-05
332.5 4.295801049737567e-05
333.5 2.3431642089477636e-05
334.5 2.7336915771057246e-05
335.5 2.538427893026744e-05
336.5 1.3668457885528621e-05
337.5 9.763184203949014e-06
338.5 1.1715821044738818e-05
339.5 7.81054736315921e-06
340.5 7.81054736315921e-06
341.5 9.763184203949014e-06
342.5 1.1715821044738818e-05
343.5 1.9526368407898027e-06
344.5 3.905273681579605e-06
345.5 1.9526368407898027e-06
346.5 1.9526368407898027e-06
347.5 3.905273681579605e-06
348.5 3.905273681579605e-06
349.5 3.905273681579605e-06
350.5 0.0
351.5 0.0
352.5 0.0
353.5 0.0
354.5 1.9526368407898027e-06
355.5 0.0
356.5 1.9526368407898027e-06
357.5 1.9526368407898027e-06
358.5 1.9526368407898027e-06
359.5 0.0
