0.5 0.0
1.5 0.0
2.5 0.0
3.5 0.0
4.5 0.0
5.5 0.0
6.5 0.0
7.5 0.0
8.5 0.0
9.5 0.0
10.5 0.0
11.5 0.0
12.5 0.0
13.5 0.0
14.5 0.0
15.5 0.0
16.5 0.0
17.5 0.0
18.5 0.0
19.5 0.0
20.5 0.0
21.5 0.0
22.5 0.0
23.5 0.0
24.5 0.0
25.5 0.0
26.5 0.0
27.5 0.0
28.5 0.0
29.5 0.0
30.5 0.0
31.5 0.0
32.5 0.0
33.5 0.0
34.5 0.0
35.5 0.0
36.5 0.0
37.5 0.0
38.5 0.0
39.5 0.0
40.5 0.0
41.5 0.0
42.5 0.0
43.5 0.0
44.5 0.0
45.5 0.0
46.5 0.0
47.5 0.0
48.5 0.0
49.5 0.0
50.5 0.0
51.5 0.0
52.5 0.0
53.5 0.0
54.5 0.0
55.5 0.0
56.5 0.0
57.5 0.0
58.5 0.0
59.5 0.0
60.5 0.0
61.5 0.0
62.5 0.0
63.5 0.0
64.5 0.0
65.5 0.0
66.5 0.0
67.5 0.0
68.5 0.0
69.5 0.0
70.5 0.0
71.5 0.0
72.5 0.0
73.5 0.0
74.5 0.0
75.5 0.0
76.5 0.0
77.5 0.0
78.5 0.0
79.5 0.0
80.5 0.0
81.5 0.0
82.5 0.0
83.5 0.0
84.5 0.0
85.5 0.0
86.5 0.0
87.5 0.0
88.5 0.0
89.5 0.0
90.5 0.0
91.5 0.0
92.5 0.0
93.5 0.0
94.5 0.0
95.5 0.0
96.5 0.0
97.5 0.0
98.5 0.0
99.5 0.0
100.5 0.0
101.5 0.0
102.5 0.0
103.5 0.0
104.5 0.0
105.5 0.0
106.5 0.0
107.5 0.0
108.5 0.0
109.5 0.0
110.5 0.0
111.5 0.0
112.5 0.0
113.5 0.0
114.5 0.0
115.5 0.0
116.5 0.0
117.5 0.0
118.5 0.0
119.5 0.0
120.5 0.0
121.5 0.0
122.5 0.0
123.5 0.0
124.5 0.0
125.5 0.0
126.5 0.0
127.5 0.0
128.5 0.0
129.5 0.0
130.5 0.0
131.5 0.0
132.5 0.0
133.5 0.0
134.5 0.0
135.5 0.0
136.5 0.0
137.5 0.0
138.5 0.0
139.5 0.0
140.5 0.0
141.5 0.0
142.5 0.0
143.5 0.0
144.5 0.0
145.5 0.0
146.5 0.0
147.5 0.0
148.5 0.0
149.5 0.0
150.5 0.0
151.5 0.0
152.5 0.0
153.5 0.0
154.5 0.0
155.5 1.9526368407898027e-06
156.5 0.0
157.5 0.0
158.5 0.0
159.5 0.0
160.5 0.0
161.5 0.0
162.5 1.9526368407898027e-06
163.5 0.0
164.5 3.905273681579605e-06
165.5 0.0
166.5 0.0
167.5 1.9526368407898027e-06
168.5 3.905273681579605e-06
169.5 0.0
170.5 1.9526368407898027e-06
171.5 3.905273681579605e-06
172.5 3.905273681579605e-06
173.5 0.0
174.5 3.905273681579605e-06
175.5 0.0
176.5 1.3668457885528621e-05
177.5 3.905273681579605e-06
178.5 5.857910522369408e-06
179.5 1.1715821044738818e-05
180.5 9.763184203949014e-06
181.5 1.562109472631842e-05
182.5 2.538427893026744e-05
183.5 1.5621094726318425e-05
184.5 2.1479005248687832e-05
185.5 1.9526368407898032e-05
186.5 2.538427893026744e-05
187.5 1.5621094726318425e-05
188.5 2.1479005248687836e-05
189.5 3.124218945263685e-05
190.5 1.5621094726318425e-05
191.5 1.7573731567108225e-05
192.5 1.757373156710823e-05
193.5 2.7336915771057243e-05
194.5 9.763184203949014e-06
195.5 2.3431642089477636e-05
196.5 2.538427893026744e-05
197.5 2.9289552611847047e-05
198.5 2.9289552611847047e-05
199.5 1.5621094726318425e-05
200.5 2.3431642089477636e-05
201.5 1.7573731567108225e-05
202.5 2.343164208947764e-05
203.5 2.7336915771057246e-05
204.5 1.3668457885528621e-05
205.5 1.9526368407898032e-05
206.5 3.710009997500626e-05
207.5 2.9289552611847047e-05
208.5 3.514746313421645e-05
209.5 3.7100099975006254e-05
210.5 5.662646838290429e-05
211.5 4.881592101974508e-05
212.5 5.076855786053488e-05
213.5 4.2958010497375665e-05
214.5 7.420019995001252e-05
215.5 8.786865783554115e-05
216.5 6.24843789052737e-05
217.5 0.00011130029992501878
218.5 0.00013863721569607598
219.5 0.00012301612096975758
220.5 0.00017378467883029234
221.5 0.00013863721569607596
222.5 0.00019331104723819024
223.5 0.0002616533366658334
224.5 0.0002714165208697822
225.5 0.00027532179455136196
226.5 0.00029289552611847007
227.5 0.00036123781554611326
228.5 0.0003749062734316419
229.5 0.00045105911022244404
230.5 0.0005447856785803546
231.5 0.0006014121469632587
232.5 0.0007088071732066977
233.5 0.0008357285678580351
234.5 0.0009001655836040987
235.5 0.0010954292676830782
236.5 0.0013063140464883772
237.5 0.0014722881779555112
238.5 0.001767136340914771
239.5 0.002036600224943764
240.5 0.002352927393151711
241.5 0.0030285397400649835
242.5 0.0036514308922769296
243.5 0.0039736159710072475
244.5 0.005014371407148213
245.5 0.005629452011997
246.5 0.006818607848037992
247.5 0.007869126468382904
248.5 0.009276977630592357
249.5 0.01059891277180705
250.5 0.01242267558110472
251.5 0.013935969132716818
252.5 0.015101693326668336
253.5 0.016802440014996253
254.5 0.0184016495876031
255.5 0.019793879655086236
256.5 0.02141456823294177
257.5 0.022880998500374915
258.5 0.024158022994251432
259.5 0.02492736190952262
260.5 0.02638988690327417
261.5 0.02749507935516121
262.5 0.02850068732816796
263.5 0.028446013496625854
264.5 0.028803346038490375
265.5 0.029787475006248426
266.5 0.029600021869532624
267.5 0.02946333729067733
268.5 0.029453574106473382
269.5 0.028945888527868023
270.5 0.029084525743564103
271.5 0.028172644338915264
272.5 0.026421129092726817
273.5 0.02619071794551362
274.5 0.025628358535366158
275.5 0.024603224193951508
276.5 0.023632763684078982
277.5 0.02266230317420645
278.5 0.021652789927518113
279.5 0.02059836603349163
280.5 0.01922956760809798
281.5 0.01785881654586353
282.5 0.016784866283429147
283.5 0.015982332541864534
284.5 0.014597913021744562
285.5 0.013217398775306172
286.5 0.011993095476130974
287.5 0.010819560734816294
288.5 0.009944779430142468
289.5 0.009148103599100224
290.5 0.00806243751562109
291.5 0.007162271932017
292.5 0.00637535928517871
293.5 0.00575637340664834
294.5 0.005035850412396902
295.5 0.0044734910022494415
296.5 0.00396580542364409
297.5 0.0033761090977255685
298.5 0.003063687203199201
299.5 0.002483754061484631
300.5 0.0022611534616345927
301.5 0.0017886153461634607
302.5 0.0015445357410647342
303.5 0.0012301612096975755
304.5 0.0010114658835291175
305.5 0.0008708760309922518
306.5 0.000710759810047488
307.5 0.0005115908522869282
308.5 0.00043934328917770557
309.5 0.0003163271682079479
310.5 0.00022650587353161705
311.5 0.00015035303674081483
312.5 0.0001171582104473882
313.5 9.372656835791056e-05
314.5 6.834228942764311e-05
315.5 5.662646838290429e-05
316.5 2.3431642089477636e-05
317.5 1.5621094726318425e-05
318.5 1.562109472631842e-05
319.5 1.7573731567108225e-05
320.5 1.9526368407898027e-06
321.5 5.857910522369408e-06
322.5 1.9526368407898027e-06
323.5 5.857910522369408e-06
324.5 0.0
325.5 0.0
326.5 0.0
327.5 0.0
328.5 0.0
329.5 0.0
330.5 0.0
331.5 0.0
332.5 0.0
333.5 0.0
334.5 0.0
335.5 0.0
336.5 0.0
337.5 0.0
338.5 0.0
339.5 0.0
340.5 0.0
341.5 0.0
342.5 0.0
343.5 0.0
344.5 0.0
345.5 0.0
346.5 0.0
347.5 0.0
348.5 0.0
349.5 0.0
350.5 0.0
351.5 0.0
352.5 0.0
353.5 0.0
354.5 0.0
355.5 0.0
356.5 0.0
357.5 0.0
358.5 0.0
359.5 0.0
