0.5 0.0
1.5 1.9526368407898027e-06
2.5 1.9526368407898027e-06
3.5 3.905273681579605e-06
4.5 1.9526368407898027e-06
5.5 0.0
6.5 5.857910522369408e-06
7.5 1.9526368407898027e-06
8.5 0.0
9.5 1.9526368407898027e-06
10.5 3.905273681579605e-06
11.5 0.0
12.5 1.9526368407898027e-06
13.5 3.905273681579605e-06
14.5 1.9526368407898027e-06
15.5 7.81054736315921e-06
16.5 7.81054736315921e-06
17.5 5.857910522369408e-06
18.5 9.763184203949014e-06
19.5 5.857910522369408e-06
20.5 5.857910522369408e-06
21.5 9.763184203949014e-06
22.5 9.763184203949014e-06
23.5 2.1479005248687832e-05
24.5 1.3668457885528621e-05
25.5 2.7336915771057246e-05
26.5 2.7336915771057243e-05
27.5 4.295801049737567e-05
28.5 5.272119470132469e-05
29.5 5.076855786053488e-05
30.5 4.100537365658587e-05
31.5 7.029492626843291e-05
32.5 9.958447888027997e-05
33.5 8.982129467633095e-05
34.5 0.00015816358410397394
35.5 0.00015621094726318412
36.5 0.00019135841039740056
37.5 0.00027141652086978217
38.5 0.0003046113471632088
39.5 0.0004002905523619089
40.5 0.00041591164708822755
41.5 0.0004725381154711318
42.5 0.0005896963259185195
43.5 0.0006931860784803784
44.5 0.0008162021994501366
45.5 0.0009411709572606838
46.5 0.0011032398150462377
47.5 0.0012399243939015241
48.5 0.0014410459885028741
49.5 0.0016831729567608092
50.5 0.0018413365408647834
51.5 0.0020502686828292923
52.5 0.0022240533616595857
53.5 0.002446653961509623
54.5 0.0027551705823544133
55.5 0.0030265871032241964
56.5 0.003284335166208449
57.5 0.0033897775556110976
58.5 0.0038447419395151194
59.5 0.004043910897275681
60.5 0.0040653899025243695
61.5 0.0043563327918020485
62.5 0.0045359753811547105
63.5 0.004424675081229692
64.5 0.004395385528617846
65.5 0.004606270307423145
66.5 0.004547691202199449
67.5 0.004584791302174453
68.5 0.004772244438890276
69.5 0.004776149712571856
70.5 0.0047331917020744805
71.5 0.0045164490127468145
72.5 0.00434071169707573
73.5 0.004280179955011244
74.5 0.003981426518370408
75.5 0.003770541739565109
76.5 0.003516698950262433
77.5 0.003362440639840041
78.5 0.003167176955761061
79.5 0.002973865908522871
80.5 0.0026438702824293924
81.5 0.0025599068982754317
82.5 0.0024466539615096224
83.5 0.002122516245938515
84.5 0.002028789677580604
85.5 0.001810094351412146
86.5 0.0016792676830792287
87.5 0.001364893151712072
88.5 0.0013160772306923271
89.5 0.0012125874781304669
90.5 0.0010661397150712316
91.5 0.0011422925518620338
92.5 0.0009704605098725313
93.5 0.0009587446888277922
94.5 0.0008357285678580347
95.5 0.0006287490627343156
96.5 0.0005721225943514115
97.5 0.0005682173206698317
98.5 0.000497922394401399
99.5 0.0005018276680829787
100.5 0.0004256748312921763
101.5 0.0003885747313171702
102.5 0.0003749062734316416
103.5 0.00031827980504873745
104.5 0.0003163271682079477
105.5 0.0002616533366658332
106.5 0.000273369157710572
107.5 0.00018940577355661071
108.5 0.0002265058735316169
109.5 0.00017768995251187187
110.5 0.0001659741314671331
111.5 0.00020893214196450861
112.5 0.0001737846788302922
113.5 0.00019135841039740048
114.5 0.00017183204198950255
115.5 0.00012887403149212698
116.5 0.00014449512621844544
117.5 0.00015425831042239436
118.5 0.00013863721569607598
119.5 0.00013473194201449638
120.5 0.00013863721569607596
121.5 0.0001640214946263433
122.5 0.00014840039990002493
123.5 0.00015816358410397394
124.5 0.00015230567358160451
125.5 0.000148400399900025
126.5 0.00016206885778555355
127.5 0.00016792676830792294
128.5 0.00022650587353161683
129.5 0.00020893214196450872
130.5 0.000273369157710572
131.5 0.0002597006998250434
132.5 0.00025774806298425364
133.5 0.00029680079980004954
134.5 0.0003007060734816291
135.5 0.00032804298925268624
136.5 0.0003963852786803294
137.5 0.00042762746813296623
138.5 0.0005311172206948256
139.5 0.000536975131217195
140.5 0.0006404648837790545
141.5 0.0008005811047238176
142.5 0.0008005811047238177
143.5 0.000950934141464633
144.5 0.001068092351912022
145.5 0.0011637715571107218
146.5 0.0014000406148462886
147.5 0.0015894463884028988
148.5 0.0018022838040489871
149.5 0.002046363409147713
150.5 0.0022767745563609084
151.5 0.002589196450887278
152.5 0.0028567076980754802
153.5 0.003307766808297925
154.5 0.0038095944763809056
155.5 0.00415130592351912
156.5 0.004576980754811296
157.5 0.005276024743814049
158.5 0.005768089227693077
159.5 0.00660381779555111
160.5 0.0072267089477630565
161.5 0.00788474756310922
162.5 0.008640418020494877
163.5 0.009491767683079235
164.5 0.010085369282679328
165.5 0.011089024618845289
166.5 0.011733394776305922
167.5 0.012826871407148208
168.5 0.013736800174956258
169.5 0.014297206948262935
170.5 0.015269620094976252
171.5 0.0164275337415646
172.5 0.016575934141464643
173.5 0.01769870032491877
174.5 0.0181907648087978
175.5 0.018370407398150466
176.5 0.019087025118720322
177.5 0.019430689202699334
178.5 0.019200278055486127
179.5 0.019737253186703312
180.5 0.019249093976505875
181.5 0.01920613596600849
182.5 0.0191495094976256
183.5 0.019046019745063727
184.5 0.01866330292426894
185.5 0.017923253561609606
186.5 0.017380420519870026
187.5 0.016462681204698824
188.5 0.015777305673581602
189.5 0.015300862284428887
190.5 0.014463181079730065
191.5 0.013473194201449639
192.5 0.012744860659835038
193.5 0.011735347413146715
194.5 0.010977724318920268
195.5 0.010059985003749062
196.5 0.009390230567358167
197.5 0.008482254436390902
198.5 0.007966758310422392
199.5 0.007140792926768305
200.5 0.006478849037740562
201.5 0.005887200074981254
202.5 0.005188156085978509
203.5 0.0047019495126218456
204.5 0.004135684828792802
205.5 0.003663146713321669
206.5 0.0032081823294176455
207.5 0.002813749687578107
208.5 0.0026106754561359678
209.5 0.002210384903774056
210.5 0.0019018682829292676
211.5 0.001860862909272681
212.5 0.00157773056735816
213.5 0.0013570826043489124
214.5 0.0012379717570607349
215.5 0.0010309922519370152
216.5 0.0009235972256935757
217.5 0.0008259653836540858
218.5 0.0006658491627093214
219.5 0.0006424175206198441
220.5 0.0005565014996250929
221.5 0.0003905273681579601
222.5 0.00041591164708822706
223.5 0.0004412959260184948
224.5 0.00035537990502374346
225.5 0.0003729536365908517
226.5 0.0003202324418895272
227.5 0.00025384278930267406
228.5 0.00025579542614346385
229.5 0.00023236378405398626
230.5 0.00021088477880529854
231.5 0.00016206885778555346
232.5 0.00017768995251187187
233.5 0.00016792676830792297
234.5 0.00015230567358160457
235.5 0.00014644776305923514
236.5 0.00018354786303424126
237.5 0.00016402149462634334
238.5 0.00015816358410397394
239.5 0.0001405898525368658
240.5 0.0001464477630592352
241.5 0.00015230567358160451
242.5 0.000128874031492127
243.5 0.00015230567358160451
244.5 0.000148400399900025
245.5 0.00014644776305923517
246.5 0.00014449512621844535
247.5 0.0001698794051487127
248.5 0.0001835478630342413
249.5 0.00020893214196450867
250.5 0.00020307423144213924
251.5 0.00022260059985003728
252.5 0.0002323637840539863
253.5 0.00024993751562109453
254.5 0.00028899025243689033
255.5 0.00029680079980004976
256.5 0.00035342726818295367
257.5 0.0003631904523869027
258.5 0.0003905273681579598
259.5 0.00042958010497375597
260.5 0.00048230129967508073
261.5 0.00041200637340664775
262.5 0.0006209385153711561
263.5 0.0006482754311422135
264.5 0.0006990439890027483
265.5 0.0007088071732066972
266.5 0.0008220601099725058
267.5 0.0008982129467633078
268.5 0.0010485659835041234
269.5 0.001046613346663334
270.5 0.0012750718570357412
271.5 0.0012594507623094218
272.5 0.0015289146463384146
273.5 0.0016011622094476373
274.5 0.0017456573356660825
275.5 0.001921394651337165
276.5 0.002167426893276682
277.5 0.0022670113721569613
278.5 0.002598959635091228
279.5 0.002747360034991253
280.5 0.0029797238190452397
281.5 0.0031417926768307915
282.5 0.0036143307923019253
283.5 0.0034659303924018973
284.5 0.003813499750062484
285.5 0.004079058360409899
286.5 0.004278227318170458
287.5 0.004434438265433642
288.5 0.004489112096975757
289.5 0.004414911897025743
290.5 0.0048933079230192465
291.5 0.004752718070482382
292.5 0.0047488127968008
293.5 0.004768339165208698
294.5 0.0049030711072231975
295.5 0.004649228317920516
296.5 0.004496922644338917
297.5 0.004315327418145467
298.5 0.004270416770807296
299.5 0.0040243845288677835
300.5 0.00394237378155461
301.5 0.003493267308172958
302.5 0.0033253405398650346
303.5 0.0032296613346663337
304.5 0.003067592476880779
305.5 0.0027922706823294177
306.5 0.002522806798300426
307.5 0.002313874656335916
308.5 0.0020483160459885013
309.5 0.0017866627093226688
310.5 0.0016265464883779054
311.5 0.0015308672831792045
312.5 0.0012965508622844277
313.5 0.0011481504623844037
314.5 0.0010017026993251676
315.5 0.0008435391152211942
316.5 0.0006970913521619588
317.5 0.0006111753311672073
318.5 0.000535022494376405
319.5 0.0004198169207698071
320.5 0.00033975881029742536
321.5 0.00029289552611847
322.5 0.00022455323669082704
323.5 0.00017573731567108218
324.5 0.00018550049987503108
325.5 0.0001425424893776555
326.5 0.00010348975256185957
327.5 0.00010739502624343918
328.5 8.786865783554115e-05
329.5 5.6626468382904296e-05
330.5 5.272119470132469e-05
331.5 3.710009997500626e-05
332.5 2.5384278930267443e-05
333.5 2.5384278930267443e-05
334.5 2.928955261184705e-05
335.5 7.81054736315921e-06
336.5 5.857910522369408e-06
337.5 1.757373156710823e-05
338.5 5.857910522369408e-06
339.5 5.857910522369408e-06
340.5 7.81054736315921e-06
341.5 7.81054736315921e-06
342.5 3.905273681579605e-06
343.5 0.0
344.5 7.81054736315921e-06
345.5 0.0
346.5 1.9526368407898027e-06
347.5 1.9526368407898027e-06
348.5 1.9526368407898027e-06
349.5 1.9526368407898027e-06
350.5 0.0
351.5 0.0
352.5 1.9526368407898027e-06
353.5 0.0
354.5 0.0
355.5 0.0
356.5 3.905273681579605e-06
357.5 0.0
358.5 0.0
359.5 0.0
