0.5 0.0
1.5 1.9526368407898027e-06
2.5 1.9526368407898027e-06
3.5 0.0
4.5 1.9526368407898027e-06
5.5 0.0
6.5 0.0
7.5 3.905273681579605e-06
8.5 3.905273681579605e-06
9.5 1.9526368407898027e-06
10.5 3.905273681579605e-06
11.5 5.857910522369408e-06
12.5 7.81054736315921e-06
13.5 1.9526368407898027e-06
14.5 0.0
15.5 0.0
16.5 7.81054736315921e-06
17.5 7.81054736315921e-06
18.5 1.3668457885528621e-05
19.5 1.562109472631842e-05
20.5 1.1715821044738818e-05
21.5 3.905273681579605e-06
22.5 1.5621094726318425e-05
23.5 2.343164208947764e-05
24.5 3.710009997500626e-05
25.5 2.1479005248687836e-05
26.5 4.100537365658587e-05
27.5 3.9052736815796064e-05
28.5 5.85791052236941e-05
29.5 5.0768557860534886e-05
30.5 7.615283679080233e-05
31.5 9.177393151712075e-05
32.5 0.00011325293676580859
33.5 0.00013668457885528617
34.5 0.00013668457885528614
35.5 0.0001874531367158209
36.5 0.0002401743314171455
37.5 0.00025579542614346385
38.5 0.0003143745313671577
39.5 0.0003749062734316415
40.5 0.0004686328417895518
41.5 0.0005623594101474622
42.5 0.0006580386153461625
43.5 0.0007244282679330155
44.5 0.0008689233941514609
45.5 0.0010368501624593849
46.5 0.0011247188202949264
47.5 0.0013863721569607598
48.5 0.001603114846288428
49.5 0.0018120469882529362
50.5 0.0019545894776305923
51.5 0.002163521619595101
52.5 0.0023451168457885533
53.5 0.0025911490877280692
54.5 0.0028938077980504885
55.5 0.0030773556610847277
56.5 0.0033682985503624093
57.5 0.0036533835291177193
58.5 0.003682673081729565
59.5 0.004024384528867781
60.5 0.004364143339165208
61.5 0.004453964633841538
62.5 0.0045808860284928775
63.5 0.0048659710072481875
64.5 0.00475467070732317
65.5 0.004791770807298178
66.5 0.0048894026493376645
67.5 0.004961650212446888
68.5 0.004821060359910021
69.5 0.0048483972756810795
70.5 0.004811297175706073
71.5 0.0047956760809797555
72.5 0.004395385528617845
73.5 0.004412959260184955
74.5 0.0042411272181954495
75.5 0.004057579355161208
76.5 0.0036690046238440376
77.5 0.003731489002749313
78.5 0.003319482629342665
79.5 0.0031593664083979013
80.5 0.003094929392651838
81.5 0.00257552799300175
82.5 0.0025149962509372673
83.5 0.002286537740564859
84.5 0.001997547488127968
85.5 0.0019135841039740068
86.5 0.0018374312671832036
87.5 0.0015992095726068483
88.5 0.0014078511622094474
89.5 0.0012809297675581103
90.5 0.0011989190202449389
91.5 0.0010192764308922765
92.5 0.0009118814046488371
93.5 0.0008591602099475119
94.5 0.0007400493626593337
95.5 0.0007595757310672321
96.5 0.0005857910522369397
97.5 0.0006385122469382647
98.5 0.0005115908522869275
99.5 0.0004549643839040233
100.5 0.00043934328917770503
101.5 0.00040224318920269864
102.5 0.00037881154711322116
103.5 0.0003182798050487373
104.5 0.00026555861034741285
105.5 0.00026360597350662295
106.5 0.00025579542614346374
107.5 0.00026360597350662306
108.5 0.00019916895776055958
109.5 0.00017768995251187192
110.5 0.0002362690577355659
111.5 0.00016792676830792297
112.5 0.00016206885778555352
113.5 0.00017768995251187192
114.5 0.00017768995251187187
115.5 0.00015035303674081472
116.5 0.0001327793051737066
117.5 0.00014840039990002493
118.5 0.00016206885778555355
119.5 0.00014449512621844533
120.5 0.00014254248937765556
121.5 0.0001308266683329168
122.5 0.0001620688577855535
123.5 0.00014254248937765556
124.5 0.0001327793051737066
125.5 0.00013668457885528617
126.5 0.00017964258935266176
127.5 0.00017964258935266166
128.5 0.00016792676830792292
129.5 0.00022260059985003725
130.5 0.00023236378405398637
131.5 0.000263605973506623
132.5 0.0002694638840289924
133.5 0.00027727443139215164
134.5 0.0003124218945263679
135.5 0.00039833791552111933
136.5 0.0003670957260684824
137.5 0.0004334853786553357
138.5 0.0004901118470382398
139.5 0.0005877436890777295
140.5 0.0006150806048487869
141.5 0.0006951387153211686
142.5 0.0008240127468132954
143.5 0.0009821763309172701
144.5 0.0010290396150962255
145.5 0.0011598662834291424
146.5 0.0013121719570107465
147.5 0.0014859566358410388
148.5 0.0016851255936015993
149.5 0.002024884403899025
150.5 0.0022709166458385406
151.5 0.002407601224693827
152.5 0.0028410866033491636
153.5 0.003198419145213695
154.5 0.0037939733816545864
155.5 0.00393651587103224
156.5 0.004563312296925769
157.5 0.004932360659835041
158.5 0.005654836290927273
159.5 0.006215243064233941
160.5 0.007043161084728817
161.5 0.007552799300174956
162.5 0.00836119095226193
163.5 0.00889426080979755
164.5 0.009968211072231942
165.5 0.011067545613596599
166.5 0.012004811297175705
167.5 0.01236214383904023
168.5 0.013389230817295678
169.5 0.014170285553611594
170.5 0.015025540489877524
171.5 0.015589852536865777
172.5 0.01642948637840539
173.5 0.017140246188452894
174.5 0.017800237440639837
175.5 0.01833721257185704
176.5 0.01857738690327419
177.5 0.018919098350412396
178.5 0.019126077855536123
179.5 0.019104598850287435
180.5 0.01935648900274932
181.5 0.019323294176455893
182.5 0.01920808860284928
183.5 0.01869845038740314
184.5 0.018015027493126716
185.5 0.017640121219695083
186.5 0.017081667083229196
187.5 0.01635528617845538
188.5 0.015736300299925024
189.5 0.014884950637340666
190.5 0.01432649650087478
191.5 0.013283788427893024
192.5 0.012510544238940258
193.5 0.011815405523619094
194.5 0.01075512371907023
195.5 0.009989690077480629
196.5 0.00930431454636341
197.5 0.008347522494376407
198.5 0.007746110347413142
199.5 0.006804939390152461
200.5 0.006301159085228694
201.5 0.005654836290927268
202.5 0.005201824543864031
203.5 0.004580886028492874
204.5 0.0038798894026493367
205.5 0.0036045676080979742
206.5 0.003419067108222945
207.5 0.0026790177455636092
208.5 0.002557954261434642
209.5 0.0022748219195201204
210.5 0.0019077261934516367
211.5 0.0017612784303924008
212.5 0.001413709072731817
213.5 0.001355129967508122
214.5 0.0011169082729317668
215.5 0.0009489815046238434
216.5 0.0009548394151462128
217.5 0.0007088071732066972
218.5 0.0007088071732066973
219.5 0.0006209385153711561
220.5 0.0005604067733066724
221.5 0.0005525962259435132
222.5 0.00046668020494876236
223.5 0.00039833791552111906
224.5 0.0003378061734566353
225.5 0.00034171144713821493
226.5 0.00027336915771057206
227.5 0.00022260059985003728
228.5 0.00023626905773556592
229.5 0.00019526368407898008
230.5 0.00018940577355661074
231.5 0.0001933110472381902
232.5 0.00021674268932766788
233.5 0.00016011622094476373
234.5 0.00017573731567108218
235.5 0.00013082666833291677
236.5 0.0001933110472381903
237.5 0.0001444951262184454
238.5 0.00013082666833291677
239.5 0.00013277930517370661
240.5 0.00017378467883029234
241.5 0.0001249687578105474
242.5 0.0001249687578105474
243.5 0.00015621094726318412
244.5 0.00011325293676580859
245.5 0.00014644776305923514
246.5 0.0001620688577855535
247.5 0.00017183204198950255
248.5 0.00019721632091976985
249.5 0.00017573731567108202
250.5 0.00020697950512371888
251.5 0.00019331104723819027
252.5 0.00021674268932766788
253.5 0.00022455323669082696
254.5 0.00028899025243689055
255.5 0.00031437453136715776
256.5 0.0002850849787553108
257.5 0.0003534272681829537
258.5 0.0003866220944763804
259.5 0.00041395901024743765
260.5 0.00040810109972506806
261.5 0.0005311172206948256
262.5 0.000576027868032991
263.5 0.0006385122469382647
264.5 0.0006912334416395888
265.5 0.0007459072731817034
266.5 0.0008181548362909258
267.5 0.0009938921519620089
268.5 0.0009528867783054227
269.5 0.0011637715571107222
270.5 0.0012516402149462633
271.5 0.0014469038990252438
272.5 0.001536725193701574
273.5 0.0016206885778555355
274.5 0.0019526368407898028
275.5 0.0020639371407148205
276.5 0.0022767745563609114
277.5 0.002542333166708323
278.5 0.002698544113971507
279.5 0.0029230973506623355
280.5 0.003077355661084729
281.5 0.0032882404398900285
282.5 0.003417114471382156
283.5 0.0037432048237940525
284.5 0.004120063734066483
285.5 0.004110300549862533
286.5 0.004217695576105972
287.5 0.004426627718070481
288.5 0.00456331229692577
289.5 0.004670707323169208
290.5 0.00484839727568108
291.5 0.005028039865033742
292.5 0.004844492001999499
293.5 0.004850349912521871
294.5 0.004836681454636339
295.5 0.004692186328417895
296.5 0.004575028117970506
297.5 0.004612128217945513
298.5 0.004325090602349411
299.5 0.004311422144463885
300.5 0.004012668707823043
301.5 0.003827168207948013
302.5 0.0037373469132716817
303.5 0.0034327355661084714
304.5 0.0032433297925518628
305.5 0.0028899025243689087
306.5 0.0026067701824543862
307.5 0.0024036959510122468
308.5 0.002243579730067483
309.5 0.0018901524618845286
310.5 0.001653883404148962
311.5 0.0015660147463134211
312.5 0.0012887403149212694
313.5 0.0011110503624093971
314.5 0.0009470288677830536
315.5 0.0009118814046488367
316.5 0.0008220601099725056
317.5 0.0006541333416645827
318.5 0.0005330698575356153
319.5 0.0004940171207198196
320.5 0.0003807641839540109
321.5 0.0002792270682329414
322.5 0.0002460322419395149
323.5 0.00020893214196450864
324.5 0.00016011622094476373
325.5 0.00014254248937765554
326.5 0.00012887403149212698
327.5 9.763184203949016e-05
328.5 5.0768557860534886e-05
329.5 7.420019995001252e-05
330.5 4.100537365658587e-05
331.5 3.3194826293426654e-05
332.5 3.124218945263685e-05
333.5 3.710009997500626e-05
334.5 2.538427893026744e-05
335.5 1.757373156710823e-05
336.5 9.763184203949014e-06
337.5 1.757373156710823e-05
338.5 1.3668457885528621e-05
339.5 1.1715821044738818e-05
340.5 7.81054736315921e-06
341.5 3.905273681579605e-06
342.5 1.9526368407898027e-06
343.5 7.81054736315921e-06
344.5 1.9526368407898027e-06
345.5 1.9526368407898027e-06
346.5 3.905273681579605e-06
347.5 3.905273681579605e-06
348.5 0.0
349.5 0.0
350.5 1.9526368407898027e-06
351.5 3.905273681579605e-06
352.5 0.0
353.5 0.0
354.5 3.905273681579605e-06
355.5 1.9526368407898027e-06
356.5 0.0
357.5 0.0
358.5 1.9526368407898027e-06
359.5 0.0
