0.5 3.905273681579605e-06
1.5 1.9526368407898027e-06
2.5 0.0
3.5 3.905273681579605e-06
4.5 5.857910522369408e-06
5.5 0.0
6.5 0.0
7.5 0.0
8.5 1.9526368407898027e-06
9.5 3.905273681579605e-06
10.5 1.9526368407898027e-06
11.5 0.0
12.5 0.0
13.5 3.905273681579605e-06
14.5 0.0
15.5 7.81054736315921e-06
16.5 1.9526368407898027e-06
17.5 3.905273681579605e-06
18.5 1.9526368407898027e-06
19.5 9.763184203949014e-06
20.5 3.905273681579605e-06
21.5 1.1715821044738818e-05
22.5 1.1715821044738818e-05
23.5 2.1479005248687836e-05
24.5 1.1715821044738818e-05
25.5 1.5621094726318425e-05
26.5 2.1479005248687832e-05
27.5 2.928955261184705e-05
28.5 5.6626468382904296e-05
29.5 3.514746313421646e-05
30.5 5.85791052236941e-05
31.5 6.834228942764311e-05
32.5 0.00010544238940264938
33.5 8.591602099475134e-05
34.5 0.00013863721569607593
35.5 0.00016402149462634334
36.5 0.00018550049987503113
37.5 0.00023431642089477618
38.5 0.00025774806298425364
39.5 0.0003710009997500621
40.5 0.0004022431892026988
41.5 0.00043348537865533555
42.5 0.000595554236440889
43.5 0.0006599912521869528
44.5 0.0007634810047488117
45.5 0.00097827105723569
46.5 0.0010368501624593847
47.5 0.0012106348412896772
48.5 0.001339508872781805
49.5 0.0016577886778305416
50.5 0.0018354786303424137
51.5 0.00197411584603849
52.5 0.002200621719570107
53.5 0.0024544645088727824
54.5 0.002550143714071481
55.5 0.0027864127718070474
56.5 0.0031164083979005257
57.5 0.0032530929767558133
58.5 0.0034600724818795304
59.5 0.003795926018495377
60.5 0.003967758060484879
61.5 0.004114205823544113
62.5 0.004192311297175705
63.5 0.0042743220444888775
64.5 0.004440296175956011
65.5 0.004526212196950764
66.5 0.004578933391652089
67.5 0.004582838665333668
68.5 0.004450059360159959
69.5 0.004491064733816545
70.5 0.004506685828542865
71.5 0.004325090602349413
72.5 0.0043153274181454634
73.5 0.004047816170957262
74.5 0.004006810797300675
75.5 0.0036807204448887757
76.5 0.0035674675081229703
77.5 0.003278477255686078
78.5 0.003014871282179457
79.5 0.0028508497875531125
80.5 0.002815702324418895
81.5 0.002532569982504373
82.5 0.0022943482879280177
83.5 0.002114705698575356
84.5 0.0019448262934266432
85.5 0.001735894151462135
86.5 0.0016929361409647584
87.5 0.0014820513621594592
88.5 0.0013727036990752307
89.5 0.0011110503624093971
90.5 0.0010837134466383398
91.5 0.0010036553361659583
92.5 0.0008767339415146205
93.5 0.0008611128467883019
94.5 0.0006892808047987994
95.5 0.0007107598100474875
96.5 0.0005877436890777296
97.5 0.0006033647838040484
98.5 0.0005154961259685071
99.5 0.00042372219445138644
100.5 0.0004354380154961254
101.5 0.00032413771557110693
102.5 0.00033390089977505566
103.5 0.00028313234191452107
104.5 0.00029875343664083944
105.5 0.00024798487878030463
106.5 0.00023822169457635565
107.5 0.0002460322419395148
108.5 0.00020112159460134945
109.5 0.00019916895776055975
110.5 0.00019331104723819035
111.5 0.00016987940514871268
112.5 0.0001308266683329168
113.5 0.00013863721569607598
114.5 0.0001698794051487128
115.5 0.00014644776305923514
116.5 0.00014644776305923514
117.5 0.0001269213946513372
118.5 0.00017768995251187192
119.5 0.00013863721569607596
120.5 0.00014840039990002493
121.5 0.00014058985253686575
122.5 0.00014644776305923512
123.5 0.00016597413146713313
124.5 0.00014449512621844535
125.5 0.0001249687578105474
126.5 0.00018354786303424126
127.5 0.00015230567358160454
128.5 0.00018550049987503108
129.5 0.00020502686828292922
130.5 0.00019526368407898008
131.5 0.00026165333666583327
132.5 0.00030070607348162923
133.5 0.0002577480629842536
134.5 0.0002831323419145209
135.5 0.0003339008997750558
136.5 0.00038466945763559053
137.5 0.0004178642839290172
138.5 0.0004998750312421887
139.5 0.0005408804048987748
140.5 0.0006072700574856278
141.5 0.0007244282679330159
142.5 0.0008044863784053973
143.5 0.000958744688827792
144.5 0.001109097725568607
145.5 0.0012770244938765311
146.5 0.001341461509622595
147.5 0.0014722881779555112
148.5 0.0017476099725068728
149.5 0.0020034053986503365
150.5 0.0022221007248187956
151.5 0.0027044020244938786
152.5 0.0027883654086478396
153.5 0.003389777555611096
154.5 0.0037334416395901015
155.5 0.004219648212946764
156.5 0.004600412396900775
157.5 0.0055064358910272395
158.5 0.0059828792801799565
159.5 0.006441748937765559
160.5 0.007099787553111719
161.5 0.007841789552611847
162.5 0.00900360847288178
163.5 0.009583541614596352
164.5 0.010522759935016248
165.5 0.011282335666083478
166.5 0.011811500249937512
167.5 0.013160772306923273
168.5 0.013885200574856288
169.5 0.01457448137965509
170.5 0.015962806173456644
171.5 0.016267417520619838
172.5 0.016876640214946257
173.5 0.017745563609097726
174.5 0.018395791677080744
175.5 0.018716024118970265
176.5 0.01901087228192952
177.5 0.019340867908023
178.5 0.019543942139465132
179.5 0.019731395276180962
180.5 0.02004576980754812
181.5 0.019911037865533623
182.5 0.01947950512371907
183.5 0.019178799050237425
184.5 0.018934719445138703
185.5 0.018372360034991264
186.5 0.01800721694576356
187.5 0.016982082604348924
188.5 0.016415817920519868
189.5 0.015437546863284173
190.5 0.014275727943014242
191.5 0.013863721569607593
192.5 0.013008466633341662
193.5 0.011995048112971756
194.5 0.011309672581854535
195.5 0.010425128092976754
196.5 0.009388277930517368
197.5 0.008823965883529123
198.5 0.008021432141964503
199.5 0.007173987753061732
200.5 0.006754170832291924
201.5 0.005975068732816799
202.5 0.005266261559610098
203.5 0.004953839665083729
204.5 0.0042001218445388636
205.5 0.0036885309922519353
206.5 0.0033058141714571365
207.5 0.002862565608597851
208.5 0.0025423331667083246
209.5 0.002335353661584604
210.5 0.0021205636090977265
211.5 0.0017593257935516122
212.5 0.001546488377905524
213.5 0.0012887403149212694
214.5 0.0012594507623094227
215.5 0.000991939515121219
216.5 0.0008298706573356651
217.5 0.0008513496625843531
218.5 0.0007380967258185442
219.5 0.000597506873281679
220.5 0.0006033647838040484
221.5 0.0005115908522869278
222.5 0.0004842539365158704
223.5 0.0003651430892276925
224.5 0.00038466945763559053
225.5 0.0002948481629592598
226.5 0.0002753217945513619
227.5 0.00024993751562109453
228.5 0.0002714165208697823
229.5 0.00021674268932766786
230.5 0.00023626905773556584
231.5 0.00024017433141714536
232.5 0.0001815952261934515
233.5 0.00017573731567108208
234.5 0.0001835478630342413
235.5 0.0001269213946513372
236.5 0.0001640214946263434
237.5 0.0001698794051487127
238.5 0.00012106348412896781
239.5 0.000119110847288178
240.5 0.00013863721569607598
241.5 0.00017768995251187192
242.5 0.0001308266683329168
243.5 0.00012887403149212698
244.5 0.0001405898525368658
245.5 0.00015621094726318415
246.5 0.00014449512621844535
247.5 0.00017378467883029223
248.5 0.00014058985253686577
249.5 0.00019526368407898008
250.5 0.00016597413146713307
251.5 0.00017378467883029229
252.5 0.00025189015246188427
253.5 0.0002362690577355658
254.5 0.00024212696825793534
255.5 0.0002714165208697824
256.5 0.00025970069982504337
257.5 0.00031242189452636786
258.5 0.00032609035241189645
259.5 0.0003475693576605845
260.5 0.0004217695576105966
261.5 0.0005154961259685074
262.5 0.0004959697575606093
263.5 0.0005682173206698318
264.5 0.0005916489627593094
265.5 0.0006912334416395889
266.5 0.0008083916520869774
267.5 0.0008708760309922511
268.5 0.00098217633091727
269.5 0.0011872031992001993
270.5 0.0012711665833541616
271.5 0.0013863721569607594
272.5 0.0013551299675081225
273.5 0.0015953042989252687
274.5 0.0017319888777805536
275.5 0.001896010372406898
276.5 0.0021459478880279923
277.5 0.0022670113721569604
278.5 0.002442748687828043
279.5 0.002710259935016246
280.5 0.0028235128717820548
281.5 0.0030246344663834054
282.5 0.003411256560859785
283.5 0.0036240939765058732
284.5 0.0038505998500374923
285.5 0.003957994876280929
286.5 0.004163021744563857
287.5 0.004287990502374407
288.5 0.0042918957760559855
289.5 0.0045184016495876025
290.5 0.004551596475881031
291.5 0.004676565233691575
292.5 0.004606270307423146
293.5 0.004453964633841539
294.5 0.004541833291677083
295.5 0.004532070107473132
296.5 0.004252843039240192
297.5 0.004051721444638839
298.5 0.004004858160459888
299.5 0.003836931392151963
300.5 0.003670957260684826
301.5 0.0035420832291927027
302.5 0.003354630092476881
303.5 0.00308126093476631
304.5 0.002809844413896527
305.5 0.0026907335666083486
306.5 0.0024818014246438405
307.5 0.0021615689827543124
308.5 0.0019584947513121708
309.5 0.001714415146213446
310.5 0.0015328199200199957
311.5 0.0014664302674331413
312.5 0.0012008716570857288
313.5 0.0010895713571607095
314.5 0.0009275024993751556
315.5 0.0007927705573606586
316.5 0.0006795176205948503
317.5 0.0005896963259185194
318.5 0.00046668020494876225
319.5 0.0004139590102474376
320.5 0.0003631904523869027
321.5 0.0002850849787553107
322.5 0.0002811797050737313
323.5 0.0001835478630342413
324.5 0.00016792676830792292
325.5 0.00013473194201449638
326.5 0.0001249687578105474
327.5 8.005811047238193e-05
328.5 7.810547363159213e-05
329.5 5.85791052236941e-05
330.5 3.514746313421646e-05
331.5 4.4910647338165475e-05
332.5 3.710009997500626e-05
333.5 2.3431642089477636e-05
334.5 2.343164208947764e-05
335.5 1.3668457885528621e-05
336.5 1.757373156710823e-05
337.5 7.81054736315921e-06
338.5 9.763184203949014e-06
339.5 1.1715821044738818e-05
340.5 1.1715821044738818e-05
341.5 9.763184203949014e-06
342.5 7.81054736315921e-06
343.5 3.905273681579605e-06
344.5 5.857910522369408e-06
345.5 7.81054736315921e-06
346.5 0.0
347.5 0.0
348.5 5.857910522369408e-06
349.5 1.9526368407898027e-06
350.5 3.905273681579605e-06
351.5 1.9526368407898027e-06
352.5 0.0
353.5 0.0
354.5 0.0
355.5 0.0
356.5 3.905273681579605e-06
357.5 1.9526368407898027e-06
358.5 0.0
359.5 0.0
