0.5 0.0
1.5 0.0
2.5 1.9526368407898027e-06
3.5 1.9526368407898027e-06
4.5 3.905273681579605e-06
5.5 1.9526368407898027e-06
6.5 0.0
7.5 1.9526368407898027e-06
8.5 1.9526368407898027e-06
9.5 1.9526368407898027e-06
10.5 1.9526368407898027e-06
11.5 5.857910522369408e-06
12.5 1.9526368407898027e-06
13.5 9.763184203949014e-06
14.5 3.905273681579605e-06
15.5 5.857910522369408e-06
16.5 5.857910522369408e-06
17.5 9.763184203949014e-06
18.5 7.81054736315921e-06
19.5 5.857910522369408e-06
20.5 0.0
21.5 1.1715821044738818e-05
22.5 9.763184203949014e-06
23.5 1.3668457885528621e-05
24.5 7.81054736315921e-06
25.5 2.7336915771057243e-05
26.5 1.7573731567108225e-05
27.5 2.928955261184705e-05
28.5 4.686328417895528e-05
29.5 5.85791052236941e-05
30.5 7.420019995001252e-05
31.5 8.591602099475134e-05
32.5 8.786865783554115e-05
33.5 9.372656835791056e-05
34.5 0.00014254248937765556
35.5 0.00016206885778555357
36.5 0.00020697950512371888
37.5 0.00024798487878030463
38.5 0.00029289552611847007
39.5 0.0003768589102724316
40.5 0.00042567483129217633
41.5 0.0005233066733316664
42.5 0.0005896963259185193
43.5 0.0007088071732066976
44.5 0.0008806392151962002
45.5 0.0008904023994001494
46.5 0.0010407554361409636
47.5 0.0012633560359910023
48.5 0.00137465633591602
49.5 0.0016304517620594852
50.5 0.001739799425143714
51.5 0.0018686734566358409
52.5 0.00237050112471882
53.5 0.002499375156210948
54.5 0.0025950543614096486
55.5 0.0028488971507123224
56.5 0.003225756060984753
57.5 0.0034014933766558365
58.5 0.003649478255436142
59.5 0.0037607785553611574
60.5 0.004077105723569108
61.5 0.004133732191952013
62.5 0.004245032491877031
63.5 0.004545738565358661
64.5 0.004520354286428393
65.5 0.004717570607348164
66.5 0.004631654586353409
67.5 0.004612128217945515
68.5 0.004653133591602101
69.5 0.004791770807298175
70.5 0.004699996875781056
71.5 0.00447544363909023
72.5 0.004338759060234941
73.5 0.0043797644338915255
74.5 0.004098584728817795
75.5 0.003954089602599348
76.5 0.003770541739565107
77.5 0.0035069357660584832
78.5 0.0033019088977755563
79.5 0.0031867033241689572
80.5 0.002887949887528118
81.5 0.0027141652086978265
82.5 0.002442748687828044
83.5 0.0023002061984503863
84.5 0.002044410772306923
85.5 0.0019116314671332156
86.5 0.0017925206198450378
87.5 0.0016206885778555363
88.5 0.0013980879780054992
89.5 0.00117939265183704
90.5 0.0012418770307423136
91.5 0.0009743657835541107
92.5 0.0008884497625593598
93.5 0.0008669707573106712
94.5 0.0008044863784053974
95.5 0.0007302861784553856
96.5 0.0006463227943014237
97.5 0.0005330698575356153
98.5 0.0005428330417395643
99.5 0.0005115908522869276
100.5 0.0004022431892026987
101.5 0.0003768589102724315
102.5 0.00034561672081979446
103.5 0.00036709572606848236
104.5 0.0002557954261434639
105.5 0.00026555861034741274
106.5 0.00023626905773556584
107.5 0.00023626905773556586
108.5 0.00024603224193951495
109.5 0.00018550049987503105
110.5 0.00017768995251187192
111.5 0.00016402149462634336
112.5 0.00016206885778555344
113.5 0.00016206885778555355
114.5 0.0001562109472631841
115.5 0.00019135841039740045
116.5 0.00014449512621844535
117.5 0.0001366845788552862
118.5 0.00015816358410397397
119.5 0.0001308266683329168
120.5 0.0001171582104473882
121.5 9.763184203949016e-05
122.5 0.00014058985253686572
123.5 0.00013668457885528617
124.5 0.000148400399900025
125.5 0.000148400399900025
126.5 0.00018940577355661077
127.5 0.00016987940514871276
128.5 0.00017573731567108208
129.5 0.0002206479630092475
130.5 0.00020697950512371882
131.5 0.00019135841039740048
132.5 0.0002714165208697822
133.5 0.00027336915771057196
134.5 0.0003007060734816293
135.5 0.00032804298925268624
136.5 0.00043739065233691513
137.5 0.0004705854786303416
138.5 0.0004725381154711318
139.5 0.0005467383154211438
140.5 0.0005662646838290421
141.5 0.0007420019995001238
142.5 0.0008259653836540853
143.5 0.0008357285678580346
144.5 0.0011110503624093973
145.5 0.00108957135716071
146.5 0.0012926455886028494
147.5 0.00159335166208448
148.5 0.0016890308672831784
149.5 0.0019897369407648083
150.5 0.002108847788052987
151.5 0.0024564171457135725
152.5 0.0027336915771057234
153.5 0.003030492376905774
154.5 0.003378061734566359
155.5 0.003924800049987503
156.5 0.0044832541864533865
157.5 0.004793723444138965
158.5 0.005666552111972007
159.5 0.00622695888527868
160.5 0.006703402274431394
161.5 0.007724631342164459
162.5 0.0082342695576106
163.5 0.009003608472881779
164.5 0.00945662021994501
165.5 0.010657491877030743
166.5 0.011516652086978253
167.5 0.012418770307423152
168.5 0.013197872406898275
169.5 0.013850053111722072
170.5 0.015171988252936757
171.5 0.015740205573606596
172.5 0.016388481004748816
173.5 0.01692350349912522
174.5 0.01776313734066483
175.5 0.01812828042989253
176.5 0.018823419145213696
177.5 0.018860519245188702
178.5 0.019075309297675584
179.5 0.019096788302924265
180.5 0.019102646213446647
181.5 0.01915341477130717
182.5 0.01909093039240191
183.5 0.018606676455886036
184.5 0.018245438640339912
185.5 0.017798284803799056
186.5 0.01735894151462134
187.5 0.016322091352161953
188.5 0.01628694388902775
189.5 0.014914240189952516
190.5 0.014459275806048486
191.5 0.013334556985753563
192.5 0.012922550612346918
193.5 0.011715821044738813
194.5 0.010813702824293933
195.5 0.010169332666833295
196.5 0.00930236190952262
197.5 0.008593554736315921
198.5 0.007722678705323671
199.5 0.006904523869032742
200.5 0.00628944326418395
201.5 0.005721225943514122
202.5 0.005149103349162709
203.5 0.004528164833791553
204.5 0.00405562671832042
205.5 0.0035342726818295435
206.5 0.0032843351662084465
207.5 0.0028235128717820556
208.5 0.002542333166708323
209.5 0.0022357691827043246
210.5 0.0020287896775806054
211.5 0.0016519307673081712
212.5 0.0014215196200949762
213.5 0.0013902774306423392
214.5 0.0012399243939015246
215.5 0.00108761872031992
216.5 0.0008825918520369896
217.5 0.0007830073731567097
218.5 0.0007302861784553853
219.5 0.0006365596100974747
220.5 0.0005389277680579848
221.5 0.0004979223944013993
222.5 0.00042372219445138665
223.5 0.00040224318920269864
224.5 0.0004081010997250682
225.5 0.0003397588102974251
226.5 0.00031437453136715787
227.5 0.0002518901524618843
228.5 0.00024798487878030463
229.5 0.0002636059735066231
230.5 0.00023041114721319647
231.5 0.0001776899525118719
232.5 0.0001464477630592352
233.5 0.00017573731567108218
234.5 0.0001366845788552862
235.5 0.00012692139465133722
236.5 0.0001269213946513372
237.5 0.00014644776305923514
238.5 0.00015425831042239436
239.5 0.0001464477630592352
240.5 0.00011130029992501879
241.5 0.00013668457885528622
242.5 0.0001464477630592352
243.5 0.00017378467883029237
244.5 0.0001308266683329168
245.5 0.00015035303674081472
246.5 0.00014840039990002488
247.5 0.00013668457885528614
248.5 0.000185500499875031
249.5 0.0001679267683079229
250.5 0.0002401743314171455
251.5 0.00020112159460134945
252.5 0.0002011215946013496
253.5 0.00029289552611847
254.5 0.00022260059985003733
255.5 0.0002675112471882027
256.5 0.00031437453136715776
257.5 0.00032413771557110677
258.5 0.00040224318920269864
259.5 0.0004530117470632336
260.5 0.000499875031242189
261.5 0.0005291645838540358
262.5 0.0005760278680329909
263.5 0.0006346069732566847
264.5 0.0006853755311172197
265.5 0.0008240127468132962
266.5 0.0009118814046488366
267.5 0.0009977974256435882
268.5 0.0011598662834291422
269.5 0.0011012871782054487
270.5 0.001327793051737065
271.5 0.001595304298925268
272.5 0.0016441202199450136
273.5 0.0018803892776805798
274.5 0.0021186109722569355
275.5 0.002214290177455636
276.5 0.002384169582604349
277.5 0.002704402024493876
278.5 0.0029426237190702327
279.5 0.003184750687328167
280.5 0.003340961634591353
281.5 0.0035908991502124456
282.5 0.0038818420394901264
283.5 0.003999000249937514
284.5 0.004352427518120472
285.5 0.004405148712821794
286.5 0.004571122844288932
287.5 0.004928455386153463
288.5 0.004856207823044237
289.5 0.005065139965008746
290.5 0.005080761059735068
291.5 0.004992892401899525
292.5 0.005086618970257432
293.5 0.0051901087228192954
294.5 0.0051315296175956015
295.5 0.004662896775806049
296.5 0.004893307923019241
297.5 0.00466289677580605
298.5 0.004578933391652087
299.5 0.004526212196950763
300.5 0.004237221944513874
301.5 0.003905273681579603
302.5 0.0037881154711322178
303.5 0.0034405461134716323
304.5 0.0032589508872781802
305.5 0.0028859972506873294
306.5 0.002772744313921519
307.5 0.002251390277430641
308.5 0.002186953261684579
309.5 0.0019409210197450634
310.5 0.0017183204198950258
311.5 0.0014703355411147209
312.5 0.0013453667833041732
313.5 0.0011501030992251934
314.5 0.0010778555361159706
315.5 0.0009138340414896267
316.5 0.000757623094226442
317.5 0.0006599912521869522
318.5 0.0005115908522869277
319.5 0.00042176955761059686
320.5 0.00036319045238690273
321.5 0.00036123781554611294
322.5 0.0002733691577105721
323.5 0.00020112159460134943
324.5 0.0001913584103974005
325.5 0.00015621094726318415
326.5 0.00012887403149212698
327.5 7.810547363159213e-05
328.5 9.177393151712075e-05
329.5 8.201074731317174e-05
330.5 6.44370157460635e-05
331.5 4.4910647338165475e-05
332.5 4.100537365658587e-05
333.5 3.9052736815796064e-05
334.5 3.3194826293426654e-05
335.5 1.5621094726318425e-05
336.5 1.3668457885528621e-05
337.5 5.857910522369408e-06
338.5 7.81054736315921e-06
339.5 7.81054736315921e-06
340.5 7.81054736315921e-06
341.5 3.905273681579605e-06
342.5 3.905273681579605e-06
343.5 1.9526368407898027e-06
344.5 3.905273681579605e-06
345.5 1.9526368407898027e-06
346.5 1.9526368407898027e-06
347.5 0.0
348.5 1.9526368407898027e-06
349.5 1.9526368407898027e-06
350.5 1.9526368407898027e-06
351.5 3.905273681579605e-06
352.5 1.9526368407898027e-06
353.5 0.0
354.5 3.905273681579605e-06
355.5 5.857910522369408e-06
356.5 0.0
357.5 0.0
358.5 0.0
359.5 0.0
