0.5 0.0
1.5 0.0
2.5 1.9526368407898027e-06
3.5 0.0
4.5 0.0
5.5 0.0
6.5 0.0
7.5 0.0
8.5 1.9526368407898027e-06
9.5 1.9526368407898027e-06
10.5 1.9526368407898027e-06
11.5 3.905273681579605e-06
12.5 1.9526368407898027e-06
13.5 0.0
14.5 5.857910522369408e-06
15.5 0.0
16.5 1.9526368407898027e-06
17.5 7.81054736315921e-06
18.5 5.857910522369408e-06
19.5 5.857910522369408e-06
20.5 1.1715821044738818e-05
21.5 1.757373156710823e-05
22.5 3.905273681579605e-06
23.5 1.7573731567108225e-05
24.5 2.343164208947764e-05
25.5 2.343164208947764e-05
26.5 3.3194826293426654e-05
27.5 2.7336915771057246e-05
28.5 5.272119470132469e-05
29.5 4.295801049737567e-05
30.5 4.881592101974508e-05
31.5 7.420019995001252e-05
32.5 9.372656835791056e-05
33.5 0.0001152055736065984
34.5 0.00014840039990002493
35.5 0.000119110847288178
36.5 0.00018745313671582082
37.5 0.0002362690577355659
38.5 0.0002597006998250434
39.5 0.00038076418395401084
40.5 0.000372953636590852
41.5 0.0005213540364908764
42.5 0.0005057329417645581
43.5 0.0006814702574356402
44.5 0.0008454917520619834
45.5 0.0009763184203949002
46.5 0.0011266714571357157
47.5 0.001226255936015996
48.5 0.0014254248937765556
49.5 0.0016187359410147466
50.5 0.001950684203949012
51.5 0.0021400899775056237
52.5 0.0022845851037240693
53.5 0.002587243814046488
54.5 0.0028039865033741575
55.5 0.0028899025243689096
56.5 0.003260903524118968
57.5 0.0034659303924019003
58.5 0.0037900681079730066
59.5 0.003961900149962507
60.5 0.003957994876280928
61.5 0.004315327418145463
62.5 0.004409053986503373
63.5 0.00445201199700075
64.5 0.004502780554861285
65.5 0.004737096975756061
66.5 0.004774197075731066
67.5 0.00475857598100475
68.5 0.0045867439390152465
69.5 0.004664849412646839
70.5 0.004418817170707323
71.5 0.004537928017995499
72.5 0.004350474881279678
73.5 0.00416692701824544
74.5 0.003790068107973005
75.5 0.0038798894026493363
76.5 0.003516698950262435
77.5 0.003368298550362409
78.5 0.0033175299925018746
79.5 0.0030343976505873534
80.5 0.0027825074981254697
81.5 0.0024778961509622608
82.5 0.0023763590352411904
83.5 0.0021576637090727313
84.5 0.002026837040739815
85.5 0.0017905679830042482
86.5 0.001624593851537115
87.5 0.0015738252936765803
88.5 0.0013961353411647084
89.5 0.0012574981254686326
90.5 0.0010719976255936018
91.5 0.0009626499625093716
92.5 0.0009177393151712063
93.5 0.0009294551362159448
94.5 0.0007400493626593341
95.5 0.0006404648837790548
96.5 0.0006482754311422138
97.5 0.0005623594101474626
98.5 0.0005311172206948256
99.5 0.0005154961259685074
100.5 0.00046863284178955204
101.5 0.0003534272681829537
102.5 0.0004061484628842782
103.5 0.00034171144713821477
104.5 0.0003143745313671578
105.5 0.0002792270682329415
106.5 0.0003104692576855781
107.5 0.0002323637840539862
108.5 0.0002616533366658332
109.5 0.00023041114721319652
110.5 0.00020502686828292898
111.5 0.0001874531367158209
112.5 0.00017183204198950247
113.5 0.00016206885778555352
114.5 0.00017768995251187187
115.5 0.00014449512621844533
116.5 0.0001484003999000249
117.5 0.00013863721569607596
118.5 0.0001269213946513372
119.5 0.00014449512621844538
120.5 0.000128874031492127
121.5 0.00015035303674081472
122.5 0.00019721632091976985
123.5 0.00014254248937765556
124.5 0.00016011622094476378
125.5 0.0001815952261934515
126.5 0.00014058985253686577
127.5 0.00019916895776055966
128.5 0.0001855004998750311
129.5 0.0002226005998500374
130.5 0.00024212696825793523
131.5 0.00024993751562109453
132.5 0.0002909428892776803
133.5 0.0002675112471882027
134.5 0.00029094288927768007
135.5 0.00032023244188952697
136.5 0.0004217695576105967
137.5 0.00048230129967508084
138.5 0.0004920644838790297
139.5 0.0005291645838540359
140.5 0.0006307016995751053
141.5 0.0007088071732066977
142.5 0.0007244282679330158
143.5 0.0009177393151712059
144.5 0.00107785553611597
145.5 0.001189155836040989
146.5 0.0012985034991252191
147.5 0.001526962009497626
148.5 0.0016890308672831795
149.5 0.0019311578355411146
150.5 0.0022826324668832796
151.5 0.002595054361409649
152.5 0.0028528024243939035
153.5 0.003356582729317672
154.5 0.00367095726068483
155.5 0.004063437265683581
156.5 0.004606270307423146
157.5 0.005106145338665333
158.5 0.0057251312171956985
159.5 0.006105895401149716
160.5 0.007136887653086725
161.5 0.00771486815796051
162.5 0.008618939015246189
163.5 0.009130529867533117
164.5 0.009827621219695075
165.5 0.011126124718820293
166.5 0.012053627218195454
167.5 0.012893261059735062
168.5 0.013811000374906271
169.5 0.014365549237690577
170.5 0.015240330542364407
171.5 0.016171738315421142
172.5 0.016552502499375156
173.5 0.01747414708822794
174.5 0.01824543864033992
175.5 0.018114611972007
176.5 0.019110456760809802
177.5 0.019141698950262437
178.5 0.019655242439390163
179.5 0.0193799206448388
180.5 0.01950488940264933
181.5 0.01961618970257436
182.5 0.019165130592351906
183.5 0.019075309297675584
184.5 0.018247391277180707
185.5 0.01817904898775306
186.5 0.01737846788302924
187.5 0.01666185016245939
188.5 0.015898369157710562
189.5 0.015462931142214446
190.5 0.014566670832291932
191.5 0.013498578480379905
192.5 0.012600365533616589
193.5 0.012045816670832293
194.5 0.011163224818795297
195.5 0.010263059235191201
196.5 0.009454667583104216
197.5 0.008443201699575105
198.5 0.007775399900024989
199.5 0.007127124468882775
200.5 0.006394885653586604
201.5 0.005713415396150961
202.5 0.005395135591102224
203.5 0.004694138965258685
204.5 0.004110300549862534
205.5 0.0035303674081479624
206.5 0.0033722038240439883
207.5 0.0027883654086478396
208.5 0.0024251749562609354
209.5 0.002239674456385904
210.5 0.001950684203949012
211.5 0.0017651837040739812
212.5 0.001614830667333166
213.5 0.00138832479380155
214.5 0.0011813452886778304
215.5 0.0010524712571857028
216.5 0.0008767339415146204
217.5 0.0008259653836540849
218.5 0.0006482754311422136
219.5 0.0006267964258935257
220.5 0.0006092226943264175
221.5 0.0004881592101974499
222.5 0.00040419582604348854
223.5 0.0003631904523869029
224.5 0.0003436640839790047
225.5 0.0003202324418895272
226.5 0.0003378061734566355
227.5 0.0002792270682329414
228.5 0.0002850849787553108
229.5 0.00018940577355661066
230.5 0.00020893214196450878
231.5 0.0002030742314421393
232.5 0.00019721632091976993
233.5 0.00019135841039740042
234.5 0.00019526368407898014
235.5 0.00017378467883029234
236.5 0.00016402149462634336
237.5 0.00016011622094476376
238.5 0.00019331104723819027
239.5 0.0001347319420144964
240.5 0.0001718320419895025
241.5 0.0001562109472631842
242.5 0.00015425831042239428
243.5 0.0001698794051487127
244.5 0.00016011622094476376
245.5 0.00016206885778555352
246.5 0.00017964258935266174
247.5 0.00018745313671582095
248.5 0.00017964258935266168
249.5 0.00022260059985003728
250.5 0.00021674268932766796
251.5 0.00020112159460134948
252.5 0.0002597006998250434
253.5 0.0002284585103724067
254.5 0.00027336915771057196
255.5 0.0003046113471632087
256.5 0.0003065639840039986
257.5 0.0003983379155211192
258.5 0.00042372219445138644
259.5 0.0004725381154711316
260.5 0.000525259310172456
261.5 0.0005311172206948256
262.5 0.0005623594101474622
263.5 0.0005447856785803543
264.5 0.0007244282679330159
265.5 0.0008103442889277671
266.5 0.0008279180204948751
267.5 0.0009860816045988495
268.5 0.001038802799300174
269.5 0.0011540083729067732
270.5 0.001275071857035741
271.5 0.0014078511622094465
272.5 0.0015093882779305175
273.5 0.0016616939515121218
274.5 0.001858910272431891
275.5 0.002048316045988503
276.5 0.0022201480879780063
277.5 0.0023236378405398655
278.5 0.0025696700824793806
279.5 0.0028606129717570635
280.5 0.0030656398400399918
281.5 0.0032023244188952756
282.5 0.003446404023994001
283.5 0.003747110097475631
284.5 0.0036982941764558876
285.5 0.00414740064983754
286.5 0.004139590102474381
287.5 0.004336806423394152
288.5 0.004600412396900775
289.5 0.004627749312671831
290.5 0.004684375781054735
291.5 0.004592601849537614
292.5 0.004612128217945514
293.5 0.004684375781054736
294.5 0.004723428517870533
295.5 0.004559407023244187
296.5 0.00464532304423894
297.5 0.004418817170707322
298.5 0.0043621907023244175
299.5 0.004096632091977004
300.5 0.003999000249937514
301.5 0.003676815171207199
302.5 0.003440546113471632
303.5 0.003239424518870283
304.5 0.0029309078980254938
305.5 0.002807891777055737
306.5 0.0025091383404148974
307.5 0.0023041114721319674
308.5 0.0019721632091977007
309.5 0.0018413365408647836
310.5 0.0016343570357410643
311.5 0.001476193451637091
312.5 0.001273119220194951
313.5 0.001124718820294926
314.5 0.0009724131467133208
315.5 0.000829870657335665
316.5 0.000763481004748812
317.5 0.0005721225943514115
318.5 0.0005467383154211437
319.5 0.0003631904523869026
320.5 0.0003788115471132213
321.5 0.00031632716820794755
322.5 0.0002382216945763557
323.5 0.00017573731567108205
324.5 0.00017964258935266166
325.5 0.0001698794051487127
326.5 0.00011325293676580859
327.5 9.177393151712075e-05
328.5 6.638965258685331e-05
329.5 6.638965258685331e-05
330.5 3.9052736815796064e-05
331.5 4.881592101974508e-05
332.5 9.763184203949014e-06
333.5 2.928955261184705e-05
334.5 1.1715821044738818e-05
335.5 2.343164208947764e-05
336.5 1.3668457885528621e-05
337.5 7.81054736315921e-06
338.5 1.1715821044738818e-05
339.5 7.81054736315921e-06
340.5 1.1715821044738818e-05
341.5 1.1715821044738818e-05
342.5 5.857910522369408e-06
343.5 0.0
344.5 0.0
345.5 0.0
346.5 1.9526368407898027e-06
347.5 3.905273681579605e-06
348.5 0.0
349.5 0.0
350.5 3.905273681579605e-06
351.5 0.0
352.5 3.905273681579605e-06
353.5 0.0
354.5 1.9526368407898027e-06
355.5 0.0
356.5 5.857910522369408e-06
357.5 1.9526368407898027e-06
358.5 1.9526368407898027e-06
359.5 1.9526368407898027e-06
