0.5 0.0
1.5 0.0
2.5 0.0
3.5 0.0
4.5 0.0
5.5 0.0
6.5 0.0
7.5 0.0
8.5 0.0
9.5 0.0
10.5 0.0
11.5 0.0
12.5 0.0
13.5 0.0
14.5 0.0
15.5 0.0
16.5 0.0
17.5 0.0
18.5 0.0
19.5 0.0
20.5 0.0
21.5 0.0
22.5 0.0
23.5 0.0
24.5 0.0
25.5 0.0
26.5 0.0
27.5 0.0
28.5 0.0
29.5 0.0
30.5 0.0
31.5 0.0
32.5 0.0
33.5 0.0
34.5 0.0
35.5 3.905273681579605e-06
36.5 1.9526368407898027e-06
37.5 1.9526368407898027e-06
38.5 1.9526368407898027e-06
39.5 0.0
40.5 3.905273681579605e-06
41.5 0.0
42.5 0.0
43.5 0.0
44.5 1.9526368407898027e-06
45.5 1.9526368407898027e-06
46.5 0.0
47.5 0.0
48.5 0.0
49.5 0.0
50.5 0.0
51.5 0.0
52.5 0.0
53.5 1.9526368407898027e-06
54.5 1.9526368407898027e-06
55.5 0.0
56.5 0.0
57.5 0.0
58.5 0.0
59.5 0.0
60.5 0.0
61.5 1.9526368407898027e-06
62.5 0.0
63.5 0.0
64.5 0.0
65.5 0.0
66.5 0.0
67.5 0.0
68.5 0.0
69.5 0.0
70.5 0.0
71.5 0.0
72.5 1.9526368407898027e-06
73.5 3.905273681579605e-06
74.5 5.857910522369408e-06
75.5 2.1479005248687832e-05
76.5 7.81054736315921e-06
77.5 1.5621094726318425e-05
78.5 5.272119470132469e-05
79.5 9.372656835791056e-05
80.5 0.00016987940514871276
81.5 0.000333900899775056
82.5 0.0005662646838290427
83.5 0.000982176330917271
84.5 0.0018335259935016248
85.5 0.0030871188452886774
86.5 0.004922597475631092
87.5 0.008001905773556608
88.5 0.011743157960509872
89.5 0.01701137215696076
90.5 0.023037209447638093
91.5 0.030199481379655085
92.5 0.036553361659585094
93.5 0.04213399775056236
94.5 0.04533632216945764
95.5 0.046818373531617115
96.5 0.04455526743314171
97.5 0.040021244688827805
98.5 0.03407351287178205
99.5 0.027575137465633597
100.5 0.0208522088227943
101.5 0.01571872656835791
102.5 0.010323590977255681
103.5 0.00713493501624594
104.5 0.004368048612846787
105.5 0.002813749687578105
106.5 0.001700746688327918
107.5 0.0008962603099225196
108.5 0.0006033647838040489
109.5 0.00031046925768557845
110.5 0.00019916895776055972
111.5 0.00011325293676580858
112.5 5.076855786053488e-05
113.5 4.686328417895527e-05
114.5 1.757373156710823e-05
115.5 2.1479005248687832e-05
116.5 7.81054736315921e-06
117.5 5.857910522369408e-06
118.5 3.905273681579605e-06
119.5 0.0
120.5 0.0
121.5 1.9526368407898027e-06
122.5 0.0
123.5 0.0
124.5 0.0
125.5 0.0
126.5 0.0
127.5 0.0
128.5 0.0
129.5 0.0
130.5 0.0
131.5 0.0
132.5 0.0
133.5 0.0
134.5 0.0
135.5 0.0
136.5 0.0
137.5 0.0
138.5 0.0
139.5 0.0
140.5 0.0
141.5 0.0
142.5 0.0
143.5 0.0
144.5 0.0
145.5 0.0
146.5 0.0
147.5 0.0
148.5 0.0
149.5 0.0
150.5 0.0
151.5 0.0
152.5 0.0
153.5 0.0
154.5 0.0
155.5 0.0
156.5 1.9526368407898027e-06
157.5 0.0
158.5 0.0
159.5 0.0
160.5 0.0
161.5 0.0
162.5 0.0
163.5 0.0
164.5 0.0
165.5 0.0
166.5 0.0
167.5 0.0
168.5 0.0
169.5 0.0
170.5 0.0
171.5 0.0
172.5 0.0
173.5 0.0
174.5 0.0
175.5 0.0
176.5 0.0
177.5 0.0
178.5 0.0
179.5 0.0
180.5 0.0
181.5 0.0
182.5 0.0
183.5 0.0
184.5 0.0
185.5 0.0
186.5 0.0
187.5 0.0
188.5 0.0
189.5 0.0
190.5 0.0
191.5 0.0
192.5 0.0
193.5 0.0
194.5 0.0
195.5 0.0
196.5 0.0
197.5 0.0
198.5 0.0
199.5 0.0
200.5 0.0
201.5 0.0
202.5 0.0
203.5 0.0
204.5 0.0
205.5 0.0
206.5 0.0
207.5 0.0
208.5 0.0
209.5 0.0
210.5 0.0
211.5 0.0
212.5 0.0
213.5 0.0
214.5 0.0
215.5 0.0
216.5 0.0
217.5 0.0
218.5 0.0
219.5 0.0
220.5 0.0
221.5 0.0
222.5 0.0
223.5 0.0
224.5 0.0
225.5 0.0
226.5 0.0
227.5 0.0
228.5 0.0
229.5 0.0
230.5 0.0
231.5 0.0
232.5 0.0
233.5 0.0
234.5 0.0
235.5 0.0
236.5 0.0
237.5 0.0
238.5 0.0
239.5 0.0
240.5 0.0
241.5 0.0
242.5 0.0
243.5 3.905273681579605e-06
244.5 3.905273681579605e-06
245.5 9.763184203949014e-06
246.5 1.1715821044738818e-05
247.5 3.3194826293426654e-05
248.5 7.224756310922272e-05
249.5 0.0001249687578105474
250.5 0.00021674268932766796
251.5 0.0004256748312921769
252.5 0.0008474443889027745
253.5 0.0014586197200699826
254.5 0.0025267120719820037
255.5 0.004172784928767808
256.5 0.006588196700824794
257.5 0.010161522119470134
258.5 0.01504506685828543
259.5 0.021439952511872036
260.5 0.028123828417895524
261.5 0.03531343726568359
262.5 0.0419543551612097
263.5 0.04640441452136966
264.5 0.048999468882779305
265.5 0.04878077355661086
266.5 0.04567022306923269
267.5 0.04031023494126469
268.5 0.033022994251437135
269.5 0.026208291677080726
270.5 0.01938382591852037
271.5 0.013877390027493122
272.5 0.009222303799050235
273.5 0.006062937390652337
274.5 0.003710009997500624
275.5 0.002188905898525369
276.5 0.0013883247938015488
277.5 0.0007576230942264429
278.5 0.00048230129967508106
279.5 0.0002675112471882028
280.5 0.0001171582104473882
281.5 8.396338415396154e-05
282.5 4.295801049737567e-05
283.5 3.3194826293426654e-05
284.5 2.5384278930267443e-05
285.5 5.857910522369408e-06
286.5 1.9526368407898027e-06
287.5 1.9526368407898027e-06
288.5 0.0
289.5 3.905273681579605e-06
290.5 0.0
291.5 0.0
292.5 1.9526368407898027e-06
293.5 0.0
294.5 0.0
295.5 0.0
296.5 0.0
297.5 0.0
298.5 1.9526368407898027e-06
299.5 0.0
300.5 0.0
301.5 0.0
302.5 0.0
303.5 0.0
304.5 0.0
305.5 1.9526368407898027e-06
306.5 0.0
307.5 1.9526368407898027e-06
308.5 0.0
309.5 0.0
310.5 0.0
311.5 0.0
312.5 3.905273681579605e-06
313.5 1.9526368407898027e-06
314.5 0.0
315.5 3.905273681579605e-06
316.5 1.9526368407898027e-06
317.5 1.9526368407898027e-06
318.5 0.0
319.5 3.905273681579605e-06
320.5 1.9526368407898027e-06
321.5 1.9526368407898027e-06
322.5 0.0
323.5 1.9526368407898027e-06
324.5 0.0
325.5 1.9526368407898027e-06
326.5 3.905273681579605e-06
327.5 0.0
328.5 0.0
329.5 0.0
330.5 0.0
331.5 0.0
332.5 0.0
333.5 0.0
334.5 0.0
335.5 0.0
336.5 0.0
337.5 0.0
338.5 0.0
339.5 0.0
340.5 0.0
341.5 0.0
342.5 0.0
343.5 0.0
344.5 0.0
345.5 0.0
346.5 0.0
347.5 0.0
348.5 0.0
349.5 0.0
350.5 0.0
351.5 0.0
352.5 0.0
353.5 0.0
354.5 0.0
355.5 0.0
356.5 0.0
357.5 0.0
358.5 0.0
359.5 0.0
