0.5 0.0
1.5 1.9526368407898027e-06
2.5 0.0
3.5 0.0
4.5 0.0
5.5 0.0
6.5 0.0
7.5 3.905273681579605e-06
8.5 0.0
9.5 0.0
10.5 1.9526368407898027e-06
11.5 0.0
12.5 3.905273681579605e-06
13.5 5.857910522369408e-06
14.5 3.905273681579605e-06
15.5 1.9526368407898027e-06
16.5 3.905273681579605e-06
17.5 1.9526368407898027e-06
18.5 5.857910522369408e-06
19.5 1.1715821044738818e-05
20.5 1.757373156710823e-05
21.5 1.1715821044738818e-05
22.5 2.1479005248687836e-05
23.5 1.3668457885528618e-05
24.5 1.9526368407898032e-05
25.5 3.3194826293426654e-05
26.5 4.295801049737567e-05
27.5 5.272119470132468e-05
28.5 7.420019995001252e-05
29.5 8.005811047238193e-05
30.5 8.982129467633095e-05
31.5 0.00014449512621844538
32.5 0.00016792676830792297
33.5 0.00020502686828292912
34.5 0.00023822169457635563
35.5 0.00030070607348162923
36.5 0.00041981692076980713
37.5 0.0005057329417645584
38.5 0.0005701699575106219
39.5 0.0007049018995251182
40.5 0.0008454917520619836
41.5 0.000997797425643588
42.5 0.0012867876780804795
43.5 0.0014605723569107727
44.5 0.0016031148462884288
45.5 0.001874531367158211
46.5 0.0022006217195701078
47.5 0.002440796050987253
48.5 0.0026614440139965
49.5 0.0029953449137715567
50.5 0.0033995407398150473
51.5 0.00355770432391902
52.5 0.0038837946763309187
53.5 0.004352427518120472
54.5 0.004510591102224444
55.5 0.004543785928517871
56.5 0.0047488127968008005
57.5 0.005016324043989005
58.5 0.005112003249187703
59.5 0.0052701668332916785
60.5 0.005402946138465386
61.5 0.005182298175456139
62.5 0.005395135591102226
63.5 0.005432235691077233
64.5 0.005110050612346913
65.5 0.00511981379655086
66.5 0.004932360659835042
67.5 0.00476443389152712
68.5 0.004520354286428395
69.5 0.00435047488127968
70.5 0.004127874281429642
71.5 0.003954089602599351
72.5 0.0035733254186453398
73.5 0.0034093039240189952
74.5 0.003040255561109722
75.5 0.0029250499875031243
76.5 0.002827418145463633
77.5 0.0024993751562109472
78.5 0.0023392589352661834
79.5 0.002085416145963508
80.5 0.0017983785303674078
81.5 0.0016538834041489618
82.5 0.0015523462884278938
83.5 0.0013160772306923265
84.5 0.0011872031992001995
85.5 0.0010329448887778049
86.5 0.000991939515121219
87.5 0.000812296925768557
88.5 0.0007693389152711811
89.5 0.0007263809047738057
90.5 0.0006502280679830034
91.5 0.0005857910522369399
92.5 0.000439343289177705
93.5 0.0004549643839040233
94.5 0.00041200637340664786
95.5 0.00036709572606848236
96.5 0.0002909428892776802
97.5 0.00024603224193951484
98.5 0.00021088477880529846
99.5 0.00021869532616845767
100.5 0.0001425424893776556
101.5 0.00021674268932766788
102.5 0.00016206885778555355
103.5 0.00016206885778555346
104.5 0.0001152055736065984
105.5 9.958447888027997e-05
106.5 0.00010348975256185957
107.5 7.810547363159213e-05
108.5 0.00010544238940264938
109.5 6.638965258685331e-05
110.5 7.029492626843291e-05
111.5 6.44370157460635e-05
112.5 6.24843789052737e-05
113.5 6.834228942764311e-05
114.5 5.0768557860534886e-05
115.5 5.85791052236941e-05
116.5 4.4910647338165475e-05
117.5 5.272119470132469e-05
118.5 6.24843789052737e-05
119.5 4.881592101974508e-05
120.5 5.662646838290429e-05
121.5 4.295801049737567e-05
122.5 5.85791052236941e-05
123.5 7.615283679080233e-05
124.5 5.857910522369409e-05
125.5 7.420019995001252e-05
126.5 5.85791052236941e-05
127.5 8.786865783554115e-05
128.5 0.00010153711572106977
129.5 9.763184203949016e-05
130.5 0.00012106348412896781
131.5 0.00010934766308422899
132.5 0.00013082666833291677
133.5 0.00013473194201449635
134.5 0.00018745313671582092
135.5 0.00017573731567108213
136.5 0.00020502686828292914
137.5 0.0002557954261434639
138.5 0.0002850849787553109
139.5 0.00031242189452636797
140.5 0.00038466945763559074
141.5 0.0004920644838790297
142.5 0.0005369751312171951
143.5 0.0007029492626843281
144.5 0.0007966758310422382
145.5 0.0008943076730817286
146.5 0.001052471257185703
147.5 0.0012633560359910016
148.5 0.0014410459885028748
149.5 0.0015933516620844784
150.5 0.0019116314671332162
151.5 0.002390027493126719
152.5 0.0027278336665833543
153.5 0.003061734566358412
154.5 0.0035264621344663835
155.5 0.00386231567108223
156.5 0.004641417770557362
157.5 0.005262356285928518
158.5 0.006004358285428642
159.5 0.006627249437640592
160.5 0.007625046863284178
161.5 0.008425627968007998
162.5 0.009294551362159464
163.5 0.01064382341914521
164.5 0.011366299050237437
165.5 0.0126960447388153
166.5 0.013525915396150964
167.5 0.014709213321669586
168.5 0.015972569357660584
169.5 0.016618892151962012
170.5 0.017802190077480635
171.5 0.018514902524368902
172.5 0.019819263934016496
173.5 0.02049292364408897
174.5 0.020678424143964008
175.5 0.021973022369407652
176.5 0.021896869532616853
177.5 0.022019885653586597
178.5 0.022531476505873532
179.5 0.022867330042489382
180.5 0.02256662396900774
181.5 0.021994501374656347
182.5 0.021814858785303676
183.5 0.0212759310172457
184.5 0.020654992501874535
185.5 0.020576887028242945
186.5 0.019243236065983507
187.5 0.01830401774556361
188.5 0.01739994688827793
189.5 0.01651149712571857
190.5 0.015416067858035488
191.5 0.014275727943014245
192.5 0.013113909022744317
193.5 0.011981379655086225
194.5 0.011376062234441391
195.5 0.00991744251437141
196.5 0.00921839852536866
197.5 0.008132732441889527
198.5 0.007396588352911769
199.5 0.006283585353661584
200.5 0.005963352911772055
201.5 0.005125671707073233
202.5 0.004602365033741563
203.5 0.004036100349912521
204.5 0.003389777555611097
205.5 0.0029543395401149712
206.5 0.002641917645588603
207.5 0.002263106098475382
208.5 0.0019682579355161205
209.5 0.0017144151462134467
210.5 0.0015269620094976242
211.5 0.001349272056985753
212.5 0.001130576730817295
213.5 0.0008825918520369901
214.5 0.0007517651837040732
215.5 0.0006990439890027484
216.5 0.0005565014996250929
217.5 0.0005154961259685071
218.5 0.0004393432891777051
219.5 0.00035147463134216394
220.5 0.0003221850787303168
221.5 0.00031827980504873734
222.5 0.00022845851037240673
223.5 0.0002323637840539863
224.5 0.000206979505123719
225.5 0.00020893214196450861
226.5 0.00017573731567108208
227.5 0.00015425831042239436
228.5 0.00012887403149212698
229.5 9.958447888027997e-05
230.5 0.00012887403149212698
231.5 0.00010153711572106977
232.5 0.00011130029992501879
233.5 9.567920519870036e-05
234.5 8.005811047238193e-05
235.5 8.982129467633095e-05
236.5 8.396338415396154e-05
237.5 6.44370157460635e-05
238.5 7.615283679080233e-05
239.5 7.029492626843291e-05
240.5 7.615283679080233e-05
241.5 7.810547363159213e-05
242.5 0.00010544238940264938
243.5 9.372656835791056e-05
244.5 7.810547363159213e-05
245.5 9.177393151712075e-05
246.5 7.810547363159213e-05
247.5 7.615283679080233e-05
248.5 9.372656835791056e-05
249.5 0.00010934766308422899
250.5 0.00012106348412896781
251.5 0.00012887403149212698
252.5 0.0001249687578105474
253.5 0.0001366845788552862
254.5 0.00014644776305923523
255.5 0.00013082666833291677
256.5 0.00017378467883029237
257.5 0.00018745313671582087
258.5 0.00024407960509872513
259.5 0.0002401743314171454
260.5 0.00024017433141714544
261.5 0.0002870376155961007
262.5 0.00028313234191452107
263.5 0.00029289552611846996
264.5 0.0003182798050487374
265.5 0.0004081010997250682
266.5 0.0004510591102224438
267.5 0.0003983379155211193
268.5 0.0004862065733566603
269.5 0.000544785678580354
270.5 0.0005916489627593095
271.5 0.0007205229942514362
272.5 0.0006697544363909015
273.5 0.0007380967258185442
274.5 0.0007283335416145951
275.5 0.000851349662584353
276.5 0.0009509341414646327
277.5 0.0009470288677830536
278.5 0.0011266714571357157
279.5 0.0012008716570857288
280.5 0.001243829667583104
281.5 0.001323887778055486
282.5 0.001474240814796301
283.5 0.0015386778305423643
284.5 0.0016890308672831795
285.5 0.001722225693576605
286.5 0.001956542114471383
287.5 0.0019643526618345402
288.5 0.0020600318670332416
289.5 0.0023236378405398655
290.5 0.002309969382654337
291.5 0.002472038240439891
292.5 0.002493517245688578
293.5 0.0026204386403399153
294.5 0.002903570982254436
295.5 0.0028859972506873302
296.5 0.0029875343664083984
297.5 0.0028391339665083744
298.5 0.0031339821294676345
299.5 0.003003155461134718
300.5 0.0029172394401399647
301.5 0.0028703761559610097
302.5 0.0027766495876030994
303.5 0.0027493126718320417
304.5 0.0027805548612846796
305.5 0.002610675456135966
306.5 0.002557954261434641
307.5 0.002360737940514871
308.5 0.0022494376405898537
309.5 0.0021322794301424663
310.5 0.0018296207198200453
311.5 0.0016538834041489626
312.5 0.0014703355411147215
313.5 0.0013863721569607598
314.5 0.0012965508622844288
315.5 0.0011208135466133462
316.5 0.0009333604098975249
317.5 0.0008025337415646084
318.5 0.0007810547363159201
319.5 0.0006541333416645836
320.5 0.0005389277680579851
321.5 0.00045105911022244393
322.5 0.0003417114471382151
323.5 0.00027922706823294154
324.5 0.00021674268932766796
325.5 0.000167926768307923
326.5 0.0001620688577855536
327.5 0.0001171582104473882
328.5 8.591602099475134e-05
329.5 5.467383154211449e-05
330.5 5.467383154211449e-05
331.5 4.881592101974508e-05
332.5 6.24843789052737e-05
333.5 2.928955261184705e-05
334.5 1.9526368407898032e-05
335.5 1.3668457885528621e-05
336.5 1.757373156710823e-05
337.5 1.3668457885528621e-05
338.5 5.857910522369408e-06
339.5 1.1715821044738818e-05
340.5 1.9526368407898027e-06
341.5 5.857910522369408e-06
342.5 3.905273681579605e-06
343.5 5.857910522369408e-06
344.5 1.9526368407898027e-06
345.5 1.9526368407898027e-06
346.5 1.9526368407898027e-06
347.5 0.0
348.5 0.0
349.5 0.0
350.5 1.9526368407898027e-06
351.5 1.9526368407898027e-06
352.5 0.0
353.5 0.0
354.5 3.905273681579605e-06
355.5 1.9526368407898027e-06
356.5 1.9526368407898027e-06
357.5 3.905273681579605e-06
358.5 0.0
359.5 0.0
