0.5 0.0
1.5 1.9526368407898027e-06
2.5 0.0
3.5 1.9526368407898027e-06
4.5 1.9526368407898027e-06
5.5 1.9526368407898027e-06
6.5 0.0
7.5 1.9526368407898027e-06
8.5 0.0
9.5 3.905273681579605e-06
10.5 1.9526368407898027e-06
11.5 0.0
12.5 1.9526368407898027e-06
13.5 1.9526368407898027e-06
14.5 1.9526368407898027e-06
15.5 3.905273681579605e-06
16.5 5.857910522369408e-06
17.5 7.81054736315921e-06
18.5 1.1715821044738818e-05
19.5 9.763184203949014e-06
20.5 5.857910522369408e-06
21.5 5.857910522369408e-06
22.5 2.1479005248687832e-05
23.5 1.562109472631842e-05
24.5 2.3431642089477636e-05
25.5 2.3431642089477636e-05
26.5 3.514746313421646e-05
27.5 3.3194826293426654e-05
28.5 3.3194826293426654e-05
29.5 4.686328417895528e-05
30.5 8.005811047238193e-05
31.5 7.810547363159213e-05
32.5 8.786865783554115e-05
33.5 0.0001269213946513372
34.5 0.000119110847288178
35.5 0.00017378467883029223
36.5 0.00018940577355661074
37.5 0.00021869532616845773
38.5 0.00029680079980004965
39.5 0.0003534272681829537
40.5 0.0004120063734066479
41.5 0.00046668020494876236
42.5 0.0006170332416895765
43.5 0.0007420019995001243
44.5 0.0007810547363159197
45.5 0.0009470288677830529
46.5 0.0010153711572106967
47.5 0.0012828824043989002
48.5 0.0014761934516370908
49.5 0.0016343570357410647
50.5 0.001841336540864783
51.5 0.0021361847038240444
52.5 0.0022181954511372158
53.5 0.0023685484878780308
54.5 0.002753217945513623
55.5 0.0029816764558860294
56.5 0.0031769401399650093
57.5 0.003516698950262433
58.5 0.0038291208447888006
59.5 0.003829120844788801
60.5 0.004000952886778306
61.5 0.00425870094976256
62.5 0.004342664333916521
63.5 0.004487159460134966
64.5 0.004397338165458634
65.5 0.004686328417895525
66.5 0.00458869657585604
67.5 0.0047390496125968495
68.5 0.004682423144213948
69.5 0.004602365033741564
70.5 0.0046433704073981525
71.5 0.004459822544363907
72.5 0.004237221944513872
73.5 0.004110300549862534
74.5 0.003957994876280931
75.5 0.0038388840289927508
76.5 0.003670957260684828
77.5 0.003485456760809799
78.5 0.0031632716820794806
79.5 0.002909428892776806
80.5 0.0029328605348662834
81.5 0.002624343914021495
82.5 0.0024056485878530365
83.5 0.0022787271932017002
84.5 0.00197606848287928
85.5 0.0019272525618595352
86.5 0.0016987940514871286
87.5 0.0015171988252936763
88.5 0.0014078511622094472
89.5 0.0012418770307423142
90.5 0.0012203980254936262
91.5 0.0009528867783054222
92.5 0.0009606973256685826
93.5 0.000906023494126467
94.5 0.0007380967258185442
95.5 0.0007127124468882771
96.5 0.0006814702574356402
97.5 0.0005643120469882521
98.5 0.000517448762809297
99.5 0.0005018276680829785
100.5 0.00038857473131717027
101.5 0.00040419582604348854
102.5 0.0003007060734816291
103.5 0.00031632716820794744
104.5 0.00028508497875531086
105.5 0.00030265871032241897
106.5 0.0002557954261434639
107.5 0.00026360597350662295
108.5 0.00021479005248687807
109.5 0.0002050268682829291
110.5 0.00023041114721319644
111.5 0.0001718320419895025
112.5 0.00018940577355661071
113.5 0.00017183204198950252
114.5 0.00016597413146713313
115.5 0.00015230567358160454
116.5 0.00014449512621844538
117.5 0.00014644776305923512
118.5 0.00013082666833291677
119.5 0.00015816358410397388
120.5 0.00014644776305923514
121.5 0.0001249687578105474
122.5 0.00014840039990002496
123.5 0.000158163584103974
124.5 0.00018745313671582092
125.5 0.00016792676830792294
126.5 0.00020112159460134962
127.5 0.0001659741314671332
128.5 0.0002069795051237189
129.5 0.00017183204198950252
130.5 0.00024603224193951495
131.5 0.0002265058735316168
132.5 0.00025579542614346385
133.5 0.00030656398400399866
134.5 0.00028508497875531075
135.5 0.0003104692576855783
136.5 0.00044324856285928455
137.5 0.0005389277680579848
138.5 0.0005252593101724563
139.5 0.0006228911522119459
140.5 0.0006970913521619583
141.5 0.0007068545363659076
142.5 0.000765433641589602
143.5 0.0009782710572356905
144.5 0.0010466133466633337
145.5 0.0011911084728817793
146.5 0.0013414615096225943
147.5 0.001608972756810797
148.5 0.0017847100724818787
149.5 0.001952636840789801
150.5 0.0023119220194951265
151.5 0.002645822919270182
152.5 0.00298362909272682
153.5 0.003315577355661085
154.5 0.0036690046238440385
155.5 0.003959947513121719
156.5 0.004510591102224442
157.5 0.00517253499125219
158.5 0.005752468132966758
159.5 0.0064339383904024
160.5 0.00710564546363409
161.5 0.007849600099975004
162.5 0.008435391152211945
163.5 0.009187156335916017
164.5 0.0101673800299925
165.5 0.011028492876780807
166.5 0.011823216070982256
167.5 0.012307470007498121
168.5 0.013461478380404901
169.5 0.01455495501124719
170.5 0.015158319795051242
171.5 0.0162771807048238
172.5 0.016689187078230448
173.5 0.017437046988252942
174.5 0.01800331167208198
175.5 0.01874336103474132
176.5 0.01904406710822295
177.5 0.019307673081729572
178.5 0.01970991627093227
179.5 0.019294004623844032
180.5 0.019522463134216454
181.5 0.019897369407648087
182.5 0.019696247813046738
183.5 0.01908702511872033
184.5 0.0184797550612347
185.5 0.01800526430892277
186.5 0.017298409772556866
187.5 0.016833682204448884
188.5 0.016242033241689584
189.5 0.015293051737065733
190.5 0.014246438390402393
191.5 0.013594257685578606
192.5 0.012553502249437642
193.5 0.012024337665583609
194.5 0.010936718945263685
195.5 0.010434891277180707
196.5 0.009347272556860785
197.5 0.008691186578355407
198.5 0.007874984378905273
199.5 0.007070498000499877
200.5 0.006426127843039241
201.5 0.005912584353911521
202.5 0.005279930017495626
203.5 0.004694138965258683
204.5 0.004149353286678331
205.5 0.003643620344913771
206.5 0.003235519245188704
207.5 0.0028274181454636346
208.5 0.00256771744563859
209.5 0.002210384903774057
210.5 0.0019194420144963754
211.5 0.0017046519620094976
212.5 0.0015230567358160453
213.5 0.0013219351412146966
214.5 0.0012125874781304666
215.5 0.0010700449887528112
216.5 0.0009802236940764802
217.5 0.0008201074731317157
218.5 0.000671707073231691
219.5 0.0006307016995751053
220.5 0.0005857910522369399
221.5 0.0004920644838790297
222.5 0.0004412959260184948
223.5 0.0004139590102474377
224.5 0.00032804298925268624
225.5 0.0002889902524368904
226.5 0.00029484816295925986
227.5 0.00028508497875531086
228.5 0.00020893214196450864
229.5 0.00024017433141714542
230.5 0.00021088477880529843
231.5 0.00021674268932766788
232.5 0.00018354786303424134
233.5 0.00020307423144213933
234.5 0.0001855004998750311
235.5 0.00013668457885528614
236.5 0.00016597413146713315
237.5 0.00014254248937765556
238.5 0.0001484003999000249
239.5 0.00016206885778555352
240.5 0.0001249687578105474
241.5 0.0001230161209697576
242.5 0.0001269213946513372
243.5 0.00016987940514871268
244.5 0.00015230567358160451
245.5 0.0001776899525118719
246.5 0.00016206885778555355
247.5 0.00013863721569607596
248.5 0.0002108847788052985
249.5 0.00020112159460134956
250.5 0.00017768995251187187
251.5 0.0002577480629842536
252.5 0.00023041114721319644
253.5 0.00025384278930267406
254.5 0.00026360597350662306
255.5 0.0003651430892276925
256.5 0.0003163271682079475
257.5 0.00037881154711322094
258.5 0.00040224318920269896
259.5 0.0004393432891777051
260.5 0.00045886965758560314
261.5 0.000497922394401399
262.5 0.0005955542364408887
263.5 0.0005955542364408888
264.5 0.0006775649837540603
265.5 0.0007185703574106462
266.5 0.0008552549362659327
267.5 0.0010075606098475375
268.5 0.0009665552361909514
269.5 0.0012262559360159955
270.5 0.001249687578105473
271.5 0.00138441952011997
272.5 0.0015445357410647335
273.5 0.0017261309672581848
274.5 0.0017788521619595096
275.5 0.0020717476880779792
276.5 0.0023900274931267186
277.5 0.0025345226193451646
278.5 0.002614580729817546
279.5 0.002973865908522869
280.5 0.0030051080979755086
281.5 0.0032530929767558116
282.5 0.003424925018745315
283.5 0.003706104723819043
284.5 0.003924800049987502
285.5 0.004026337165708573
286.5 0.004122016370907272
287.5 0.004313374781304674
288.5 0.004442248812796802
289.5 0.004655086228442888
290.5 0.004518401649587604
291.5 0.004657038865283681
292.5 0.0046004123969007734
293.5 0.004469585728567858
294.5 0.004688281054736314
295.5 0.004530117470632342
296.5 0.004330948512871782
297.5 0.004397338165458635
298.5 0.004098584728817796
299.5 0.0039443264183954005
300.5 0.0038623156710822296
301.5 0.0038056892026993245
302.5 0.00344835666083479
303.5 0.0032062296925768562
304.5 0.0029191920769807557
305.5 0.0026614440139965025
306.5 0.0023880748562859285
307.5 0.002163521619595102
308.5 0.0021244688827793045
309.5 0.0018999156460884764
310.5 0.0015601568357910519
311.5 0.0013551299675081225
312.5 0.001202824293926518
313.5 0.0011461978255436131
314.5 0.00098412896775806
315.5 0.0007615283679080221
316.5 0.0006326543364158949
317.5 0.00058383841539615
318.5 0.0004940171207198196
319.5 0.0004334853786553356
320.5 0.0003260903524118965
321.5 0.00029484816295925975
322.5 0.00021088477880529849
323.5 0.00016206885778555352
324.5 0.00016206885778555346
325.5 0.00016402149462634334
326.5 8.396338415396154e-05
327.5 9.567920519870036e-05
328.5 6.24843789052737e-05
329.5 5.85791052236941e-05
330.5 3.710009997500626e-05
331.5 4.881592101974508e-05
332.5 4.100537365658587e-05
333.5 3.124218945263685e-05
334.5 1.3668457885528621e-05
335.5 1.757373156710823e-05
336.5 1.366845788552862e-05
337.5 1.3668457885528621e-05
338.5 1.757373156710823e-05
339.5 3.905273681579605e-06
340.5 5.857910522369408e-06
341.5 3.905273681579605e-06
342.5 7.81054736315921e-06
343.5 7.81054736315921e-06
344.5 3.905273681579605e-06
345.5 1.9526368407898027e-06
346.5 5.857910522369408e-06
347.5 3.905273681579605e-06
348.5 0.0
349.5 3.905273681579605e-06
350.5 1.9526368407898027e-06
351.5 0.0
352.5 0.0
353.5 1.9526368407898027e-06
354.5 0.0
355.5 3.905273681579605e-06
356.5 1.9526368407898027e-06
357.5 0.0
358.5 3.905273681579605e-06
359.5 0.0
