0.5 0.0
1.5 0.0
2.5 1.9526368407898027e-06
3.5 1.9526368407898027e-06
4.5 0.0
5.5 0.0
6.5 3.905273681579605e-06
7.5 0.0
8.5 0.0
9.5 0.0
10.5 0.0
11.5 0.0
12.5 3.905273681579605e-06
13.5 1.9526368407898027e-06
14.5 5.857910522369408e-06
15.5 1.9526368407898027e-06
16.5 3.905273681579605e-06
17.5 5.857910522369408e-06
18.5 5.857910522369408e-06
19.5 1.3668457885528621e-05
20.5 7.81054736315921e-06
21.5 5.857910522369408e-06
22.5 1.9526368407898027e-06
23.5 1.5621094726318425e-05
24.5 1.3668457885528621e-05
25.5 2.3431642089477636e-05
26.5 1.9526368407898032e-05
27.5 2.928955261184705e-05
28.5 3.9052736815796064e-05
29.5 6.44370157460635e-05
30.5 6.834228942764311e-05
31.5 8.396338415396154e-05
32.5 9.372656835791056e-05
33.5 0.0001152055736065984
34.5 0.00014449512621844538
35.5 0.00012887403149212698
36.5 0.00015816358410397397
37.5 0.00023431642089477607
38.5 0.00029094288927768023
39.5 0.0002831323419145211
40.5 0.0003397588102974251
41.5 0.0004979223944013988
42.5 0.0005350224943764052
43.5 0.0005994595101224688
44.5 0.0007751968257935504
45.5 0.0008376812046988248
46.5 0.0010153711572106969
47.5 0.001196966383404149
48.5 0.001251640214946263
49.5 0.00148009872531867
50.5 0.0016890308672831789
51.5 0.0017417520619845024
52.5 0.0020893214196450877
53.5 0.002296300924768806
54.5 0.0025852911772057006
55.5 0.002764933766558361
56.5 0.002950434266433393
57.5 0.0030558766558360386
58.5 0.0034678830292426874
59.5 0.003430782929267681
60.5 0.00354598850287428
61.5 0.003872078855286178
62.5 0.003918942139465134
63.5 0.004149353286678333
64.5 0.004125921644588852
65.5 0.004399290802299422
66.5 0.004270416770807299
67.5 0.004485206823294177
68.5 0.004235269307673082
69.5 0.004215742939265186
70.5 0.004254795676080981
71.5 0.004170832291927019
72.5 0.004018526618345412
73.5 0.003946279055236189
74.5 0.0035948044238940263
75.5 0.003586993876530865
76.5 0.0033526774556360914
77.5 0.0031476505873531623
78.5 0.002971913271682079
79.5 0.0027102599350162476
80.5 0.002546238440389902
81.5 0.002391980129967508
82.5 0.0022494376405898524
83.5 0.0020756529617595595
84.5 0.0018179048987753057
85.5 0.0016636465883529108
86.5 0.0015035303674081483
87.5 0.0014488565358660333
88.5 0.0013824668832791796
89.5 0.0011227661834541365
90.5 0.001023181704573856
91.5 0.0009235972256935763
92.5 0.0009021182204448876
93.5 0.0007068545363659077
94.5 0.0006521807048237933
95.5 0.0005428330417395644
96.5 0.0005330698575356155
97.5 0.0004530117470632336
98.5 0.0004901118470382398
99.5 0.0003963852786803293
100.5 0.00039638527868032954
101.5 0.0003690483629092722
102.5 0.00034756935766058457
103.5 0.0002909428892776802
104.5 0.0002460322419395149
105.5 0.0002577480629842536
106.5 0.00022260059985003725
107.5 0.00023041114721319647
108.5 0.00021088477880529843
109.5 0.00017964258935266168
110.5 0.00016597413146713307
111.5 0.00016987940514871273
112.5 0.00014840039990002496
113.5 0.00015035303674081472
114.5 0.00014840039990002496
115.5 0.00016206885778555352
116.5 0.0001269213946513372
117.5 0.00012106348412896781
118.5 0.00016011622094476373
119.5 0.0001327793051737066
120.5 0.00014254248937765556
121.5 0.00014254248937765554
122.5 0.00014840039990002493
123.5 0.00015230567358160462
124.5 0.00014840039990002493
125.5 0.0001659741314671331
126.5 0.00016206885778555346
127.5 0.00017183204198950252
128.5 0.00019135841039740048
129.5 0.00022845851037240657
130.5 0.00026360597350662306
131.5 0.00022260059985003728
132.5 0.0002733691577105719
133.5 0.00029289552611847
134.5 0.00026751124718820264
135.5 0.0003553799050237436
136.5 0.00041200637340664786
137.5 0.00042762746813296634
138.5 0.0005330698575356155
139.5 0.0005350224943764052
140.5 0.0006678017995501114
141.5 0.0006346069732566849
142.5 0.0008533022994251432
143.5 0.0008845444888777795
144.5 0.0010973819045238691
145.5 0.0012047769307673081
146.5 0.0013512246938265436
147.5 0.001603114846288428
148.5 0.0017944732566858273
149.5 0.00205612659335166
150.5 0.0023978380404898795
151.5 0.002712212571857036
152.5 0.0029699606348412913
153.5 0.0033682985503624093
154.5 0.0037471100974756292
155.5 0.004325090602349414
156.5 0.004809344538865284
157.5 0.005373656585853538
158.5 0.006090274306423395
159.5 0.0066643495376155935
160.5 0.0072735722319420115
161.5 0.008324090852286928
162.5 0.00880639215196201
163.5 0.009688984003999004
164.5 0.01071607098225444
165.5 0.01132529367658086
166.5 0.012217648712821803
167.5 0.013344320169957513
168.5 0.014447559985003746
169.5 0.014916192826793297
170.5 0.015878842789302666
171.5 0.01680439265183704
172.5 0.017235925393651583
173.5 0.018136090977255694
174.5 0.01920808860284929
175.5 0.01941506810797301
176.5 0.020184407023244186
177.5 0.019811453386653327
178.5 0.02031523369157711
179.5 0.020141449012746816
180.5 0.020510497375656085
181.5 0.020350381154711335
182.5 0.019961806423394148
183.5 0.019936422144463888
184.5 0.01933305736065984
185.5 0.018591055361159712
186.5 0.018171238440389897
187.5 0.017849053361659588
188.5 0.016636465883529114
189.5 0.016081917020744813
190.5 0.01527743064233941
191.5 0.014158569732566852
192.5 0.013248640964758807
193.5 0.012444154586353411
194.5 0.011483457260684832
195.5 0.010444654461384652
196.5 0.00973779992501874
197.5 0.008759528867783056
198.5 0.008121016620844789
199.5 0.007437593726568352
200.5 0.0066350599850037465
201.5 0.006072700574856288
202.5 0.005156913896525868
203.5 0.004811297175706074
204.5 0.004391480254936265
205.5 0.003786162834291427
206.5 0.0033663459135216188
207.5 0.003032445013746564
208.5 0.0026458229192701816
209.5 0.002251390277430643
210.5 0.0019877843039240195
211.5 0.0017710416145963507
212.5 0.001603114846288427
213.5 0.001310219320169957
214.5 0.0011266714571357154
215.5 0.0011188609097725565
216.5 0.0009567920519870025
217.5 0.0008318232941764551
218.5 0.0006482754311422136
219.5 0.0006326543364158952
220.5 0.0005701699575106216
221.5 0.000456917020744813
222.5 0.0004178642839290172
223.5 0.0003749062734316416
224.5 0.0003085166208447884
225.5 0.00029680079980004954
226.5 0.00028703761559610065
227.5 0.00029875343664083944
228.5 0.0002655586103474128
229.5 0.00021869532616845762
230.5 0.00018550049987503108
231.5 0.00021088477880529849
232.5 0.0001796425893526617
233.5 0.0001581635841039739
234.5 0.00016011622094476373
235.5 0.00017573731567108216
236.5 0.00017768995251187192
237.5 0.00014449512621844538
238.5 0.00015230567358160454
239.5 0.00016011622094476376
240.5 0.0001444951262184454
241.5 0.00015035303674081472
242.5 0.00013277930517370656
243.5 0.0001542583104223943
244.5 0.0001269213946513372
245.5 0.00014644776305923514
246.5 0.00014644776305923517
247.5 0.00013668457885528617
248.5 0.00016402149462634334
249.5 0.00017573731567108216
250.5 0.00016792676830792283
251.5 0.0001933110472381902
252.5 0.00019331104723819035
253.5 0.0002323637840539864
254.5 0.00023626905773556586
255.5 0.00028117970507373117
256.5 0.00026555861034741285
257.5 0.00033194826293426587
258.5 0.00032999562609347614
259.5 0.0003846694576355907
260.5 0.0004198169207698069
261.5 0.00045691702074481335
262.5 0.0005506435891027236
263.5 0.0006053174206448377
264.5 0.0006248437890527358
265.5 0.00068147025743564
266.5 0.000747859910022493
267.5 0.0008240127468132953
268.5 0.0009275024993751548
269.5 0.0010778555361159706
270.5 0.0011618189202699325
271.5 0.0011696294676330913
272.5 0.0014722881779555114
273.5 0.0015660147463134207
274.5 0.0016206885778555357
275.5 0.0018979630092476874
276.5 0.0020190264933766557
277.5 0.0022611534616345922
278.5 0.0023861222194451383
279.5 0.0025306173456635843
280.5 0.0027317389402649332
281.5 0.0031574137715571107
282.5 0.00315546113471632
283.5 0.003239424518870283
284.5 0.003532320044988753
285.5 0.0035811359660084985
286.5 0.003682673081729568
287.5 0.003989237065733566
288.5 0.004129826918270432
289.5 0.00411030054986253
290.5 0.004205979755061234
291.5 0.004287990502374408
292.5 0.004258700949762558
293.5 0.004200121844538864
294.5 0.004282132591852037
295.5 0.004075153086728317
296.5 0.00405562671832042
297.5 0.003922847413146713
298.5 0.003924800049987503
299.5 0.0037724943764058977
300.5 0.003571372781804548
301.5 0.0032940983504123954
302.5 0.003089071482129469
303.5 0.003010966008497877
304.5 0.0027493126718320434
305.5 0.0025149962509372647
306.5 0.002239674456385903
307.5 0.0018901524618845284
308.5 0.0017847100724818793
309.5 0.0015777305673581603
310.5 0.0015679673831542106
311.5 0.0011813452886778306
312.5 0.00118134528867783
313.5 0.0010407554361409643
314.5 0.0009001655836040976
315.5 0.0007302861784553851
316.5 0.0006717070732316916
317.5 0.0005506435891027236
318.5 0.00047644338915271115
319.5 0.00034952199450137415
320.5 0.00032999562609347614
321.5 0.00024212696825793534
322.5 0.00021088477880529846
323.5 0.00016987940514871273
324.5 0.00015425831042239436
325.5 0.0001347319420144964
326.5 0.00010739502624343918
327.5 9.372656835791056e-05
328.5 6.24843789052737e-05
329.5 6.44370157460635e-05
330.5 4.4910647338165475e-05
331.5 3.9052736815796064e-05
332.5 2.3431642089477636e-05
333.5 2.538427893026744e-05
334.5 1.3668457885528621e-05
335.5 1.9526368407898032e-05
336.5 1.9526368407898032e-05
337.5 1.9526368407898027e-06
338.5 7.81054736315921e-06
339.5 7.81054736315921e-06
340.5 7.81054736315921e-06
341.5 3.905273681579605e-06
342.5 7.81054736315921e-06
343.5 3.905273681579605e-06
344.5 0.0
345.5 1.9526368407898027e-06
346.5 1.9526368407898027e-06
347.5 0.0
348.5 0.0
349.5 3.905273681579605e-06
350.5 3.905273681579605e-06
351.5 1.9526368407898027e-06
352.5 1.9526368407898027e-06
353.5 1.9526368407898027e-06
354.5 3.905273681579605e-06
355.5 0.0
356.5 0.0
357.5 0.0
358.5 3.905273681579605e-06
359.5 0.0
