0.5 2.7336915771057246e-05
1.5 2.9289552611847047e-05
2.5 1.9526368407898032e-05
3.5 3.710009997500626e-05
4.5 4.686328417895527e-05
5.5 5.4673831542114486e-05
6.5 8.005811047238193e-05
7.5 8.396338415396154e-05
8.5 0.00011715821044738819
9.5 0.0001308266683329168
10.5 0.00017768995251187197
11.5 0.00020893214196450872
12.5 0.00025579542614346395
13.5 0.00029680079980004976
14.5 0.00035147463134216426
15.5 0.00044520119970007456
16.5 0.000536975131217195
17.5 0.0006814702574356406
18.5 0.0007361440889777547
19.5 0.000863065483629092
20.5 0.0010524712571857026
21.5 0.001146197825543614
22.5 0.0015601568357910516
23.5 0.001605067483129218
24.5 0.0019350631092226948
25.5 0.002325590477380655
26.5 0.002335353661584605
27.5 0.0026477755561109726
28.5 0.0029152868032991746
29.5 0.0032257560609847535
30.5 0.003604567608097977
31.5 0.004010716070982256
32.5 0.0039013684078980275
33.5 0.004457869907523118
34.5 0.004541833291677083
35.5 0.004813249812546863
36.5 0.004908929017745564
37.5 0.004803486628342913
38.5 0.005153008622844291
39.5 0.005303361659585104
40.5 0.005199871907023243
41.5 0.0051276243439140196
42.5 0.005227208822794301
43.5 0.005010466133466635
44.5 0.004699996875781057
45.5 0.004655086228442889
46.5 0.004409053986503374
47.5 0.004264558860284929
48.5 0.003930657960509873
49.5 0.0036865783554111482
50.5 0.0035186515871032265
51.5 0.003212087603099225
52.5 0.0029523869032741816
53.5 0.002753217945513623
54.5 0.0022865377405648585
55.5 0.0022123375406148454
56.5 0.0019174893776555861
57.5 0.001648025493626593
58.5 0.0015308672831792045
59.5 0.0013805142464383903
60.5 0.0011774400149962506
61.5 0.001044660709822544
62.5 0.0008747813046738308
63.5 0.0008044863784053981
64.5 0.0006912334416395896
65.5 0.0006209385153711564
66.5 0.0006014121469632585
67.5 0.00046472756810797257
68.5 0.0004081010997250682
69.5 0.0003944326418395396
70.5 0.0003553799050237436
71.5 0.00034756935766058425
72.5 0.0002772744313921516
73.5 0.0002850849787553107
74.5 0.0002694638840289925
75.5 0.0002987534366408395
76.5 0.0002597006998250435
77.5 0.0002694638840289925
78.5 0.0002694638840289924
79.5 0.0002421269682579353
80.5 0.00028508497875531075
81.5 0.00030265871032241913
82.5 0.0003280429892526865
83.5 0.00022845851037240673
84.5 0.0003163271682079477
85.5 0.00032609035241189656
86.5 0.0002870376155961007
87.5 0.0003104692576855784
88.5 0.00025970069982504337
89.5 0.0003495219945013743
90.5 0.0003592851787053233
91.5 0.00032218507873031703
92.5 0.0003339008997750558
93.5 0.0003905273681579602
94.5 0.0003397588102974253
95.5 0.00039052736815796006
96.5 0.00034756935766058446
97.5 0.00041005373656585823
98.5 0.0004354380154961256
99.5 0.0004217695576105968
100.5 0.0004725381154711318
101.5 0.000449106473381654
102.5 0.00043348537865533566
103.5 0.00044129592601849487
104.5 0.000431532741814546
105.5 0.00037881154711322127
106.5 0.00042372219445138665
107.5 0.0003944326418395395
108.5 0.0004139590102474378
109.5 0.0003768589102724315
110.5 0.0004022431892026989
111.5 0.0004198169207698071
112.5 0.00037881154711322105
113.5 0.0003963852786803295
114.5 0.0004920644838790296
115.5 0.00039052736815795995
116.5 0.00046277493126718256
117.5 0.0005330698575356155
118.5 0.0006072700574856279
119.5 0.0006404648837790543
120.5 0.0007263809047738058
121.5 0.0006951387153211688
122.5 0.0008630654836290922
123.5 0.0010348975256185952
124.5 0.0010798081729567598
125.5 0.00128092976755811
126.5 0.001474240814796301
127.5 0.0017066045988502875
128.5 0.002042458135466133
129.5 0.0021654742564358913
130.5 0.002516948887778055
131.5 0.002825465508622844
132.5 0.0033233879030242428
133.5 0.003629951887028244
134.5 0.004182548112971757
135.5 0.004664849412646837
136.5 0.005320935391152212
137.5 0.005959447638090477
138.5 0.006512043864033993
139.5 0.0072247563109222685
140.5 0.007668004873781557
141.5 0.008468585978505371
142.5 0.009056329667583105
143.5 0.010106848287928027
144.5 0.010423175456135974
145.5 0.011077308797800554
146.5 0.01204191139715071
147.5 0.012194217070732316
148.5 0.01258279180204949
149.5 0.01310805111222194
150.5 0.01370165271182204
151.5 0.013961353411647087
152.5 0.013939874406398399
153.5 0.014121469632591845
154.5 0.014357738690327426
155.5 0.014410459885028743
156.5 0.01410389590102474
157.5 0.013637215696075974
158.5 0.013397041364658836
159.5 0.013387278180454888
160.5 0.012440249312671832
161.5 0.01232699637590602
162.5 0.011553752186953264
163.5 0.011106598350412398
164.5 0.010462228192951758
165.5 0.009685078730317424
166.5 0.009210587978005499
167.5 0.008714618220444887
168.5 0.008226459010247435
169.5 0.007421972631842039
170.5 0.00690647650587353
171.5 0.006238674706323419
172.5 0.0058989158960259915
173.5 0.005350224943764057
174.5 0.0049753186703324175
175.5 0.004598459760059986
176.5 0.004297753686578353
177.5 0.004112253186703326
178.5 0.0038955104973756555
179.5 0.003717820544863785
180.5 0.0036533835291177193
181.5 0.0037373469132716834
182.5 0.003583088602849287
183.5 0.0036943889027743057
184.5 0.003907226318420396
185.5 0.003854505123719071
186.5 0.004301658960259936
187.5 0.004276274681329667
188.5 0.004715617970507375
189.5 0.005006560859785056
190.5 0.005236972006998251
191.5 0.005393182954261432
192.5 0.005826668332916772
193.5 0.006168379780054986
194.5 0.006510091227193203
195.5 0.006812749937515623
196.5 0.006869376405898525
197.5 0.007322388152961761
198.5 0.0077382998000499895
199.5 0.007832026368407902
200.5 0.008130779805048739
201.5 0.008382669957510622
202.5 0.008232316920769808
203.5 0.008402196325918519
204.5 0.008488112346913271
205.5 0.008128827168207944
206.5 0.008206932641839542
207.5 0.00807610597350662
208.5 0.007781257810547366
209.5 0.007701199700074979
210.5 0.0076875312421894534
211.5 0.007242330042489373
212.5 0.00685766058485379
213.5 0.00640074356410897
214.5 0.006178142964258933
215.5 0.005691936390902273
216.5 0.005311172206948262
217.5 0.00497336603349163
218.5 0.0044715383654086475
219.5 0.0040888215446138465
220.5 0.0036943889027743074
221.5 0.003206229692576856
222.5 0.003122266308422897
223.5 0.0026692545613596613
224.5 0.0024739908772806797
225.5 0.002251390277430642
226.5 0.001880389277680579
227.5 0.0016773150462384412
228.5 0.00148009872531867
229.5 0.0013883247938015493
230.5 0.0011501030992251931
231.5 0.0010427080729817541
232.5 0.000941170957260684
233.5 0.0007615283679080219
234.5 0.0007537178205448626
235.5 0.0006912334416395892
236.5 0.000566264683829042
237.5 0.0005428330417395642
238.5 0.0005174487628092972
239.5 0.0004842539365158703
240.5 0.0004920644838790297
241.5 0.0005018276680829784
242.5 0.0004412959260184948
243.5 0.0004041958260434886
244.5 0.00046082229442639277
245.5 0.0004998750312421886
246.5 0.0005154961259685073
247.5 0.0004783960259935011
248.5 0.0004627749312671826
249.5 0.0004783960259935011
250.5 0.00048230129967508073
251.5 0.0005350224943764052
252.5 0.0005565014996250932
253.5 0.0005272119470132462
254.5 0.00058579105223694
255.5 0.0006228911522119465
256.5 0.0005896963259185199
257.5 0.0005682173206698319
258.5 0.0005936015996000994
259.5 0.00058969632591852
260.5 0.0005818857785553606
261.5 0.000648275431142214
262.5 0.0005994595101224688
263.5 0.0005994595101224687
264.5 0.0006424175206198444
265.5 0.000636559610097475
266.5 0.0005545488627843034
267.5 0.0006033647838040485
268.5 0.0006014121469632587
269.5 0.0005740752311922015
270.5 0.0006404648837790545
271.5 0.0005135434891277175
272.5 0.0005838384153961504
273.5 0.000536975131217195
274.5 0.0005252593101724564
275.5 0.0005115908522869278
276.5 0.00047253811547113184
277.5 0.0004627749312671827
278.5 0.0004373906523369153
279.5 0.00045691702074481335
280.5 0.00040614846288427854
281.5 0.00041981692076980713
282.5 0.0003866220944763804
283.5 0.0003885747313171703
284.5 0.0003670957260684825
285.5 0.00036123781554611305
286.5 0.0003534272681829537
287.5 0.00029094288927768007
288.5 0.0003026587103224191
289.5 0.0003592851787053234
290.5 0.0003124218945263681
291.5 0.0003202324418895271
292.5 0.00032804298925268635
293.5 0.0003983379155211194
294.5 0.000380764183954011
295.5 0.0004744907523119214
296.5 0.00047449075231192157
297.5 0.00047058547863034216
298.5 0.0005350224943764051
299.5 0.0005233066733316666
300.5 0.0006736597100724813
301.5 0.0007224756310922264
302.5 0.0008005811047238188
303.5 0.0008064390152461877
304.5 0.0010544238940264925
305.5 0.0011403399150212447
306.5 0.0012828824043989004
307.5 0.0012887403149212692
308.5 0.0014625249937515621
309.5 0.0015582041989502624
310.5 0.0016226412146963264
311.5 0.0017573731567108227
312.5 0.00188038927768058
313.5 0.0020619845038740304
314.5 0.0021381373406648336
315.5 0.0022865377405648585
316.5 0.002323637840539866
317.5 0.0024134591352161956
318.5 0.002542333166708322
319.5 0.0026282491877030736
320.5 0.002546238440389902
321.5 0.0024954698825293683
322.5 0.002479848787803049
323.5 0.0024115064983754046
324.5 0.0024212696825793543
325.5 0.002251390277430643
326.5 0.0022279586353411646
327.5 0.002118610972256936
328.5 0.002030742314421395
329.5 0.0018257154461384657
330.5 0.001661693951512122
331.5 0.0016148306673331666
332.5 0.0015074356410897276
333.5 0.0013219351412146962
334.5 0.0011169082729317673
335.5 0.0010563765308672832
336.5 0.0008689233941514616
337.5 0.0007888652836790796
338.5 0.000757623094226443
339.5 0.0005916489627593097
340.5 0.0005389277680579853
341.5 0.0004764433891527115
342.5 0.00037100099975006227
343.5 0.0003241377155711069
344.5 0.00025970069982504364
345.5 0.00019331104723819035
346.5 0.0001835478630342414
347.5 0.0001210634841289678
348.5 0.0001210634841289678
349.5 6.834228942764311e-05
350.5 7.420019995001252e-05
351.5 5.857910522369409e-05
352.5 6.05317420644839e-05
353.5 4.100537365658587e-05
354.5 3.710009997500626e-05
355.5 3.514746313421646e-05
356.5 1.562109472631842e-05
357.5 2.538427893026744e-05
358.5 2.7336915771057243e-05
359.5 3.124218945263685e-05
