0.5 0.0
1.5 0.0
2.5 0.0
3.5 1.9526368407898027e-06
4.5 0.0
5.5 0.0
6.5 3.905273681579605e-06
7.5 0.0
8.5 0.0
9.5 5.857910522369408e-06
10.5 1.9526368407898027e-06
11.5 1.9526368407898027e-06
12.5 1.9526368407898027e-06
13.5 1.9526368407898027e-06
14.5 5.857910522369408e-06
15.5 1.9526368407898027e-06
16.5 1.9526368407898027e-06
17.5 3.905273681579605e-06
18.5 3.905273681579605e-06
19.5 5.857910522369408e-06
20.5 9.763184203949014e-06
21.5 7.81054736315921e-06
22.5 1.1715821044738818e-05
23.5 9.763184203949014e-06
24.5 2.3431642089477636e-05
25.5 2.343164208947764e-05
26.5 2.343164208947764e-05
27.5 2.3431642089477636e-05
28.5 3.3194826293426654e-05
29.5 5.0768557860534886e-05
30.5 6.24843789052737e-05
31.5 7.810547363159213e-05
32.5 8.786865783554115e-05
33.5 8.591602099475134e-05
34.5 0.00013863721569607596
35.5 0.00016792676830792294
36.5 0.00014449512621844533
37.5 0.000244079605098725
38.5 0.0002499375156210944
39.5 0.0003241377155711068
40.5 0.0004530117470632335
41.5 0.0004159116470882275
42.5 0.0005350224943764052
43.5 0.0006033647838040479
44.5 0.0007771494626343401
45.5 0.0008767339415146209
46.5 0.0009977974256435884
47.5 0.0012184453886528366
48.5 0.0013629405148712819
49.5 0.001648025493626592
50.5 0.0017768995251187202
51.5 0.001931157835541114
52.5 0.002210384903774056
53.5 0.0024251749562609354
54.5 0.0026497281929517623
55.5 0.002802033866533368
56.5 0.0031652243189202694
57.5 0.003280429892526868
58.5 0.0036006623344163958
59.5 0.003542083229192703
60.5 0.0038525524868782794
61.5 0.003795926018495376
62.5 0.004102490002499376
63.5 0.004342664333916522
64.5 0.004280179955011249
65.5 0.004256748312921769
66.5 0.004500827918020495
67.5 0.004401243439140215
68.5 0.00435047488127968
69.5 0.004557454386403399
70.5 0.0043153274181454634
71.5 0.004141542739315176
72.5 0.004030242439390152
73.5 0.0037978786553361653
74.5 0.0038505998500374915
75.5 0.0035694201449637574
76.5 0.003493267308172958
77.5 0.0031808454136465873
78.5 0.0029641027243189214
79.5 0.0029621500874781313
80.5 0.0026204386403399144
81.5 0.002466180329917521
82.5 0.0021850006248437894
83.5 0.0020600318670332424
84.5 0.0018921050987253192
85.5 0.001722225693576605
86.5 0.001454714446388402
87.5 0.0013648931517120711
88.5 0.001265308672831792
89.5 0.0011735347413146708
90.5 0.0010407554361409643
91.5 0.0009372656835791045
92.5 0.0008181548362909269
93.5 0.000788865283679079
94.5 0.000693186078480379
95.5 0.0006385122469382645
96.5 0.0005955542364408891
97.5 0.0004608222944263929
98.5 0.0004647275681079723
99.5 0.00041591164708822717
100.5 0.00037490627343164163
101.5 0.00029289552611847007
102.5 0.00037100099975006205
103.5 0.00025189015246188427
104.5 0.00021479005248687804
105.5 0.00024017433141714542
106.5 0.0002499375156210943
107.5 0.00021283741564608833
108.5 0.00021283741564608825
109.5 0.00017964258935266182
110.5 0.00018745313671582087
111.5 0.00018745313671582092
112.5 0.00016792676830792292
113.5 0.00017378467883029229
114.5 0.00015621094726318415
115.5 0.00012106348412896781
116.5 0.000128874031492127
117.5 0.00013473194201449638
118.5 0.00013473194201449638
119.5 0.00011130029992501879
120.5 0.00014449512621844535
121.5 0.00013668457885528617
122.5 0.00016987940514871268
123.5 0.0001230161209697576
124.5 0.00012887403149212698
125.5 0.00015035303674081472
126.5 0.00016206885778555352
127.5 0.00019135841039740053
128.5 0.0002011215946013495
129.5 0.0001659741314671331
130.5 0.00020893214196450864
131.5 0.00025970069982504337
132.5 0.00029680079980004954
133.5 0.00029875343664083933
134.5 0.00031242189452636814
135.5 0.0003358535366158454
136.5 0.00038662209447638037
137.5 0.0004237221944513865
138.5 0.00046472756810797213
139.5 0.000605317420644838
140.5 0.0006443701574606337
141.5 0.0006912334416395893
142.5 0.0007966758310422382
143.5 0.0008982129467633084
144.5 0.0011461978255436138
145.5 0.0011715821044738812
146.5 0.0013961353411647078
147.5 0.001616783304173956
148.5 0.0017632310672331905
149.5 0.002102989877530617
150.5 0.0022221007248187956
151.5 0.0026282491877030745
152.5 0.003075403024243938
153.5 0.0033311984503874028
154.5 0.003809594476380904
155.5 0.0042176955761059716
156.5 0.004824965633591603
157.5 0.005324840664833793
158.5 0.005961400274931267
159.5 0.006400743564108974
160.5 0.007214993126718317
161.5 0.007935516120969755
162.5 0.008829823794051487
163.5 0.009683126093476628
164.5 0.010384122719320169
165.5 0.011254998750312417
166.5 0.012293801549612602
167.5 0.013149056485878524
168.5 0.014017979880029993
169.5 0.01517394088977756
170.5 0.015599615721069732
171.5 0.01648611284678831
172.5 0.017232020119970014
173.5 0.017686984503874025
174.5 0.0182298175456136
175.5 0.019094835666083488
176.5 0.01915732004498875
177.5 0.019735300549862535
178.5 0.020227365033741566
179.5 0.02002429080229943
180.5 0.020283991502124475
181.5 0.020098491002249433
182.5 0.01997938015496127
183.5 0.019528321044738818
184.5 0.018415318045488627
185.5 0.01871211884528868
186.5 0.017800237440639848
187.5 0.01732574668832792
188.5 0.016624750062484376
189.5 0.015816358410397403
190.5 0.015097788052986751
191.5 0.014435844163959004
192.5 0.012979177080729818
193.5 0.012084869407648087
194.5 0.011481504623844037
195.5 0.010282585603599102
196.5 0.009487862409397646
197.5 0.00860331792051987
198.5 0.007835931642089478
199.5 0.007357535616095976
200.5 0.006783460384903777
201.5 0.005805189327668084
202.5 0.005465430517370657
203.5 0.004701949512621844
204.5 0.004366095976005995
205.5 0.003698294176455887
206.5 0.0034483566608347923
207.5 0.002993392276930768
208.5 0.002610675456135966
209.5 0.0023705011247188196
210.5 0.0020873687828042993
211.5 0.0018589102724318918
212.5 0.0014859566358410392
213.5 0.001413709072731817
214.5 0.0012321138465383656
215.5 0.0011032398150462377
216.5 0.0008630654836290917
217.5 0.0007869126468382892
218.5 0.0007517651837040731
219.5 0.0006853755311172197
220.5 0.0005799331417145706
221.5 0.0005643120469882519
222.5 0.0004647275681079726
223.5 0.0004081010997250681
224.5 0.0004041958260434885
225.5 0.00029875343664083933
226.5 0.000263605973506623
227.5 0.0002557954261434639
228.5 0.00023822169457635565
229.5 0.0002245532366908271
230.5 0.00020502686828292914
231.5 0.0001835478630342413
232.5 0.00016206885778555357
233.5 0.0001737846788302923
234.5 0.0001698794051487127
235.5 0.0001542583104223943
236.5 0.0001405898525368658
237.5 0.00015425831042239433
238.5 0.00014840039990002496
239.5 0.0001366845788552862
240.5 0.0001249687578105474
241.5 0.00012106348412896781
242.5 0.00016792676830792292
243.5 0.00014644776305923517
244.5 0.00015230567358160457
245.5 0.00016206885778555355
246.5 0.00017768995251187187
247.5 0.00014058985253686575
248.5 0.00014058985253686575
249.5 0.00020307423144213922
250.5 0.00021088477880529846
251.5 0.00019916895776055964
252.5 0.00020112159460134943
253.5 0.0002636059735066229
254.5 0.00026360597350662306
255.5 0.00023822169457635563
256.5 0.0003124218945263679
257.5 0.0003397588102974253
258.5 0.00035733254186453325
259.5 0.000419816920769807
260.5 0.0004002905523619088
261.5 0.0004452011997000744
262.5 0.0005213540364908765
263.5 0.0006307016995751054
264.5 0.0006385122469382649
265.5 0.0006678017995501118
266.5 0.0007673862784303917
267.5 0.0008669707573106714
268.5 0.0008474443889027732
269.5 0.0010095132466883274
270.5 0.0011657241939515123
271.5 0.0013004561359660084
272.5 0.001386372156960759
273.5 0.0015640621094726319
274.5 0.0017886153461634585
275.5 0.0019780211197200697
276.5 0.0021498531617095734
277.5 0.002259200824793802
278.5 0.00237050112471882
279.5 0.0027356442139465143
280.5 0.002901618345413646
281.5 0.0028957604348912773
282.5 0.0032179455136215947
283.5 0.0034503092976755807
284.5 0.003532320044988754
285.5 0.0037549206448387893
286.5 0.004100537365658584
287.5 0.004147400649837541
288.5 0.004118111097225693
289.5 0.004332901149712574
290.5 0.00437390652336916
291.5 0.004381717070732315
292.5 0.004442248812796805
293.5 0.004473491002249437
294.5 0.004537928017995499
295.5 0.004227458760309921
296.5 0.004260653586603349
297.5 0.004102490002499373
298.5 0.004125921644588853
299.5 0.003915036865783553
300.5 0.0038330261184703826
301.5 0.0033819670082479384
302.5 0.0032530929767558103
303.5 0.0031046925768557863
304.5 0.0028586603349162716
305.5 0.002581385903524118
306.5 0.00246618032991752
307.5 0.002186953261684579
308.5 0.0019858316670832285
309.5 0.0017886153461634591
310.5 0.0014820513621594596
311.5 0.0013434141464633835
312.5 0.0012086822044488877
313.5 0.0010290396150962255
314.5 0.000909928767808047
315.5 0.0007869126468382896
316.5 0.0005760278680329909
317.5 0.0005916489627593092
318.5 0.00048815921019745
319.5 0.000343664083979005
320.5 0.00035928517870532337
321.5 0.0002987534366408394
322.5 0.00024017433141714547
323.5 0.00019916895776055972
324.5 0.0001640214946263433
325.5 0.0001230161209697576
326.5 0.00010934766308422899
327.5 6.834228942764311e-05
328.5 7.810547363159213e-05
329.5 6.834228942764311e-05
330.5 3.9052736815796064e-05
331.5 3.9052736815796064e-05
332.5 3.3194826293426654e-05
333.5 2.343164208947764e-05
334.5 2.1479005248687832e-05
335.5 1.366845788552862e-05
336.5 1.9526368407898032e-05
337.5 1.3668457885528621e-05
338.5 1.1715821044738818e-05
339.5 7.81054736315921e-06
340.5 0.0
341.5 3.905273681579605e-06
342.5 0.0
343.5 5.857910522369408e-06
344.5 3.905273681579605e-06
345.5 3.905273681579605e-06
346.5 0.0
347.5 5.857910522369408e-06
348.5 3.905273681579605e-06
349.5 0.0
350.5 3.905273681579605e-06
351.5 1.9526368407898027e-06
352.5 1.9526368407898027e-06
353.5 0.0
354.5 3.905273681579605e-06
355.5 0.0
356.5 0.0
357.5 0.0
358.5 0.0
359.5 1.9526368407898027e-06
