0.5 0.0
1.5 0.0
2.5 0.0
3.5 0.0
4.5 0.0
5.5 0.0
6.5 0.0
7.5 0.0
8.5 0.0
9.5 0.0
10.5 0.0
11.5 0.0
12.5 0.0
13.5 0.0
14.5 0.0
15.5 0.0
16.5 0.0
17.5 0.0
18.5 0.0
19.5 0.0
20.5 0.0
21.5 0.0
22.5 0.0
23.5 0.0
24.5 0.0
25.5 0.0
26.5 0.0
27.5 0.0
28.5 0.0
29.5 0.0
30.5 0.0
31.5 0.0
32.5 0.0
33.5 0.0
34.5 0.0
35.5 0.0
36.5 0.0
37.5 0.0
38.5 0.0
39.5 0.0
40.5 0.0
41.5 0.0
42.5 0.0
43.5 0.0
44.5 0.0
45.5 0.0
46.5 0.0
47.5 0.0
48.5 0.0
49.5 0.0
50.5 0.0
51.5 0.0
52.5 0.0
53.5 0.0
54.5 0.0
55.5 0.0
56.5 0.0
57.5 0.0
58.5 0.0
59.5 0.0
60.5 0.0
61.5 0.0
62.5 0.0
63.5 0.0
64.5 0.0
65.5 0.0
66.5 0.0
67.5 0.0
68.5 0.0
69.5 0.0
70.5 0.0
71.5 0.0
72.5 0.0
73.5 0.0
74.5 0.0
75.5 0.0
76.5 0.0
77.5 0.0
78.5 0.0
79.5 0.0
80.5 0.0
81.5 0.0
82.5 0.0
83.5 0.0
84.5 0.0
85.5 0.0
86.5 0.0
87.5 0.0
88.5 0.0
89.5 0.0
90.5 0.0
91.5 0.0
92.5 0.0
93.5 0.0
94.5 0.0
95.5 0.0
96.5 0.0
97.5 0.0
98.5 0.0
99.5 0.0
100.5 0.0
101.5 0.0
102.5 0.0
103.5 0.0
104.5 1.9526368407898027e-06
105.5 0.0
106.5 1.9526368407898027e-06
107.5 1.9526368407898027e-06
108.5 0.0
109.5 1.9526368407898027e-06
110.5 3.905273681579605e-06
111.5 5.857910522369408e-06
112.5 9.763184203949014e-06
113.5 7.81054736315921e-06
114.5 1.5621094726318425e-05
115.5 5.857910522369408e-06
116.5 1.952636840789803e-05
117.5 1.5621094726318425e-05
118.5 2.538427893026744e-05
119.5 2.3431642089477636e-05
120.5 3.514746313421646e-05
121.5 2.928955261184705e-05
122.5 5.662646838290429e-05
123.5 3.9052736815796064e-05
124.5 7.420019995001252e-05
125.5 6.0531742064483903e-05
126.5 6.24843789052737e-05
127.5 5.6626468382904296e-05
128.5 8.005811047238193e-05
129.5 0.0001640214946263433
130.5 0.0001230161209697576
131.5 0.00016206885778555357
132.5 0.00021283741564608838
133.5 0.0001991689577605597
134.5 0.00029680079980004954
135.5 0.00042372219445138676
136.5 0.0004901118470382399
137.5 0.0006697544363909014
138.5 0.0008181548362909265
139.5 0.0011344820044988748
140.5 0.0013883247938015488
141.5 0.001831573356660835
142.5 0.0025071857035741064
143.5 0.003180845413646588
144.5 0.004168879655086226
145.5 0.005031945138715319
146.5 0.006879139590102472
147.5 0.00818740627343164
148.5 0.010169332666833295
149.5 0.012297706823294173
150.5 0.015082166958260436
151.5 0.01751710509872532
152.5 0.020410912896775796
153.5 0.023052830542364407
154.5 0.026200481129717568
155.5 0.029117720569857536
156.5 0.031027399400149952
157.5 0.03298784678830291
158.5 0.03412037615596099
159.5 0.03524118970257434
160.5 0.03546769557610597
161.5 0.03483504123969007
162.5 0.03388996500874782
163.5 0.03353458510372408
164.5 0.03144721632091977
165.5 0.02997297550612348
166.5 0.027768448512871777
167.5 0.025786522119470127
168.5 0.023443357910522374
169.5 0.02122125718570359
170.5 0.019022588102974265
171.5 0.016775103099225197
172.5 0.014469038990252437
173.5 0.013190061859535121
174.5 0.011651384028992753
175.5 0.01027086978255436
176.5 0.009298456635841041
177.5 0.00833971194701324
178.5 0.008126874531367153
179.5 0.007273572231942013
180.5 0.0073868251687078225
181.5 0.007025587353161709
182.5 0.007140792926768304
183.5 0.007658241689577605
184.5 0.007923800299925022
185.5 0.008736097225693578
186.5 0.009403899025243695
187.5 0.009995547988003006
188.5 0.010307969882529362
189.5 0.011124172081979508
190.5 0.01141511497125719
191.5 0.011932563734066481
192.5 0.012266464633841538
193.5 0.012180548612846787
194.5 0.012321138465383649
195.5 0.011776352786803298
196.5 0.011590852286928268
197.5 0.011221803924018989
198.5 0.01057157585603599
199.5 0.009694841914521371
200.5 0.00887668707823044
201.5 0.007874984378905273
202.5 0.007199372031992003
203.5 0.006111753311672085
204.5 0.005238924643839039
205.5 0.004487159460134966
206.5 0.003620188702824295
207.5 0.0030793082979255187
208.5 0.002393932766808297
209.5 0.001808141714571357
210.5 0.0014800987253186706
211.5 0.0011676768307923027
212.5 0.0008376812046988246
213.5 0.000617033241689577
214.5 0.0005154961259685074
215.5 0.00031827980504873756
216.5 0.0002518901524618842
217.5 0.00016011622094476376
218.5 0.0001230161209697576
219.5 9.958447888027997e-05
220.5 8.005811047238193e-05
221.5 5.467383154211449e-05
222.5 4.4910647338165475e-05
223.5 3.3194826293426654e-05
224.5 1.757373156710823e-05
225.5 2.1479005248687836e-05
226.5 3.3194826293426654e-05
227.5 2.7336915771057246e-05
228.5 1.3668457885528621e-05
229.5 1.7573731567108225e-05
230.5 2.538427893026744e-05
231.5 2.5384278930267443e-05
232.5 2.7336915771057246e-05
233.5 1.1715821044738818e-05
234.5 1.3668457885528621e-05
235.5 1.562109472631842e-05
236.5 1.5621094726318425e-05
237.5 1.3668457885528621e-05
238.5 7.81054736315921e-06
239.5 1.3668457885528621e-05
240.5 9.763184203949014e-06
241.5 5.857910522369408e-06
242.5 5.857910522369408e-06
243.5 5.857910522369408e-06
244.5 0.0
245.5 0.0
246.5 3.905273681579605e-06
247.5 1.9526368407898027e-06
248.5 1.9526368407898027e-06
249.5 0.0
250.5 0.0
251.5 0.0
252.5 1.9526368407898027e-06
253.5 0.0
254.5 0.0
255.5 0.0
256.5 0.0
257.5 0.0
258.5 0.0
259.5 0.0
260.5 0.0
261.5 0.0
262.5 0.0
263.5 0.0
264.5 0.0
265.5 0.0
266.5 0.0
267.5 0.0
268.5 0.0
269.5 0.0
270.5 0.0
271.5 0.0
272.5 0.0
273.5 0.0
274.5 0.0
275.5 0.0
276.5 0.0
277.5 0.0
278.5 0.0
279.5 0.0
280.5 0.0
281.5 0.0
282.5 0.0
283.5 0.0
284.5 0.0
285.5 0.0
286.5 0.0
287.5 0.0
288.5 0.0
289.5 0.0
290.5 0.0
291.5 0.0
292.5 0.0
293.5 0.0
294.5 0.0
295.5 0.0
296.5 0.0
297.5 0.0
298.5 0.0
299.5 0.0
300.5 0.0
301.5 0.0
302.5 0.0
303.5 0.0
304.5 0.0
305.5 0.0
306.5 0.0
307.5 0.0
308.5 0.0
309.5 0.0
310.5 0.0
311.5 0.0
312.5 0.0
313.5 0.0
314.5 0.0
315.5 0.0
316.5 0.0
317.5 0.0
318.5 0.0
319.5 0.0
320.5 0.0
321.5 0.0
322.5 0.0
323.5 0.0
324.5 0.0
325.5 0.0
326.5 0.0
327.5 0.0
328.5 0.0
329.5 0.0
330.5 0.0
331.5 0.0
332.5 0.0
333.5 0.0
334.5 0.0
335.5 0.0
336.5 0.0
337.5 0.0
338.5 0.0
339.5 0.0
340.5 0.0
341.5 0.0
342.5 0.0
343.5 0.0
344.5 0.0
345.5 0.0
346.5 0.0
347.5 0.0
348.5 0.0
349.5 0.0
350.5 0.0
351.5 0.0
352.5 0.0
353.5 0.0
354.5 0.0
355.5 0.0
356.5 0.0
357.5 0.0
358.5 0.0
359.5 0.0
