0.5 0.0
1.5 1.9526368407898027e-06
2.5 3.905273681579605e-06
3.5 1.9526368407898027e-06
4.5 0.0
5.5 1.9526368407898027e-06
6.5 3.905273681579605e-06
7.5 5.857910522369408e-06
8.5 9.763184203949014e-06
9.5 3.905273681579605e-06
10.5 1.9526368407898027e-06
11.5 5.857910522369408e-06
12.5 9.763184203949014e-06
13.5 7.81054736315921e-06
14.5 3.905273681579605e-06
15.5 5.857910522369408e-06
16.5 2.1479005248687836e-05
17.5 9.763184203949014e-06
18.5 2.1479005248687836e-05
19.5 9.763184203949014e-06
20.5 2.7336915771057246e-05
21.5 1.952636840789803e-05
22.5 2.1479005248687836e-05
23.5 5.0768557860534886e-05
24.5 5.4673831542114486e-05
25.5 6.44370157460635e-05
26.5 8.982129467633095e-05
27.5 8.396338415396154e-05
28.5 0.00012106348412896781
29.5 0.00014058985253686575
30.5 0.00015035303674081478
31.5 0.0001718320419895025
32.5 0.00017964258935266168
33.5 0.00024603224193951484
34.5 0.00030851662084478845
35.5 0.0003651430892276927
36.5 0.0003944326418395394
37.5 0.0004862065733566604
38.5 0.0005916489627593097
39.5 0.0006482754311422139
40.5 0.0006775649837540606
41.5 0.0008435391152211943
42.5 0.0010348975256185943
43.5 0.0011227661834541359
44.5 0.0012399243939015237
45.5 0.001357082604348913
46.5 0.001484003999000249
47.5 0.0017397994251437138
48.5 0.0018491470882279432
49.5 0.0021322794301424646
50.5 0.0022181954511372153
51.5 0.002522806798300427
52.5 0.0025931017245688567
53.5 0.0028313234191452135
54.5 0.0029172394401399647
55.5 0.003280429892526869
56.5 0.0032413771557110727
57.5 0.0034307829292676826
58.5 0.003438593476630842
59.5 0.003528414771307174
60.5 0.0037314890027493127
61.5 0.004028289802549362
62.5 0.0038681735816046003
63.5 0.0039501843289177704
64.5 0.004026337165708574
65.5 0.0041122531867033236
66.5 0.003993142339415144
67.5 0.004045863534116471
68.5 0.004053674081479631
69.5 0.003825215571107223
70.5 0.0038174050237440643
71.5 0.003901368407898026
72.5 0.003698294176455887
73.5 0.003627999250187454
74.5 0.0034385934766308405
75.5 0.0031535084978755318
76.5 0.0031535084978755318
77.5 0.0029933922769307675
78.5 0.0029250499875031243
79.5 0.002790318045488628
80.5 0.0026243439140214934
81.5 0.0023451168457885533
82.5 0.002229911272181953
83.5 0.0021147056985753557
84.5 0.0019292051987003249
85.5 0.0018218101724568857
86.5 0.0015523462884278934
87.5 0.0015816358410397397
88.5 0.0013727036990752303
89.5 0.0013687984253936516
90.5 0.001165724193951511
91.5 0.0011403399150212447
92.5 0.0010368501624593847
93.5 0.0010212290677330666
94.5 0.0008904023994001493
95.5 0.0008493970257435639
96.5 0.0007830073731567101
97.5 0.0006307016995751049
98.5 0.0006912334416395889
99.5 0.0006619438890277423
100.5 0.0005194013996500867
101.5 0.0005545488627843031
102.5 0.00044910647338165403
103.5 0.0004393432891777052
104.5 0.00040029055236190896
105.5 0.00036904836290927205
106.5 0.0003319482629342661
107.5 0.0003280429892526864
108.5 0.0002870376155961006
109.5 0.0002147900524868781
110.5 0.00027922706823294143
111.5 0.00023236378405398628
112.5 0.00023236378405398634
113.5 0.00021088477880529843
114.5 0.00024017433141714547
115.5 0.00020307423144213924
116.5 0.00020893214196450872
117.5 0.00016011622094476373
118.5 0.00018354786303424137
119.5 0.000148400399900025
120.5 0.0001659741314671331
121.5 0.00019526368407898008
122.5 0.00015230567358160457
123.5 0.00016792676830792294
124.5 0.00017573731567108208
125.5 0.00016792676830792294
126.5 0.00017964258935266176
127.5 0.00016011622094476378
128.5 0.0002011215946013495
129.5 0.00019135841039740048
130.5 0.00019135841039740056
131.5 0.00021869532616845773
132.5 0.00024798487878030463
133.5 0.00026946388402899254
134.5 0.000263605973506623
135.5 0.0003163271682079476
136.5 0.00035147463134216415
137.5 0.0004120063734066476
138.5 0.0004295801049737561
139.5 0.00045496438390402335
140.5 0.000507685578605348
141.5 0.0006287490627343154
142.5 0.000659991252186952
143.5 0.000732238815296175
144.5 0.0008357285678580346
145.5 0.0009958447888027988
146.5 0.0011305767308172948
147.5 0.0012770244938765313
148.5 0.001409803799050237
149.5 0.0015757779305173708
150.5 0.0017593257935516117
151.5 0.0020756529617595595
152.5 0.0022963009247688082
153.5 0.0026341070982254444
154.5 0.0028840446138465375
155.5 0.0035459885028742816
156.5 0.003903321044738814
157.5 0.0043914802549362645
158.5 0.0049108816545863545
159.5 0.0052545457385653575
160.5 0.005939921269682581
161.5 0.006760028742814293
162.5 0.007437593726568361
163.5 0.008533022994251434
164.5 0.00910319295176206
165.5 0.009819810672331916
166.5 0.010782460634841291
167.5 0.011793926518370404
168.5 0.012797581854536373
169.5 0.013820763559110225
170.5 0.014695544863784054
171.5 0.015464883779055237
172.5 0.0162576543364159
173.5 0.017081667083229196
174.5 0.01782366908272931
175.5 0.018466086603349165
176.5 0.018958151087228182
177.5 0.01931548362909273
178.5 0.019655242439390153
179.5 0.020160975381154717
180.5 0.020283991502124475
181.5 0.020016480254936277
182.5 0.020348428517870526
183.5 0.019442405023744065
184.5 0.01933305736065983
185.5 0.018786319045238687
186.5 0.018280586103474123
187.5 0.01754639465133717
188.5 0.016894213946513376
189.5 0.016117064483879028
190.5 0.014949387653086718
191.5 0.0142073856535866
192.5 0.013158819670082474
193.5 0.012375812296925767
194.5 0.011647478755311172
195.5 0.010266964508872779
196.5 0.009560109972506876
197.5 0.008919645088727819
198.5 0.007849600099975007
199.5 0.007363393526618346
200.5 0.006533522869282677
201.5 0.005795426143464135
202.5 0.005318982754311423
203.5 0.004459822544363908
204.5 0.004153258560359909
205.5 0.003772494376405898
206.5 0.0033526774556360914
207.5 0.0029426237190702327
208.5 0.0025852911772056984
209.5 0.002192811172206948
210.5 0.002017073856535866
211.5 0.0018218101724568855
212.5 0.0016363096725818549
213.5 0.0014566670832291922
214.5 0.0012555454886278433
215.5 0.001109097725568607
216.5 0.0010251343414146457
217.5 0.0009099287678080473
218.5 0.0008454917520619833
219.5 0.0007263809047738056
220.5 0.0006599912521869524
221.5 0.0006131279680079975
222.5 0.0006033647838040481
223.5 0.0005350224943764054
224.5 0.00048815921019744983
225.5 0.00043348537865533566
226.5 0.0003963852786803293
227.5 0.00038662209447638016
228.5 0.0003085166208447885
229.5 0.00035733254186453336
230.5 0.00029094288927768023
231.5 0.00030265871032241886
232.5 0.00024407960509872516
233.5 0.00025774806298425364
234.5 0.00029484816295925965
235.5 0.0002518901524618842
236.5 0.00021869532616845775
237.5 0.00021479005248687812
238.5 0.00023822169457635565
239.5 0.00024407960509872502
240.5 0.00025579542614346385
241.5 0.00020893214196450872
242.5 0.0002011215946013495
243.5 0.0002518901524618843
244.5 0.00023626905773556592
245.5 0.00025579542614346385
246.5 0.0002968007998000497
247.5 0.00027141652086978233
248.5 0.00031827980504873734
249.5 0.0002655586103474128
250.5 0.0003182798050487374
251.5 0.0003319482629342661
252.5 0.00037490627343164147
253.5 0.0004217695576105968
254.5 0.0004276274681329662
255.5 0.00049011184703824
256.5 0.00047449075231192146
257.5 0.0005272119470132461
258.5 0.0005662646838290418
259.5 0.000644370157460634
260.5 0.0006619438890277422
261.5 0.0006756123469132711
262.5 0.0007751968257935509
263.5 0.000851349662584353
264.5 0.0008611128467883018
265.5 0.000952886778305423
266.5 0.0010368501624593847
267.5 0.001224303299175206
268.5 0.001339508872781804
269.5 0.0012379717570607347
270.5 0.0013980879780054987
271.5 0.0014800987253186697
272.5 0.0017183204198950256
273.5 0.0017319888777805542
274.5 0.0018979630092476878
275.5 0.001978021119720069
276.5 0.0021303267933016744
277.5 0.002122516245938516
278.5 0.0024466539615096237
279.5 0.0024603224193951506
280.5 0.002628249187703074
281.5 0.0029211447138215428
282.5 0.0030031554611347168
283.5 0.0032433297925518636
284.5 0.0031886559610097473
285.5 0.0036670519870032484
286.5 0.003721725818545364
287.5 0.0036162834291427154
288.5 0.003934563234191451
289.5 0.003817405023744063
290.5 0.003922847413146712
291.5 0.004081010997250688
292.5 0.004211837665583604
293.5 0.004092726818295427
294.5 0.004125921644588854
295.5 0.004151305923519121
296.5 0.004112253186703324
297.5 0.004067342539365159
298.5 0.004161069107723071
299.5 0.004020479255186205
300.5 0.0038252155711072234
301.5 0.0038740314921269685
302.5 0.0036143307923019253
303.5 0.0034659303924019008
304.5 0.0033155773556610853
305.5 0.0032238034241439642
306.5 0.003096882029492627
307.5 0.0030441608347913
308.5 0.0026809703824043985
309.5 0.002503280429892526
310.5 0.0022025743564108974
311.5 0.0021068951512121965
312.5 0.0019682579355161205
313.5 0.0017729942514371408
314.5 0.0016284991252186953
315.5 0.0014390933516620842
316.5 0.001198919020244938
317.5 0.0011110503624093973
318.5 0.0010212290677330661
319.5 0.0008943076730817284
320.5 0.0007302861784553854
321.5 0.0006326543364158952
322.5 0.0005311172206948256
323.5 0.0004901118470382397
324.5 0.00037295363659085195
325.5 0.00034756935766058436
326.5 0.00031046925768557824
327.5 0.0002460322419395149
328.5 0.0001952636840789801
329.5 0.00017573731567108208
330.5 0.00014254248937765554
331.5 0.00011130029992501879
332.5 7.810547363159213e-05
333.5 8.201074731317174e-05
334.5 7.810547363159213e-05
335.5 4.881592101974508e-05
336.5 3.710009997500626e-05
337.5 4.4910647338165475e-05
338.5 1.9526368407898032e-05
339.5 2.9289552611847047e-05
340.5 2.1479005248687836e-05
341.5 1.3668457885528621e-05
342.5 9.763184203949014e-06
343.5 1.3668457885528621e-05
344.5 1.1715821044738818e-05
345.5 3.905273681579605e-06
346.5 1.1715821044738818e-05
347.5 7.81054736315921e-06
348.5 1.3668457885528621e-05
349.5 3.905273681579605e-06
350.5 1.9526368407898027e-06
351.5 0.0
352.5 0.0
353.5 5.857910522369408e-06
354.5 5.857910522369408e-06
355.5 3.905273681579605e-06
356.5 5.857910522369408e-06
357.5 0.0
358.5 7.81054736315921e-06
359.5 1.9526368407898027e-06
