0.5 0.0
1.5 0.0
2.5 0.0
3.5 0.0
4.5 0.0
5.5 1.9526368407898027e-06
6.5 0.0
7.5 1.9526368407898027e-06
8.5 1.9526368407898027e-06
9.5 0.0
10.5 1.9526368407898027e-06
11.5 0.0
12.5 0.0
13.5 1.9526368407898027e-06
14.5 5.857910522369408e-06
15.5 3.905273681579605e-06
16.5 0.0
17.5 0.0
18.5 1.9526368407898027e-06
19.5 0.0
20.5 9.763184203949014e-06
21.5 7.81054736315921e-06
22.5 7.81054736315921e-06
23.5 3.905273681579605e-06
24.5 1.1715821044738818e-05
25.5 1.1715821044738818e-05
26.5 9.763184203949014e-06
27.5 2.3431642089477636e-05
28.5 2.343164208947764e-05
29.5 1.757373156710823e-05
30.5 4.295801049737567e-05
31.5 5.6626468382904296e-05
32.5 6.834228942764311e-05
33.5 5.85791052236941e-05
34.5 8.786865783554115e-05
35.5 8.201074731317174e-05
36.5 0.0001425424893776556
37.5 0.00014449512621844535
38.5 0.00020307423144213933
39.5 0.00020893214196450867
40.5 0.0002870376155961005
41.5 0.00031632716820794755
42.5 0.000349521994501374
43.5 0.0004901118470382399
44.5 0.0005154961259685072
45.5 0.0005916489627593093
46.5 0.0007185703574106463
47.5 0.0008044863784053975
48.5 0.0009665552361909517
49.5 0.00108371344663834
50.5 0.0012360191202199446
51.5 0.0014429986253436638
52.5 0.001595304298925268
53.5 0.0016929361409647578
54.5 0.0019897369407648087
55.5 0.0020405054986253435
56.5 0.002231863909022744
57.5 0.0024778961509622608
58.5 0.002495469882529368
59.5 0.0027473600349912516
60.5 0.0026848756560859783
61.5 0.0027922706823294173
62.5 0.0030343976505873547
63.5 0.003227708697825544
64.5 0.00326871407148213
65.5 0.003317529992501876
66.5 0.0033663459135216183
67.5 0.0034874093976505864
68.5 0.0034053986503374146
69.5 0.0033370563609097714
70.5 0.0033253405398650346
71.5 0.0032120876030992266
72.5 0.0031417926768307946
73.5 0.003235519245188704
74.5 0.0029719132716820806
75.5 0.002852802424393903
76.5 0.0026653492876780815
77.5 0.0025247594351412157
78.5 0.0024974225193701567
79.5 0.0023861222194451388
80.5 0.002126421519620094
81.5 0.001950684203949012
82.5 0.0018686734566358409
83.5 0.0018120469882529362
84.5 0.0015289146463384154
85.5 0.0014098037990502368
86.5 0.0013648931517120724
87.5 0.0012965508622844286
88.5 0.0011501030992251934
89.5 0.001040755436140964
90.5 0.0009021182204448878
91.5 0.000919691952011996
92.5 0.0008025337415646077
93.5 0.0007380967258185444
94.5 0.0006248437890527357
95.5 0.0005818857785553606
96.5 0.0005115908522869274
97.5 0.0005389277680579845
98.5 0.0004295801049737559
99.5 0.0004510591102224437
100.5 0.00036123781554611294
101.5 0.00035537990502374346
102.5 0.0002850849787553108
103.5 0.0002655586103474128
104.5 0.00025189015246188427
105.5 0.00024017433141714542
106.5 0.0002089321419645087
107.5 0.00021869532616845778
108.5 0.00017964258935266174
109.5 0.00018550049987503116
110.5 0.0001757373156710821
111.5 0.00017183204198950255
112.5 0.00017768995251187187
113.5 0.00017183204198950247
114.5 0.00016792676830792292
115.5 0.00014644776305923517
116.5 0.00015425831042239439
117.5 0.00016987940514871276
118.5 0.0001152055736065984
119.5 0.0001698794051487127
120.5 0.00013668457885528614
121.5 0.0001659741314671331
122.5 0.00018159522619345145
123.5 0.00017573731567108213
124.5 0.00014254248937765556
125.5 0.0001737846788302923
126.5 0.00016402149462634334
127.5 0.00019526368407898008
128.5 0.000214790052486878
129.5 0.0002499375156210944
130.5 0.00025774806298425364
131.5 0.0002479848787803045
132.5 0.00028899025243689044
133.5 0.0003182798050487372
134.5 0.00034171144713821504
135.5 0.0003866220944763804
136.5 0.0004081010997250681
137.5 0.0004334853786553354
138.5 0.000556501499625093
139.5 0.0005643120469882519
140.5 0.0007068545363659077
141.5 0.000790817920519869
142.5 0.0008943076730817284
143.5 0.0010446607098225436
144.5 0.001208682204448888
145.5 0.0012789771307173208
146.5 0.0015328199200199948
147.5 0.0017026993251687077
148.5 0.0019077261934516358
149.5 0.0021967164458885275
150.5 0.0025540489877530622
151.5 0.002870376155961012
152.5 0.0032277086978255445
153.5 0.0037373469132716795
154.5 0.004000952886778304
155.5 0.0046336072231942015
156.5 0.005178392901774556
157.5 0.005727083854036487
158.5 0.006377311922019498
159.5 0.007394635716070982
160.5 0.007837884278930268
161.5 0.008782960509872529
162.5 0.009835431767058238
163.5 0.010573528492876781
164.5 0.011258904023994003
165.5 0.012647228817795552
166.5 0.012998703449137712
167.5 0.01424058047988003
168.5 0.015300862284428894
169.5 0.016363096725818545
170.5 0.017124625093726566
171.5 0.01788420082479381
172.5 0.01876679267683079
173.5 0.01942678392901774
174.5 0.020350381154711328
175.5 0.02053783429142714
176.5 0.021389183954011487
177.5 0.021408710322419408
178.5 0.022064796300924776
179.5 0.021781663959010256
180.5 0.021685984753811543
181.5 0.021568826543364165
182.5 0.02153953699075231
183.5 0.021535631717070736
184.5 0.021035756685828556
185.5 0.020307423144213944
186.5 0.01944631029742564
187.5 0.018930814171457127
188.5 0.0182102911772057
189.5 0.01719687265683579
190.5 0.01640214946263435
191.5 0.015585947263184205
192.5 0.01410975381154711
193.5 0.013451715196200946
194.5 0.012615986628342917
195.5 0.011586947013246683
196.5 0.010421222819295174
197.5 0.009694841914521371
198.5 0.00900751374656336
199.5 0.008087821794551362
200.5 0.0073712040739815
201.5 0.006291395901024745
202.5 0.00580909460134966
203.5 0.005426377780554861
204.5 0.004776149712571855
205.5 0.0041591164708822785
206.5 0.0038134997500624836
207.5 0.0033077668082979257
208.5 0.002981676455886028
209.5 0.00248375406148463
210.5 0.0023177799300174943
211.5 0.0019799737565608594
212.5 0.0016812203199200195
213.5 0.001407851162209447
214.5 0.0012731192201949505
215.5 0.0011266714571357154
216.5 0.0010173237940514861
217.5 0.0009216445888527858
218.5 0.0007537178205448627
219.5 0.0006560859785053731
220.5 0.0005760278680329912
221.5 0.0005330698575356154
222.5 0.0004412959260184949
223.5 0.000468632841789552
224.5 0.0003963852786803294
225.5 0.0003612378155461129
226.5 0.0002909428892776803
227.5 0.00026751124718820264
228.5 0.00027336915771057206
229.5 0.0002909428892776803
230.5 0.00021283741564608838
231.5 0.0001972163209197698
232.5 0.0001562109472631841
233.5 0.0001601162209447637
234.5 0.00018550049987503105
235.5 0.00014058985253686577
236.5 0.0001230161209697576
237.5 0.00014449512621844535
238.5 0.00014449512621844538
239.5 0.00013668457885528614
240.5 0.00016597413146713313
241.5 0.00013863721569607598
242.5 0.000158163584103974
243.5 0.000119110847288178
244.5 0.00015621094726318412
245.5 0.00014254248937765556
246.5 0.00014840039990002496
247.5 0.00014449512621844538
248.5 0.00017964258935266168
249.5 0.00018354786303424132
250.5 0.00019331104723819032
251.5 0.00020893214196450867
252.5 0.00020893214196450864
253.5 0.00021088477880529846
254.5 0.00026946388402899243
255.5 0.00025970069982504337
256.5 0.00033975881029742525
257.5 0.00032413771557110666
258.5 0.00031827980504873734
259.5 0.00037490627343164163
260.5 0.0003866220944763803
261.5 0.0004159116470882273
262.5 0.00045886965758560314
263.5 0.0005291645838540357
264.5 0.0006053174206448379
265.5 0.0005760278680329908
266.5 0.0006892808047987992
267.5 0.0006970913521619583
268.5 0.0008533022994251432
269.5 0.0009294551362159451
270.5 0.0010622344413896527
271.5 0.0010153711572106969
272.5 0.0011813452886778309
273.5 0.0012848350412396905
274.5 0.0013609878780304924
275.5 0.0014820513621594598
276.5 0.0017202730567358153
277.5 0.0017905679830042486
278.5 0.001907726193451637
279.5 0.0021049425143714073
280.5 0.002220148087978005
281.5 0.00255795426143464
282.5 0.002636059735066235
283.5 0.0027961759560109966
284.5 0.0028078917770557365
285.5 0.003026587103224195
286.5 0.003130076855786052
287.5 0.003075403024243938
288.5 0.0031593664083979004
289.5 0.0032433297925518645
290.5 0.0034424987503124224
291.5 0.0033194826293426656
292.5 0.0034346882029492624
293.5 0.003190608597850537
294.5 0.003383919645088729
295.5 0.003098834666333417
296.5 0.003141792676830791
297.5 0.003091024118970259
298.5 0.002979723819045239
299.5 0.0029406710822294448
300.5 0.002677065108722819
301.5 0.0026477755561109726
302.5 0.0023099693826543373
303.5 0.0022318639090227444
304.5 0.0020990846038490374
305.5 0.0018725787303174202
306.5 0.0017124625093726568
307.5 0.0015328199200199946
308.5 0.001409803799050237
309.5 0.0011969663834041485
310.5 0.0010778555361159712
311.5 0.00098022369407648
312.5 0.0008064390152461871
313.5 0.0007166177205698569
314.5 0.0006170332416895767
315.5 0.0005838384153961497
316.5 0.0005252593101724561
317.5 0.00038857473131717005
318.5 0.00027922706823294143
319.5 0.0002577480629842537
320.5 0.00019916895776055966
321.5 0.00020502686828292906
322.5 0.0001327793051737066
323.5 0.0001230161209697576
324.5 8.982129467633095e-05
325.5 9.763184203949015e-05
326.5 6.44370157460635e-05
327.5 4.881592101974508e-05
328.5 5.85791052236941e-05
329.5 3.710009997500626e-05
330.5 3.710009997500626e-05
331.5 2.1479005248687836e-05
332.5 1.5621094726318425e-05
333.5 7.81054736315921e-06
334.5 9.763184203949014e-06
335.5 5.857910522369408e-06
336.5 1.1715821044738818e-05
337.5 9.763184203949014e-06
338.5 7.81054736315921e-06
339.5 1.9526368407898027e-06
340.5 1.9526368407898027e-06
341.5 1.9526368407898027e-06
342.5 3.905273681579605e-06
343.5 1.9526368407898027e-06
344.5 0.0
345.5 1.9526368407898027e-06
346.5 0.0
347.5 1.9526368407898027e-06
348.5 1.9526368407898027e-06
349.5 1.9526368407898027e-06
350.5 0.0
351.5 0.0
352.5 3.905273681579605e-06
353.5 0.0
354.5 0.0
355.5 0.0
356.5 0.0
357.5 1.9526368407898027e-06
358.5 0.0
359.5 0.0
