gamma 0.015570474023804822 -1.0 1.2756535892220034e-11 3.949848372393227e-09
beta1 -0.055688840114920465 -1.0 9.596899325361268e-10 1.9511994965219744e-07
beta2 -0.1605318503158059 -1.0 8.922457048828734e-10 1.796029719399779e-07
alpha1 -0.01998864136725548 -1.0 1.0518802326201904e-09 2.1595667441619135e-07
alpha2 0.06137157136917981 -1.0 1.0432454185289963e-09 2.0876273825545897e-07
g1_1 -0.2642085794013769 -1.0 1.0538831710067846e-09 2.0202000215222388e-07
g1_2 0.021277285228057802 -1.0 1.219163423770898e-09 2.3801003117757332e-07
g2 -0.25653440209465267 -1.0 1.1488586989094816e-09 2.307156143713163e-07
g3_1 -0.11610872858488483 -1.0 1.0041975510141989e-09 2.056821080966466e-07
g3_2 -0.15172603995484918 -1.0 9.635611714585022e-10 1.9612520970457228e-07
