gamma 0.015570474023804822 0.003277686717512827 0.11511073009389575 0.005240614325298095 1.0
beta1 -0.055688840114920465 0.025922372592760326 1.3536528853186889 0.0639991200850057 0.3046875
beta2 -0.1605318503158059 0.015574671449832428 1.391431584296978 0.05863001941294592 0.3125
alpha1 -0.01998864136725548 0.02602131639420676 1.430044470747942 0.06574403624605105 0.2734375
alpha2 0.06137157136917981 0.024347346558696834 1.4463959491752496 0.06652204484014243 0.2734375
g1_1 -0.2642085794013769 0.01554373487127394 1.8458942700775105 0.08518977912951804 0.21875
g1_2 0.021277285228057802 0.020409080894346354 1.8255197628916164 0.09181444845924767 0.171875
g2 -0.25653440209465267 0.016574698547023026 1.80764822204031 0.08364275756125547 0.1796875
g3_1 -0.11610872858488483 0.019072654652186546 1.6682398890833585 0.07614092836100703 0.2734375
g3_2 -0.15172603995484918 0.018259089047658682 1.6651786274191562 0.06540080883505574 0.25
