gamma 0.02236609295300264 -1.0 1.544920988486715e-11 4.3129844760857506e-09
beta1 -0.07231295113896982 -1.0 8.991563745441232e-10 1.6384978654205198e-07
beta2 -0.1968938095340777 -1.0 8.04511305031907e-10 1.438365730014037e-07
alpha1 -0.01763148416633271 -1.0 1.0136750201826515e-09 1.9097533740520103e-07
alpha2 0.10019011296645987 -1.0 1.002218682879402e-09 1.9190580698771242e-07
g1_1 -0.26125178236412483 -1.0 1.0446122544195822e-09 1.803433698162481e-07
g1_2 0.09085513471121329 -1.0 1.2337111992978228e-09 2.4385394315249776e-07
g2 -0.2583000328539724 -1.0 1.1139104191826204e-09 2.0191153521999343e-07
g3_1 -0.06394337181755926 -1.0 9.819046589873268e-10 1.7416426678861598e-07
g3_2 -0.11560102847033712 -1.0 9.318960184236373e-10 1.6176964121175984e-07
