0 0.00014800494108418457
1 0.00019632958860161073
2 0.00032469082483469884
3 0.0003835939056317766
4 0.0005149867318576961
5 0.0005784263856419822
6 0.0006916775777597177
7 0.0007082952405843743
8 0.0007792776585167754
9 0.0006992302662109129
10 0.0006433654880027603
11 0.0005512308734322649
12 0.0005013834241158907
13 0.0004107689817257071
14 0.000299022491211851
15 0.0002642909304986177
16 0.00017065103189655068
17 0.00015102076036729533
18 9.06118141271447e-05
19 6.0407194214743774e-05
20 4.983489155498837e-05
21 3.7753219289258636e-05
22 1.8123239086460986e-05
23 2.869262181724743e-05
24 7.549768071124854e-06
25 9.060597472076699e-06
26 4.530444738117382e-06
27 1.2080796817623852e-05
28 4.530152733959317e-06
29 7.551227866233341e-06
30 7.551227753294197e-06
31 6.041566256166435e-06
32 6.040690243626758e-06
33 4.530444738117382e-06
34 1.5105375096674401e-06
35 1.5102455055093755e-06
36 9.060889250487444e-06
37 6.041274139069226e-06
38 9.061765375900782e-06
39 1.6611825338310042e-05
40 1.8120319044552868e-05
41 2.567183857625781e-05
42 2.1143729645723107e-05
43 6.191919231009384e-05
44 7.40011568054669e-05
45 8.608020182402069e-05
46 0.00014044437010023224
47 0.00024162907055682757
48 0.0003790628763203198
49 0.000595006971726258
50 0.0009755716262212911
51 0.0015177378146884201
52 0.0022848984700140837
53 0.0033042654668050454
54 0.004728371555734553
55 0.006933239852655456
56 0.009350978046769973
57 0.012135733332773147
58 0.014991414706548863
59 0.0176312208986964
60 0.020222625029023653
61 0.021392980386589096
62 0.02121477405220339
63 0.02019993778741159
64 0.01760092021753897
65 0.01438726890529745
66 0.01132312664360578
67 0.008339052201864714
68 0.006492165827549421
69 0.005425982392507355
70 0.005794472673034897
71 0.007946474214132127
72 0.01108009946697219
73 0.016007770593273865
74 0.021278181334620935
75 0.026871886838307973
76 0.03195517107652303
77 0.03553731122395226
78 0.03750654880921256
79 0.03743102164939686
80 0.035028442279005194
81 0.031641086411593515
82 0.02671642321492711
83 0.022628416205674007
84 0.01762216382785871
85 0.013768260949236572
86 0.010198185249892562
87 0.007387761307096351
88 0.00539732596983641
89 0.003743722119487461
90 0.00256577174302629
91 0.001830321274501472
92 0.0012096459687013306
93 0.000874384006287549
94 0.0006312481945011838
95 0.0004183094081472562
96 0.0002552133987032431
97 0.00022048329676899338
98 0.00015403920870382258
99 0.0001072186748298754
100 7.550702281290815e-05
101 6.0405734758321774e-05
102 4.8326689852903606e-05
103 4.983576824490096e-05
104 3.624414225220364e-05
105 4.832493884394913e-05
106 2.2651347565239058e-05
107 3.322452702784623e-05
108 2.5672422697513084e-05
109 2.718266820302246e-05
110 3.1711653146031355e-05
111 2.1141394176826894e-05
112 3.1715157760951374e-05
113 3.322335878533568e-05
114 3.775497131453449e-05
115 2.8693205938502706e-05
116 4.983430788529323e-05
117 6.0404274737465945e-05
118 6.946516466532631e-05
119 6.191364434337479e-05
120 0.0001026847278479708
121 0.00010419760037503982
122 0.00013289139122524084
123 0.000140443202422352
124 0.00017819554671526117
125 0.00021142182497820223
126 0.0002793732396360385
127 0.0002959909050582304
128 0.00031410859606483666
129 0.00042434980853184854
130 0.00046663931162665366
131 0.0004696560087286102
132 0.0005149546151231748
133 0.0005949973379591918
134 0.00059499821510132
135 0.000564800311623634
136 0.0005632780930432139
137 0.0005602640284950016
138 0.0005436446072093055
139 0.0005209970564889572
140 0.00042434309062925203
141 0.0003503477746979134
142 0.0003020327632057467
143 0.00025672656583154675
144 0.00022954126823576638
145 0.0001585705303577964
146 0.00013289576993319346
147 9.815720258713122e-05
148 8.154713017734836e-05
149 9.665017003107027e-05
150 6.795725462897515e-05
151 7.702427596710937e-05
152 6.493793152184599e-05
153 8.30588346873921e-05
154 5.8894321461927446e-05
155 6.342593387812159e-05
156 7.249003562603883e-05
157 4.983722826595329e-05
158 6.342535020842645e-05
159 4.379332575038206e-05
160 5.738699532088773e-05
161 5.8899576746853434e-05
162 6.0406318315143244e-05
163 4.983489211948764e-05
164 3.926434114605964e-05
165 6.191802440613872e-05
166 4.6816737255065564e-05
167 4.530386314717584e-05
168 3.4733604403784204e-05
169 4.681732092456421e-05
170 3.3221898990227197e-05
171 3.322277489002423e-05
172 4.077312663064774e-05
173 4.228454003998117e-05
174 3.62444339176097e-05
175 4.379449331545419e-05
176 3.17128211627291e-05
177 2.718208453332731e-05
178 3.171428061915112e-05
179 2.4163345321771614e-05
180 2.5671254793689e-05
181 3.322365078969025e-05
182 2.8693789946949848e-05
183 2.416100951399243e-05
184 3.4733896407876775e-05
185 3.7754678745680664e-05
186 2.8692622268938575e-05
187 2.869262181724743e-05
188 3.47371083412658e-05
189 2.718383633265935e-05
190 4.077662989049436e-05
191 3.473477253348662e-05
192 3.171252870701091e-05
193 4.832639762286725e-05
194 3.1713989744057124e-05
195 3.624268166671754e-05
196 4.832493816670723e-05
197 5.889490558337923e-05
198 3.473506374739809e-05
199 3.32227746640804e-05
200 4.5301819343751224e-05
201 3.473447962594632e-05
202 3.0203451105325615e-05
203 4.832610652209143e-05
204 3.624472648639805e-05
205 4.9836643692941385e-05
206 4.530503161563021e-05
207 5.4368841133838584e-05
208 5.436767198781477e-05
209 4.530736821365598e-05
210 5.436387751425315e-05
211 7.248361232461158e-05
212 9.363026156061714e-05
213 8.607582266444254e-05
214 0.00012534162315411607
215 0.00014346077339152813
216 0.00017970812768992886
217 0.0002068980969008092
218 0.00024917679787323015
219 0.00031109744659065067
220 0.0003080655699006881
221 0.00033375083999189164
222 0.000318645755431363
223 0.00037149062720183635
224 0.00036847480769304367
225 0.00030202809170293103
226 0.0002959979134975618
227 0.0003110930685606608
228 0.00023860858157851716
229 0.0002461533851266088
230 0.00021293586495707686
231 0.00014346427811919078
232 0.00013440426499431316
233 0.00012987498804688417
234 0.00010722276390460615
235 9.816362724395938e-05
236 5.436504474050781e-05
237 5.134543019378536e-05
238 4.379244951209506e-05
239 3.0204035904215857e-05
240 3.775380363645773e-05
241 3.171369706252613e-05
242 2.4163053317548065e-05
243 1.812177872672221e-05
244 1.6611241329928427e-05
245 1.2079920805084173e-05
246 7.5503518536936636e-06
247 3.0201991197343464e-06
248 1.5101579494114202e-05
249 9.06059735920304e-06
250 2.114168651980244e-05
251 1.3591625992762893e-05
252 1.510216395418696e-05
253 6.040398239468693e-06
254 9.060889589173909e-06
255 1.3590458201877953e-05
256 1.5101287941516262e-05
257 2.567388339587284e-05
258 2.5673298710052763e-05
259 1.9631732679633644e-05
260 4.228366391456784e-05
261 6.04060271012973e-05
262 8.910010837503219e-05
263 0.00013289255879031308
264 0.0001751806025415045
265 0.00024162878024675699
266 0.00032619523093402694
267 0.00046663843369480355
268 0.0007127985315305106
269 0.0010767612898461081
270 0.0015011122675235881
271 0.0020734702320089034
272 0.0028149453181254775
273 0.003961189881864494
274 0.005282540583916058
275 0.006625121741984756
276 0.008527934214371235
277 0.010415636644224027
278 0.012052675979666857
279 0.013425450073530468
280 0.01376823962084298
281 0.013913182591418322
282 0.013508466861420692
283 0.011946959949540753
284 0.010192122627489553
285 0.008046197992606387
286 0.006209795157890984
287 0.00460148699220283
288 0.0035156569232358366
289 0.0030701318597838845
290 0.0034265285029884155
291 0.004726797965307212
292 0.006472518329123756
293 0.00891291662787929
294 0.011893941966711485
295 0.014059479941734922
296 0.015740281931086786
297 0.01701337778704077
298 0.01697562661449207
299 0.015713182210478058
300 0.014020269330148258
301 0.011601041044463866
302 0.009331246761434514
303 0.007207982227581714
304 0.005164764806903265
305 0.003660641093046132
306 0.0025370543044636994
307 0.0016883719160996394
308 0.0011281122744418515
309 0.0007158239894349748
310 0.00045154327682500573
311 0.00028240336542978954
312 0.00017065161827626167
313 0.00010722042798401882
314 8.154946406542385e-05
315 4.2282496123617414e-05
316 2.1142562419468462e-05
317 2.2652807924846815e-05
318 1.208400863787723e-05
319 7.550935749136133e-06
320 4.530444625243722e-06
321 4.531028746498995e-06
322 4.531320976600884e-06
323 3.0201991197343464e-06
324 3.0204911238924113e-06
325 0.0
326 0.0
327 1.509953614224971e-06
328 4.530152733959317e-06
329 6.040398239468693e-06
330 7.551519870391406e-06
331 1.5102455055093755e-06
332 3.0201991197343464e-06
333 1.2081380939010144e-05
334 9.061765150087978e-06
335 1.0572303224385708e-05
336 1.5100119924818519e-05
337 1.5102164179999765e-05
338 2.2654851502589647e-05
339 2.567475906972605e-05
340 3.624735373370501e-05
341 4.984102398164913e-05
342 8.608545835108097e-05
343 0.00011326199378855966
344 0.00014648798027269694
345 0.00019179710051189084
346 0.00024918409560657274
347 0.0002703281171439735
348 0.0003141264084332516
349 0.00037755379883183573
350 0.000305068730551523
351 0.0004455107630370807
352 0.0003805643633941923
353 0.0003549047888808784
354 0.00030203480587997626
355 0.00030355614664109246
356 0.00020388052367311196
357 0.0001298784904034796
358 0.00014196454374822926
