0 1.509953614224971e-06
1 0.0
2 3.019907228449942e-06
3 0.0
4 0.0
5 0.0
6 0.0
7 1.509953614224971e-06
8 4.529860842674913e-06
9 1.509953614224971e-06
10 3.019907228449942e-06
11 1.509953614224971e-06
12 0.0
13 3.019907228449942e-06
14 4.529860842674913e-06
15 3.019907228449942e-06
16 3.019907228449942e-06
17 9.059721685349826e-06
18 7.549768071124854e-06
19 4.529860842674913e-06
20 6.039814456899884e-06
21 6.039814456899884e-06
22 1.5099536142249712e-05
23 9.059721685349826e-06
24 2.1139350599149595e-05
25 1.9629396984924627e-05
26 1.3589582528024739e-05
27 3.4728933127174336e-05
28 3.774884035562428e-05
29 5.284837649787395e-05
30 6.94578662543486e-05
31 7.09678198685736e-05
32 0.00010569675299574787
33 9.361712408194811e-05
34 0.00010267684576729793
35 0.0001993138770776963
36 0.00022196318129107085
37 0.0002642418824893701
38 0.00032464002705836895
39 0.00034124951681484365
40 0.00042731687282566706
41 0.0005269738113645149
42 0.0005526430228063394
43 0.0007006184770003863
44 0.0008199048125241595
45 0.000943721008890607
46 0.0010765969269424039
47 0.0012728908967916503
48 0.0014571052377270973
49 0.0015990408774642449
50 0.001991628817162737
51 0.0022105720912253576
52 0.0023645873598763037
53 0.0025352121182837255
54 0.002778314650173947
55 0.003045576439891766
56 0.003149763239273289
57 0.0033581368380363355
58 0.0036193588132972542
59 0.003983257634325474
60 0.004153882392732895
61 0.0043154474294549655
62 0.004419634228836488
63 0.004469462698105916
64 0.004514761306532664
65 0.004629517781213761
66 0.004889229802860456
67 0.004789572864321606
68 0.00457968931194434
69 0.0045389205643602635
70 0.004682366157711637
71 0.004457383069192114
72 0.004407554599922691
73 0.004226360166215695
74 0.004107073830691923
75 0.0038654812524159254
76 0.0036299284885968294
77 0.003543861132586007
78 0.0032841491109393117
79 0.0029368597796675697
80 0.0029368597796675705
81 0.002589570448395825
82 0.0023706271743332056
83 0.0022543607460378816
84 0.0019901188635485113
85 0.001894991785852339
86 0.0016926580015461919
87 0.0015159934286818708
88 0.0014193563973714726
89 0.001232122149207576
90 0.0011052860456126788
91 0.0010071390606880555
92 0.0009014423076923077
93 0.0008214147661383846
94 0.0008108450908388093
95 0.0006900488017008116
96 0.0006643795902589876
97 0.0005873719559335136
98 0.0004997946463084655
99 0.00048016524932354093
100 0.0004333566872825667
101 0.00041070738306919226
102 0.00035332914572864334
103 0.0003276599342868188
104 0.00030199072284499445
105 0.00032313007344414403
106 0.00024159257827599553
107 0.0002310229029764206
108 0.0002355527638190955
109 0.00021592336683417092
110 0.00022951294936219576
111 0.00020233378430614622
112 0.00020082383069192119
113 0.000154015268650947
114 0.0001947840162350213
115 0.0001585451294936219
116 0.00016156503672207188
117 0.000155525222265172
118 0.00013740577889447225
119 0.00012532614998067248
120 0.00017213471202164675
121 0.00020384373792037118
122 0.00016156503672207185
123 0.00016156503672207185
124 0.00014797545419404712
125 0.00017666457286432178
126 0.00016307499033629694
127 0.0001962939698492463
128 0.00019025415539234648
129 0.00021139350599149603
130 0.0002083735987630461
131 0.00025367220718979525
132 0.00024159257827599545
133 0.0002929310011596445
134 0.00029746086200231956
135 0.00032614998067259394
136 0.0003895680324700427
137 0.00043033678005411697
138 0.0005118742752222653
139 0.0004997946463084655
140 0.0006175710282180136
141 0.0007096781986857365
142 0.0007927256474681096
143 0.0008742631426362583
144 0.0010433779474294555
145 0.0011445448395825282
146 0.0012200425202937757
147 0.001479754541940471
148 0.0017606059141863162
149 0.002030887611132585
150 0.0022498308851952057
151 0.0025035030923850027
152 0.002951959315809818
153 0.0031709025898724384
154 0.003735625241592578
155 0.004178041650560494
156 0.004623477966756862
157 0.005413183706996518
158 0.005675915635871665
159 0.006453541747197526
160 0.007075642636258213
161 0.007862328469269422
162 0.00854784741012756
163 0.009296784402783144
164 0.010030621859296486
165 0.01112533822960958
166 0.01186068563973715
167 0.013045999226903747
168 0.013575992945496714
169 0.014519713954387318
170 0.015360758117510635
171 0.01604023724391187
172 0.016600430034789337
173 0.017436944337069965
174 0.01772685543100115
175 0.01867057643989176
176 0.018894049574797053
177 0.019140172013915727
178 0.019350055566293017
179 0.019809081465017402
180 0.019445182643989173
181 0.019433103015075375
182 0.019055614611519126
183 0.018965017394665634
184 0.018442573444143795
185 0.017817452647854653
186 0.01750338229609587
187 0.016953759180517978
188 0.015988898821028216
189 0.015285260436799385
190 0.01419356397371473
191 0.013423487630459993
192 0.012929732798608425
193 0.011789717819868577
194 0.011009071801314265
195 0.009940024642442983
196 0.009500628140703524
197 0.008396852048705066
198 0.0077702212988017
199 0.007169259760340158
200 0.006429382489369928
201 0.0056517563780440665
202 0.005059854561267875
203 0.004566099729416313
204 0.004156902299961345
205 0.0036797569578662565
206 0.0032539500386548127
207 0.002884011403169695
208 0.0024642442984151524
209 0.0022090621376111325
210 0.0019463302087359875
211 0.0017107774449168919
212 0.0015809214340935444
213 0.0013861374178585231
214 0.0011611543293390033
215 0.0010388480865867803
216 0.0009542906841901817
217 0.0008410441631233088
218 0.0007262876884422106
219 0.0006598497294163122
220 0.0005511330691921143
221 0.0005284837649787398
222 0.0004786552957093159
223 0.00041674719752609213
224 0.00035332914572864355
225 0.00031256039814456916
226 0.00031709025898724415
227 0.0002823613258600697
228 0.0002627319288751451
229 0.00021441341321994589
230 0.00021743332044839593
231 0.00020233378430614617
232 0.00017968448009277152
233 0.00018270438732122157
234 0.0001736446656358717
235 0.00018874420177812144
236 0.0001419356397371472
237 0.0001404256861229223
238 0.00017968448009277152
239 0.0001811944337069965
240 0.0001434455933513722
241 0.00016307499033629691
242 0.00014797545419404715
243 0.00016458494395052187
244 0.00016609489756474693
245 0.0001811944337069966
246 0.00014495554696559721
247 0.00014193563973714717
248 0.00022498308851952073
249 0.00020535369153459616
250 0.00018119443370699653
251 0.00022800299574797059
252 0.00028236132586006974
253 0.0002536722071897952
254 0.00027783146501739496
255 0.0002868911867027448
256 0.0003336997487437188
257 0.0003638988210282183
258 0.00042731687282566717
259 0.0004303367800541169
260 0.00044090645535369184
261 0.0005043245071511402
262 0.000529993718592965
263 0.000641730286045613
264 0.0006538099149594122
265 0.000782155972168535
266 0.0008576536528797839
267 0.000987509663703131
268 0.0010222385968303052
269 0.001121895535369154
270 0.0012366520100502505
271 0.0014057668148434478
272 0.0015250531503672201
273 0.001697187862388868
274 0.0018647927135678401
275 0.0019055614611519134
276 0.002177353111712409
277 0.002322308658678007
278 0.002547291747197525
279 0.002766235021260146
280 0.0030138674139930433
281 0.003179962311557788
282 0.0034079653073057587
283 0.0036495578855817537
284 0.003823202551217626
285 0.004014966660224197
286 0.00427014882102822
287 0.0042203203517587945
288 0.004433223811364515
289 0.004667266621569387
290 0.004730684673366834
291 0.004913389060688055
292 0.004881680034789333
293 0.004686896018554311
294 0.004621968013142638
295 0.004546470332431388
296 0.0045449603788171615
297 0.00431997729029764
298 0.0042897782180131416
299 0.00411311364514882
300 0.0039726879590258985
301 0.0035755701584847307
302 0.003445714147661383
303 0.0032207310591418634
304 0.0030395366254348665
305 0.0027013070158484727
306 0.0023902565713181294
307 0.002160743621955932
308 0.002053536915345961
309 0.00180137466177039
310 0.0016488693467336688
311 0.0013891573250869728
312 0.0013045999226903738
313 0.0010977362775415542
314 0.0009452309625048317
315 0.000936171240819482
316 0.0006402203324313877
317 0.0005828420950908389
318 0.0005586828372632392
319 0.0004318467336683418
320 0.00033671965597216875
321 0.0003019907228449944
322 0.00025820206803247014
323 0.00022498308851952076
324 0.00017666457286432161
325 0.00016005508310784687
326 0.00011928633552377261
327 0.00010569675299574785
328 8.153749516814838e-05
329 6.794791264012366e-05
330 6.190809818322379e-05
331 4.378865481252414e-05
332 4.378865481252415e-05
333 2.5669211441824513e-05
334 2.415925782759954e-05
335 2.4159257827599538e-05
336 1.509953614224971e-05
337 1.2079628913799769e-05
338 7.549768071124854e-06
339 1.358958252802474e-05
340 9.059721685349826e-06
341 4.529860842674913e-06
342 6.039814456899884e-06
343 3.019907228449942e-06
344 4.529860842674913e-06
345 3.019907228449942e-06
346 1.509953614224971e-06
347 0.0
348 0.0
349 1.509953614224971e-06
350 3.019907228449942e-06
351 1.509953614224971e-06
352 1.509953614224971e-06
353 0.0
354 0.0
355 0.0
356 0.0
357 0.0
358 1.509953614224971e-06
