0 3.019907228449942e-06
1 1.509953614224971e-06
2 0.0
3 0.0
4 0.0
5 1.509953614224971e-06
6 0.0
7 1.509953614224971e-06
8 1.509953614224971e-06
9 0.0
10 0.0
11 4.529860842674913e-06
12 3.019907228449942e-06
13 1.509953614224971e-06
14 0.0
15 1.509953614224971e-06
16 1.509953614224971e-06
17 4.529860842674913e-06
18 1.509953614224971e-06
19 4.529860842674913e-06
20 7.549768071124854e-06
21 9.059721685349826e-06
22 9.059721685349826e-06
23 1.3589582528024739e-05
24 1.9629396984924627e-05
25 2.415925782759954e-05
26 3.6238886741399304e-05
27 4.076874758407421e-05
28 3.925879396984923e-05
29 4.8318515655199056e-05
30 4.982846926942402e-05
31 7.700763432547346e-05
32 9.210717046772315e-05
33 0.00012683610359489743
34 0.00015854512949362194
35 0.00015552522226517198
36 0.0002189432740626209
37 0.00022649304213374577
38 0.00028538123308851965
39 0.00036238886741399334
40 0.00041825715114031733
41 0.0005073444143795902
42 0.0005511330691921144
43 0.0007338374565133361
44 0.0008229247197526091
45 0.0009542906841901813
46 0.0011611543293390029
47 0.0012864804793196755
48 0.0014178464437572481
49 0.0016262200425202944
50 0.0018693225744105134
51 0.0020641065906455342
52 0.002273990143022807
53 0.0025004831851565524
54 0.0028190833977580205
55 0.0030636958832624666
56 0.003294718786238886
57 0.003487992848859684
58 0.00386699120603015
59 0.0038579314843448
60 0.004075364804793194
61 0.004191631233088521
62 0.00449211200231929
63 0.004597808755315036
64 0.004546470332431388
65 0.0047472941631233065
66 0.00466575666795516
67 0.004683876111325862
68 0.004822791843834556
69 0.004502681677618863
70 0.0046264978739853115
71 0.004363765945110166
72 0.004253539331271745
73 0.004037615964437573
74 0.004022516428295324
75 0.00391530972168535
76 0.0036253986277541535
77 0.0034034354464630855
78 0.0031633528218013144
79 0.003016887321221491
80 0.002794924139930421
81 0.002609199845380749
82 0.0024672642056436022
83 0.002156213761113259
84 0.0020293776575183607
85 0.0017198371666022417
86 0.001688128140703517
87 0.0014057668148434478
88 0.0013227193660610749
89 0.0012079628913799765
90 0.0010781068805566292
91 0.0009527807305759571
92 0.0009271115191341322
93 0.0007972555083107844
94 0.0007610166215693855
95 0.0006583397758020873
96 0.0006024714920757635
97 0.0005058344607653654
98 0.0005375434866640898
99 0.00048318515655199095
100 0.0004318467336683419
101 0.00038503817162736784
102 0.000374468496327793
103 0.00031860021260146903
104 0.00026877174333204507
105 0.0002778314650173947
106 0.000268771743332045
107 0.0002521622535755702
108 0.0002159233668341709
109 0.00023555276381909555
110 0.00019327406262079636
111 0.00016911480479319668
112 0.00014948540780827213
113 0.00012230624275222254
114 0.0001721347120216467
115 0.00017515461925009677
116 0.0001389157325086973
117 0.00011928633552377261
118 0.00014646550057982217
119 0.00013438587166602234
120 0.00014797545419404718
121 0.00014193563973714725
122 0.0001253261499806725
123 0.00012834605720912244
124 0.00014193563973714717
125 0.00015552522226517206
126 0.00017515461925009655
127 0.00018723424816389643
128 0.0001857242945496715
129 0.00020233378430614622
130 0.00021139350599149592
131 0.00027632151140317
132 0.00023404281020487054
133 0.00025669211441824516
134 0.0003291698879010438
135 0.00038352821801314275
136 0.00037899835717046797
137 0.0004635557595670661
138 0.0004816752029377659
139 0.0005903918631619635
140 0.0006296506571318129
141 0.0007700763432547351
142 0.000872753189022033
143 0.0009059721685349823
144 0.001081126787785079
145 0.0012457117317356008
146 0.0013665080208735989
147 0.0015265631039814453
148 0.0017938248936992648
149 0.002033907518361036
150 0.0023238186122922296
151 0.002631849149594125
152 0.002982158388094316
153 0.0032207310591418625
154 0.003687306725937381
155 0.004206730769230767
156 0.004736724487823733
157 0.005150451778121377
158 0.005867679744878236
159 0.006559238500193274
160 0.00719039911093931
161 0.007726432643989173
162 0.008748671240819477
163 0.00917598811364515
164 0.010248055179744872
165 0.010753889640510243
166 0.011987521743332043
167 0.012620192307692303
168 0.013902142926169307
169 0.0143551290104368
170 0.015179563683803639
171 0.016088555759567073
172 0.01674085572091226
173 0.01747318322381137
174 0.01810887369540008
175 0.018191921144182457
176 0.018824591708542712
177 0.019149231735601076
178 0.01919151043679938
179 0.019605237727097016
180 0.01946330208735988
181 0.019229259277155013
182 0.01950860069578663
183 0.019280597700038652
184 0.018540720429068423
185 0.01784010195206804
186 0.01695677908774642
187 0.01668045757634325
188 0.016154993718592962
189 0.01516295419404716
190 0.014619370892926168
191 0.013607701971395438
192 0.012588483281793591
193 0.011783678005411675
194 0.011057390316969458
195 0.010110649400850406
196 0.009529317259373794
197 0.00861126546192501
198 0.007880447912640127
199 0.0072825062814070324
200 0.006529039427908774
201 0.0058616399304213355
202 0.005333156165442598
203 0.004727664766138386
204 0.004298837939698492
205 0.003776393989176653
206 0.0031829822187862387
207 0.002997257924236568
208 0.002604669984538074
209 0.002218121859296483
210 0.002015788074990336
211 0.0017319167955160409
212 0.001508443660610746
213 0.0013680179744878236
214 0.001233632102821801
215 0.0010237485504445306
216 0.0009346612872052569
217 0.0008516138384228836
218 0.0007217578275995362
219 0.0006130411673753385
220 0.000520933996907615
221 0.0005028145535369155
222 0.00043486664089679175
223 0.0004061775222265175
224 0.0003487992848859685
225 0.00029142104754541947
226 0.00029293100115964456
227 0.00027330160417471996
228 0.000268771743332045
229 0.00021743332044839588
230 0.00021592336683417092
231 0.00021894327406262094
232 0.0001932740626207964
233 0.00016760485117897183
234 0.0001766645728643215
235 0.00016005508310784692
236 0.00014193563973714722
237 0.00015250531503672204
238 0.00017213471202164678
239 0.000158545129493622
240 0.00012985601082334742
241 0.00014948540780827216
242 0.0001389157325086973
243 0.00017062475840742174
244 0.00013740577889447228
245 0.00017062475840742171
246 0.0001736446656358716
247 0.0001691148047931968
248 0.0001842143409354466
249 0.00018421434093544644
250 0.0002174333204483959
251 0.0002446124855044453
252 0.00021894327406262094
253 0.0002204532276768458
254 0.00028689118670274463
255 0.0002733016041747199
256 0.0002974608620023195
257 0.0003427594704290685
258 0.00032765993428681886
259 0.00039107798608426777
260 0.00048318515655199073
261 0.0004756353884808658
262 0.0005496231155778894
263 0.000634180517974488
264 0.0006568298221878619
265 0.0007232677812137609
266 0.0008319844414379592
267 0.0008908726323927332
268 0.0010041191534596052
269 0.0011067959992269037
270 0.0012079628913799767
271 0.0012396719172787021
272 0.0015930010630073443
273 0.0016292399497487438
274 0.001802884615384616
275 0.001952370023192887
276 0.002135074410514108
277 0.002435555179744879
278 0.0026031600309238487
279 0.0026816776188635493
280 0.00309842481638964
281 0.003237340548898336
282 0.0033807861422497096
283 0.0036691872825666792
284 0.0039047400463857757
285 0.004028556242752223
286 0.004069324990336296
287 0.00425806919211442
288 0.00436527589872439
289 0.004617438152299961
290 0.004655186992655583
291 0.004706525415539235
292 0.004732194626981059
293 0.004785043003478932
294 0.004643107363741787
295 0.0046129082914572895
296 0.004612908291457285
297 0.004496641863161965
298 0.004276188635485118
299 0.004075364804793197
300 0.003741665056049478
301 0.003524231735601083
302 0.0035287615964437573
303 0.0033309576729802864
304 0.0030334968109779685
305 0.0026937572477773466
306 0.0025880604947816003
307 0.002418945689988403
308 0.00208977580208736
309 0.0019357605334364126
310 0.0015945110166215694
311 0.0014344559335137223
312 0.0012562814070351765
313 0.0011294453034402783
314 0.0009346612872052569
315 0.0008395342095090841
316 0.0006794791264012368
317 0.0006085113065326636
318 0.0004997946463084652
319 0.0004363765945110169
320 0.0003503092385001934
321 0.0002853812330885197
322 0.0002431025318902205
323 0.00020535369153459616
324 0.00017968448009277158
325 0.00012230624275222254
326 9.814698492462304e-05
327 8.153749516814835e-05
328 7.851758793969844e-05
329 7.398772709702353e-05
330 5.133842288364899e-05
331 3.0199072284499424e-05
332 3.925879396984924e-05
333 2.7179165056049485e-05
334 2.415925782759954e-05
335 1.6609489756474684e-05
336 1.0569675299574797e-05
337 1.0569675299574797e-05
338 1.509953614224971e-05
339 1.2079628913799769e-05
340 9.059721685349826e-06
341 6.039814456899884e-06
342 3.019907228449942e-06
343 4.529860842674913e-06
344 1.509953614224971e-06
345 3.019907228449942e-06
346 0.0
347 4.529860842674913e-06
348 3.019907228449942e-06
349 3.019907228449942e-06
350 1.509953614224971e-06
351 0.0
352 3.019907228449942e-06
353 0.0
354 0.0
355 3.019907228449942e-06
356 0.0
357 0.0
358 3.019907228449942e-06
