0 0.03364275076821473
1 0.03234502764336243
2 0.031249276855622513
3 0.029562220233891486
4 0.02825567026605099
5 0.026318821480157684
6 0.024426589391842682
7 0.02235764986829932
8 0.020205197933681918
9 0.01857109622387514
10 0.016849391222343035
11 0.01518728412031256
12 0.0132306709442412
13 0.011307690725309918
14 0.01001205079852027
15 0.008544931855952594
16 0.007206402545469502
17 0.00600885464819914
18 0.004900604920067645
19 0.004106998622693438
20 0.0032451168030801897
21 0.0027079672854965235
22 0.002325798661436554
23 0.001804950649456159
24 0.0014895377915021845
25 0.0011665457078293415
26 0.0009761401982899329
27 0.0007287423632363979
28 0.0005711433906009759
29 0.00042903313694520745
30 0.00037769920552783054
31 0.0002713966118436312
32 0.00024809505932963896
33 0.0002011942637012292
34 0.00013573635430746427
35 9.82426619571968e-05
36 9.190805289722005e-05
37 9.044875609117849e-05
38 4.538762201100876e-05
39 3.1166740143165106e-05
40 3.9015998129399e-05
41 4.048318155926292e-05
42 2.1797333820975682e-05
43 1.4025549364251154e-05
44 9.35719709507723e-06
45 1.4042335702935411e-05
46 1.5627850594634503e-05
47 7.77137768932491e-06
48 9.364335281220189e-06
49 6.2382092120236625e-06
50 6.226696390296465e-06
51 6.286711291280762e-06
52 1.555964947221669e-06
53 4.719511604841277e-06
54 0.0
55 7.809459500251433e-06
56 3.140097203677811e-06
57 1.5531809145129225e-06
58 0.0
59 1.5612509992006395e-06
60 0.0
61 0.0
62 0.0
63 0.0
64 1.5827593192868719e-06
65 1.5391055949566589e-06
66 0.0
67 0.0
68 0.0
69 0.0
70 0.0
71 1.565317571628932e-06
72 0.0
73 0.0
74 0.0
75 0.0
76 0.0
77 0.0
78 0.0
79 0.0
80 0.0
81 0.0
82 0.0
83 0.0
84 0.0
85 0.0
86 0.0
87 0.0
88 0.0
89 0.0
90 0.0
91 0.0
92 0.0
93 0.0
94 0.0
95 0.0
96 0.0
97 0.0
98 0.0
99 0.0
100 0.0
101 0.0
102 0.0
103 0.0
104 0.0
105 0.0
106 0.0
107 0.0
108 0.0
109 0.0
110 0.0
111 0.0
112 0.0
113 0.0
114 0.0
115 0.0
116 0.0
117 0.0
118 0.0
119 0.0
120 0.0
121 0.0
122 0.0
123 0.0
124 0.0
125 0.0
126 0.0
127 0.0
128 0.0
129 0.0
130 0.0
131 0.0
132 0.0
133 0.0
134 0.0
135 0.0
136 0.0
137 0.0
138 0.0
139 0.0
140 0.0
141 0.0
142 0.0
143 0.0
144 0.0
145 0.0
146 0.0
147 0.0
148 0.0
149 0.0
150 0.0
151 0.0
152 0.0
153 0.0
154 0.0
155 0.0
156 0.0
157 0.0
158 0.0
159 0.0
160 0.0
161 0.0
162 0.0
163 0.0
164 0.0
165 0.0
166 0.0
167 0.0
168 0.0
169 0.0
170 0.0
171 0.0
172 0.0
173 0.0
174 0.0
175 0.0
176 0.0
177 0.0
178 0.0
179 0.0
180 0.0
181 0.0
182 0.0
183 0.0
184 0.0
185 0.0
186 0.0
187 0.0
188 0.0
189 0.0
190 0.0
191 0.0
192 0.0
193 0.0
194 0.0
195 0.0
196 0.0
197 0.0
198 0.0
199 0.0
200 0.0
201 0.0
202 0.0
203 0.0
204 0.0
205 0.0
206 0.0
207 0.0
208 0.0
209 0.0
210 0.0
211 0.0
212 0.0
213 0.0
214 0.0
215 0.0
216 0.0
217 0.0
218 0.0
219 0.0
220 0.0
221 0.0
222 0.0
223 0.0
224 0.0
225 0.0
226 0.0
227 0.0
228 0.0
229 0.0
230 0.0
231 0.0
232 0.0
233 0.0
234 0.0
235 0.0
236 0.0
237 0.0
238 0.0
239 0.0
240 0.0
241 0.0
242 0.0
243 0.0
244 0.0
245 0.0
246 0.0
247 0.0
248 0.0
249 0.0
250 0.0
251 0.0
252 0.0
253 0.0
254 0.0
255 0.0
256 0.0
257 0.0
258 0.0
259 0.0
260 0.0
261 0.0
262 0.0
263 0.0
264 0.0
265 0.0
266 0.0
267 0.0
268 0.0
269 0.0
270 0.0
271 0.0
272 0.0
273 0.0
274 0.0
275 0.0
276 0.0
277 0.0
278 0.0
279 0.0
280 0.0
281 0.0
282 0.0
283 0.0
284 0.0
285 0.0
286 0.0
287 0.0
288 0.0
289 0.0
290 1.555964947221669e-06
291 0.0
292 0.0
293 0.0
294 1.5470297029702971e-06
295 0.0
296 1.5448882736800475e-06
297 0.0
298 3.103699172942002e-06
299 1.5415351223362273e-06
300 4.65099620028561e-06
301 0.0
302 4.6365075796819565e-06
303 0.0
304 6.213756201684038e-06
305 7.717433504805059e-06
306 2.020669587172471e-05
307 2.0242981426042987e-05
308 1.559590190691224e-05
309 1.4016565402963292e-05
310 2.957811052356152e-05
311 3.1030189217403084e-05
312 3.576093559138581e-05
313 5.75080692037509e-05
314 5.126464627251203e-05
315 7.627712095516562e-05
316 0.00013983037921016947
317 0.00011357965343302342
318 0.00016948137714390733
319 0.00019138133142321934
320 0.00023937690650614526
321 0.0002971189415001821
322 0.00035308132096680884
323 0.0005503607957514353
324 0.0006346819061840488
325 0.000761451717098434
326 0.000994550137433107
327 0.0012317293311087695
328 0.0015131489917356014
329 0.001978200957855804
330 0.0023160441003147077
331 0.0030590605405752948
332 0.0036787519932920732
333 0.004374263398422093
334 0.005429057061833969
335 0.0063307910643795404
336 0.007651222833485405
337 0.009263476267629857
338 0.01077087586847772
339 0.012295793399291677
340 0.01418896665406771
341 0.01618701027709594
342 0.018109320051545672
343 0.02007385119173575
344 0.021913070831662086
345 0.02430695796354772
346 0.02589592989243005
347 0.02792786810563072
348 0.02918250926540539
349 0.031074783896865982
350 0.032344345114228804
351 0.03399537714989216
352 0.03454206477300529
353 0.035523856671035664
354 0.035677138006065645
355 0.03632945111786091
356 0.03601534006399472
357 0.035703528026010005
358 0.034746631838212284
