0 3.019907228449942e-06
1 0.0
2 1.509953614224971e-06
3 1.509953614224971e-06
4 0.0
5 0.0
6 0.0
7 1.509953614224971e-06
8 0.0
9 1.509953614224971e-06
10 0.0
11 0.0
12 4.529860842674913e-06
13 7.549768071124854e-06
14 4.529860842674913e-06
15 3.019907228449942e-06
16 6.039814456899884e-06
17 9.059721685349826e-06
18 9.059721685349826e-06
19 4.529860842674913e-06
20 7.549768071124854e-06
21 7.549768071124854e-06
22 9.059721685349826e-06
23 9.059721685349826e-06
24 6.039814456899884e-06
25 2.11393505991496e-05
26 2.566921144182451e-05
27 2.7179165056049485e-05
28 3.774884035562427e-05
29 5.284837649787396e-05
30 6.190809818322378e-05
31 9.814698492462304e-05
32 7.398772709702351e-05
33 0.0001102266138384228
34 0.00012985601082334742
35 0.00018874420177812136
36 0.00021592336683417098
37 0.0002431025318902204
38 0.00026877174333204507
39 0.00035332914572864334
40 0.00038352821801314275
41 0.0005103643216080401
42 0.0005526430228063392
43 0.0006507900077309624
44 0.0008772830498647079
45 0.0009165418438345571
46 0.001082636741399304
47 0.0012562814070351765
48 0.0014012369540007724
49 0.0016126304599922692
50 0.0018481832238113648
51 0.0020157880749903366
52 0.002287579725550832
53 0.002455184576729802
54 0.0026786577116350995
55 0.0030214171820641656
56 0.0030878551410900667
57 0.0034215548898337846
58 0.0036012393699265555
59 0.0038337722265172013
60 0.0039545685156551985
61 0.00420371086200232
62 0.004406044646308466
63 0.004421144182450716
64 0.004421144182450713
65 0.004555530054116738
66 0.004670286528797833
67 0.004688405972168538
68 0.004628007827599537
69 0.004532880749903364
70 0.004437753672207188
71 0.00437735552763819
72 0.004104053923463472
73 0.0038896405102435264
74 0.0038277324120603
75 0.003747704870506378
76 0.0036163389060688052
77 0.00327508938925396
78 0.0031739224971008887
79 0.002964038944723618
80 0.002672617897178198
81 0.002492933417085428
82 0.002252850792423656
83 0.002124504735214533
84 0.0018013746617703912
85 0.0016126304599922688
86 0.0016050806919211446
87 0.0014510654232701976
88 0.0012925202937765752
89 0.001220042520293776
90 0.0010448879010436798
91 0.0010071390606880553
92 0.0009089920757634327
93 0.0007851758793969851
94 0.0006900488017008117
95 0.0006447501932740623
96 0.0005707624661770391
97 0.0005284837649787401
98 0.0004605358523386164
99 0.0004197671047545421
100 0.0003669187282566682
101 0.0004227870119829921
102 0.00032011016621569417
103 0.00027028169694626983
104 0.00029444095477386943
105 0.00021592336683417079
106 0.0002340428102048706
107 0.0002295129493621956
108 0.00023857267104754543
109 0.0001781745264785466
110 0.0001857242945496714
111 0.00017666457286432172
112 0.000158545129493622
113 0.00013287591805179736
114 0.00014646550057982217
115 0.00014495554696559721
116 0.00013136596443757238
117 0.00012985601082334748
118 0.00014193563973714725
119 0.0001449555469655972
120 0.00012230624275222254
121 0.00015552522226517203
122 0.00014344559335137218
123 0.00013891573250869726
124 0.0001343858716660223
125 0.00016307499033629686
126 0.00013891573250869723
127 0.00016156503672207196
128 0.0001827043873212215
129 0.0001872342481638965
130 0.00022800299574797078
131 0.00025518216080402023
132 0.0002717916505604949
133 0.00029897081561654465
134 0.00029746086200231945
135 0.00036540877464244324
136 0.000372958542713568
137 0.0004424164089679167
138 0.0004529860842674915
139 0.0005783122342481637
140 0.0006583397758020874
141 0.0007413872245844607
142 0.0008138649980672596
143 0.0008893626787785081
144 0.0010479078082721303
145 0.001201923076923077
146 0.0013498985311171238
147 0.0016337698105914186
148 0.0017636258214147656
149 0.0020203179358330116
150 0.0023494878237340536
151 0.0025654111905682258
152 0.0028613620989563194
153 0.0033234079049091624
154 0.003885110649400851
155 0.004224850212601467
156 0.004736724487823735
157 0.005203300154619251
158 0.005908448492462311
159 0.006689094511016622
160 0.00707715258987244
161 0.007958965500579823
162 0.008710922400463852
163 0.009453819578662538
164 0.01064970284112872
165 0.011102688925396216
166 0.012137007151140316
167 0.012962951778121377
168 0.01402444916892154
169 0.014752246810977967
170 0.015582721298801701
171 0.016287869636644765
172 0.017008117510630083
173 0.017856711441824494
174 0.018139072767684575
175 0.01905108475067645
176 0.019522190278314644
177 0.01973509373792036
178 0.019680735407808264
179 0.019653556242752227
180 0.019795491882489382
181 0.0200687934866641
182 0.019572018747584064
183 0.019182450715114034
184 0.018842711151913417
185 0.018012236664089677
186 0.017915599632779278
187 0.01713344366061075
188 0.016210862002319287
189 0.0156551990722845
190 0.01488512272902976
191 0.013829665152686505
192 0.01289953372632393
193 0.012263843254735217
194 0.011166106977193661
195 0.010338652396598381
196 0.009471939022033242
197 0.008700352725164283
198 0.007892527541553921
199 0.007273446559721688
200 0.006495820448395825
201 0.00586616979126401
202 0.005275777928102048
203 0.004741254348666411
204 0.004067815036722071
205 0.003796023386161576
206 0.003318878044066486
207 0.0029398796868960186
208 0.0026122197526092005
209 0.0022196318129107063
210 0.0020142781213761114
211 0.0017394665635871664
212 0.00158545129493622
213 0.0013498985311171244
214 0.0011943733088519517
215 0.0009950594317742563
216 0.0009618404522613066
217 0.0008183948589099346
218 0.0006704194047158873
219 0.0006402203324313877
220 0.0005315036722071896
221 0.0005103643216080401
222 0.00040768747584074224
223 0.000425806919211442
224 0.00030954049091611925
225 0.0003004807692307695
226 0.00027934141863161994
227 0.00026575183610359505
228 0.00020988355237727105
229 0.00023253285659064577
230 0.00020384373792037123
231 0.00016458494395052187
232 0.00015552522226517198
233 0.00016307499033629691
234 0.0001374057788944723
235 0.0001298560108233474
236 0.00015552522226517198
237 0.0001434455933513723
238 0.00012230624275222254
239 0.00015552522226517198
240 0.000154015268650947
241 0.00014948540780827202
242 0.00013891573250869726
243 0.00014646550057982212
244 0.0001434455933513722
245 0.00013589582528024735
246 0.00015703517587939685
247 0.00015099536142249711
248 0.00015250531503672201
249 0.00016911480479319684
250 0.00018270438732122138
251 0.00019931387707769626
252 0.00018874420177812147
253 0.00021592336683417098
254 0.0002521622535755704
255 0.0002687717433320449
256 0.0003170902589872441
257 0.0002717916505604949
258 0.00035936896018554337
259 0.00036691872825666844
260 0.00042429696559721704
261 0.00048771501739466557
262 0.0004952647854657906
263 0.00051942404329339
264 0.0005768022806339389
265 0.0007444071318129105
266 0.0007821559721685351
267 0.0008153749516814843
268 0.0009452309625048318
269 0.0010026091998453811
270 0.0011989031696946274
271 0.0013076198299188245
272 0.001414826536528798
273 0.0015643119443370713
274 0.0016171603208349444
275 0.001863282759953613
276 0.002162253575570158
277 0.002267950328565906
278 0.0024400850405875522
279 0.0026877174333204477
280 0.002816063490529571
281 0.002986688248936994
282 0.0031648627754155396
283 0.0036269085813683804
284 0.0036873067259373792
285 0.0038579314843447997
286 0.0038881305566293
287 0.004107073830691922
288 0.004226360166215696
289 0.004365275898724389
290 0.0043909451101662176
291 0.004691425879396987
292 0.004528350889060688
293 0.004631027734827987
294 0.004522311074603788
295 0.004522311074603788
296 0.00440151478546579
297 0.00438641524932354
298 0.004202200908388094
299 0.003998357170467725
300 0.00369334654039428
301 0.003549900947042908
302 0.0031844921724004656
303 0.0030772854657904907
304 0.0030078275995361428
305 0.0026741278507924227
306 0.0024144158291457283
307 0.002177353111712408
308 0.001925190858136838
309 0.0017515461925009658
310 0.0015341128720525708
311 0.0014616350985697715
312 0.0012004131233088525
313 0.0010388480865867798
314 0.001010158967916506
315 0.000751956899884036
316 0.0007157180131426366
317 0.0005707624661770392
318 0.0004816752029377657
319 0.0004046675686122925
320 0.00029293100115964456
321 0.0003231300734441441
322 0.00022347313490529583
323 0.00019176410900657132
324 0.0001660948975647468
325 0.0001268361035948975
326 0.00011475647468109766
327 9.814698492462303e-05
328 6.341805179744873e-05
329 6.492800541167373e-05
330 3.6238886741399304e-05
331 4.0768747584074215e-05
332 4.378865481252415e-05
333 3.321897951294937e-05
334 1.9629396984924627e-05
335 1.9629396984924627e-05
336 1.6609489756474684e-05
337 1.2079628913799769e-05
338 1.358958252802474e-05
339 4.529860842674913e-06
340 1.5099536142249712e-05
341 3.019907228449942e-06
342 4.529860842674913e-06
343 3.019907228449942e-06
344 7.549768071124854e-06
345 0.0
346 6.039814456899884e-06
347 1.509953614224971e-06
348 4.529860842674913e-06
349 4.529860842674913e-06
350 3.019907228449942e-06
351 1.509953614224971e-06
352 0.0
353 0.0
354 3.019907228449942e-06
355 0.0
356 0.0
357 1.509953614224971e-06
358 1.509953614224971e-06
