0 7.552103652894731e-06
1 7.5526875483372e-06
2 3.0210750193348803e-06
3 7.5526875483372e-06
4 6.040982247784822e-06
5 9.06322505800464e-06
6 6.0421500386697606e-06
7 1.661591260634184e-05
8 1.2084300077339521e-05
9 1.661591260634184e-05
10 1.963640373023425e-05
11 1.812645011600928e-05
12 2.114752513534416e-05
13 2.8699044892796424e-05
14 2.869962878823889e-05
15 3.927339135591097e-05
16 3.9273975251353444e-05
17 4.984598613269811e-05
18 4.984715392358305e-05
19 8.761000776982658e-05
20 6.495194512481498e-05
21 6.193203789636504e-05
22 6.797360403959233e-05
23 8.156844162659929e-05
24 9.667381672327369e-05
25 9.21416202988289e-05
26 6.94835576538173e-05
27 8.45889327504917e-05
28 0.00013443550277863228
29 0.00010573645788583586
30 0.00012083949740074039
31 0.00011026631872851077
32 0.00011479617957118568
33 0.00010875578121884333
34 7.401283460104975e-05
35 0.00010271246338928864
36 8.911820969772413e-05
37 9.96884688927414e-05
38 8.156318656761706e-05
39 0.00010572653166331389
40 0.0001359320267976805
41 9.363872821331956e-05
42 0.00010723940475475121
43 0.00012687405679865805
44 0.00012536118370722076
45 0.00011327688362988122
46 0.00013743672535292324
47 0.00016161116446202696
48 0.00013593436237945033
49 0.00015253976486782775
50 0.00012384889451122588
51 0.00013290803230113328
52 0.00013592735563414072
53 0.00012535709643912346
54 0.00012082548391012113
55 0.00014649878262004291
56 0.00013442148928801307
57 9.212935849453706e-05
58 9.363522484066474e-05
59 0.00010269903379411185
60 7.853276922120268e-05
61 7.853510480297255e-05
62 6.49402672159656e-05
63 4.9838395491946016e-05
64 4.9837227701061074e-05
65 3.9263465133389e-05
66 4.228162067551153e-05
67 2.1141102285477e-05
68 4.2283372361838935e-05
69 2.2651639795144443e-05
70 1.3591918109794617e-05
71 1.0570843090459736e-05
72 1.660948975647468e-05
73 1.0570259195017266e-05
74 1.3590166423467208e-05
75 1.0570259195017266e-05
76 6.039814456899884e-06
77 7.549768071124854e-06
78 4.530444738117382e-06
79 3.019907228449942e-06
80 0.0
81 3.019907228449942e-06
82 1.509953614224971e-06
83 0.0
84 4.529860842674913e-06
85 1.509953614224971e-06
86 0.0
87 0.0
88 1.5105375096674401e-06
89 0.0
90 0.0
91 0.0
92 0.0
93 1.509953614224971e-06
94 0.0
95 1.509953614224971e-06
96 0.0
97 0.0
98 0.0
99 0.0
100 0.0
101 0.0
102 0.0
103 0.0
104 0.0
105 0.0
106 0.0
107 0.0
108 0.0
109 0.0
110 0.0
111 0.0
112 0.0
113 0.0
114 0.0
115 0.0
116 0.0
117 0.0
118 0.0
119 0.0
120 0.0
121 0.0
122 0.0
123 0.0
124 0.0
125 0.0
126 0.0
127 0.0
128 0.0
129 0.0
130 0.0
131 0.0
132 0.0
133 0.0
134 1.509953614224971e-06
135 0.0
136 0.0
137 0.0
138 1.509953614224971e-06
139 0.0
140 0.0
141 6.039814456899884e-06
142 3.019907228449942e-06
143 6.039814456899884e-06
144 1.358958252802474e-05
145 1.2079628913799769e-05
146 9.059721685349826e-06
147 1.2079628913799769e-05
148 2.7179165056049478e-05
149 3.0199072284499424e-05
150 6.492800541167373e-05
151 8.002754155392342e-05
152 0.00010720670660997289
153 0.00013891573250869732
154 0.00017062475840742174
155 0.0002280029957479706
156 0.00030199072284499423
157 0.00041221733668341703
158 0.0005179140896791649
159 0.0006522999613451871
160 0.000887852725164283
161 0.001153604561267878
162 0.0015280730575956694
163 0.001816474197912639
164 0.0022302014882102823
165 0.002764725067645921
166 0.0033807861422497096
167 0.0041131136451488205
168 0.005028145535369152
169 0.005979416312330884
170 0.006883878527251646
171 0.008250386548125247
172 0.00920014737147275
173 0.010192186896018559
174 0.011616073154232704
175 0.013095827696173167
176 0.014294730865867798
177 0.0154921240819482
178 0.016760485117897184
179 0.017523011693080792
180 0.01838972506764593
181 0.019310796772323155
182 0.01939233426749131
183 0.01980908146501741
184 0.020077853208349452
185 0.019629396984924632
186 0.01940290394279089
187 0.019186980575956702
188 0.017982037591805177
189 0.017326717723231543
190 0.016447924719752614
191 0.015156914379590259
192 0.013794936219559335
193 0.012972011499806722
194 0.011720259953614223
195 0.010513807015848472
196 0.009322453614224974
197 0.008253406455353694
198 0.0074682305759567035
199 0.006648325763432548
200 0.005647226517201392
201 0.004715585137224585
202 0.004162942114418246
203 0.0036978764012369544
204 0.0030153773676072685
205 0.002554841515268651
206 0.0023328783339775804
207 0.0018693225744105132
208 0.0016579290684190172
209 0.0013121496907614993
210 0.0010962263239273286
211 0.00102072864321608
212 0.0007459170854271358
213 0.0006704194047158872
214 0.0006251207962891381
215 0.00046657566679551637
216 0.00039258793969849254
217 0.0003880580788558177
218 0.00025518216080402023
219 0.0002385726710475454
220 0.00023404281020487062
221 0.000208373598763046
222 0.00015854512949362202
223 0.00012985601082334745
224 0.00012381619636644758
225 0.0001147564746810977
226 7.54976807112485e-05
227 9.05972168534982e-05
228 8.153749516814839e-05
229 8.304744878237333e-05
230 5.435833011209895e-05
231 5.586828372632389e-05
232 4.227870119829919e-05
233 6.794791264012366e-05
234 5.2848376497873954e-05
235 4.529860842674912e-05
236 5.284837649787396e-05
237 7.247777348279857e-05
238 6.190809818322379e-05
239 6.492800541167373e-05
240 6.794791264012366e-05
241 5.5868283726323903e-05
242 8.757730962504826e-05
243 7.398772709702355e-05
244 8.153749516814838e-05
245 9.361712408194813e-05
246 6.492800541167374e-05
247 9.512707769617312e-05
248 9.965693853884801e-05
249 0.00013589582528024732
250 0.00014193563973714725
251 0.0001630749903362969
252 0.00018270438732122143
253 0.0002023337843061461
254 0.00021894327406262078
255 0.0002461224391186703
256 0.00029746086200231934
257 0.00035785900657131823
258 0.00037597844994201795
259 0.00041825715114031717
260 0.00047865529570931606
261 0.0006221008890606878
262 0.0006855189408581368
263 0.0008546337456513335
264 0.0009452309625048314
265 0.0010690471588712795
266 0.0012034330305373013
267 0.0014133177507054575
268 0.0016534009592626703
269 0.001891971878623888
270 0.0022000035837166673
271 0.002554843850850422
272 0.0029096823662978473
273 0.0032237562214292945
274 0.0037371381146840137
275 0.0045328918439167705
276 0.0048439387850744585
277 0.005592873442148277
278 0.006355409943554404
279 0.007167767907484653
280 0.007803459546864251
281 0.008437646487688605
282 0.009598806072086588
283 0.010232983670583869
284 0.011218994474686172
285 0.012446587930841968
286 0.013056609774884296
287 0.01393842910844155
288 0.014799111426981412
289 0.015415173669376092
290 0.016272820315510562
291 0.016657861990510586
292 0.01713047863955389
293 0.01751703026816814
294 0.017757106469980036
295 0.017489852854798416
296 0.017612164936505057
297 0.017086689984741367
298 0.016745438716240204
299 0.01605689461309463
300 0.01536232003781923
301 0.014670748436804465
302 0.013731566631083611
303 0.013026405447540816
304 0.011842602981779323
305 0.010785633116240069
306 0.010148430355455365
307 0.008931399567853849
308 0.008017872960084198
309 0.007166261457243085
310 0.006140996530334461
311 0.005321088214437647
312 0.0047080435436896535
313 0.003947029257702038
314 0.0032524459239950134
315 0.00300632523656267
316 0.002495955659895647
317 0.0020399520039814747
318 0.0016292428692259557
319 0.0013770811995458278
320 0.001108307704527456
321 0.0009165459311026543
322 0.0006417343733137098
323 0.0005737823734054889
324 0.00042882799423077687
325 0.00040013829166506
326 0.00036842984966177787
327 0.00025065229996134523
328 0.00021894444185350574
329 0.00017213529591708916
330 0.00014193563973714725
331 0.00010569733689119043
332 6.794908043100861e-05
333 5.133842288364901e-05
334 4.378982260340909e-05
335 5.4359497902983883e-05
336 3.775059204195168e-05
337 3.020024007538436e-05
338 1.509953614224971e-05
339 1.661007365191715e-05
340 1.0570259195017266e-05
341 1.2080796704684707e-05
342 4.530444738117382e-06
343 7.550351966567324e-06
344 3.019907228449942e-06
345 1.5100703933134648e-05
346 1.3590750318909679e-05
347 1.509953614224971e-06
348 3.0204911238924113e-06
349 1.509953614224971e-06
350 3.019907228449942e-06
351 6.041566143227291e-06
352 3.0210750193348803e-06
353 1.509953614224971e-06
354 4.530444738117382e-06
355 6.0421500386697606e-06
356 7.551519757452261e-06
357 7.552103652894731e-06
358 1.5105375096674401e-06
