0 5.5870618856599143e-05
1 4.681031338868051e-05
2 4.2280452771752926e-05
3 4.0769623370801086e-05
4 6.492946486809576e-05
5 9.664257826073022e-05
6 9.663907500094902e-05
7 0.00010720904219180823
8 0.00017213879872537575
9 0.00016609927649838117
10 0.0002325363596247449
11 0.0002566959093435633
12 0.00032615757074897764
13 0.00037749628541103753
14 0.0005284951499805075
15 0.0006039881599797108
16 0.0007565025254522932
17 0.0008486134901679621
18 0.0009935672854472315
19 0.0011808018252766647
20 0.0014314652178969332
21 0.0017757390217769157
22 0.001981087457349475
23 0.002159268406790828
24 0.0025624333191838133
25 0.002790439818078691
26 0.003161902128326004
27 0.0034654077671628074
28 0.003734170460058925
29 0.004119223228733864
30 0.004347227975490923
31 0.004641674768993597
32 0.00515808445121856
33 0.005313613759961773
34 0.005669974198372069
35 0.00588589785766202
36 0.005976487190741611
37 0.006062565057096212
38 0.006124467901575065
39 0.006023299257171363
40 0.006009711135680192
41 0.0059387304687570745
42 0.005839078785051593
43 0.0057515043952423095
44 0.005327201007359463
45 0.00528190385940526
46 0.004919506525676526
47 0.004714142032809994
48 0.004377412450840786
49 0.004075434573357039
50 0.003756829689592095
51 0.0035635436586384565
52 0.0032630596788293074
53 0.002828188659224628
54 0.0026394459161127467
55 0.002328388465740149
56 0.002021855913606828
57 0.0018678377258172243
58 0.001605108424641014
59 0.0014435378409684777
60 0.001266870056961472
61 0.0011128574161222667
62 0.0010207487854078745
63 0.0009226073492399552
64 0.0007444202683881976
65 0.0006870402792483819
66 0.0006281523801848925
67 0.0005737984292323064
68 0.00045601679260233197
69 0.0004107178919455465
70 0.00041525038105171864
71 0.0003367333774590883
72 0.00032917864531688344
73 0.0003019977289131929
74 0.000264252975825797
75 0.00030804454966403894
76 0.0002838829572706634
77 0.0002687831278823833
78 0.0002823785504940278
79 0.00029747604249403533
80 0.0002687915961164956
81 0.00031257528663219253
82 0.00033824595786912564
83 0.0003065322600164183
84 0.0002884174892770745
85 0.00033220380726589106
86 0.00038354135379831404
87 0.0003609002255890808
88 0.00034730684779698607
89 0.00035938238921674466
90 0.0003714663969513706
91 0.00042431652513563755
92 0.0004152626433080945
93 0.000395624777637432
94 0.00038354806966866054
95 0.00036844707384417604
96 0.0004001540551491636
97 0.0004107219801170915
98 0.0004363964462794081
99 0.0004409254304321704
100 0.00044395001029197607
101 0.0004122371878873092
102 0.00043035371189360496
103 0.0003744842606021433
104 0.0003895832127360113
105 0.00039411073731947797
106 0.00038807267579084326
107 0.00036994972803129823
108 0.00036542045176143884
109 0.0003714608506782807
110 0.0003956195242717512
111 0.0003850495568550791
112 0.0003835425231697574
113 0.00037901295410549353
114 0.0004092091062352768
115 0.00042280277682184167
116 0.00040014500505172756
117 0.0004816865883912901
118 0.0005284998208056225
119 0.0005737963852031344
120 0.0006024860876559777
121 0.0007414056155416184
122 0.0008093491482319833
123 0.000925621123026143
124 0.0010147110131741028
125 0.0012230901586617984
126 0.0013816335363561539
127 0.0015235723867844909
128 0.0017923467573638433
129 0.0020233778345379685
130 0.002403887895880185
131 0.0028553675294546786
132 0.0030697996247327553
133 0.003480508466919682
134 0.003992389455189861
135 0.004422724484460707
136 0.00509316695062018
137 0.005742462473845927
138 0.00621658907684214
139 0.006924781259030895
140 0.007468364559248696
141 0.008094999688650196
142 0.008706560968568347
143 0.009466081064538319
144 0.010301110807859356
145 0.01094888820485379
146 0.011329400020591632
147 0.011836761365568702
148 0.012330508024690183
149 0.012901283334309482
150 0.013473568013421892
151 0.013595870167551009
152 0.01367439242710613
153 0.013742348220359246
154 0.01405039277273258
155 0.01425271371020973
156 0.014045848604701235
157 0.013540017354514518
158 0.013301455192907487
159 0.012865031894662633
160 0.012627971512359183
161 0.01204815311976094
162 0.011407905932992892
163 0.01090509283834784
164 0.010260325714814776
165 0.009910013557176323
166 0.008988914998839482
167 0.008262601330379786
168 0.0078081070429427205
169 0.007048587823210897
170 0.006637865845125932
171 0.006038420390785704
172 0.0055914749984554
173 0.0052592691464828974
174 0.004732287162613982
175 0.004492192568716185
176 0.004167544952597428
177 0.0038625235207403494
178 0.0036541554693791307
179 0.003359710719567136
180 0.0033899004500887245
181 0.0034367154346410115
182 0.003385377885737914
183 0.003361225345248085
184 0.0035258167113714277
185 0.0034669153847445527
186 0.00380213501072873
187 0.0039063203502023355
188 0.004144914917611942
189 0.004289857909865576
190 0.004594881679449743
191 0.0049074578414170355
192 0.005112814155908888
193 0.005254742498589736
194 0.0055597753171424714
195 0.0056730098660379485
196 0.005991626138643479
197 0.006409867523590198
198 0.006559371030012915
199 0.006686217933923958
200 0.006864391290579436
201 0.00697010322688933
202 0.007260028920577916
203 0.007201142478035607
204 0.00731890542786584
205 0.007072785034582716
206 0.00703955963278407
207 0.006902162613337622
208 0.006580537821440847
209 0.006636392092917965
210 0.006394791633125664
211 0.0060490195542178766
212 0.005747006938284809
213 0.005488809249637665
214 0.0051958700739414354
215 0.004995052669147821
216 0.004656805539988203
217 0.004197763584194925
218 0.0038444218858991815
219 0.003450314068282859
220 0.00317549083427804
221 0.002852359300361414
222 0.0025790547778382186
223 0.0023691741450512296
224 0.0021366261068398694
225 0.0019131483021255838
226 0.0017047662379508562
227 0.0015296186246560196
228 0.0013016048279144662
229 0.0011672148699962746
230 0.0010192338697549495
231 0.0009074961340597266
232 0.0008939118065909462
233 0.0007414003605953792
234 0.0007217700881624137
235 0.0006251330565133293
236 0.0005496342080111307
237 0.0005194380563327768
238 0.0004847053277157847
239 0.0004952770464800977
240 0.0004726233634459626
241 0.00047262161142088343
242 0.0004560127057856639
243 0.0004982966619300715
244 0.00046658296475493376
245 0.00047715526797918864
246 0.0005390639499449809
247 0.0005330220915716519
248 0.00048017429851772604
249 0.0004998066153185493
250 0.0005768151254307495
251 0.0005149046917786294
252 0.0006145622139871075
253 0.0005647317017045052
254 0.0005934211119273773
255 0.0006175838726761372
256 0.0005888932946623144
257 0.0006930844730904107
258 0.0006326819491362176
259 0.0005904076273230475
260 0.0006311728717602139
261 0.0006462753267024344
262 0.0006190967461062608
263 0.000679488760281045
264 0.0006387258510869622
265 0.0006613742794007361
266 0.0006598634498869104
267 0.0006160762548694295
268 0.0006115449345703325
269 0.0006251356844377474
270 0.0006175838729018846
271 0.00056171880031831
272 0.0006311734553171011
273 0.0006341951142318788
274 0.0005858745549990023
275 0.0006039954578261242
276 0.0005390621975812153
277 0.000564734328500252
278 0.0005224550432936366
279 0.0004711163288573899
280 0.00047413769554226193
281 0.0004560159169284135
282 0.0004152477532397161
283 0.00042883967044652136
284 0.00042732942539257213
285 0.00035938151320407416
286 0.0003140820296679708
287 0.00035635956251095155
288 0.0003427696882044504
289 0.00033673250133360957
290 0.00035485106869176944
291 0.0003306935625504974
292 0.00035183787586604644
293 0.00041676704861711073
294 0.00036844824140931366
295 0.0003805246594061112
296 0.00043791253051379125
297 0.0004968048093012926
298 0.0005934465123398607
299 0.0006055281843797123
300 0.0007172738012524883
301 0.0007580437161758873
302 0.0008622360619434398
303 0.0009498224225691097
304 0.0010328888488007671
305 0.0012035147733057067
306 0.0013182779603573473
307 0.001516106114974535
308 0.0015659328322189458
309 0.0016927890800379527
310 0.0018558763292437607
311 0.002121658238842624
312 0.0021352373110264137
313 0.002358732923141231
314 0.002518791214456589
315 0.0027815573016115526
316 0.002730210702723762
317 0.0028948257183631803
318 0.003062421227214679
319 0.0031500326921842406
320 0.003228544443427184
321 0.003222517763852336
322 0.003233093861776226
323 0.0033297262169555294
324 0.0031560768815106664
325 0.003181758355660362
326 0.0030609597318437174
327 0.003018684242126788
328 0.002953736968842295
329 0.002657759202730484
330 0.002538462354604676
331 0.0024025530987126682
332 0.002204744215806853
333 0.001961615408620739
334 0.0018574148860588655
335 0.001662618317482555
336 0.001525218088699598
337 0.0012322479680114864
338 0.0011582485625535948
339 0.0010767028946552964
340 0.0008139458587267689
341 0.0007354160120304979
342 0.0006040433317225794
343 0.0005224985396110071
344 0.0004530362978097579
345 0.0004001841255962536
346 0.00027634865898605175
347 0.00026880414732885125
348 0.00020990252700418965
349 0.00017668763532396767
350 0.0001479903423429841
351 9.513787902844195e-05
352 9.51332077518321e-05
353 7.248769981858711e-05
354 6.644292117773358e-05
355 6.040223138566695e-05
356 5.2853631218366195e-05
357 3.62415138758326e-05
358 4.6810605392838576e-05
