0 0.0
1 0.0
2 0.0
3 0.0
4 0.0
5 0.0
6 0.0
7 0.0
8 0.0
9 0.0
10 0.0
11 0.0
12 0.0
13 0.0
14 0.0
15 0.0
16 0.0
17 0.0
18 0.0
19 0.0
20 0.0
21 0.0
22 0.0
23 1.509953614224971e-06
24 1.509953614224971e-06
25 1.509953614224971e-06
26 0.0
27 0.0
28 7.549768071124854e-06
29 4.529860842674913e-06
30 1.509953614224971e-06
31 1.660948975647468e-05
32 1.8119443370699652e-05
33 2.2649304213374567e-05
34 3.0199072284499428e-05
35 5.586828372632392e-05
36 7.24777734827986e-05
37 0.00012079628913799764
38 0.0001540152686509471
39 0.00019478401623502123
40 0.00031407035175879403
41 0.00038654812524159255
42 0.00051942404329339
43 0.0007066582914572865
44 0.0009769399884035563
45 0.0012185325666795516
46 0.0016247100889060684
47 0.0020958156165442592
48 0.0027073468303053724
49 0.0031724125434866635
50 0.004091974294549671
51 0.0050070061847700045
52 0.006088132972555082
53 0.006921627367607267
54 0.008005774062620798
55 0.009206187185929646
56 0.010485117897178198
57 0.011422799091611906
58 0.01231669163123309
59 0.01325588277928102
60 0.013797956126787787
61 0.014196583880943173
62 0.01476885630073444
63 0.014350599149594122
64 0.014127126014688829
65 0.01336308948589099
66 0.012914633262466177
67 0.011776128237340549
68 0.010768989176652491
69 0.009820738306919213
70 0.008529727966756863
71 0.007332334750676459
72 0.006305566293003479
73 0.0053512756088132975
74 0.004446813393892539
75 0.0036691872825666792
76 0.0027722748357170467
77 0.0021456440858136842
78 0.0017379566099729414
79 0.0013498985311171238
80 0.0010041191534596056
81 0.0007096781986857364
82 0.000564722651720139
83 0.00037748840355624283
84 0.0002989708156165443
85 0.00023404281020487049
86 0.00016307499033629694
87 0.00012230624275222262
88 9.512707769617317e-05
89 6.64379590258987e-05
90 3.0199072284499424e-05
91 3.0199072284499424e-05
92 1.8119443370699652e-05
93 9.059721685349826e-06
94 6.039814456899884e-06
95 6.039814456899884e-06
96 1.358958252802474e-05
97 6.039814456899884e-06
98 4.529860842674913e-06
99 3.019907228449942e-06
100 4.529860842674913e-06
101 3.019907228449942e-06
102 1.509953614224971e-06
103 0.0
104 0.0
105 1.509953614224971e-06
106 0.0
107 0.0
108 0.0
109 1.509953614224971e-06
110 0.0
111 1.509953614224971e-06
112 0.0
113 0.0
114 0.0
115 0.0
116 0.0
117 0.0
118 0.0
119 0.0
120 0.0
121 0.0
122 1.509953614224971e-06
123 0.0
124 0.0
125 0.0
126 0.0
127 0.0
128 0.0
129 0.0
130 0.0
131 1.509953614224971e-06
132 0.0
133 1.509953614224971e-06
134 0.0
135 0.0
136 0.0
137 0.0
138 0.0
139 1.509953614224971e-06
140 0.0
141 0.0
142 4.529860842674913e-06
143 6.039814456899884e-06
144 9.059721685349826e-06
145 1.9629396984924623e-05
146 6.039814456899884e-06
147 1.0569675299574797e-05
148 1.660948975647468e-05
149 3.170902589872439e-05
150 4.076874758407421e-05
151 5.435833011209894e-05
152 8.75773096250483e-05
153 0.00012381619636644758
154 0.00018421434093544655
155 0.00022196318129107085
156 0.0003548390993428684
157 0.00048620506378044075
158 0.0007126981059141864
159 0.0009663703131039813
160 0.001274400850405876
161 0.0017545660997294167
162 0.00238723666408968
163 0.0030636958832624657
164 0.004066305083107848
165 0.005179140896791653
166 0.006606047062234248
167 0.00847083977580209
168 0.010559105624275226
169 0.012819506184769996
170 0.015730696752995748
171 0.018430493815229994
172 0.021695013529184386
173 0.0249731228256668
174 0.02813798560108234
175 0.030988778024739084
176 0.03318878044066486
177 0.03555185784692696
178 0.03672509180517976
179 0.03719015751836105
180 0.03706181146115192
181 0.03658013625821416
182 0.03459454725550832
183 0.032818841805179744
184 0.029965029474294552
185 0.02741773772709703
186 0.024311763142636257
187 0.02090983764978739
188 0.01805904522613066
189 0.015016488693467335
190 0.01219287543486664
191 0.009900765848473133
192 0.007936316196366446
193 0.006305566293003478
194 0.00480014253962118
195 0.003746194916892153
196 0.002816063490529571
197 0.0020716563587166604
198 0.0015024038461538458
199 0.0010267684576729798
200 0.0007881957866254349
201 0.000623610842674913
202 0.00039711780054116737
203 0.0002778314650173947
204 0.00018421434093544647
205 0.00014646550057982217
206 0.0001087166602241979
207 6.945786625434863e-05
208 3.7748840355624285e-05
209 4.680856204097409e-05
210 2.264930421337457e-05
211 1.660948975647468e-05
212 1.0569675299574797e-05
213 1.5099536142249712e-05
214 4.529860842674913e-06
215 4.529860842674913e-06
216 0.0
217 6.039814456899884e-06
218 0.0
219 0.0
220 1.509953614224971e-06
221 0.0
222 0.0
223 0.0
224 0.0
225 0.0
226 1.509953614224971e-06
227 0.0
228 0.0
229 1.509953614224971e-06
230 0.0
231 0.0
232 0.0
233 0.0
234 0.0
235 0.0
236 0.0
237 0.0
238 0.0
239 0.0
240 0.0
241 0.0
242 0.0
243 0.0
244 0.0
245 0.0
246 0.0
247 0.0
248 0.0
249 0.0
250 0.0
251 0.0
252 0.0
253 0.0
254 0.0
255 0.0
256 0.0
257 0.0
258 1.509953614224971e-06
259 0.0
260 0.0
261 0.0
262 0.0
263 1.509953614224971e-06
264 0.0
265 1.509953614224971e-06
266 0.0
267 0.0
268 0.0
269 4.529860842674913e-06
270 3.019907228449942e-06
271 1.509953614224971e-06
272 0.0
273 1.509953614224971e-06
274 6.039814456899884e-06
275 3.019907228449942e-06
276 9.059721685349826e-06
277 1.0569675299574796e-05
278 1.3589582528024739e-05
279 2.7179165056049478e-05
280 3.321897951294936e-05
281 4.227870119829919e-05
282 8.153749516814843e-05
283 9.059721685349827e-05
284 0.00011173656745264785
285 0.0001494854078082721
286 0.00020535369153459602
287 0.0002280029957479706
288 0.0003352097023579436
289 0.0004544960378817162
290 0.0005496231155778894
291 0.000625120796289138
292 0.0007126981059141863
293 0.0009135219366061074
294 0.0010041191534596056
295 0.0011626642829532276
296 0.0012970501546192502
297 0.0014329459798994976
298 0.0016820883262466178
299 0.0017047376304599924
300 0.0018965017394665636
301 0.0020565568225744102
302 0.002097325570158485
303 0.0021849028797835328
304 0.0023132489369926557
305 0.002277010050251256
306 0.00234193805566293
307 0.0021154450135291844
308 0.0021199748743718594
309 0.001997668631619637
310 0.0019584098376497876
311 0.001659439022033243
312 0.0015220332431387707
313 0.001491834170854271
314 0.001155114514882103
315 0.0009995892926169308
316 0.0009165418438345576
317 0.0007534668534982605
318 0.0005768022806339389
319 0.0004650657131812911
320 0.00039560784692694234
321 0.0003382296095863934
322 0.00021894327406262078
323 0.00020384373792037107
324 0.00013891573250869734
325 0.00010267684576729804
326 9.814698492462311e-05
327 6.643795902589871e-05
328 4.68085620409741e-05
329 3.4728933127174336e-05
330 2.7179165056049478e-05
331 1.660948975647468e-05
332 1.2079628913799767e-05
333 1.3589582528024737e-05
334 6.039814456899884e-06
335 3.019907228449942e-06
336 0.0
337 4.529860842674913e-06
338 3.019907228449942e-06
339 0.0
340 0.0
341 0.0
342 0.0
343 0.0
344 0.0
345 1.509953614224971e-06
346 0.0
347 1.509953614224971e-06
348 0.0
349 0.0
350 0.0
351 0.0
352 1.509953614224971e-06
353 0.0
354 1.509953614224971e-06
355 0.0
356 0.0
357 0.0
358 0.0
