0 0.0
1 0.0
2 0.0
3 0.0
4 0.0
5 0.0
6 0.0
7 0.0
8 0.0
9 0.0
10 0.0
11 0.0
12 0.0
13 0.0
14 0.0
15 0.0
16 0.0
17 0.0
18 0.0
19 0.0
20 0.0
21 0.0
22 0.0
23 0.0
24 0.0
25 0.0
26 0.0
27 0.0
28 0.0
29 0.0
30 0.0
31 0.0
32 0.0
33 0.0
34 0.0
35 0.0
36 0.0
37 0.0
38 0.0
39 0.0
40 0.0
41 0.0
42 0.0
43 0.0
44 0.0
45 0.0
46 0.0
47 0.0
48 0.0
49 0.0
50 0.0
51 0.0
52 0.0
53 0.0
54 0.0
55 0.0
56 0.0
57 0.0
58 0.0
59 0.0
60 0.0
61 0.0
62 0.0
63 0.0
64 0.0
65 0.0
66 0.0
67 0.0
68 0.0
69 0.0
70 0.0
71 0.0
72 0.0
73 0.0
74 0.0
75 0.0
76 0.0
77 0.0
78 0.0
79 0.0
80 0.0
81 0.0
82 0.0
83 0.0
84 0.0
85 0.0
86 0.0
87 0.0
88 0.0
89 0.0
90 0.0
91 0.0
92 0.0
93 0.0
94 0.0
95 0.0
96 0.0
97 0.0
98 0.0
99 0.0
100 0.0
101 0.0
102 0.0
103 0.0
104 1.509953614224971e-06
105 0.0
106 0.0
107 0.0
108 0.0
109 0.0
110 0.0
111 0.0
112 0.0
113 0.0
114 1.509953614224971e-06
115 0.0
116 0.0
117 0.0
118 0.0
119 1.509953614224971e-06
120 1.509953614224971e-06
121 0.0
122 4.529860842674913e-06
123 3.019907228449942e-06
124 4.529860842674913e-06
125 3.019907228449942e-06
126 6.039814456899884e-06
127 6.039814456899884e-06
128 2.1139350599149595e-05
129 2.717916505604948e-05
130 2.4159257827599538e-05
131 2.868911867027445e-05
132 4.6808562040974074e-05
133 5.737823734054889e-05
134 6.945786625434864e-05
135 0.000101166892153073
136 0.00016911480479319687
137 0.00018874420177812152
138 0.00023102290297642063
139 0.0003895680324700428
140 0.0005103643216080404
141 0.000623610842674913
142 0.0008470839775802085
143 0.0010297883649014303
144 0.0012940302473908
145 0.0018210040587553146
146 0.0021954725550831096
147 0.0025654111905682258
148 0.003186002126014691
149 0.003868501159644377
150 0.004588749033629687
151 0.005298427232315422
152 0.00624516814843448
153 0.007096781986857363
154 0.008250386548125243
155 0.009360202454580588
156 0.010551555856204096
157 0.011684021066872824
158 0.012343870796289137
159 0.013470296192500966
160 0.014435156551990723
161 0.015259591225357558
162 0.016074966177039043
163 0.016826923076923076
164 0.017239140413606493
165 0.017909559818322388
166 0.017905029957479703
167 0.018262888964051028
168 0.018046965597216857
169 0.018312717433320448
170 0.018264398917665247
171 0.0181043438345574
172 0.01800619684963278
173 0.01786275125628142
174 0.018009216756861228
175 0.018264398917665257
176 0.018616218109779672
177 0.019079773869346728
178 0.019996315713181282
179 0.020295286528797835
180 0.021094051990722847
181 0.022135919984538076
182 0.022916566003092394
183 0.023754590258987244
184 0.024113959219172802
185 0.02487648579435641
186 0.02509693902203324
187 0.02564807209122536
188 0.025311352435253193
189 0.02540043969849247
190 0.02522528507924238
191 0.024591104561267892
192 0.023819518264398917
193 0.02273235166215693
194 0.0215440181677619
195 0.0208252802473908
196 0.01916131136451488
197 0.017683066776188645
198 0.016242571028218
199 0.014732617413993045
200 0.013535224197912636
201 0.011785187959025901
202 0.01038093109779668
203 0.009020462891379975
204 0.007647915056049476
205 0.006547158871279471
206 0.005586828372632391
207 0.0046506571318129086
208 0.003820182643989176
209 0.003084835233861615
210 0.0026484586393505996
211 0.002122994781600309
212 0.001618670274449168
213 0.0012713809431774247
214 0.0010554575763432543
215 0.0008214147661383844
216 0.0006311606107460379
217 0.00043033678005411697
218 0.00033520970235794377
219 0.0002914210475454195
220 0.0001993138770776961
221 0.00015552522226517203
222 0.00011777638190954769
223 9.663703131039811e-05
224 6.643795902589872e-05
225 4.680856204097408e-05
226 2.717916505604948e-05
227 3.4728933127174336e-05
228 1.5099536142249712e-05
229 1.2079628913799767e-05
230 6.039814456899884e-06
231 1.0569675299574797e-05
232 7.549768071124854e-06
233 9.059721685349826e-06
234 4.529860842674913e-06
235 1.509953614224971e-06
236 1.509953614224971e-06
237 0.0
238 1.509953614224971e-06
239 1.509953614224971e-06
240 0.0
241 0.0
242 0.0
243 1.509953614224971e-06
244 0.0
245 1.509953614224971e-06
246 0.0
247 0.0
248 0.0
249 0.0
250 0.0
251 0.0
252 0.0
253 0.0
254 0.0
255 0.0
256 0.0
257 0.0
258 0.0
259 0.0
260 0.0
261 0.0
262 0.0
263 0.0
264 0.0
265 0.0
266 0.0
267 0.0
268 0.0
269 0.0
270 0.0
271 0.0
272 0.0
273 0.0
274 0.0
275 0.0
276 0.0
277 0.0
278 0.0
279 0.0
280 0.0
281 0.0
282 0.0
283 0.0
284 0.0
285 0.0
286 0.0
287 0.0
288 0.0
289 0.0
290 0.0
291 0.0
292 0.0
293 0.0
294 0.0
295 0.0
296 0.0
297 0.0
298 0.0
299 0.0
300 0.0
301 0.0
302 0.0
303 0.0
304 0.0
305 0.0
306 0.0
307 0.0
308 0.0
309 0.0
310 0.0
311 0.0
312 0.0
313 0.0
314 0.0
315 0.0
316 0.0
317 0.0
318 0.0
319 0.0
320 0.0
321 0.0
322 0.0
323 0.0
324 0.0
325 0.0
326 0.0
327 0.0
328 0.0
329 0.0
330 0.0
331 0.0
332 0.0
333 0.0
334 0.0
335 0.0
336 0.0
337 0.0
338 0.0
339 0.0
340 0.0
341 0.0
342 0.0
343 0.0
344 0.0
345 0.0
346 0.0
347 0.0
348 0.0
349 0.0
350 0.0
351 0.0
352 0.0
353 0.0
354 0.0
355 0.0
356 0.0
357 0.0
358 0.0
