0 1.509953614224971e-06
1 1.509953614224971e-06
2 0.0
3 0.0
4 0.0
5 1.509953614224971e-06
6 0.0
7 3.019907228449942e-06
8 3.019907228449942e-06
9 1.509953614224971e-06
10 0.0
11 0.0
12 3.019907228449942e-06
13 0.0
14 0.0
15 1.509953614224971e-06
16 4.529860842674913e-06
17 1.509953614224971e-06
18 4.529860842674913e-06
19 6.039814456899884e-06
20 6.039814456899884e-06
21 9.059721685349826e-06
22 1.0569675299574796e-05
23 9.059721685349826e-06
24 7.549768071124854e-06
25 2.1139350599149595e-05
26 2.8689118670274453e-05
27 3.925879396984924e-05
28 6.341834368873316e-05
29 4.982846926942402e-05
30 6.945815814563301e-05
31 6.945815814563303e-05
32 7.398772709702353e-05
33 0.00011626642829532267
34 0.0001479754541940471
35 0.00016156503672207196
36 0.0002159233668341708
37 0.0002672623735003887
38 0.00027330189606600427
39 0.0003654099422075808
40 0.0004363771782935857
41 0.0005224442424131244
42 0.0006205923949028851
43 0.0006658907114383498
44 0.0008667139583477019
45 0.000998081382241697
46 0.0011218969948255753
47 0.001278932462596256
48 0.0015205247489809676
49 0.0018225172231736686
50 0.001967473645813119
51 0.002200005334838626
52 0.0024113976732649863
53 0.0026545031240680496
54 0.0029278079390468986
55 0.003199597546368402
56 0.0033989111315548123
57 0.0035816152269847502
58 0.003879075797095783
59 0.003993833731233305
60 0.004179558609565543
61 0.004540434312561186
62 0.004534395665669424
63 0.00468086612840108
64 0.004705025386228677
65 0.004750321659525152
66 0.004973794210647879
67 0.004768439935330718
68 0.00485903948731449
69 0.0048318585709107315
70 0.004914906603475677
71 0.004566107026698421
72 0.004407562189096084
73 0.004333573878216493
74 0.003963632615709814
75 0.0038458544824525602
76 0.0038050883618900464
77 0.003478939840673875
78 0.0033264313148330237
79 0.003069740951762485
80 0.002826635792850708
81 0.002686210106727783
82 0.002437068344163232
83 0.002221144101655209
84 0.00198861182884713
85 0.0018164762411516306
86 0.0016352826831184878
87 0.0015039155511157776
88 0.0013529193140194263
89 0.0011777652785518998
90 0.001078108048121767
91 0.0010343202689830958
92 0.0008259452107636278
93 0.0008168863647521317
94 0.0007232695325614676
95 0.00067646009484664
96 0.0005526438984801924
97 0.0005873725397160828
98 0.0005254647334241434
99 0.00045449662166428524
100 0.0004363768864023012
101 0.0004258075029940109
102 0.00036238915930527764
103 0.0003472893312717437
104 0.0003065214593615225
105 0.0002838715713655791
106 0.00028991138582247906
107 0.0002446127773957299
108 0.00020686393704010545
109 0.00021592336683417098
110 0.00021894327406262094
111 0.00019478430812630576
112 0.00017515491114138102
113 0.00017817452647854657
114 0.0001555263898303096
115 0.00016760485117897178
116 0.0001509953614224971
117 0.00016156562050464074
118 0.0001313665482201412
119 0.0001313659644375724
120 0.00012079628913799756
121 0.0001343858716660224
122 0.00013287620994308175
123 0.00016156503672207185
124 0.00015401585243351589
125 0.00017515491114138108
126 0.00019176410900657132
127 0.00018119443370699659
128 0.00016609489756474685
129 0.00023253314848192995
130 0.00017666457286432172
131 0.00027330218795728863
132 0.0002748127253540826
133 0.00030199159851884754
134 0.000308031121084463
135 0.0003850384635186522
136 0.0004212773502600516
137 0.0004499679283867478
138 0.0004499670527128947
139 0.0005556638057086427
140 0.0006311611945286069
141 0.0007051486297343461
142 0.0007881981217557104
143 0.000896913322523486
144 0.0011083074122975507
145 0.0011505864053871352
146 0.0014103004702728202
147 0.0014842852784569998
148 0.0017228588251783975
149 0.002169806262554127
150 0.0021879257059248276
151 0.0025593748788067376
152 0.002944414509890527
153 0.003231303945245568
154 0.003492527671854192
155 0.004149359245389761
156 0.00459479381023842
157 0.005194248897781146
158 0.005798230051579852
159 0.006509418787662383
160 0.007075652560561879
161 0.007737014870613978
162 0.008485952155160847
163 0.00915636980852902
164 0.010084997119103075
165 0.010663308185786103
166 0.011693096842578823
167 0.012375601714034195
168 0.01339330782300026
169 0.014051655479867019
170 0.01520525683033078
171 0.015851515809653924
172 0.016577806125117705
173 0.017083639710209216
174 0.01800924390275067
175 0.018265936017168926
176 0.01840334121228082
177 0.018959009396358736
178 0.019155300155403857
179 0.01929421734736898
180 0.019220230495945796
181 0.018838209896416613
182 0.019125094953402387
183 0.018640405389170573
184 0.018009240983837837
185 0.017754064952750778
186 0.01739016321280972
187 0.0163694298993331
188 0.015712599493362657
189 0.014794549155370295
190 0.014081851341347405
191 0.013657553791967612
192 0.012668533007085118
193 0.01148321766857081
194 0.010743338062470305
195 0.010097072077756331
196 0.009153351944539569
197 0.008499539694449885
198 0.007856298579116192
199 0.0069533480691573646
200 0.006350875409516468
201 0.0057378310313369995
202 0.005068921580235339
203 0.0044845689477477045
204 0.0040330904819641635
205 0.0037658298598114803
206 0.003131646422924149
207 0.002947435584684116
208 0.0026061846084128493
209 0.0023177823005307414
210 0.002076188262798326
211 0.0017938301477423851
212 0.0014888154311909587
213 0.0014571078647486566
214 0.0012094745963419082
215 0.001127938560630182
216 0.0009346636223355322
217 0.0008048073196209003
218 0.0007142089352022644
219 0.0006372007170942223
220 0.0005949231834610608
221 0.0005133842288364902
222 0.00043335814673898886
223 0.00040013770776961744
224 0.0003035009683505036
225 0.0002793414186316196
226 0.0002989713993991133
227 0.000285382108762373
228 0.00026575271177744835
229 0.00023253285659064567
230 0.00022498367230208967
231 0.00018572458644095592
232 0.00020233378430614622
233 0.0001374060707857567
234 0.00016760514307025617
235 0.0001374057788944723
236 0.00016307499033629702
237 0.00017062505029870616
238 0.00015099536142249706
239 0.00016458523584180618
240 0.00015099565331378148
241 0.00014948540780827205
242 0.00017968448009277163
243 0.00016307499033629683
244 0.0001298560108233474
245 0.0001872348319464652
246 0.00014646579247110653
247 0.00017666515664689045
248 0.00018572487833224023
249 0.00017968448009277163
250 0.0001978042153547557
251 0.00020384432170293993
252 0.0002295129493621956
253 0.0002431025318902204
254 0.00027934171052290425
255 0.00029595120027937883
256 0.0003503098222827626
257 0.00038654841713287686
258 0.0004122176285747017
259 0.0004393970855220354
260 0.00047563626415471913
261 0.0005013051837052592
262 0.0005903930307271009
263 0.0005828435545472605
264 0.0006779703403521497
265 0.0007504475300523797
266 0.000839535085182937
267 0.0009135231041712453
268 0.0009995907520733524
269 0.0011234075322223694
270 0.0012245735487015897
271 0.0012925217532329964
272 0.0015371339468461579
273 0.0016126351302528194
274 0.0018874466880417651
275 0.0020580714464491856
276 0.0022226560985084236
277 0.0024204576868416187
278 0.002639403879817083
279 0.0028885465180554896
280 0.0029866926273062594
281 0.003309822700750403
282 0.0035332967113295513
283 0.0035725566728645386
284 0.003919846004136284
285 0.0040934886265331615
286 0.00430337334647557
287 0.004477018595894012
288 0.0045479878752190065
289 0.004828841290703844
290 0.004795620559843188
291 0.004905846006116472
292 0.004871117656771866
293 0.0048212874361547335
294 0.005085532821339516
295 0.004908866789018771
296 0.004614425834244906
297 0.004671803779694169
298 0.004472489318833903
299 0.0042958253297521514
300 0.004043660157263737
301 0.0038549188743984618
302 0.0036646615082019866
303 0.003453268294101775
304 0.003158826755545338
305 0.002814556747719473
306 0.0026046746547986254
307 0.0024280083305865986
308 0.002129038390643907
309 0.0018980149038849163
310 0.0018028895775364505
311 0.001493345000142349
312 0.0013046043010596416
313 0.001206454689113458
314 0.0009890204929912092
315 0.0008516150059880213
316 0.0007459188367748422
317 0.0006477703923937967
318 0.0005028160129933375
319 0.0004273168728256668
320 0.00038805866263838664
321 0.0003035012602417882
322 0.00024914263823840483
323 0.00024612243911867034
324 0.00018421492471801528
325 0.00013438587166602232
326 9.814698492462303e-05
327 0.00011022661383842277
328 7.247806537408294e-05
329 5.888819095477384e-05
330 4.378865481252416e-05
331 4.831851565519905e-05
332 4.680856204097409e-05
333 3.0199364175783832e-05
334 1.811973526198406e-05
335 2.4159257827599538e-05
336 9.059721685349826e-06
337 1.5099536142249712e-05
338 1.2079628913799769e-05
339 6.039814456899884e-06
340 4.529860842674913e-06
341 6.039814456899884e-06
342 3.019907228449942e-06
343 4.529860842674913e-06
344 3.019907228449942e-06
345 6.039814456899884e-06
346 0.0
347 1.509953614224971e-06
348 1.509953614224971e-06
349 1.509953614224971e-06
350 1.509953614224971e-06
351 1.509953614224971e-06
352 0.0
353 1.509953614224971e-06
354 4.529860842674913e-06
355 1.509953614224971e-06
356 1.509953614224971e-06
357 0.0
358 0.0
