0 1.509953614224971e-06
1 0.0
2 1.509953614224971e-06
3 3.019907228449942e-06
4 0.0
5 1.509953614224971e-06
6 0.0
7 0.0
8 1.509953614224971e-06
9 4.529860842674913e-06
10 0.0
11 1.509953614224971e-06
12 3.019907228449942e-06
13 3.019907228449942e-06
14 4.529860842674913e-06
15 7.549768071124854e-06
16 3.019907228449942e-06
17 7.549768071124854e-06
18 6.039814456899884e-06
19 1.510011992481852e-05
20 1.3589582528024739e-05
21 2.415925782759954e-05
22 1.6609781647759088e-05
23 2.4159549718883942e-05
24 4.680856204097408e-05
25 6.039843646028322e-05
26 6.794791264012369e-05
27 6.64379590258987e-05
28 0.00011928691930634146
29 9.663703131039808e-05
30 0.00014495613074816597
31 0.00018723424816389643
32 0.00025065346752648296
33 0.000282362201533923
34 0.00043939737741332
35 0.00048318778357355066
36 0.0006039829051464103
37 0.0006825007849773934
38 0.0008606770628036459
39 0.0010207309783463554
40 0.001221558019842405
41 0.0015507296590911552
42 0.0017968520982098253
43 0.0019795570693136155
44 0.002293628004854979
45 0.0026484688555455525
46 0.0028961050428651463
47 0.003318891471065568
48 0.0035408578631607682
49 0.003960625551697879
50 0.004326036077688027
51 0.004549505709897913
52 0.004910391629088506
53 0.005290900231764483
54 0.005577788207663095
55 0.005834481197755195
56 0.005925083668651813
57 0.006208954948126109
58 0.00620895290488712
59 0.0062180140860288845
60 0.006329751821046674
61 0.006275394366608424
62 0.006156107739193368
63 0.0060489016163659684
64 0.005783145693784393
65 0.00547663094792241
66 0.005490214108842178
67 0.0051504736699677055
68 0.00494512318923724
69 0.004679370769351074
70 0.004403043420122216
71 0.004193165121788065
72 0.004069346006508774
73 0.003640522682764294
74 0.003377789878215297
75 0.003024457229791239
76 0.0027783318717597245
77 0.0024808677989532784
78 0.002278535182212271
79 0.002103379103505752
80 0.0018406480503044597
81 0.001718337429182971
82 0.0014888212690166473
83 0.0012472272312842292
84 0.0012321288627071176
85 0.0011007634820521142
86 0.0009935570673334257
87 0.0008727590268477213
88 0.0007459223394702552
89 0.0006960956215485371
90 0.0006387144652951442
91 0.0005662355242472081
92 0.0004439289896037013
93 0.0003986297973943834
94 0.00038655133604572137
95 0.0003321924221510535
96 0.00024763356029803294
97 0.00022649420969888338
98 0.0001917658603542778
99 0.00020988530372497747
100 0.00019931708788182466
101 0.00014646608436239098
102 0.00015703634344453458
103 0.0001313665482201412
104 0.00010116747593564177
105 0.00010267684576729794
106 9.210717046772317e-05
107 8.60679397933921e-05
108 7.398801898830793e-05
109 8.304803256494214e-05
110 4.9828761160708435e-05
111 8.002841722777662e-05
112 5.737882112311769e-05
113 5.133929855750222e-05
114 6.039814456899881e-05
115 5.5868867508892705e-05
116 5.888819095477383e-05
117 5.73788211231177e-05
118 4.831909943776787e-05
119 6.643825091718308e-05
120 5.8889066628627066e-05
121 4.831851565519906e-05
122 5.1338714774933396e-05
123 6.492858919424252e-05
124 6.039931213413643e-05
125 6.341834368873315e-05
126 8.304744878237336e-05
127 8.304803256494215e-05
128 6.0398144568998815e-05
129 9.361799975580135e-05
130 0.00011324739674072595
131 9.663732320168245e-05
132 0.00011626701207789149
133 0.0001192872111976258
134 0.00014797662175918471
135 0.0002174336123396803
136 0.00023253344037321445
137 0.0002476332684067486
138 0.000261222559043489
139 0.00033823136093410035
140 0.0003442705916084312
141 0.0004137281659714955
142 0.0004877153092859501
143 0.0006341822693221941
144 0.000714211562223824
145 0.0008606761871297931
146 0.0010162028688513868
147 0.0011822971826335653
148 0.001363493075796983
149 0.0016292449119005776
150 0.0017923190265630227
151 0.002045993568883092
152 0.0024174424498737204
153 0.002773793837961088
154 0.0033052980939508475
155 0.0038428412887236522
156 0.004350188038233515
157 0.004831864116845135
158 0.005514362566692252
159 0.0063539031978095935
160 0.007051503518929235
161 0.007933316429636619
162 0.008923849795154898
163 0.00978150052912184
164 0.010536485217299002
165 0.011835047952554037
166 0.012698743755020997
167 0.013778360005409284
168 0.014796072535983612
169 0.01559484179249532
170 0.016487222043371996
171 0.01769670656401758
172 0.018318805701730556
173 0.01914173100526574
174 0.019573579490281795
175 0.02065923759836598
176 0.02059582713574192
177 0.020604879852036424
178 0.021088053916719626
179 0.021198293957557127
180 0.020986893154283516
181 0.02098538466012571
182 0.020579207721681772
183 0.020017502933951076
184 0.019322916098451638
185 0.018495461225965067
186 0.017971509656959275
187 0.016988527518968555
188 0.01638454694895241
189 0.014871565546434304
190 0.014098471922972684
191 0.013338957665844128
192 0.012129485988415059
193 0.011015135842747763
194 0.010054802425187841
195 0.009301335863580867
196 0.00826852642388585
197 0.0075105267906320685
198 0.0065366026229789756
199 0.006020198778805329
200 0.005532482885736805
201 0.004733714213007667
202 0.004113123569452493
203 0.003598225592415078
204 0.0031165518489337358
205 0.002799462173729059
206 0.002518606715005234
207 0.002258894401467254
208 0.0019161334715817628
209 0.0016700122000282312
210 0.0013302723449363282
211 0.0011958853057051676
212 0.001002611243084372
213 0.0008787947548266393
214 0.0007821574316249571
215 0.0006658915871122028
216 0.0005511351124311055
217 0.0004575165288927351
218 0.0004378882994729482
219 0.00036087891379976835
220 0.0002959520759532321
221 0.00029897139939911326
222 0.00024008379222690806
223 0.00017666457286432156
224 0.00018421492471801533
225 0.00019629396984924621
226 0.000147976037976616
227 0.00016458611151565954
228 0.00011626642829532267
229 0.00012079628913799755
230 8.153778705943277e-05
231 8.606735601082328e-05
232 9.51270776961731e-05
233 0.00010871695211548222
234 8.757730962504825e-05
235 7.398772709702356e-05
236 6.794820453140807e-05
237 7.851817172226723e-05
238 7.247777348279858e-05
239 9.814727681590743e-05
240 0.00010267684576729793
241 5.888848284605824e-05
242 8.304744878237334e-05
243 6.341805179744876e-05
244 9.361770786451694e-05
245 7.398772709702352e-05
246 8.455798617916711e-05
247 0.00010116718404435738
248 0.00011173685934393214
249 9.9656938538848e-05
250 9.814698492462303e-05
251 0.00011324710484944152
252 0.00012079628913799756
253 0.00013438645544859118
254 0.0001343861635573068
255 0.00016307499033629683
256 0.00016156532861335632
257 0.00017364495752715612
258 0.0002053539834258806
259 0.00025669269820081416
260 0.0002808516641371292
261 0.00027481214157151366
262 0.00030501092196472883
263 0.000305011797638582
264 0.0003216215792863411
265 0.00037748898733881177
266 0.00043788771569037944
267 0.0004907355084056845
268 0.0005299954699406717
269 0.0005813338928243203
270 0.0006372018846593599
271 0.0006417320373933191
272 0.0007308195925238769
273 0.0007881981217557099
274 0.0007836694284781729
275 0.0009256053601066045
276 0.000995062642578384
277 0.0010131838372967905
278 0.0011626692451050624
279 0.001183808011921643
280 0.0012562857854044418
281 0.0014842922838478267
282 0.00155827942716228
283 0.0016352891047267445
284 0.0017711814273115793
285 0.0018240341821787185
286 0.002076197019536859
287 0.0020761952681891517
288 0.0022483308558846516
289 0.0024280182548902674
290 0.0025216342114070768
291 0.002853821671406297
292 0.0028387273893071647
293 0.0031120263664603264
294 0.0031935606508243465
295 0.0032720864117200075
296 0.003451767389117367
297 0.0036239061876169936
298 0.0036223924394160716
299 0.0034804567996789245
300 0.0036812780033492866
301 0.0038654958469801445
302 0.003645040284173026
303 0.0036616491901469298
304 0.0036571225401083843
305 0.0035786032008209815
306 0.0034336435673774017
307 0.0034094843095498007
308 0.0031316519688585525
309 0.0028689203318746923
310 0.0026937642531681748
311 0.00249747115899278
312 0.0022724857353429843
313 0.002272486319125553
314 0.0018919771326670078
315 0.001768160644409276
316 0.0015748859980059097
317 0.0013332925440560609
318 0.0011626657424096492
319 0.0009724112951260191
320 0.0009225839934217321
321 0.0006930704602769685
322 0.0006085136416629389
323 0.0004952665368134971
324 0.00042127880971647364
325 0.00036389969670207146
326 0.000277832340691248
327 0.000238573838612683
328 0.00017515491114138102
329 0.00015401556054223141
330 0.00011173744312650102
331 8.606735601082331e-05
332 7.549826449381732e-05
333 6.64379590258987e-05
334 5.1338422883649e-05
335 3.62391786326837e-05
336 2.717916505604948e-05
337 2.4159549718883946e-05
338 2.566921144182451e-05
339 1.8119735261984056e-05
340 1.2079628913799769e-05
341 9.059721685349826e-06
342 7.5500599624092585e-06
343 1.0569967190859202e-05
344 4.529860842674913e-06
345 3.019907228449942e-06
346 4.530152733959317e-06
347 0.0
348 3.019907228449942e-06
349 3.019907228449942e-06
350 0.0
351 3.019907228449942e-06
352 1.509953614224971e-06
353 0.0
354 4.529860842674913e-06
355 4.529860842674913e-06
356 1.509953614224971e-06
357 0.0
358 1.5102455055093755e-06
