0 0.0
1 0.0
2 0.0
3 0.0
4 0.0
5 1.509953614224971e-06
6 0.0
7 1.509953614224971e-06
8 0.0
9 1.509953614224971e-06
10 1.509953614224971e-06
11 1.509953614224971e-06
12 1.509953614224971e-06
13 1.509953614224971e-06
14 6.039814456899884e-06
15 6.039814456899884e-06
16 0.0
17 6.039814456899884e-06
18 9.059721685349826e-06
19 4.529860842674913e-06
20 1.0569675299574797e-05
21 7.549768071124854e-06
22 1.0569675299574797e-05
23 9.059721685349826e-06
24 1.509953614224971e-05
25 2.11393505991496e-05
26 2.8689118670274456e-05
27 3.4728933127174336e-05
28 5.13390066662178e-05
29 4.8318515655199056e-05
30 5.586886750889272e-05
31 9.210775425029195e-05
32 8.908726323927323e-05
33 0.00010871666022419786
34 0.00012834664099169128
35 0.00015703575966196582
36 0.00019478401623502123
37 0.0002325331484819301
38 0.0002838715713655793
39 0.0003669190201479526
40 0.0003986280460466769
41 0.00048771647685108755
42 0.0006402232513442315
43 0.0006658901276557811
44 0.0008334964382911746
45 0.0009089935352198547
46 0.0011309567165109248
47 0.0012049444436079487
48 0.0014963649073707994
49 0.00168360207444754
50 0.0017877885819377781
51 0.0020837403659997263
52 0.0022317164039763423
53 0.0025654164446113456
54 0.0028024774106969576
55 0.0030244426352270203
56 0.003190534905770207
57 0.0034245809267792085
58 0.0037462007547178398
59 0.003931925049267511
60 0.004061781643873428
61 0.00421881652786154
62 0.004396992221905224
63 0.004490610513552312
64 0.004551008074338742
65 0.004771463929037146
66 0.0046129211346738015
67 0.00468841560458092
68 0.004637073970893142
69 0.004564597364975482
70 0.004561573663160336
71 0.004419640358553464
72 0.004209759141306468
73 0.004030071450409567
74 0.0039183372180871924
75 0.0037401612321522246
76 0.0034940379173597023
77 0.0034683695815917303
78 0.003142218141462715
79 0.0030199121906017766
80 0.0027269800218769963
81 0.0024974656130583753
82 0.0022513446333961287
83 0.002142627389389361
84 0.0019584133403451995
85 0.0017726881701216753
86 0.0016337724376129775
87 0.0014842876135872749
88 0.0012759119715852383
89 0.0011656856496380995
90 0.0011641777392628653
91 0.0008969141981973394
92 0.0009573114670924843
93 0.0007564873445092793
94 0.0007172282586481457
95 0.0006553201604649218
96 0.0006115329651088196
97 0.0005420742231806178
98 0.0004499667608216101
99 0.00041523811958572035
100 0.00044543689997893535
101 0.0003654090665337278
102 0.00036541081788143395
103 0.0002808516641371291
104 0.0002702819888375544
105 0.00024914351391225787
106 0.00027179252623434823
107 0.00024461365306958303
108 0.00020837418254561493
109 0.00019931416896898068
110 0.00016307528222758125
111 0.00014948599159084094
112 0.00014948569969955647
113 0.0001676051430702562
114 0.0001676054349615406
115 0.00014948540780827213
116 0.00013740577889447228
117 0.00013740577889447236
118 0.00011475647468109768
119 0.00013438587166602232
120 0.00013287591805179742
121 0.00014646579247110656
122 0.00013136625632885685
123 0.00015401526865094705
124 0.00014797574608533165
125 0.00014042568612292222
126 0.00019629426174053069
127 0.00017515461925009658
128 0.00018874478556069028
129 0.00019025444728363079
130 0.00024310253189022038
131 0.00024008291655305475
132 0.00023102348675898947
133 0.0003080305373018941
134 0.00034879928488596845
135 0.0003397401469831877
136 0.000433356687282567
137 0.0004499670527128945
138 0.000507345581944728
139 0.0005194252108585278
140 0.0005390546078434524
141 0.0007398775628615202
142 0.0007957464303704132
143 0.0009301331777102886
144 0.0009980807984591282
145 0.0011385064845820501
146 0.0013287606399743966
147 0.0015779035701040855
148 0.0018119475478740935
149 0.0019297245135662094
150 0.0021984962568982547
151 0.002618263653544082
152 0.0030017909958833717
153 0.0033551227686335725
154 0.0037718690904858117
155 0.004241464372618494
156 0.004647643938084
157 0.005191228114878846
158 0.005811818174651456
159 0.006532067216201896
160 0.007182859850954425
161 0.007877444059432316
162 0.008351562780799413
163 0.00940400220126193
164 0.010024593720490957
165 0.01094113819134708
166 0.011957339308850755
167 0.012858785119238476
168 0.013742114405168345
169 0.01434306952202162
170 0.015085966408329024
171 0.016225985181655574
172 0.016810341608729913
173 0.017370531188803235
174 0.018122489548143703
175 0.01848034738714989
176 0.019066206178665036
177 0.01931384616057133
178 0.01970341536060651
179 0.01980911211360224
180 0.01962036294967231
181 0.019413500472088615
182 0.019457291753922717
183 0.019023931855836004
184 0.018614732091250766
185 0.018131546642807497
186 0.017681584844137704
187 0.01669407196963045
188 0.016219938945590415
189 0.015357759226454645
190 0.014599766306700424
191 0.013518636308111212
192 0.012822546232497078
193 0.01205397779961758
194 0.011237094061887002
195 0.010089523477250343
196 0.00948554436669063
197 0.008777372910814988
198 0.007818549738760568
199 0.007086225154774302
200 0.006388623957980804
201 0.005916006141598114
202 0.005265216717649723
203 0.004819778941996934
204 0.004196164888517892
205 0.003868507289361348
206 0.0032947231646081538
207 0.002935354496313895
208 0.0026696003250800244
209 0.002142626805606793
210 0.002053540418041374
211 0.001805906565852055
212 0.0015930033981376203
213 0.0013272506863601715
214 0.0012562828664915977
215 0.0010312994860807929
216 0.0009407034367924318
217 0.0008501050523737966
218 0.0006719302340039657
219 0.0006039826132551259
220 0.0005707645094160297
221 0.0005254647334241429
222 0.00046355605145835066
223 0.000419767688537111
224 0.00032011074999826285
225 0.00032162070361248804
226 0.0002672620816091045
227 0.0002929321687247821
228 0.0002536724990810796
229 0.00018572458644095595
230 0.00016458523584180629
231 0.0001917644008978558
232 0.00016609518945603135
233 0.0001676048511789717
234 0.00015703546777068132
235 0.00017968448009277163
236 0.0001555255141564564
237 0.00013287591805179736
238 0.00015552522226517198
239 0.00015552580604774084
240 0.00013891602439998173
241 0.00013438587166602237
242 0.00013287620994308172
243 0.00014646608436239087
244 0.00016156562050464066
245 0.00015703546777068138
246 0.0001811944337069966
247 0.00016911480479319673
248 0.0001932740626207963
249 0.00018119501748956542
250 0.00021139350599149598
251 0.000218943274062621
252 0.0002415928701672799
253 0.00026273280454899834
254 0.0002446127773957297
255 0.00029897169129039774
256 0.00034275976232035283
257 0.0003306807171891221
258 0.0003774889873388118
259 0.00039258823158977706
260 0.0004348669327880762
261 0.0005148950581245683
262 0.0005873725397160825
263 0.0005934123541729825
264 0.000753467729172114
265 0.0007277988096215735
266 0.0007836673852391821
267 0.0008229258873177467
268 0.0009105034888340796
269 0.001058478943028127
270 0.0013408402688881967
271 0.001284972277053157
272 0.0014691883693363102
273 0.0016624641833048116
274 0.0017183298400095762
275 0.0020037101974242424
276 0.0021713197188637646
277 0.0024385797572338786
278 0.0026394035879257986
279 0.0028734466900219545
280 0.0030078328535792613
281 0.0030742713963877286
282 0.0033068019178480986
283 0.0038005608361776455
284 0.0037884782883510024
285 0.004036110972975184
286 0.004230899075688185
287 0.00429431420857279
288 0.0043894430376166665
289 0.004647649484018408
290 0.004544969135555695
291 0.004768439643439431
292 0.0045887563309117965
293 0.004771460134450449
294 0.004718612341735146
295 0.004608385144114152
296 0.0045676178559865025
297 0.004324513280857288
298 0.004067821750221612
299 0.004060270522694067
300 0.003753752566027956
301 0.0036948620399429068
302 0.003337003033371589
303 0.003196575012118392
304 0.002958004968092406
305 0.002813048837344242
306 0.0025548456017466317
307 0.0022890920142953314
308 0.002026359793528903
309 0.0017560798479303377
310 0.001614144500084475
311 0.0014495589723513848
312 0.0012124945035703585
313 0.001066029002990536
314 0.0009391920237217852
315 0.0008501050523737961
316 0.0006855198165319899
317 0.0006070028123748605
318 0.0004650665888551444
319 0.000468087079866163
320 0.0003472893312717438
321 0.0002899113858224791
322 0.00025518245269530465
323 0.00018723483194646527
324 0.00017968477198405591
325 0.00012532644187195692
326 0.00012381648825773192
327 0.00012079628913799753
328 5.737823734054886e-05
329 6.190809818322378e-05
330 6.341805179744874e-05
331 3.925879396984925e-05
332 3.0199072284499424e-05
333 2.7179165056049485e-05
334 2.1139350599149595e-05
335 2.1139350599149595e-05
336 1.2079628913799769e-05
337 1.6609489756474684e-05
338 1.5099536142249712e-05
339 1.0569675299574797e-05
340 1.2079628913799769e-05
341 9.059721685349826e-06
342 0.0
343 1.509953614224971e-06
344 3.019907228449942e-06
345 1.509953614224971e-06
346 1.509953614224971e-06
347 3.019907228449942e-06
348 1.509953614224971e-06
349 1.509953614224971e-06
350 1.509953614224971e-06
351 0.0
352 1.509953614224971e-06
353 1.509953614224971e-06
354 1.509953614224971e-06
355 1.509953614224971e-06
356 1.509953614224971e-06
357 0.0
358 0.0
