0 4.529860842674913e-06
1 0.0
2 0.0
3 1.509953614224971e-06
4 1.509953614224971e-06
5 3.019907228449942e-06
6 0.0
7 4.529860842674913e-06
8 3.019907228449942e-06
9 6.039814456899884e-06
10 3.0201991197343464e-06
11 0.0
12 3.0201991197343464e-06
13 3.019907228449942e-06
14 6.039814456899884e-06
15 0.0
16 7.549768071124854e-06
17 3.019907228449942e-06
18 3.019907228449942e-06
19 1.0569675299574797e-05
20 7.549768071124854e-06
21 1.5099536142249712e-05
22 1.6609489756474684e-05
23 1.8119443370699655e-05
24 2.264930421337457e-05
25 2.8689118670274456e-05
26 3.321897951294937e-05
27 3.321897951294937e-05
28 5.888819095477383e-05
29 5.8888190954773846e-05
30 5.8888482846058244e-05
31 7.700821810804228e-05
32 0.0001283466409916912
33 0.00012230624275222257
34 0.00017515461925009663
35 0.0001857242945496715
36 0.0002687720352233294
37 0.0002929312930509289
38 0.00035182006778827177
39 0.0004046681523948611
40 0.0005239550717012026
41 0.0005586842967196613
42 0.0007715877563253823
43 0.0007942370605387567
44 0.0009407022692272946
45 0.0010781086319043352
46 0.0012925220451242819
47 0.001429929283475176
48 0.0015779041538866536
49 0.0018436571575553866
50 0.0019704935530415685
51 0.002254366000081001
52 0.002586554627645357
53 0.0027662411509771184
54 0.003053132337679864
55 0.0031407073121746372
56 0.003439680754812742
57 0.003601243748295823
58 0.003927395480316122
59 0.0042233487238344915
60 0.004374342042017999
61 0.004483057826568343
62 0.004400010085894683
63 0.004667274794525346
64 0.004641605291192239
65 0.004975303580479538
66 0.005059861274767419
67 0.004993423607632802
68 0.004884708406865027
69 0.004792598025593179
70 0.004646133400687206
71 0.004712573402952098
72 0.004455878661512293
73 0.0044483306447888745
74 0.004300354606812256
75 0.00409801994683226
76 0.003921357417206928
77 0.0036888222254860084
78 0.003518196591404733
79 0.0032766045969113058
80 0.003012360087400376
81 0.0027692587230752934
82 0.002486896521541371
83 0.0024989779018028775
84 0.0021350770375356673
85 0.001996160137461834
86 0.0017726867106652533
87 0.0016790710460397266
88 0.0015356251607970704
89 0.0013634895731015706
90 0.00123816488257732
91 0.0011883346619601892
92 0.0009633509896581001
93 0.00086520488040733
94 0.0008032959065502535
95 0.000765546774303344
96 0.0006704205722810246
97 0.0006115329651088196
98 0.0005103646134993245
99 0.00046808562040974113
100 0.000480166124997394
101 0.0003940978933127176
102 0.0003623888674139932
103 0.00031256098192713805
104 0.00030954107469868814
105 0.00025518245269530465
106 0.0002808513722458447
107 0.00022045351956813028
108 0.00021139408977406495
109 0.00021592336683417098
110 0.00021290404338828977
111 0.00017364554130972488
112 0.00015854512949362194
113 0.00015401614432480025
114 0.00012532673376324132
115 0.00013438645544859118
116 0.0001313659644375724
117 0.00012985601082334742
118 0.00012230653464350693
119 0.00012683610359489743
120 0.00013891573250869723
121 0.00012834605720912242
122 0.00010267713765858233
123 0.00010267713765858233
124 0.00011173656745264775
125 0.0001419356397371472
126 0.00014797545419404712
127 0.00013287620994308178
128 0.00013287650183436622
129 0.00013589611717153174
130 0.0001600562506729846
131 0.00018421434093544655
132 0.00016156532861335632
133 0.00021290345960572096
134 0.0002159233668341709
135 0.00024159374584113304
136 0.0002808519560284136
137 0.0002733018960660045
138 0.0003699395111589712
139 0.0003940978933127175
140 0.0004348666408967918
141 0.0004907355084056844
142 0.0005360335330498648
143 0.0006326714400341159
144 0.0007277985177302895
145 0.0008485953906508558
146 0.0009150330577854699
147 0.0010735793548442294
148 0.001297051905966956
149 0.0013755694939066548
150 0.00164585089896164
151 0.0019055635043909044
152 0.00225889294201083
153 0.0025503163246865268
154 0.0029187444227748494
155 0.0033521034451876913
156 0.003789991744660641
157 0.004286765608066805
158 0.004680863209488236
159 0.005644217701841748
160 0.006193841693093491
161 0.006923146077960021
162 0.007777782450632918
163 0.008526722362201344
164 0.00922734083920173
165 0.010303936598578995
166 0.011369968228591097
167 0.012217053373736447
168 0.013251375102175963
169 0.01470093261507092
170 0.015481577757951377
171 0.016366416121821614
172 0.01730862746898927
173 0.0180847456699399
174 0.019010349862481384
175 0.01985893853963269
176 0.02008392250382607
177 0.020828329051856415
178 0.020926476620563603
179 0.020970262940245864
180 0.021263194233296787
181 0.02069696629822299
182 0.020487077491802567
183 0.020281729929984955
184 0.019790991210775138
185 0.018868408384918548
186 0.018250830935092277
187 0.017603065504850298
188 0.016334705052683897
189 0.015164486915181567
190 0.014418570121645718
191 0.013550345334009931
192 0.012442035878473394
193 0.011288427814510102
194 0.010377928704045294
195 0.009343604056692933
196 0.00831985842516124
197 0.007709834537992796
198 0.006846141070656111
199 0.0061002201906422745
200 0.005330144431170112
201 0.004786560546266552
202 0.004268644997130966
203 0.0037643190305234027
204 0.0032977419042714644
205 0.0028054993611643995
206 0.0025035071788629833
207 0.0020399487922743574
208 0.0019206636243157232
209 0.0016941699983994082
210 0.001380098479075477
211 0.0013121523177830597
212 0.0010735796467355142
213 0.0010101598435903589
214 0.0007912162776364533
215 0.0008108450908388094
216 0.0006070022285922915
217 0.0004997949381997497
218 0.0004952647854657908
219 0.0004590270662895286
220 0.0004076880596233113
221 0.00032615114823773166
222 0.0003019907228449944
223 0.0002793417105229042
224 0.00028991138582247896
225 0.0002249836723020896
226 0.00017968448009277163
227 0.00019629426174053082
228 0.000158545129493622
229 0.00019931446086026512
230 0.0001479757460853316
231 0.00011928633552377258
232 0.00011173685934393217
233 0.00016156503672207182
234 0.0001328762099430818
235 0.00012079628913799758
236 9.9656938538848e-05
237 0.00010267684576729794
238 0.00012532614998067248
239 0.00011928662741505702
240 9.361712408194812e-05
241 0.0001087166602241978
242 0.00011777667380083206
243 0.0001087169521154822
244 0.00013589582528024735
245 0.00015854512949362194
246 0.00014948569969955658
247 0.00014646550057982217
248 0.00016760572685282509
249 0.00019629396984924635
250 0.0001962939698492463
251 0.00021139379788278048
252 0.00022347342679658025
253 0.00023102319486770508
254 0.00026575241988616383
255 0.000261222559043489
256 0.0003246411946235065
257 0.00036842868187089305
258 0.00038956803247004274
259 0.00043033794761925464
260 0.0004499670527128949
261 0.000523955071701203
262 0.0005722735873564015
263 0.0006643810497154097
264 0.0006945798301086237
265 0.0007912165695277382
266 0.0009105034888340796
267 0.0009980813822416967
268 0.0011822965988509953
269 0.0012049444436079487
270 0.0012925217532329966
271 0.0014072785198053787
272 0.0015809258124628107
273 0.0017802376463015152
274 0.001928216311299692
275 0.002163766448097226
276 0.002388750120399317
277 0.0025503134057736822
278 0.0027194290862407313
279 0.003057661322848685
280 0.00318600825573166
281 0.0032856646104879404
282 0.0034955496223216327
283 0.00396665544185111
284 0.003944003510616174
285 0.004181069438853623
286 0.004400010377785969
287 0.004661233520612025
288 0.004662741722878547
289 0.004804679697745967
290 0.004840917416922234
291 0.005005506447350731
292 0.004724650988626904
293 0.00493151609323215
294 0.004920947293606429
295 0.004804677362615694
296 0.004792598317484462
297 0.004576676410106714
298 0.00459630668276549
299 0.0042777050107076
300 0.004079901671026696
301 0.003827737957994704
302 0.003675232059175416
303 0.0034638385531839174
304 0.0032977427799453195
305 0.0029036460541977376
306 0.0026711126138245236
307 0.002426499252646226
308 0.002195476933452375
309 0.002091288382723144
310 0.001898016071450054
311 0.0015809237692238193
312 0.0014329483150297732
313 0.001322721993082634
314 0.0010811291229153549
315 0.0009301328858190046
316 0.0008078257673929284
317 0.0006960891999402805
318 0.0006341811017570565
319 0.0004937554156341342
320 0.00046808649608359417
321 0.00036540935842501186
322 0.0003035006764592193
323 0.00025216371303199225
324 0.00020535369153459616
325 0.00016609489756474688
326 0.00015703517587939696
327 9.05975087447826e-05
328 8.606735601082325e-05
329 6.794820453140805e-05
330 7.398801898830791e-05
331 5.284837649787397e-05
332 2.2649304213374567e-05
333 4.680856204097409e-05
334 3.472922501845873e-05
335 3.17090258987244e-05
336 3.0199364175783832e-05
337 1.358958252802474e-05
338 1.5099536142249712e-05
339 9.059721685349826e-06
340 1.6609489756474684e-05
341 7.549768071124854e-06
342 7.549768071124854e-06
343 4.529860842674913e-06
344 4.529860842674913e-06
345 7.549768071124854e-06
346 3.019907228449942e-06
347 4.529860842674913e-06
348 0.0
349 1.509953614224971e-06
350 0.0
351 0.0
352 1.509953614224971e-06
353 6.039814456899884e-06
354 0.0
355 3.019907228449942e-06
356 1.509953614224971e-06
357 0.0
358 0.0
