0 0.0
1 0.0
2 0.0
3 0.0
4 3.019907228449942e-06
5 1.509953614224971e-06
6 3.019907228449942e-06
7 4.529860842674913e-06
8 0.0
9 4.529860842674913e-06
10 1.509953614224971e-06
11 0.0
12 7.549768071124854e-06
13 0.0
14 3.019907228449942e-06
15 3.019907228449942e-06
16 1.509953614224971e-06
17 3.019907228449942e-06
18 3.019907228449942e-06
19 1.0569675299574797e-05
20 1.0569675299574797e-05
21 4.529860842674913e-06
22 1.358958252802474e-05
23 1.5099536142249712e-05
24 7.549768071124854e-06
25 1.0569675299574797e-05
26 2.717916505604948e-05
27 2.5669211441824513e-05
28 4.529860842674912e-05
29 4.529860842674911e-05
30 6.03981445689988e-05
31 7.096781986857359e-05
32 6.794791264012365e-05
33 9.663703131039804e-05
34 0.0001298560108233474
35 0.00014646550057982217
36 0.00018421434093544647
37 0.00022800299574797078
38 0.00028991109393119465
39 0.0003427594704290686
40 0.000433356687282567
41 0.0004892249710088907
42 0.0005496231155778894
43 0.0006885388480865866
44 0.0007881957866254351
45 0.0009210717046772322
46 0.0010690471588712792
47 0.0012411818708929258
48 0.0014359658871279475
49 0.001547702454580595
50 0.0017515461925009662
51 0.0019040515075376884
52 0.0021939626014688828
53 0.002506522999613452
54 0.002671107943563975
55 0.002856832238113645
56 0.003210161383842288
57 0.0032765993428681846
58 0.0037099560301507547
59 0.003824712504831852
60 0.00407083494395052
61 0.00422485021260147
62 0.004315447429454966
63 0.004336586780054116
64 0.004508721492075765
65 0.0043637659451101676
66 0.00460233861615771
67 0.004519291167375337
68 0.004461912930034789
69 0.004467952744491691
70 0.004460402976420565
71 0.00436527589872439
72 0.004064795129493622
73 0.003953058562040974
74 0.004028556242752222
75 0.003726565519907228
76 0.003515172013915732
77 0.0032207310591418625
78 0.0031059745844607646
79 0.0027873743718592955
80 0.0026967771550057977
81 0.0024038461538461527
82 0.0023238186122922304
83 0.0021380943177425594
84 0.0018361035948975643
85 0.0018043945689988398
86 0.0015461925009663707
87 0.0014601251449555472
88 0.0013755677425589484
89 0.0011415249323540782
90 0.0011052860456126788
91 0.0010418679938152301
92 0.0008621835137224587
93 0.000822924719752609
94 0.0006855189408581368
95 0.0006824990336296866
96 0.0005828420950908387
97 0.0005164041360649402
98 0.00054358330112099
99 0.00047714534209509097
100 0.0003971178005411678
101 0.0003910779860842678
102 0.00039107798608426766
103 0.00027783146501739485
104 0.00030199072284499445
105 0.00027179165056049487
106 0.0002566921144182452
107 0.0002506522999613453
108 0.0002325328565906456
109 0.000209883552377271
110 0.00020837359876304612
111 0.0001706247584074218
112 0.00016005508310784698
113 0.0001721347120216467
114 0.00014948540780827208
115 0.0001389157325086973
116 0.00014797545419404718
117 0.000155525222265172
118 0.00015401526865094708
119 0.00013589582528024727
120 0.00015099536142249706
121 0.00014495554696559713
122 0.00013438587166602232
123 0.00016458494395052184
124 0.00020233378430614625
125 0.00015401526865094708
126 0.0001691148047931967
127 0.00019327406262079628
128 0.00019478401623502129
129 0.0002219631812910709
130 0.0002506522999613453
131 0.00024914234634712047
132 0.0002672617897178201
133 0.00032916988790104406
134 0.00035483909934286837
135 0.00037144858909934317
136 0.0003669187282566683
137 0.0005360335330498647
138 0.00047110552763819104
139 0.0005148941824507152
140 0.0006553198685736369
141 0.0007459170854271362
142 0.0008546337456513335
143 0.0009271115191341325
144 0.0010614973908001546
145 0.0011807837263239271
146 0.0013936871859296482
147 0.0015416626401236954
148 0.0017077575376884424
149 0.002126014688828759
150 0.0022256716273676065
151 0.0026409088712794743
152 0.0029776285272516433
153 0.0033400173946656364
154 0.003715995844607655
155 0.004303367800541166
156 0.0048152420757634345
157 0.005330136258214147
158 0.005691015172013918
159 0.006563768361035944
160 0.006926157228449942
161 0.0077702212988016986
162 0.008602205740239658
163 0.009526297352145342
164 0.010325062814070354
165 0.011157047255508309
166 0.012020740722844992
167 0.012895003865481248
168 0.013914222555083105
169 0.014716007924236559
170 0.015446825473521454
171 0.016161033533049866
172 0.0168344728449942
173 0.01764229802860456
174 0.01833687669114804
175 0.018746074120603026
176 0.01952672013915733
177 0.019528230092771555
178 0.019689795129493624
179 0.01972301410900657
180 0.01971546434093545
181 0.019801531696946276
182 0.01951011064940086
183 0.019135642153073066
184 0.018848750966370308
185 0.017898990143022805
186 0.01759699942017781
187 0.01681484344800927
188 0.01624257102821801
189 0.015516283339775803
190 0.014824724584460765
191 0.013554853594897566
192 0.013103377464244297
193 0.012209484924623117
194 0.011202345863935063
195 0.010326572767684578
196 0.009603304986470815
197 0.008665623792037105
198 0.008005774062620796
199 0.007133020873598762
200 0.006639266041747197
201 0.0059597869153459595
202 0.005094583494395054
203 0.004874130266718207
204 0.004252029377657517
205 0.0037839437572477768
206 0.0033671965597216855
207 0.003038026671820641
208 0.0026333591032083486
209 0.0022392612098956323
210 0.002005218399690761
211 0.001724367027444916
212 0.0016881281407035173
213 0.0013015800154619248
214 0.0012366520100502512
215 0.0011052860456126786
216 0.0009422110552763823
217 0.0008380242558948589
218 0.0007791360649400847
219 0.0006885388480865866
220 0.0005722724197912642
221 0.0005239539041360651
222 0.0004786552957093159
223 0.00041825715114031717
224 0.0003095404909161193
225 0.00034879928488596855
226 0.00029293100115964466
227 0.00028840114031696966
228 0.0002461224391186704
229 0.0002144134132199459
230 0.00020988355237727102
231 0.00021743332044839596
232 0.00017968448009277166
233 0.00019176410900657135
234 0.0001660948975647468
235 0.00014797545419404715
236 0.000157035175879397
237 0.00013287591805179736
238 0.00015552522226517203
239 0.00015854512949362191
240 0.0001238161963664475
241 0.00012079628913799759
242 0.00013589582528024735
243 0.00017515461925009674
244 0.0001751546192500967
245 0.00014948540780827213
246 0.00020384373792037123
247 0.000155525222265172
248 0.00019176410900657138
249 0.00016911480479319684
250 0.0001902541553923464
251 0.0002733016041747201
252 0.00024159257827599542
253 0.0002838712794742948
254 0.00026273192887514503
255 0.0002823613258600698
256 0.00034124951681484354
257 0.00034577937765751843
258 0.00042882682643989193
259 0.0004076874758407425
260 0.0004741254348666409
261 0.0005133842288364904
262 0.0005873719559335139
263 0.0005903918631619636
264 0.000644750193274062
265 0.000711188152299961
266 0.0007927256474681094
267 0.0009059721685349824
268 0.0009512707769617319
269 0.0011052860456126786
270 0.0011671941437959026
271 0.0013091297835330503
272 0.0014525753768844223
273 0.0016594390220332422
274 0.0017394665635871672
275 0.001956899884035562
276 0.002088265848473135
277 0.0023102290297642046
278 0.002458204483958253
279 0.002822103304986469
280 0.0030395366254348665
281 0.0031633528218013144
282 0.0032977386934673367
283 0.0035166819675299553
284 0.003789983571704677
285 0.0038277324120603
286 0.004010436799381522
287 0.004194651140316971
288 0.004339606687282566
289 0.004252029377657517
290 0.0045796893119443354
291 0.004588749033629686
292 0.004502681677618862
293 0.00457515945110166
294 0.004563079822187862
295 0.004455873115577886
296 0.004270148821028217
297 0.004252029377657519
298 0.004072344897564746
299 0.003877560881329723
300 0.0037703541747197526
301 0.003472893312717434
302 0.0034124951681484333
303 0.003324917858523386
304 0.0028976009856977194
305 0.0026967771550057986
306 0.002432535272516428
307 0.0021516839002705844
308 0.0020006885388480855
309 0.00182251401236954
310 0.0016171603208349435
311 0.0013181895052183999
312 0.0012819506184770003
313 0.0010479078082721296
314 0.0009693902203324314
315 0.0008531237920371089
316 0.0007051483378430613
317 0.0005420733475067646
318 0.0004952647854657905
319 0.00040919742945496733
320 0.00037597844994201795
321 0.0002929310011596446
322 0.00024008262466177052
323 0.00016005508310784692
324 0.00017968448009277158
325 0.0001389157325086973
326 0.00010267684576729794
327 0.00011626642829532264
328 6.945786625434863e-05
329 5.133842288364899e-05
330 4.378865481252415e-05
331 3.4728933127174336e-05
332 2.5669211441824513e-05
333 3.4728933127174336e-05
334 1.8119443370699655e-05
335 2.11393505991496e-05
336 1.0569675299574797e-05
337 1.2079628913799769e-05
338 7.549768071124854e-06
339 1.5099536142249712e-05
340 9.059721685349826e-06
341 7.549768071124854e-06
342 1.509953614224971e-06
343 7.549768071124854e-06
344 3.019907228449942e-06
345 3.019907228449942e-06
346 3.019907228449942e-06
347 6.039814456899884e-06
348 0.0
349 4.529860842674913e-06
350 1.509953614224971e-06
351 3.019907228449942e-06
352 4.529860842674913e-06
353 1.509953614224971e-06
354 0.0
355 1.509953614224971e-06
356 1.509953614224971e-06
357 0.0
358 0.0
