0 3.0203743561043804e-05
1 2.8692037921739478e-05
2 1.962968887620903e-05
3 1.9632608240547715e-05
4 3.020140752764832e-05
5 1.81211949441534e-05
6 2.5672130467542217e-05
7 1.8121486948376947e-05
8 2.5673590714210826e-05
9 3.020403522658089e-05
10 2.5670671011120193e-05
11 3.775117548589952e-05
12 3.171019346386201e-05
13 5.738232381853055e-05
14 5.436212469879621e-05
15 5.889140187177596e-05
16 6.040077159055845e-05
17 6.946049338878197e-05
18 7.852371799535742e-05
19 0.00012382320198302065
20 0.00010872512541013205
21 0.00014345113928577593
22 0.00017214288509048367
23 0.0001932892409675853
24 0.00021140372218645008
25 0.00026274652366511253
26 0.0002642585202925811
27 0.00032919440733336755
28 0.00035183904083463147
29 0.00039563324158155944
30 0.0004137480148045822
31 0.0004499941987152179
32 0.0005315410347430882
33 0.0005285176248192257
34 0.000564757095343259
35 0.000608551295977248
36 0.000694618359983913
37 0.0006251549481337816
38 0.000662908750528367
39 0.0007701186677167212
40 0.0007519977651154123
41 0.0007097132258656123
42 0.0007565293771928545
43 0.0007172618262587256
44 0.000836556043072925
45 0.000819942466612721
46 0.0007882316898177846
47 0.0007670940900019733
48 0.0007097076798183347
49 0.0006644111146305762
50 0.0006493101191447785
51 0.0006840381767109731
52 0.000637231366243453
53 0.0005768323461134746
54 0.0005209576405531464
55 0.00048622257725750506
56 0.0005768227132495945
57 0.00043941839448891735
58 0.00045904837525634524
59 0.00041525796875749375
60 0.0004228039429191633
61 0.0003971341465659678
62 0.00038052845286374454
63 0.0003911022143024836
64 0.00039110309065377524
65 0.00035032908834914313
66 0.0003563721137231763
67 0.00032768270406460646
68 0.0003654324205457097
69 0.0003382570499634184
70 0.00035033054825705986
71 0.000404702307174351
72 0.00037751905541470363
73 0.0004469827590431148
74 0.0004092301243266714
75 0.0005179593376820772
76 0.00048624213781152685
77 0.0005708094651890365
78 0.0005859127962566044
79 0.0005859090015569682
80 0.000656887916455139
81 0.000690112149559713
82 0.0006327304105398763
83 0.0006795468543224436
84 0.0006584010808733615
85 0.0007052078907766445
86 0.0007414514484556396
87 0.0007701513687968694
88 0.0007308908237051919
89 0.0007308870286666726
90 0.0007837383232874057
91 0.0007429646145674254
92 0.0007444687299045333
93 0.0007565541978858279
94 0.0008124283197764606
95 0.0007776955907077121
96 0.0007323937714770316
97 0.0007052096430272746
98 0.000715791288691548
99 0.0006689751369128767
100 0.0006523601000931307
101 0.0006765275316669401
102 0.0006281970471145968
103 0.000610078479643432
104 0.0006644388536718946
105 0.0006146074644736984
106 0.0005859113400740425
107 0.0005647716962287318
108 0.000546653713669331
109 0.0004983229356451444
110 0.0005149359294515812
111 0.0005103993530774427
112 0.0004439672337963463
113 0.00040469179897530415
114 0.0004771850465346665
115 0.0004771751195213087
116 0.000415266729559674
117 0.0004922717360736033
118 0.00046056124992814476
119 0.0005330448631558111
120 0.000514920163032566
121 0.0005707931188256151
122 0.0005843756941567704
123 0.0006689371831440926
124 0.0007368850955586006
125 0.0007565130321840482
126 0.0009679158801640679
127 0.0010011357351249923
128 0.001111365558525868
129 0.001322764612032129
130 0.0014314833147051373
131 0.0016413654077388597
132 0.0018663590051348005
133 0.002027926376874208
134 0.002452248738706339
135 0.0026153257730717415
136 0.0029596024938327763
137 0.0031936455964933657
138 0.003557565142254337
139 0.003749339176241821
140 0.004351835772435335
141 0.004522456153263671
142 0.004735366613632268
143 0.005035852932183844
144 0.005377130473271026
145 0.005777257963829759
146 0.005979608678056147
147 0.00628011221841945
148 0.00643714768427102
149 0.00665307076000389
150 0.0069535789685956206
151 0.006995849787487766
152 0.006994337790860105
153 0.0070607894714861215
154 0.007069835178889886
155 0.007045697815843854
156 0.006893174108156741
157 0.0067225373818679025
158 0.006666686323565522
159 0.0062604915788501666
160 0.006139662885490274
161 0.005802945856313653
162 0.005664026330121446
163 0.005360516311560762
164 0.005155186556917599
165 0.0048848736272654085
166 0.0045798609531625956
167 0.004294468335523868
168 0.003927540849625614
169 0.003593813664343097
170 0.003344680075637368
171 0.003275217829884951
172 0.0030577740006732077
173 0.0028071155722363696
174 0.002736143081316998
175 0.0025036052629135324
176 0.0026364852663141826
177 0.002574576293924656
178 0.0026848157534631427
179 0.0027708801907866724
180 0.002995881670714715
181 0.0031816252314435757
182 0.003394529274493246
183 0.0036059353329385745
184 0.004007604597212243
185 0.004265822429519
186 0.004830561720961133
187 0.0053364093160443125
188 0.005783402000406635
189 0.0063753350562103205
190 0.006893253520872152
191 0.00763619974301493
192 0.008063527129119877
193 0.00885023922862126
194 0.00958258862438211
195 0.010005431394147555
196 0.010749845240024576
197 0.011569799679259586
198 0.011859723031495992
199 0.012034884363116234
200 0.012631343478854787
201 0.013019412944857362
202 0.013087370786316437
203 0.013307834227591816
204 0.013300268693327224
205 0.013254975633769785
206 0.013251958935201192
207 0.013114542943272623
208 0.012629861261572976
209 0.012318776948848252
210 0.011962392868598811
211 0.011110737868763732
212 0.010681874843854517
213 0.010414619768651835
214 0.009961616461782515
215 0.009020880037437172
216 0.008401768985948875
217 0.007799277354616228
218 0.007145417228598952
219 0.0066516352488264745
220 0.006077844995710658
221 0.0054541988311426785
222 0.0048350933262657665
223 0.004419845575057976
224 0.003850569709047805
225 0.003396034553105832
226 0.0030789437111260693
227 0.002804128362024354
228 0.0023722442599500935
229 0.0020642058416965904
230 0.001990212568439415
231 0.0016172455611044132
232 0.0014239551489594055
233 0.0011687537220890036
234 0.001117415300108344
235 0.0009875613325240537
236 0.0007957762054260872
237 0.0007414254649388776
238 0.0006779986558384627
239 0.0006070282087226475
240 0.0005209596852596257
241 0.00043337741269249615
242 0.00042582647750779386
243 0.00035636131306828026
244 0.00033824420471498213
245 0.0003110635804283235
246 0.0002944558420195553
247 0.0002718062459148308
248 0.00026274623211244917
249 0.0002657649718886352
250 0.00026123686216791934
251 0.00022499564119936508
252 0.00022046402810586336
253 0.00022348393522143972
254 0.0001978129722061615
255 0.000273313572394688
256 0.0002416042541531189
257 0.00026425443404034664
258 0.00021744412087741348
259 0.00018875412642041216
260 0.00022046286031497856
261 0.00021593183179429234
262 0.00020989435280628863
263 0.00023556035299249
264 0.00022801467151222057
265 0.00022952491758216373
266 0.00022197193836822398
267 0.00019932263426772297
268 0.00022801146082096567
269 0.0002159324156897348
270 0.00023556385613939754
271 0.00026425764552178257
272 0.00025972486576632915
273 0.0002506651444196003
274 0.0002597242818708212
275 0.00025821549559592097
276 0.0002869098687608094
277 0.000320125053687127
278 0.0003427781530516327
279 0.00039563353505314084
280 0.0003865700183296641
281 0.00039261187625123695
282 0.00044243976264127775
283 0.0005828739142886243
284 0.0005934456324885689
285 0.0007429427168514685
286 0.0007867325392289337
287 0.0009649237061071131
288 0.000957372477111946
289 0.0010826945414049494
290 0.0013394140972163432
291 0.00143001306282093
292 0.0017335411805602288
293 0.0019147458319298649
294 0.0022711112306858807
295 0.0025051663017920524
296 0.0027875425144465093
297 0.0032602198881656417
298 0.0034595244200936967
299 0.004025805193134458
300 0.004302123490459443
301 0.004752141627646191
302 0.005251970721980568
303 0.005738196219280178
304 0.006348266228545161
305 0.0069417305481718275
306 0.007405330969362754
307 0.00781456664109171
308 0.008060685867148452
309 0.008481998533431678
310 0.00903772948779528
311 0.009120755916002123
312 0.009391053960102648
313 0.009525466982060585
314 0.009762546048792379
315 0.009579847787688974
316 0.009528522799255116
317 0.009354854780397447
318 0.009247663548089978
319 0.0089667905761149
320 0.008716117257835956
321 0.008152845879647746
322 0.007702862776300879
323 0.007183420340695913
324 0.006710777423807627
325 0.0063241828825462264
326 0.005641644438061747
327 0.0053321022031363454
328 0.004687290409060776
329 0.004184445503345687
330 0.003832599158229535
331 0.003420337155406333
332 0.003074537349762157
333 0.0026653156871214202
334 0.002345176327261749
335 0.002191150547137634
336 0.0017547360050665405
337 0.0015886230083233088
338 0.0014240208400775158
339 0.0011355954666876491
340 0.0010540509673708095
341 0.0008048867263549281
342 0.0006946437627663499
343 0.000631226587658683
344 0.0004741741874842112
345 0.00041376932772230424
346 0.00035789462227491496
347 0.00031560570352698135
348 0.0002536935178498474
349 0.0002174587183766763
350 0.00017970316373132957
351 0.00014194731742051117
352 0.00012835802633221074
353 0.00010419876850454573
354 0.00010872716921342568
355 7.399590095604162e-05
356 6.0403983071928865e-05
357 6.493471981426979e-05
358 4.379303374615851e-05
