0 0.00031417781665786526
1 0.0003081342052403798
2 0.0003020952647617388
3 0.0003761078113120905
4 0.0003715785379829121
5 0.00040781713046064873
6 0.0003851833109414309
7 0.0004773202692308272
8 0.00048787327983441844
9 0.0006177766033648018
10 0.0006721618058895313
11 0.0007567399375300895
12 0.0007688359195856305
13 0.0009425340239134026
14 0.001087547683899559
15 0.0013428019695070222
16 0.0015391628077641585
17 0.0016690392669168636
18 0.0020028934853070827
19 0.002353296180415391
20 0.0026432536582576315
21 0.0031809980539974675
22 0.003638654160434105
23 0.004161236504338301
24 0.004939135066328499
25 0.005664089456940133
26 0.006535655946754447
27 0.007512840338960863
28 0.00842211739284946
29 0.009343497748808289
30 0.010479246813980917
31 0.011319067510821682
32 0.012658712845739674
33 0.013250782532958121
34 0.01412529074206808
35 0.014371434427859937
36 0.01491059296321589
37 0.014791294441513335
38 0.014363769035089756
39 0.013862358433549386
40 0.01296814353947662
41 0.012063512599038822
42 0.010581787535069798
43 0.009562205350645617
44 0.008125915924756776
45 0.006832915279662757
46 0.005508325320080814
47 0.004461637267042264
48 0.003369629801611734
49 0.002590284987126302
50 0.001958932213409651
51 0.0014046516455056691
52 0.000936434620143453
53 0.0006343472403982167
54 0.0004727316959930564
55 0.00027035147928534785
56 0.0001918134544403362
57 0.00010270984484210085
58 6.192123690389607e-05
59 4.5309704134439973e-05
60 2.416684925886016e-05
61 2.5675634856518407e-05
62 1.5101287941516262e-05
63 4.530736855214591e-06
64 3.0201991197343464e-06
65 0.0
66 0.0
67 1.509953614224971e-06
68 0.0
69 0.0
70 0.0
71 0.0
72 0.0
73 0.0
74 0.0
75 0.0
76 0.0
77 0.0
78 0.0
79 0.0
80 0.0
81 0.0
82 0.0
83 0.0
84 0.0
85 0.0
86 0.0
87 0.0
88 0.0
89 0.0
90 0.0
91 0.0
92 0.0
93 0.0
94 0.0
95 0.0
96 0.0
97 0.0
98 0.0
99 0.0
100 0.0
101 0.0
102 0.0
103 0.0
104 0.0
105 0.0
106 0.0
107 0.0
108 0.0
109 0.0
110 0.0
111 0.0
112 0.0
113 0.0
114 0.0
115 0.0
116 0.0
117 0.0
118 0.0
119 0.0
120 0.0
121 0.0
122 0.0
123 0.0
124 0.0
125 0.0
126 0.0
127 0.0
128 0.0
129 0.0
130 0.0
131 0.0
132 0.0
133 0.0
134 0.0
135 0.0
136 0.0
137 0.0
138 0.0
139 0.0
140 0.0
141 0.0
142 0.0
143 0.0
144 0.0
145 0.0
146 0.0
147 0.0
148 0.0
149 0.0
150 0.0
151 0.0
152 0.0
153 0.0
154 0.0
155 0.0
156 0.0
157 0.0
158 0.0
159 0.0
160 0.0
161 0.0
162 1.509953614224971e-06
163 1.509953614224971e-06
164 1.509953614224971e-06
165 1.509953614224971e-06
166 1.509953614224971e-06
167 3.019907228449942e-06
168 6.039814456899884e-06
169 1.509953614224971e-06
170 1.3589582528024739e-05
171 1.5099536142249709e-05
172 1.509953614224971e-05
173 2.2649304213374567e-05
174 3.170902589872439e-05
175 4.378865481252416e-05
176 5.888819095477387e-05
177 9.36171240819482e-05
178 9.210717046772323e-05
179 8.90872632392733e-05
180 8.757730962504832e-05
181 9.965693853884809e-05
182 5.888819095477387e-05
183 7.85175879396985e-05
184 4.5298608426749126e-05
185 4.529860842674913e-05
186 4.8318515655199076e-05
187 3.6238886741399304e-05
188 2.1139350599149595e-05
189 1.2079628913799769e-05
190 6.039814456899884e-06
191 9.059721685349826e-06
192 0.0
193 4.529860842674913e-06
194 1.509953614224971e-06
195 1.509953614224971e-06
196 0.0
197 3.019907228449942e-06
198 0.0
199 0.0
200 0.0
201 0.0
202 0.0
203 0.0
204 0.0
205 0.0
206 0.0
207 0.0
208 0.0
209 0.0
210 0.0
211 0.0
212 0.0
213 0.0
214 0.0
215 0.0
216 0.0
217 0.0
218 0.0
219 0.0
220 0.0
221 0.0
222 0.0
223 0.0
224 0.0
225 0.0
226 0.0
227 0.0
228 0.0
229 0.0
230 0.0
231 0.0
232 0.0
233 0.0
234 0.0
235 0.0
236 0.0
237 0.0
238 0.0
239 0.0
240 0.0
241 0.0
242 0.0
243 0.0
244 0.0
245 0.0
246 0.0
247 0.0
248 0.0
249 0.0
250 0.0
251 0.0
252 0.0
253 0.0
254 0.0
255 0.0
256 0.0
257 0.0
258 0.0
259 0.0
260 0.0
261 0.0
262 0.0
263 0.0
264 0.0
265 0.0
266 0.0
267 0.0
268 0.0
269 0.0
270 0.0
271 0.0
272 0.0
273 0.0
274 0.0
275 0.0
276 0.0
277 0.0
278 0.0
279 0.0
280 0.0
281 1.510829626764649e-06
282 0.0
283 3.021659253529298e-06
284 1.509953614224971e-06
285 1.510829626764649e-06
286 0.0
287 3.021659253529298e-06
288 4.530444625243722e-06
289 7.55210444366545e-06
290 1.3595130494547213e-05
291 2.1144313766978382e-05
292 3.1718661472227114e-05
293 3.7759059937508606e-05
294 6.796835191715917e-05
295 0.00011628861880705995
296 0.000161609421472539
297 0.0002839401895276948
298 0.0003866342604965989
299 0.0006449020266515704
300 0.0008412246113336477
301 0.001363780686957026
302 0.0019286680331174798
303 0.0026837975396746755
304 0.003839195601516186
305 0.005130563072104167
306 0.006921730945328802
307 0.009187267892895038
308 0.011612855239067025
309 0.014542939656382307
310 0.01800605720345086
311 0.021697300161108875
312 0.025184766250522565
313 0.028729594560080635
314 0.031715535228609315
315 0.0344856712167706
316 0.03696269339641535
317 0.037909805384847894
318 0.03859399862070975
319 0.03809712834031207
320 0.0374491833792133
321 0.03626823432095161
322 0.03345446167398722
323 0.031326462834988446
324 0.02808225726400811
325 0.025205118207684417
326 0.022475921833835663
327 0.01968016485425229
328 0.016647453877818404
329 0.014526876260389327
330 0.012184266268431323
331 0.010184526771347641
332 0.008464231125320859
333 0.0071139299094285504
334 0.0058890430463110766
335 0.004988865753816519
336 0.003975367404121653
337 0.0032881697080391304
338 0.00284260492116588
339 0.0021900716281145504
340 0.0018019426104240698
341 0.0015285221319318713
342 0.001244601830002689
343 0.001039171334238051
344 0.0008972068006664162
345 0.0007053822387589423
346 0.0005679390884074216
347 0.0005558544881899102
348 0.00048485396192465374
349 0.0004048021884325368
350 0.00034890850034249957
351 0.0003806368028144243
352 0.00031871059584599867
353 0.0002900051180434854
354 0.0003051195503526986
355 0.0002597937861006698
356 0.0002673613681247032
357 0.0002522562853744813
358 0.00025982066529634125
