0 0.0
1 0.0
2 0.0
3 0.0
4 1.509953614224971e-06
5 0.0
6 0.0
7 0.0
8 0.0
9 0.0
10 0.0
11 0.0
12 1.509953614224971e-06
13 0.0
14 0.0
15 1.509953614224971e-06
16 1.509953614224971e-06
17 0.0
18 0.0
19 0.0
20 0.0
21 0.0
22 1.509953614224971e-06
23 1.509953614224971e-06
24 1.509953614224971e-06
25 3.019907228449942e-06
26 0.0
27 1.509953614224971e-06
28 4.529860842674913e-06
29 1.509953614224971e-06
30 1.509953614224971e-06
31 9.059721685349826e-06
32 0.0
33 1.509953614224971e-06
34 3.019907228449942e-06
35 3.019907228449942e-06
36 3.019907228449942e-06
37 4.529860842674913e-06
38 6.039814456899884e-06
39 4.529860842674913e-06
40 1.509953614224971e-06
41 4.529860842674913e-06
42 7.549768071124854e-06
43 3.019907228449942e-06
44 3.019907228449942e-06
45 6.039814456899884e-06
46 3.019907228449942e-06
47 3.019907228449942e-06
48 1.0569675299574797e-05
49 9.059721685349826e-06
50 1.6609489756474684e-05
51 9.059721685349826e-06
52 2.415925782759954e-05
53 3.0199072284499428e-05
54 2.415925782759954e-05
55 3.6238886741399304e-05
56 4.831851565519905e-05
57 4.529860842674911e-05
58 4.680856204097409e-05
59 7.247777348279855e-05
60 7.247777348279855e-05
61 7.700763432547346e-05
62 8.908726323927322e-05
63 0.00011777638190954763
64 0.00012834605720912244
65 0.00019025415539234648
66 0.00021894327406262086
67 0.00028085137224584476
68 0.0002899110939311948
69 0.0003427594704290684
70 0.00041221733668341735
71 0.0004952647854657904
72 0.0006070013529184382
73 0.0006522999613451875
74 0.0007625265751836103
75 0.0008757730962504835
76 0.0009995892926169306
77 0.0011505846540394282
78 0.001295540201005025
79 0.0014389857943563965
80 0.0016533992075763435
81 0.0018240239659837658
82 0.001965959605720911
83 0.002210572091225357
84 0.0024083760146888277
85 0.002479343834557403
86 0.00282210330498647
87 0.002953469269424045
88 0.00324036045612679
89 0.003501582431387707
90 0.0038065930614611513
91 0.003962118283726324
92 0.00438339534209509
93 0.004437753672207191
94 0.004931508504058754
95 0.005165551314263625
96 0.005242558948589098
97 0.005736313780440663
98 0.005843520487050636
99 0.006350864901430229
100 0.006834050057982215
101 0.006855189408581368
102 0.007185869250096632
103 0.007320255121762658
104 0.007682643989176652
105 0.008008793969849244
106 0.008117510630073444
107 0.008227737243911867
108 0.008196028218013142
109 0.008501038848086586
110 0.008384772419791261
111 0.008501038848086586
112 0.00847838954387321
113 0.008487449265558559
114 0.008652034209509083
115 0.00854784741012756
116 0.008433090935446466
117 0.008511608523386163
118 0.008285115481252417
119 0.008270015945110166
120 0.00839232218786239
121 0.008011813877077698
122 0.008134120119829915
123 0.007990674526478544
124 0.00803144327406262
125 0.007946885871666023
126 0.008007284016235022
127 0.0077128430614611535
128 0.007595066679551605
129 0.007747571994588324
130 0.007685663896405102
131 0.007513529184383455
132 0.0074199120603015084
133 0.007305155585620407
134 0.007253817162736763
135 0.007040913703131041
136 0.006986555373018941
137 0.006441462118283724
138 0.006621146598376498
139 0.006272347313490529
140 0.005971866544259761
141 0.00573178391959799
142 0.005461502222651717
143 0.005216889737147271
144 0.005100623308851956
145 0.004753333977580209
146 0.004457383069192115
147 0.004232399980672591
148 0.003937959025898724
149 0.0037205257054503268
150 0.0035604706223424805
151 0.003259989853111713
152 0.0030410465790490925
153 0.0028145535369153455
154 0.0027164065519907233
155 0.0025246424429841525
156 0.002231711441824508
157 0.0022120820448395815
158 0.002059576729802861
159 0.0018225140123695404
160 0.00178023531117124
161 0.001718327212988017
162 0.0016609489756474684
163 0.0015779015268650946
164 0.0015024038461538456
165 0.0013816075570158481
166 0.0013604682064166987
167 0.0012834605720912248
168 0.001226082334750676
169 0.0012426918245071511
170 0.0012034330305373013
171 0.0010811267877850793
172 0.0011234054889833782
173 0.0011460547931967534
174 0.001091696463084654
175 0.0010418679938152303
176 0.0010463978546579045
177 0.0010312983185156554
178 0.001076596926942404
179 0.0009769399884035563
180 0.0010675372052570539
181 0.0010041191534596054
182 0.0010086490143022804
183 0.0010282784112872051
184 0.0011083059528411284
185 0.0010630073444143793
186 0.0010962263239273286
187 0.0011279353498260532
188 0.0011354851178971778
189 0.0011626642829532276
190 0.0011973932160804022
191 0.0012306121955933523
192 0.0012713809431774252
193 0.0013287591805179742
194 0.0012970501546192494
195 0.0013891573250869736
196 0.0016413195786625441
197 0.0016141404136064935
198 0.0016594390220332433
199 0.0017847651720139161
200 0.002018807982218787
201 0.0020943056629300354
202 0.0022407711635098575
203 0.0022830498647081554
204 0.0026514785465790473
205 0.0027964340935446477
206 0.0029262901043679936
207 0.00314674333204484
208 0.00338380604947816
209 0.0035559407614998064
210 0.003903230092771549
211 0.00411915345960572
212 0.00425806919211442
213 0.004511741399304214
214 0.004697465693853886
215 0.005046264978739855
216 0.0053829846347120194
217 0.005407143892539623
218 0.005798221878623889
219 0.005997535755701585
220 0.006355394762272901
221 0.006316135968303052
222 0.006695134325473521
223 0.006945786625434862
224 0.007128491012756087
225 0.007318745168148432
226 0.00744558127174333
227 0.0074531310398144555
228 0.0076418752415925795
229 0.007717372922303823
230 0.007806460185543102
231 0.007999734248163899
232 0.0077838108813297275
233 0.0080420129493622
234 0.00802540345960572
235 0.007940846057209123
236 0.008152239563200618
237 0.008061642346347118
238 0.008375712698105909
239 0.008422521260146889
240 0.008106940954773864
241 0.008315314553536913
242 0.008611265461925005
243 0.008611265461925005
244 0.008653544163123309
245 0.008718472168534988
246 0.008479899497487441
247 0.008593146018554309
248 0.00854482750289911
249 0.008581066389640513
250 0.008661093931194436
251 0.00848140945110166
252 0.008232267104754543
253 0.007993694433706993
254 0.008022383552377272
255 0.007637345380749902
256 0.007584497004252028
257 0.00723871762659451
258 0.0068415998260533415
259 0.006770632006184774
260 0.006094172787011986
261 0.006038304503285659
262 0.0057076246617703925
263 0.005389024449168921
264 0.005100623308851951
265 0.0048227918438345585
266 0.0045615698685736355
267 0.004342626594511018
268 0.004168981928875143
269 0.0038458518554310016
270 0.0035121521066872824
271 0.003356626884422111
272 0.003013867413993041
273 0.002834182933900271
274 0.0026484586393505983
275 0.0023917665249323537
276 0.002178863065326633
277 0.0020656165442597594
278 0.0018240239659837656
279 0.0016941679551604172
280 0.0014631450521839975
281 0.0013076198299188256
282 0.0010796168341708548
283 0.0009935494781600305
284 0.0008334943950521838
285 0.0007655464824120601
286 0.0006477701005025124
287 0.0005888819095477389
288 0.0004771453420950912
289 0.00042127705836876697
290 0.00033671965597216886
291 0.00030048076923076936
292 0.00026575183610359505
293 0.0001947840162350212
294 0.0001811944337069967
295 0.00014495554696559721
296 0.00010720670660997286
297 0.00010720670660997288
298 7.851758793969844e-05
299 8.757730962504825e-05
300 5.1338422883649006e-05
301 5.586828372632391e-05
302 3.774884035562427e-05
303 4.3788654812524145e-05
304 4.227870119829918e-05
305 2.4159257827599538e-05
306 2.11393505991496e-05
307 2.415925782759954e-05
308 1.2079628913799769e-05
309 1.2079628913799767e-05
310 6.039814456899884e-06
311 1.2079628913799769e-05
312 2.566921144182451e-05
313 4.529860842674913e-06
314 6.039814456899884e-06
315 4.529860842674913e-06
316 1.509953614224971e-06
317 9.059721685349826e-06
318 3.019907228449942e-06
319 7.549768071124854e-06
320 1.509953614224971e-06
321 4.529860842674913e-06
322 1.509953614224971e-06
323 0.0
324 1.509953614224971e-06
325 3.019907228449942e-06
326 1.509953614224971e-06
327 0.0
328 4.529860842674913e-06
329 0.0
330 1.509953614224971e-06
331 0.0
332 0.0
333 0.0
334 0.0
335 0.0
336 3.019907228449942e-06
337 1.509953614224971e-06
338 0.0
339 0.0
340 0.0
341 3.019907228449942e-06
342 0.0
343 0.0
344 0.0
345 0.0
346 0.0
347 0.0
348 0.0
349 0.0
350 0.0
351 0.0
352 0.0
353 1.509953614224971e-06
354 0.0
355 0.0
356 0.0
357 0.0
358 0.0
