0 0.0
1 0.0
2 0.0
3 3.019907228449942e-06
4 0.0
5 3.019907228449942e-06
6 0.0
7 0.0
8 1.509953614224971e-06
9 3.019907228449942e-06
10 0.0
11 0.0
12 1.509953614224971e-06
13 6.039814456899884e-06
14 3.019907228449942e-06
15 4.529860842674913e-06
16 0.0
17 4.529860842674913e-06
18 1.2079628913799769e-05
19 7.549768071124854e-06
20 9.059721685349826e-06
21 7.549768071124854e-06
22 1.8119443370699655e-05
23 1.358958252802474e-05
24 1.6609489756474684e-05
25 1.8119443370699655e-05
26 2.5669211441824513e-05
27 4.378865481252415e-05
28 6.190809818322378e-05
29 6.03981445689988e-05
30 6.492800541167374e-05
31 7.54976807112485e-05
32 0.0001056967529957479
33 0.00011324652106687272
34 0.00016156503672207188
35 0.0001857242945496715
36 0.0002446124855044454
37 0.00023555276381909558
38 0.0003170902589872441
39 0.00037748840355624304
40 0.00040617752222651726
41 0.00046355575956706624
42 0.0005722724197912639
43 0.000674949265558562
44 0.0008621835137224587
45 0.000949760823347507
46 0.0010599874371859293
47 0.0011385050251256283
48 0.001422376304599922
49 0.0015779015268650941
50 0.0018557329918824897
51 0.002018807982218785
52 0.002261910514109006
53 0.002459714437572478
54 0.0027330160417471973
55 0.002995747970622342
56 0.0032388505025125625
57 0.003340017394665635
58 0.003652577792810205
59 0.0038594414379590257
60 0.004046675686122923
61 0.004075364804793195
62 0.004208240722844995
63 0.004469462698105913
64 0.004700485601082338
65 0.004786552957093156
66 0.0047880629107073846
67 0.004812222168534982
68 0.004667266621569383
69 0.004467952744491688
70 0.004576669404715887
71 0.004430203904136066
72 0.004264109006571318
73 0.00416747197526092
74 0.003921349536142249
75 0.00378847361809045
76 0.00362086876691148
77 0.003525741689215307
78 0.0032569699458832625
79 0.003060675976034015
80 0.0028689118670274455
81 0.002610709798994973
82 0.0025276623502126006
83 0.0020867558948589105
84 0.0020082383069192126
85 0.0018632827599536139
86 0.0017213471202164672
87 0.00152203324313877
88 0.0013876473714727478
89 0.0012925202937765748
90 0.0011838036335523776
91 0.0010328082721298803
92 0.0009135219366061073
93 0.0008848328179358329
94 0.0007972555083107849
95 0.0006704194047158874
96 0.0006840089872439118
97 0.0005617027444916892
98 0.0005179140896791652
99 0.0005118742752222652
100 0.0004620458059528416
101 0.00038050831078469284
102 0.0003654087746424433
103 0.00032614998067259405
104 0.00028085137224584465
105 0.0002914210475454195
106 0.000268771743332045
107 0.00026273192887514514
108 0.0002461224391186703
109 0.00022649304213374574
110 0.00019176410900657138
111 0.00018723424816389649
112 0.0001736446656358717
113 0.00017666457286432167
114 0.00016156503672207193
115 0.0001630749903362969
116 0.00014495554696559716
117 0.00015854512949362197
118 0.00013287591805179736
119 0.0001645849439505218
120 0.000157035175879397
121 0.00013891573250869723
122 0.00014193563973714725
123 0.00014042568612292224
124 0.0001570351758793969
125 0.00019629396984924632
126 0.00017062475840742177
127 0.0001887442017781214
128 0.00019780392346347128
129 0.00021290345960572088
130 0.00023404281020487065
131 0.00025065229996134545
132 0.00029746086200231956
133 0.00029595090838809446
134 0.0003080305373018945
135 0.0003503092385001936
136 0.000366918728256668
137 0.00046657566679551594
138 0.000480165249323541
139 0.0004877150173946659
140 0.0006840089872439119
141 0.000628140703517588
142 0.000742897178198686
143 0.0008546337456513339
144 0.0010237485504445301
145 0.0011505846540394284
146 0.0014661649594124465
147 0.001571861712408195
148 0.001759095960572091
149 0.0019946487243911867
150 0.0022981494008504056
151 0.0025744709122535766
152 0.00288854126401237
153 0.003244890316969462
154 0.003616338906068806
155 0.004134252995747972
156 0.004739744395052183
157 0.005192730479319674
158 0.00591146839969076
159 0.006323685736374181
160 0.006951826439891769
161 0.007730962504831853
162 0.008384772419791266
163 0.009216756861229218
164 0.010385460958639356
165 0.01087921579049092
166 0.011842566196366455
167 0.012941812427522225
168 0.013566933223811363
169 0.014489514882102827
170 0.015475514592191729
171 0.015910381233088522
172 0.01670310688055663
173 0.017008117510630073
174 0.018016766524932348
175 0.018327816969462698
176 0.018709835233861608
177 0.019368175009663705
178 0.01975321318129108
179 0.019985746037881717
180 0.0196701657325087
181 0.019572018747584075
182 0.019236809045226125
183 0.01886234054889833
184 0.01878684286818708
185 0.018184371376111317
186 0.017103244588326245
187 0.016561171240819482
188 0.016170093254735212
189 0.015327539137997684
190 0.014272081561654427
191 0.013746617703904134
192 0.012647371472748362
193 0.011913534016235024
194 0.010987932450715106
195 0.0102737243911867
196 0.009316413799768074
197 0.008642974487823732
198 0.007809480092771548
199 0.006945786625434866
200 0.006557728546579047
201 0.005737823734054889
202 0.005231989273289524
203 0.004552510146888288
204 0.0040934842481638945
205 0.003767334267491301
206 0.0031784523579435637
207 0.0028825014495554684
208 0.002486893602628526
209 0.002295129493621956
210 0.0019719994201778113
211 0.00176211586780054
212 0.0014903242172400466
213 0.0013498985311171236
214 0.0011898434480092776
215 0.001037338132972555
216 0.000996569385388481
217 0.000747427039041361
218 0.0007353474101275606
219 0.0006492800541167375
220 0.0005783122342481638
221 0.0005254638577502901
222 0.0004469462698105918
223 0.00042882682643989204
224 0.0003638988210282183
225 0.0003548390993428686
226 0.00027481155778894494
227 0.00028236132586006974
228 0.00028689118670274474
229 0.00020837359876304615
230 0.00020233378430614614
231 0.00020686364514882106
232 0.00019025415539234634
233 0.00020384373792037118
234 0.00013891573250869732
235 0.0001676048511789718
236 0.00016609489756474674
237 0.0001358958252802473
238 0.0001374057788944723
239 0.00014193563973714722
240 0.00016307499033629686
241 0.00014646550057982214
242 0.00014495554696559716
243 0.00014797545419404715
244 0.00016609489756474688
245 0.0001449555469655972
246 0.00018874420177812133
247 0.0001796844800927716
248 0.00022498308851952076
249 0.00019327406262079636
250 0.00021441341321994597
251 0.00021139350599149603
252 0.00028991109393119465
253 0.0002551821608040203
254 0.0002476323927328954
255 0.0003110504445303442
256 0.0003593689601855433
257 0.0003699386354851183
258 0.0003669187282566681
259 0.00044845622342481653
260 0.0004937548318515653
261 0.0005164041360649402
262 0.0005964316776188636
263 0.0006507900077309627
264 0.0007383673173560106
265 0.0007444071318129106
266 0.0007897057402396597
267 0.0009648603594897564
268 0.0010614973908001548
269 0.0011913534016235025
270 0.0012562814070351757
271 0.0014238862582141474
272 0.0016292399497487436
273 0.0016835982798608427
274 0.001899521646695014
275 0.0019825690954773864
276 0.002224161673753382
277 0.002563901236954001
278 0.0025850405875531496
279 0.002785864418245071
280 0.003048596347120215
281 0.0032418704097410124
282 0.003445714147661383
283 0.0035514109006571314
284 0.0038247125048318496
285 0.004061775222265172
286 0.004137272902976419
287 0.004389435156551989
288 0.004508721492075764
289 0.004554020100502513
290 0.004640087456513335
291 0.004561569868573636
292 0.004754843931194433
293 0.004822791843834554
294 0.004617438152299956
295 0.004566099729416313
296 0.004670286528797835
297 0.004196161093931194
298 0.004144822671047543
299 0.004090464340935447
300 0.0038050831078469275
301 0.003762804406648626
302 0.0033656866061074608
303 0.0032735794356397382
304 0.0030410465790490916
305 0.002754155392346347
306 0.0024929334170854284
307 0.002335898241206029
308 0.002026357750289911
309 0.0018043945689988393
310 0.0015416626401236952
311 0.0014450256088132973
312 0.001201923076923077
313 0.0010947163703131048
314 0.0009120119829918829
315 0.0008365143022806338
316 0.0007126981059141863
317 0.0006070013529184381
318 0.0004741254348666409
319 0.0003956078469269425
320 0.000374468496327793
321 0.00033520970235794377
322 0.0002264930421337458
323 0.00020384373792037107
324 0.00014797545419404712
325 0.00013438587166602237
326 0.00011324652106687273
327 9.059721685349818e-05
328 7.247777348279854e-05
329 5.435833011209894e-05
330 5.284837649787397e-05
331 5.435833011209893e-05
332 3.321897951294936e-05
333 2.717916505604948e-05
334 3.17090258987244e-05
335 2.11393505991496e-05
336 1.6609489756474684e-05
337 9.059721685349826e-06
338 1.2079628913799769e-05
339 9.059721685349826e-06
340 3.019907228449942e-06
341 1.509953614224971e-06
342 3.019907228449942e-06
343 6.039814456899884e-06
344 0.0
345 1.509953614224971e-06
346 1.509953614224971e-06
347 3.019907228449942e-06
348 4.529860842674913e-06
349 1.509953614224971e-06
350 3.019907228449942e-06
351 0.0
352 1.509953614224971e-06
353 0.0
354 3.019907228449942e-06
355 1.509953614224971e-06
356 3.019907228449942e-06
357 1.509953614224971e-06
358 1.509953614224971e-06
