0 4.529860842674913e-06
1 0.0
2 0.0
3 1.509953614224971e-06
4 1.509953614224971e-06
5 0.0
6 0.0
7 3.019907228449942e-06
8 0.0
9 0.0
10 0.0
11 1.509953614224971e-06
12 1.509953614224971e-06
13 4.529860842674913e-06
14 0.0
15 4.529860842674913e-06
16 3.019907228449942e-06
17 6.039814456899884e-06
18 4.529860842674913e-06
19 3.019907228449942e-06
20 3.019907228449942e-06
21 9.059721685349826e-06
22 1.0569675299574797e-05
23 1.2079628913799769e-05
24 1.0569675299574797e-05
25 1.5099536142249712e-05
26 6.039814456899884e-06
27 1.5099536142249712e-05
28 2.5669211441824513e-05
29 3.321897951294936e-05
30 4.680856204097408e-05
31 4.529860842674911e-05
32 6.492800541167371e-05
33 6.945786625434862e-05
34 8.002754155392342e-05
35 0.00010418679938152293
36 0.00011324652106687273
37 0.00016307499033629691
38 0.00022498308851952079
39 0.0002597120216466951
40 0.0002974608620023195
41 0.00037295854271356804
42 0.00039107798608426777
43 0.000481675202937766
44 0.0005903918631619636
45 0.0006538099149594125
46 0.0007579967143409355
47 0.0009422110552763821
48 0.0010131788751449556
49 0.001091696463084654
50 0.0012502415925782762
51 0.0014253962118283725
52 0.0015733716660224198
53 0.0017243670274449173
54 0.0019387804406648637
55 0.002132054503285659
56 0.0022755000966370297
57 0.002529172303826826
58 0.0026016500773096236
59 0.0028402227483571695
60 0.0028885412640123694
61 0.0030531262079628923
62 0.0031437234248163884
63 0.0032569699458832617
64 0.0033279377657518348
65 0.003398905585620409
66 0.0035121521066872824
67 0.0036133189988403563
68 0.0034925227097023573
69 0.0034864828952454576
70 0.003513662060301509
71 0.003353606977193661
72 0.0031950618477000385
73 0.0032750893892539612
74 0.003054636161577115
75 0.0030153773676072668
76 0.002612219752609201
77 0.0027496255315036713
78 0.002666578082721299
79 0.0022453010243525316
80 0.0020565568225744102
81 0.002110915152686509
82 0.001898011693080789
83 0.0017862751256281398
84 0.001654909161190567
85 0.0015507223618090448
86 0.0012985601082334752
87 0.001197393216080402
88 0.001159644375724778
89 0.0010811267877850795
90 0.0009271115191341324
91 0.0008380242558948589
92 0.0007685663896405098
93 0.0006991085233861616
94 0.0006266307499033629
95 0.0006100212601468884
96 0.00053754348666409
97 0.0005179140896791653
98 0.0004756353884808661
99 0.0003956078469269425
100 0.00038050831078469306
101 0.00040466756861229234
102 0.00034879928488596855
103 0.0002687717433320449
104 0.00028236132586006974
105 0.00026726178971782014
106 0.00025518216080402023
107 0.00027028169694627005
108 0.0001978039234634713
109 0.00023857267104754548
110 0.00018572429454967148
111 0.00019176410900657138
112 0.00016760485117897175
113 0.00017666457286432156
114 0.00016458494395052184
115 0.00012985601082334742
116 0.00014193563973714728
117 0.00015250531503672207
118 0.000155525222265172
119 0.00016156503672207185
120 0.00016156503672207188
121 0.00015854512949362194
122 0.00013891573250869732
123 0.00016005508310784687
124 0.00015401526865094697
125 0.00015703517587939696
126 0.0002053536915345961
127 0.00019478401623502129
128 0.00018119443370699645
129 0.00020384373792037126
130 0.00023404281020487065
131 0.0002476323927328954
132 0.00032614998067259394
133 0.00031256039814456905
134 0.00031558030537301923
135 0.0003744684963277928
136 0.00041372729029764206
137 0.00042429696559721704
138 0.0005511330691921144
139 0.0005979416312330882
140 0.000673439311944337
141 0.0007791360649400849
142 0.0008576536528797833
143 0.0009497608233475068
144 0.0011400149787398526
145 0.0012698709895632002
146 0.0015069337069965208
147 0.0016639688828759176
148 0.0018632827599536135
149 0.0022105720912253576
150 0.002483873695400077
151 0.00282210330498647
152 0.003338507441051411
153 0.003685796772323154
154 0.004066305083107845
155 0.004498151816776188
156 0.0050326753962118284
157 0.005829930904522614
158 0.006470151236954003
159 0.007143590548898335
160 0.007913666892153073
161 0.008602205740239661
162 0.009565556146115196
163 0.010624033629686898
164 0.011161577116350978
165 0.01251147564746811
166 0.013302691341321997
167 0.014462335717046767
168 0.014696378527251638
169 0.016011548125241595
170 0.016976408484731354
171 0.017775173946656356
172 0.018460692887514493
173 0.019149231735601083
174 0.02001745506378044
175 0.020651635581754924
176 0.021054793196752998
177 0.021565157518361043
178 0.021633105431001165
179 0.021685953807499037
180 0.02130695545032856
181 0.02156817742558949
182 0.02117709943950522
183 0.021112171434093555
184 0.020378333977580217
185 0.019905718496327787
186 0.019167351178971788
187 0.018865360456126783
188 0.017891440374951686
189 0.01728292906841902
190 0.015836393505991492
191 0.015306399787398534
192 0.014454785948975637
193 0.013261922593737917
194 0.012091708542713572
195 0.011597953710862
196 0.010436799381523004
197 0.00972712118283726
198 0.008633914766138383
199 0.007794380556629301
200 0.0068899183417085435
201 0.006412772999613451
202 0.0058540901623502116
203 0.005197260340162352
204 0.004552510146888287
205 0.00413425299574797
206 0.003549900947042906
207 0.0032947187862388864
208 0.0027828445110166223
209 0.002441594994201778
210 0.0020973255701584857
211 0.001913111229223038
212 0.0016896380943177418
213 0.0014903242172400462
214 0.0012593013142636262
215 0.0010781068805566295
216 0.0009875096637031312
217 0.0008652034209509084
218 0.0007836659257827598
219 0.0006553198685736374
220 0.0005722724197912639
221 0.00051036432160804
222 0.0005103643216080405
223 0.00040919742945496717
224 0.0003548390993428683
225 0.0003291698879010439
226 0.00031558030537301906
227 0.0002838712794742947
228 0.00025367220718979525
229 0.00024008262466177052
230 0.00021139350599149609
231 0.00020082383069192124
232 0.00018119443370699653
233 0.00018572429454967148
234 0.0001736446656358717
235 0.00017364466563587162
236 0.00016458494395052181
237 0.00012834605720912247
238 0.0001525053150367221
239 0.00013589582528024735
240 0.00014042568612292227
241 0.0001313659644375724
242 0.00016458494395052184
243 0.0001389157325086973
244 0.00014797545419404715
245 0.00011626642829532268
246 0.00017515461925009666
247 0.00015401526865094705
248 0.00018874420177812147
249 0.00020384373792037112
250 0.00019327406262079639
251 0.00020233378430614614
252 0.0002597120216466952
253 0.00020686364514882109
254 0.0002264930421337457
255 0.0002536722071897953
256 0.0002929310011596446
257 0.00028538123308851976
258 0.00036389882102821815
259 0.0004197671047545421
260 0.0004031576149980676
261 0.00047563538848086566
262 0.0005239539041360651
263 0.000572272419791264
264 0.0005752923270197139
265 0.0006251207962891379
266 0.0006598497294163121
267 0.0007881957866254344
268 0.0008772830498647081
269 0.0009799598956320057
270 0.0010675372052570545
271 0.001192863355237727
272 0.001363488113645149
273 0.001352918438345574
274 0.0015144834750676454
275 0.0016669887901043675
276 0.0019070714147661387
277 0.0018798922497100887
278 0.002135074410514108
279 0.002254360746037881
280 0.002440085040587553
281 0.002668088036335523
282 0.0027360359489756484
283 0.0027813345574023963
284 0.003024437089292618
285 0.0031331537495168146
286 0.003220731059141864
287 0.0033067984151526866
288 0.0033143481832238124
289 0.0035559407614998077
290 0.0034653435446463064
291 0.003516681967529956
292 0.0036163389060688044
293 0.0036087891379976804
294 0.0034487340548898337
295 0.003412495168148436
296 0.003370216466950135
297 0.003259989853111713
298 0.0031120143989176664
299 0.0029579991302667178
300 0.0028115336296868957
301 0.0026665780827212983
302 0.002508032953227676
303 0.0023162688442211064
304 0.0021260146888287586
305 0.001994648724391186
306 0.0018527130846540396
307 0.0016488693467336681
308 0.0014737147274835713
309 0.0012683610359489755
310 0.0011687040974101268
311 0.0009542906841901818
312 0.0008772830498647079
313 0.0007353474101275608
314 0.0006085113065326635
315 0.0005541529764205644
316 0.0004695955740239663
317 0.00041523724391186726
318 0.00035181919211441835
319 0.0002582020680324702
320 0.00022045322767684592
321 0.00017666457286432164
322 0.00018119443370699656
323 0.00010720670660997285
324 0.00010569675299574793
325 9.814698492462305e-05
326 5.1338422883649e-05
327 6.341805179744874e-05
328 4.831851565519904e-05
329 4.2278701198299176e-05
330 2.5669211441824513e-05
331 2.1139350599149595e-05
332 1.6609489756474684e-05
333 2.11393505991496e-05
334 6.039814456899884e-06
335 1.6609489756474684e-05
336 9.059721685349826e-06
337 3.019907228449942e-06
338 9.059721685349826e-06
339 3.019907228449942e-06
340 4.529860842674913e-06
341 4.529860842674913e-06
342 1.509953614224971e-06
343 0.0
344 1.509953614224971e-06
345 3.019907228449942e-06
346 1.509953614224971e-06
347 1.509953614224971e-06
348 3.019907228449942e-06
349 0.0
350 0.0
351 3.019907228449942e-06
352 1.509953614224971e-06
353 1.509953614224971e-06
354 0.0
355 1.509953614224971e-06
356 0.0
357 0.0
358 0.0
