0 0.0
1 0.0
2 0.0
3 0.0
4 0.0
5 0.0
6 0.0
7 0.0
8 0.0
9 0.0
10 0.0
11 0.0
12 0.0
13 0.0
14 0.0
15 0.0
16 0.0
17 0.0
18 0.0
19 0.0
20 0.0
21 0.0
22 0.0
23 0.0
24 0.0
25 0.0
26 0.0
27 0.0
28 0.0
29 0.0
30 0.0
31 0.0
32 0.0
33 0.0
34 0.0
35 0.0
36 0.0
37 0.0
38 0.0
39 0.0
40 0.0
41 0.0
42 1.509953614224971e-06
43 0.0
44 0.0
45 0.0
46 0.0
47 0.0
48 0.0
49 0.0
50 0.0
51 0.0
52 1.509953614224971e-06
53 1.509953614224971e-06
54 0.0
55 0.0
56 0.0
57 1.509953614224971e-06
58 0.0
59 1.509953614224971e-06
60 6.039814456899884e-06
61 1.509953614224971e-06
62 3.019907228449942e-06
63 4.529860842674913e-06
64 0.0
65 9.059721685349826e-06
66 4.529860842674913e-06
67 1.0569675299574797e-05
68 6.039814456899884e-06
69 7.549768071124854e-06
70 1.2079628913799767e-05
71 1.3589582528024739e-05
72 1.8119443370699652e-05
73 1.660948975647468e-05
74 4.378865481252416e-05
75 3.925879396984924e-05
76 3.6238886741399304e-05
77 4.5298608426749126e-05
78 4.5298608426749126e-05
79 5.888819095477387e-05
80 6.341805179744878e-05
81 5.888819095477387e-05
82 6.190809818322382e-05
83 8.757730962504832e-05
84 0.00010871666022419792
85 8.455740239659837e-05
86 0.00011324652106687282
87 0.00010116689215307306
88 0.00011173656745264786
89 8.908726323927328e-05
90 0.00011777638190954773
91 0.0001419356397371473
92 0.0001464655005798222
93 0.00015703517587939701
94 0.0001358958252802474
95 0.00018572429454967142
96 0.0001872342481638964
97 0.00021290345960572096
98 0.00024310253189022038
99 0.00023404281020487057
100 0.00024914234634712025
101 0.0003336997487437187
102 0.0003533291457286433
103 0.0004152372439118672
104 0.0004107073830691922
105 0.00043486664089679186
106 0.0004907349246231158
107 0.0005013045999226904
108 0.0005088543679938153
109 0.0005737823734054889
110 0.0006507900077309624
111 0.0006311606107460377
112 0.0007383673173560106
113 0.0007972555083107842
114 0.0008999323540780825
115 0.0009422110552763815
116 0.0010131788751449552
117 0.001064517298028605
118 0.0013076198299188243
119 0.0014208663509856973
120 0.0015552522226517196
121 0.0017198371666022414
122 0.0018300637804406642
123 0.002024847796675686
124 0.0022045322767684575
125 0.002334388287591804
126 0.002505013045999228
127 0.0027254662736760733
128 0.0028085137224584463
129 0.003018397274835717
130 0.0032237509663703146
131 0.003364176652493237
132 0.0035936896018554324
133 0.0038820907421724007
134 0.003969668051797451
135 0.004371315713181292
136 0.004475502512562815
137 0.004785043003478933
138 0.005008516138384231
139 0.005268228160030928
140 0.005547569578662543
141 0.006104742462311554
142 0.0063100961538461574
143 0.006815930614611521
144 0.007190399110939312
145 0.007672074313877078
146 0.008129590258987242
147 0.008854367993815228
148 0.00934359296482412
149 0.010155948009277155
150 0.01061799381523
151 0.011487727097023582
152 0.0120267805373019
153 0.012689650173946658
154 0.013616761693080792
155 0.01446837553150367
156 0.015211272709702356
157 0.015887731928875142
158 0.016558151333591037
159 0.017168172593737915
160 0.017740445013529185
161 0.01834895632006185
162 0.018768723424816388
163 0.019262478256667957
164 0.019707914572864325
165 0.0202454580595284
166 0.01983173076923077
167 0.020076343254735205
168 0.020080873115577894
169 0.01993893747584074
170 0.019972156455353697
171 0.020089932837263243
172 0.020005375434866638
173 0.01971244443370701
174 0.019263988210282183
175 0.01896803730189409
176 0.01849391186702745
177 0.018250809335137223
178 0.017453553826826444
179 0.017124383938925403
180 0.017014157325086977
181 0.016666867993815233
182 0.016085535852338614
183 0.015928500676459217
184 0.015301869926555859
185 0.014965150270583687
186 0.014412507247777347
187 0.014148265365287972
188 0.013571463084654038
189 0.012959931870892921
190 0.012487316389640502
191 0.012200425202937768
192 0.01122197526091998
193 0.010788618573637412
194 0.010288823927328956
195 0.009576125821414764
196 0.009006873308851955
197 0.008470839775802087
198 0.0077807909741012754
199 0.007246267394665635
200 0.006648325763432552
201 0.0062421482412060286
202 0.0055415297642056474
203 0.005050794839582526
204 0.004452853208349441
205 0.004007416892153073
206 0.0037643143602628516
207 0.00322526091998454
208 0.002808513722458445
209 0.002536722071897952
210 0.0022755000966370306
211 0.0018632827599536139
212 0.0017560760533436416
213 0.0014782445883262465
214 0.0013287591805179746
215 0.0012593013142636249
216 0.0010101589679165053
217 0.0009512707769617314
218 0.00078366592578276
219 0.0006568298221878623
220 0.0005979416312330885
221 0.0005269738113645149
222 0.00048771501739466573
223 0.00044845622342481653
224 0.000427316872825667
225 0.0003367196559721688
226 0.0002763215114031698
227 0.0002476323927328953
228 0.0002325328565906456
229 0.00020988355237727102
230 0.00020233378430614614
231 0.00017666457286432167
232 0.00013740577889447236
233 0.0001404256861229223
234 0.00012079628913799763
235 0.00011475647468109777
236 0.00010720670660997293
237 0.00010116689215307304
238 0.00010569675299574795
239 7.24777734827986e-05
240 7.549768071124853e-05
241 5.435833011209895e-05
242 7.700763432547351e-05
243 5.586828372632393e-05
244 6.19080981832238e-05
245 4.982846926942403e-05
246 3.6238886741399304e-05
247 4.982846926942404e-05
248 4.0768747584074215e-05
249 3.7748840355624265e-05
250 4.5298608426749126e-05
251 3.170902589872439e-05
252 3.7748840355624265e-05
253 4.6808562040974094e-05
254 2.7179165056049478e-05
255 2.2649304213374567e-05
256 1.9629396984924627e-05
257 1.9629396984924623e-05
258 3.170902589872439e-05
259 3.321897951294936e-05
260 3.019907228449942e-05
261 3.4728933127174336e-05
262 3.17090258987244e-05
263 1.9629396984924623e-05
264 2.868911867027445e-05
265 2.4159257827599535e-05
266 1.9629396984924623e-05
267 3.321897951294936e-05
268 2.2649304213374567e-05
269 2.868911867027445e-05
270 3.170902589872439e-05
271 3.321897951294936e-05
272 3.019907228449942e-05
273 2.868911867027445e-05
274 3.774884035562427e-05
275 3.925879396984925e-05
276 3.925879396984925e-05
277 5.435833011209895e-05
278 6.945786625434866e-05
279 5.888819095477387e-05
280 7.700763432547353e-05
281 9.663703131039815e-05
282 0.00010267684576729802
283 0.00011324652106687283
284 0.00012079628913799768
285 0.0001298560108233475
286 0.0001419356397371473
287 0.00014344559335137226
288 0.00014797545419404718
289 0.00019931387707769618
290 0.00017666457286432161
291 0.00016005508310784695
292 0.00018119443370699653
293 0.00017515461925009663
294 0.0001721347120216467
295 0.000157035175879397
296 0.0001615650367220719
297 0.00015854512949362197
298 0.00014797545419404718
299 0.0001781745264785466
300 0.00016458494395052181
301 0.00012079628913799767
302 0.00011626642829532275
303 0.0001464655005798222
304 0.00013438587166602242
305 0.0001253261499806726
306 0.0001298560108233475
307 0.00011928633552377272
308 0.00010116689215307307
309 7.549768071124854e-05
310 9.814698492462311e-05
311 7.549768071124856e-05
312 5.435833011209895e-05
313 7.549768071124854e-05
314 6.945786625434867e-05
315 5.73782373405489e-05
316 3.925879396984925e-05
317 3.170902589872439e-05
318 3.321897951294937e-05
319 4.227870119829919e-05
320 3.472893312717433e-05
321 2.868911867027445e-05
322 2.7179165056049474e-05
323 1.660948975647468e-05
324 2.4159257827599535e-05
325 1.660948975647468e-05
326 7.549768071124854e-06
327 1.2079628913799769e-05
328 7.549768071124854e-06
329 6.039814456899884e-06
330 6.039814456899884e-06
331 6.039814456899884e-06
332 1.2079628913799769e-05
333 7.549768071124854e-06
334 3.019907228449942e-06
335 3.019907228449942e-06
336 3.019907228449942e-06
337 3.019907228449942e-06
338 3.019907228449942e-06
339 0.0
340 0.0
341 1.509953614224971e-06
342 1.509953614224971e-06
343 1.509953614224971e-06
344 0.0
345 0.0
346 0.0
347 0.0
348 0.0
349 0.0
350 0.0
351 0.0
352 0.0
353 0.0
354 0.0
355 0.0
356 0.0
357 0.0
358 0.0
