0 1.509953614224971e-06
1 1.509953614224971e-06
2 1.509953614224971e-06
3 1.509953614224971e-06
4 0.0
5 0.0
6 0.0
7 3.019907228449942e-06
8 1.509953614224971e-06
9 3.019907228449942e-06
10 0.0
11 6.039814456899884e-06
12 1.509953614224971e-06
13 3.019907228449942e-06
14 6.039814456899884e-06
15 6.039814456899884e-06
16 7.549768071124854e-06
17 9.059721685349826e-06
18 6.039814456899884e-06
19 1.0569675299574797e-05
20 1.2079628913799769e-05
21 1.2079628913799769e-05
22 1.358958252802474e-05
23 1.9629396984924627e-05
24 1.8119443370699655e-05
25 3.925879396984924e-05
26 3.170902589872439e-05
27 4.076874758407421e-05
28 5.2848376497873974e-05
29 6.643795902589868e-05
30 7.398772709702352e-05
31 9.361712408194812e-05
32 0.00012230624275222254
33 0.00012834605720912244
34 0.00016307499033629691
35 0.0002038437379203712
36 0.0002415925782759955
37 0.0003019907228449944
38 0.0003352097023579437
39 0.000421277058368767
40 0.0005118742752222651
41 0.0006054913993042136
42 0.0006930687089292617
43 0.0008153749516814842
44 0.0009633504058755317
45 0.0011083059528411287
46 0.0012291022419791261
47 0.0013755677425589486
48 0.0015582721298801705
49 0.0016745385581754925
50 0.001979549188248936
51 0.0022936195400077328
52 0.0024536746231155777
53 0.0027466056242752227
54 0.0028432426555856207
55 0.00317694240432934
56 0.003406455353691535
57 0.0036042592771550063
58 0.0037869636644762275
59 0.003832262272902975
60 0.004069324990336296
61 0.00426712891379977
62 0.004418124275222263
63 0.004576669404715887
64 0.004615928198685736
65 0.004902819385388478
66 0.004581199265558561
67 0.004771453420950906
68 0.004640087456513336
69 0.004792592771550059
70 0.004615928198685736
71 0.0047155851372245846
72 0.00458119926555856
73 0.004270148821028219
74 0.004094994201778121
75 0.003912289814456901
76 0.003746194916892153
77 0.0036072791843834565
78 0.0033687065133359098
79 0.0031376836103594896
80 0.002902130846540393
81 0.002548801700811752
82 0.0024899135098569772
83 0.0022256716273676073
84 0.0021169549671434086
85 0.0019463302087359877
86 0.0017047376304599922
87 0.0016337698105914182
88 0.0014555952841128715
89 0.0013015800154619248
90 0.0012351420564360267
91 0.0010373381329725551
92 0.0010267684576729802
93 0.000893892539621183
94 0.0008017853691534595
95 0.0007398772709702357
96 0.0006356904715887127
97 0.000623610842674913
98 0.0005058344607653652
99 0.00047563538848086593
100 0.00042278701198299217
101 0.0003895680324700425
102 0.00032614998067259383
103 0.00030954049091611914
104 0.00025518216080402023
105 0.0002521622535755702
106 0.00025669211441824527
107 0.00019327406262079633
108 0.00023102290297642063
109 0.00017364466563587168
110 0.0001751546192500967
111 0.000161565036722072
112 0.00016156503672207188
113 0.0001615650367220719
114 0.00011475647468109768
115 0.00012985601082334742
116 0.000157035175879397
117 0.00012230624275222254
118 0.00011928633552377258
119 0.00015250531503672204
120 0.00012985601082334742
121 0.00012532614998067256
122 0.00012683610359489746
123 0.00011173656745264774
124 0.00011626642829532267
125 0.0001268361035948975
126 0.00014646550057982214
127 0.0001343858716660224
128 0.00016307499033629691
129 0.00015552522226517203
130 0.00013136596443757238
131 0.00017817452647854662
132 0.0001872342481638964
133 0.00022800299574797067
134 0.00020233378430614617
135 0.00021743332044839585
136 0.00025820206803247014
137 0.0003125603981445692
138 0.00031256039814456926
139 0.00041221733668341735
140 0.0004167471975260924
141 0.0005164041360649398
142 0.0005420733475067647
143 0.0006326705643602625
144 0.0006749492655585623
145 0.0007126981059141867
146 0.0009391911480479317
147 0.001099246231155779
148 0.0012381619636644755
149 0.001443515655199073
150 0.0016941679551604177
151 0.0019991785852338617
152 0.0021169549671434095
153 0.002553331561654426
154 0.002947429454967143
155 0.0034094752609199843
156 0.0037431750096637026
157 0.0042641090065713184
158 0.00478957286432161
159 0.005467542037108617
160 0.0061908098183223815
161 0.006862739176652492
162 0.007856288654812518
163 0.008488959219172788
164 0.009532337166602243
165 0.010432269520680324
166 0.011590403942790877
167 0.012520535369153462
168 0.013707358909934287
169 0.014833784306146116
170 0.015837903459605722
171 0.016472083977580217
172 0.017686086683417094
173 0.018459182933900274
174 0.019072224101275598
175 0.019861929841515275
176 0.020653145535369167
177 0.020914367510630073
178 0.021322054986470815
179 0.02111821124855045
180 0.02142020197139544
181 0.021001944820255122
182 0.021237497584074217
183 0.020633516138384225
184 0.01999782566679552
185 0.019176410900657137
186 0.018315737340548893
187 0.01758793969849246
188 0.016612509663703128
189 0.015596310881329718
190 0.014595211635098563
191 0.013811545709315809
192 0.012499396018554307
193 0.011644762272902974
194 0.01033110262852725
195 0.009631994105141088
196 0.00868525318902203
197 0.007525608813297252
198 0.006992595187475842
199 0.006343315133359105
200 0.005484151526865095
201 0.004868090452261309
202 0.004427183996907616
203 0.00377488403556243
204 0.003333977580208737
205 0.0028266331658291454
206 0.0025654111905682266
207 0.0022755000966370315
208 0.0019010316003092388
209 0.001683598279860842
210 0.0014435156551990728
211 0.0011822936799381527
212 0.0011173656745264784
213 0.0010312983185156552
214 0.0007368573637417865
215 0.000690048801700812
216 0.0006009615384615386
217 0.0005783122342481637
218 0.00052848376497874
219 0.00041523724391186726
220 0.0004061775222265173
221 0.00040164766138384226
222 0.00030048076923076946
223 0.00025669211441824516
224 0.000259712021646695
225 0.00022347313490529575
226 0.00024310253189022048
227 0.00018270438732122143
228 0.00018119443370699656
229 0.00014344559335137218
230 0.00017213471202164675
231 0.00016005508310784695
232 0.00013287591805179736
233 0.00015552522226517206
234 0.00011626642829532264
235 0.00011324652106687275
236 0.00011777638190954765
237 0.0001238161963664475
238 9.361712408194815e-05
239 0.00013287591805179733
240 8.455740239659833e-05
241 0.00012230624275222252
242 0.00011777638190954764
243 0.00012683610359489743
244 0.00011928633552377262
245 0.000161565036722072
246 0.0001494854078082721
247 0.00017666457286432172
248 0.00016760485117897186
249 0.0001887442017781214
250 0.0002264930421337457
251 0.00018874420177812141
252 0.00019327406262079636
253 0.00023555276381909552
254 0.00023857267104754543
255 0.0003095404909161193
256 0.0003050106300734443
257 0.00033973956320061845
258 0.0004182571511403171
259 0.0004378865481252417
260 0.0005209339969076153
261 0.0005798221878623888
262 0.0005813321414766136
263 0.0007006184770003861
264 0.0007111881522999611
265 0.0008365143022806341
266 0.0009089920757634327
267 0.000995059431774256
268 0.0011838036335523763
269 0.0012608112678778518
270 0.0014223763045999223
271 0.001476734634712022
272 0.0016050806919211441
273 0.0017364466563587159
274 0.0018738524352531903
275 0.002097325570158485
276 0.002290599632779281
277 0.002420455643602628
278 0.0027390558562040974
279 0.0029413896405102416
280 0.0031135243525318894
281 0.0033067984151526853
282 0.003732605334364127
283 0.003783943757247777
284 0.0038518916698878996
285 0.004011946752995748
286 0.004291288171627367
287 0.0044755025125628135
288 0.004495131909547738
289 0.0044906020487050615
290 0.00475937379203711
291 0.0046129082914572895
292 0.004917918921530729
293 0.004803162446849632
294 0.004697465693853884
295 0.0046446173173560115
296 0.004590258987243914
297 0.004410574507151141
298 0.004282228449942017
299 0.004164452068032471
300 0.0038896405102435256
301 0.003708446076536528
302 0.003536311364514883
303 0.0032886789717819875
304 0.0030863451874758403
305 0.002871931774255893
306 0.0026484586393505987
307 0.002467264205643601
308 0.002157723714727484
309 0.001970489466563587
310 0.0017455063780440663
311 0.0015628019907228455
312 0.001401236954000773
313 0.0012577913606494008
314 0.0011173656745264784
315 0.0009210717046772323
316 0.0008334943950521837
317 0.0006809890800154619
318 0.0005903918631619635
319 0.0005058344607653655
320 0.0003956078469269425
321 0.0003563490529570932
322 0.0002929310011596445
323 0.0002204532276768459
324 0.000208373598763046
325 0.00018119443370699656
326 0.00010569675299574787
327 9.059721685349818e-05
328 6.341805179744874e-05
329 6.039814456899879e-05
330 7.549768071124852e-05
331 4.982846926942402e-05
332 3.321897951294937e-05
333 3.6238886741399304e-05
334 1.9629396984924627e-05
335 2.415925782759954e-05
336 1.9629396984924627e-05
337 1.6609489756474684e-05
338 7.549768071124854e-06
339 1.6609489756474684e-05
340 1.358958252802474e-05
341 1.2079628913799769e-05
342 7.549768071124854e-06
343 6.039814456899884e-06
344 3.019907228449942e-06
345 4.529860842674913e-06
346 6.039814456899884e-06
347 1.509953614224971e-06
348 4.529860842674913e-06
349 6.039814456899884e-06
350 0.0
351 1.509953614224971e-06
352 0.0
353 3.019907228449942e-06
354 1.509953614224971e-06
355 0.0
356 0.0
357 0.0
358 3.019907228449942e-06
