0 1.509953614224971e-06
1 0.0
2 1.509953614224971e-06
3 1.509953614224971e-06
4 1.509953614224971e-06
5 0.0
6 1.509953614224971e-06
7 1.509953614224971e-06
8 0.0
9 0.0
10 1.509953614224971e-06
11 0.0
12 1.509953614224971e-06
13 1.509953614224971e-06
14 1.509953614224971e-06
15 1.509953614224971e-06
16 0.0
17 1.509953614224971e-06
18 1.509953614224971e-06
19 0.0
20 1.509953614224971e-06
21 3.019907228449942e-06
22 9.059721685349826e-06
23 1.0569675299574797e-05
24 1.0569675299574797e-05
25 1.0569675299574797e-05
26 1.358958252802474e-05
27 1.0569675299574797e-05
28 1.8119443370699652e-05
29 2.264930421337457e-05
30 3.17090258987244e-05
31 4.0768747584074215e-05
32 4.076874758407421e-05
33 4.3788654812524145e-05
34 7.398772709702355e-05
35 7.549768071124849e-05
36 0.0001102266138384228
37 0.00014042568612292227
38 0.00016005508310784687
39 0.00020837359876304604
40 0.00021290345960572099
41 0.0002733016041747199
42 0.0003336997487437188
43 0.0003397395632006189
44 0.00044090645535369173
45 0.0004982846926942405
46 0.0005405633938925398
47 0.0006432402396598375
48 0.0008289645342095093
49 0.0009376811944337071
50 0.0010373381329725551
51 0.0012094728449942016
52 0.0012895003865481245
53 0.0013770776961731734
54 0.0015431725937379204
55 0.0016971878623888673
56 0.0019357605334364126
57 0.0020127681677618854
58 0.0022286915345960563
59 0.0022694602821801304
60 0.0024566945303440297
61 0.002426495458059528
62 0.0026031600309238487
63 0.002654498453807499
64 0.0028296530730575965
65 0.002714896598376498
66 0.0028809914959412454
67 0.002819083397758019
68 0.002885521356783918
69 0.0028236132586006977
70 0.0028900512176265954
71 0.0028130435833011217
72 0.002834182933900271
73 0.002663558175492848
74 0.0024582044839582535
75 0.0025216225357557014
76 0.0023509977773482804
77 0.002252850792423656
78 0.002174333204483958
79 0.0019765292810204867
80 0.0019840790490916124
81 0.00183761354851179
82 0.001636789717819868
83 0.0014842844027831462
84 0.0013831175106300728
85 0.0012834605720912257
86 0.0012638311751063008
87 0.001070557112485504
88 0.0011249154425976033
89 0.0009980793390027053
90 0.0008742631426362587
91 0.0008274545805952841
92 0.000729307595670661
93 0.0007081682450715113
94 0.0006673994974874371
95 0.0006462601468882874
96 0.0005722724197912644
97 0.00048469511016621577
98 0.0004816752029377659
99 0.00044090645535369157
100 0.0004288268264398919
101 0.00039862775415539235
102 0.00033822960958639374
103 0.00030350067645921954
104 0.0002582020680324701
105 0.0002763215114031699
106 0.0002461224391186704
107 0.00020233378430614609
108 0.00020535369153459619
109 0.00020686364514882109
110 0.00019176410900657146
111 0.0001842143409354465
112 0.00019629396984924627
113 0.0001645849439505218
114 0.00015401526865094697
115 0.00015854512949362194
116 0.00014797545419404712
117 0.00016005508310784692
118 0.00016307499033629691
119 0.00015854512949362191
120 0.00014344559335137215
121 0.00017968448009277163
122 0.00015250531503672212
123 0.00015401526865094702
124 0.00013891573250869723
125 0.00016911480479319681
126 0.0001842143409354465
127 0.00018270438732122154
128 0.00019176410900657135
129 0.00022800299574797067
130 0.00025367220718979525
131 0.00026575183610359505
132 0.0002838712794742947
133 0.00030048076923076957
134 0.0003382296095863937
135 0.00033067984151526883
136 0.0004650657131812912
137 0.00047563538848086615
138 0.0005601927908774646
139 0.0005375434866640897
140 0.0006749492655585622
141 0.000723267781213761
142 0.0008470839775802084
143 0.000995059431774256
144 0.001143034885968303
145 0.0012713809431774254
146 0.0015114635678391965
147 0.0016971878623888675
148 0.0018723424816389645
149 0.0022770100502512557
150 0.0024566945303440275
151 0.0027526454387321194
152 0.003326427812137609
153 0.003565000483185159
154 0.004033086103594897
155 0.00478655295709316
156 0.005162531407035174
157 0.005796711925009663
158 0.006461091515268653
159 0.007170769713954388
160 0.007933296289138
161 0.00898271405102435
162 0.009828288074990334
163 0.010711610939311942
164 0.011542085427135676
165 0.012274412930034789
166 0.01363488113645149
167 0.014167894762272898
168 0.015587251159644376
169 0.016592880266718207
170 0.01737050637804407
171 0.018592058851952063
172 0.019026925492848863
173 0.02034360504445304
174 0.020666735117897177
175 0.021243537398531125
176 0.02200304406648627
177 0.02258286625434866
178 0.02254964727483571
179 0.022975454194047173
180 0.02263571463084655
181 0.022456030150753762
182 0.0221011910514109
183 0.02194717578275996
184 0.0213507441051411
185 0.020912857557015854
186 0.019961586780054122
187 0.019319856494008508
188 0.018365565809818324
189 0.01776913413219946
190 0.01643584509083882
191 0.015612920371086194
192 0.014400427618863544
193 0.013520124661770383
194 0.012470706899884035
195 0.01174139930421337
196 0.01056061557788945
197 0.00968031262079629
198 0.008836248550444526
199 0.008082781696946267
200 0.007314215307305761
201 0.006353884808658677
202 0.005826910997294162
203 0.005289367510630075
204 0.004600828662543486
205 0.004276188635485116
206 0.003824712504831849
207 0.003270559528411288
208 0.002677147758020873
209 0.0025291723038268258
210 0.0021743332044839585
211 0.001975019327406262
212 0.0017153073057595677
213 0.001509953614224971
214 0.0012396719172787006
215 0.0011520946076536524
216 0.0009678802667182063
217 0.0008561436992655586
218 0.0007685663896405103
219 0.0006538099149594123
220 0.0006145511209895633
221 0.0005601927908774643
222 0.0004831851565519911
223 0.0004499661770390417
224 0.00040768747584074246
225 0.0003563490529570932
226 0.0003035006764592193
227 0.00029293100115964456
228 0.00028840114031696945
229 0.0002370627174333205
230 0.00019780392346347136
231 0.00019327406262079636
232 0.0002038437379203712
233 0.0002008238306919213
234 0.00016911480479319676
235 0.00018874420177812147
236 0.00019176410900657132
237 0.00015854512949362197
238 0.0002023337843061462
239 0.000154015268650947
240 0.000158545129493622
241 0.00014797545419404718
242 0.00017364466563587162
243 0.000155525222265172
244 0.00017515461925009671
245 0.0001751546192500967
246 0.00016458494395052184
247 0.00017968448009277158
248 0.0002008238306919212
249 0.00017817452647854662
250 0.00020535369153459608
251 0.0002310229029764206
252 0.0002234731349052959
253 0.00026575183610359505
254 0.00030954049091611925
255 0.00031407035175879414
256 0.00029293100115964456
257 0.00038050831078469295
258 0.00033822960958639374
259 0.0004001377077696174
260 0.0005013045999226905
261 0.00052848376497874
262 0.00045751594511016637
263 0.0006568298221878627
264 0.0006492800541167376
265 0.000685518940858137
266 0.0007640365287978346
267 0.0008621835137224584
268 0.0008969124468496324
269 0.0010086490143022802
270 0.0010660272516428294
271 0.0012562814070351755
272 0.0013000700618477003
273 0.0014329459798994978
274 0.0015884712021646697
275 0.0016594390220332437
276 0.0018270438732122148
277 0.0019236809045226125
278 0.0020535369153459595
279 0.0021607436219559326
280 0.002338918148434479
281 0.0025774908194820248
282 0.0026907373405488984
283 0.002692247294163124
284 0.002947429454967142
285 0.002991218109779667
286 0.0032479102241979125
287 0.003069735697719365
288 0.003161842868187089
289 0.003285659064553536
290 0.0034396743332044846
291 0.0033822960958639335
292 0.003266029667568611
293 0.0032675396211828372
294 0.003343037301894086
295 0.003308308368766911
296 0.00306218592964824
297 0.00312862388867414
298 0.002880991495941245
299 0.002687717433320448
300 0.002527662350212601
301 0.002526152396598377
302 0.0022981494008504043
303 0.0020565568225744102
304 0.002024847796675687
305 0.0018919718786238884
306 0.0015628019907228442
307 0.0014389857943563982
308 0.001375567742558949
309 0.0011913534016235025
310 0.0010328082721298801
311 0.0009059721685349826
312 0.0007655464824120601
313 0.0006824990336296867
314 0.0005692525125628141
315 0.0005224439505218401
316 0.000428826826439892
317 0.0003789983571704679
318 0.00031105044453034444
319 0.0002446124855044454
320 0.00022649304213374582
321 0.0001434455933513722
322 0.00015099536142249714
323 0.00011475647468109769
324 8.153749516814838e-05
325 6.945786625434863e-05
326 6.341805179744876e-05
327 6.643795902589868e-05
328 4.680856204097408e-05
329 2.5669211441824513e-05
330 3.170902589872439e-05
331 1.2079628913799769e-05
332 1.5099536142249712e-05
333 7.549768071124854e-06
334 1.0569675299574797e-05
335 7.549768071124854e-06
336 6.039814456899884e-06
337 3.019907228449942e-06
338 1.509953614224971e-06
339 3.019907228449942e-06
340 0.0
341 3.019907228449942e-06
342 1.509953614224971e-06
343 1.509953614224971e-06
344 4.529860842674913e-06
345 1.509953614224971e-06
346 0.0
347 3.019907228449942e-06
348 1.509953614224971e-06
349 0.0
350 0.0
351 0.0
352 1.509953614224971e-06
353 0.0
354 0.0
355 0.0
356 0.0
357 0.0
358 1.509953614224971e-06
