0 1.509953614224971e-06
1 0.0
2 0.0
3 0.0
4 0.0
5 0.0
6 1.509953614224971e-06
7 0.0
8 0.0
9 1.509953614224971e-06
10 1.509953614224971e-06
11 1.509953614224971e-06
12 1.509953614224971e-06
13 3.019907228449942e-06
14 1.509953614224971e-06
15 0.0
16 1.509953614224971e-06
17 0.0
18 0.0
19 0.0
20 0.0
21 1.509953614224971e-06
22 1.509953614224971e-06
23 0.0
24 0.0
25 3.019907228449942e-06
26 1.509953614224971e-06
27 0.0
28 3.019907228449942e-06
29 0.0
30 1.509953614224971e-06
31 3.019907228449942e-06
32 0.0
33 1.509953614224971e-06
34 3.019907228449942e-06
35 4.529860842674913e-06
36 1.509953614224971e-06
37 4.529860842674913e-06
38 6.039814456899884e-06
39 3.019907228449942e-06
40 6.039814456899884e-06
41 6.039814456899884e-06
42 0.0
43 4.529860842674913e-06
44 7.549768071124854e-06
45 7.549768071124854e-06
46 7.549768071124854e-06
47 1.0569675299574797e-05
48 9.059721685349826e-06
49 1.8119443370699655e-05
50 1.358958252802474e-05
51 2.4159257827599538e-05
52 2.5669211441824513e-05
53 1.2079628913799769e-05
54 2.1139350599149595e-05
55 2.264930421337457e-05
56 2.415925782759954e-05
57 2.8689118670274453e-05
58 5.4358330112098935e-05
59 6.492800541167371e-05
60 8.00275415539234e-05
61 0.00010871666022419782
62 8.908726323927323e-05
63 0.0001343858716660224
64 0.0001389157325086973
65 0.00018119443370699648
66 0.0002234731349052959
67 0.0002370627174333206
68 0.00030048076923076957
69 0.00036540877464244335
70 0.00044845622342481626
71 0.0004997946463084659
72 0.0005541529764205645
73 0.0006960886161577112
74 0.0007187379203710862
75 0.0008969124468496327
76 0.001031298318515655
77 0.001162664282953228
78 0.001354428391959799
79 0.0014948540780827212
80 0.0016337698105914184
81 0.0018421434093544643
82 0.00210185543100116
83 0.002160743621955933
84 0.0024536746231155777
85 0.0027013070158484736
86 0.0027662350212601466
87 0.003048596347120216
88 0.0032765993428681855
89 0.003557450715114032
90 0.003978727773482798
91 0.0041765316969462705
92 0.004418124275222263
93 0.004717095090838808
94 0.004726154812524158
95 0.005182160804020101
96 0.005238029087746426
97 0.005760473038268266
98 0.00590844849246231
99 0.0061817500966370315
100 0.006521489659837648
101 0.006824990336296871
102 0.007036383842288363
103 0.007528628720525706
104 0.007667544453034404
105 0.007715862968689599
106 0.008011813877077697
107 0.00819149835717047
108 0.008357593254735219
109 0.008242836780054117
110 0.008464799961345183
111 0.008633914766138385
112 0.008475369636644761
113 0.008587106204097413
114 0.008522178198685742
115 0.008522178198685738
116 0.008517648337843058
117 0.008638444626981056
118 0.00838024255894859
119 0.008505568708929259
120 0.008294175202937765
121 0.008378732605334364
122 0.00806164234634712
123 0.008253406455353694
124 0.007977084943950524
125 0.008140159934286819
126 0.007981614804793197
127 0.008256426362582144
128 0.00779136064940085
129 0.007738512272902976
130 0.0077083132006184754
131 0.007635835427135681
132 0.007644895148821029
133 0.007425951874758408
134 0.0075135291843834535
135 0.007111881522999614
136 0.0069216273676072654
137 0.0066694651140316984
138 0.006705704000773095
139 0.006316135968303053
140 0.0060971926942404355
141 0.005925057982218785
142 0.005603437862388864
143 0.005272758020873598
144 0.004978317066099729
145 0.0047850430034789325
146 0.004549490239659837
147 0.0042625990529570916
148 0.0041825715114031685
149 0.0037537446849632786
150 0.003667677328952455
151 0.003500072477773483
152 0.003124094027831465
153 0.0029368597796675692
154 0.002598630170081174
155 0.0026182595670661006
156 0.002364587359876305
157 0.002157723714727483
158 0.00211997487437186
159 0.0020203179358330116
160 0.001857242945496714
161 0.001763625821414766
162 0.0016775584654039432
163 0.0015854512949362194
164 0.0014646550057982209
165 0.0014752246810977971
166 0.0013846274642442976
167 0.0012411818708929262
168 0.0012457117317356014
169 0.0012849705257054504
170 0.0012577913606494004
171 0.0011234054889833784
172 0.0010554575763432545
173 0.0010222385968303052
174 0.001056967529957479
175 0.0010297883649014307
176 0.0010433779474294537
177 0.0010433779474294548
178 0.0010267684576729802
179 0.0010358281793583304
180 0.0011354851178971782
181 0.001096226323927329
182 0.0010524376691148042
183 0.0010781068805566292
184 0.0010086490143022806
185 0.0010720670660997295
186 0.0011234054889833784
187 0.0011671941437959034
188 0.0011460547931967538
189 0.0012321221492075766
190 0.0012124927522226515
191 0.0012653411287205261
192 0.0013861374178585233
193 0.0013891573250869734
194 0.0013906672787011986
195 0.0014888142636258212
196 0.0016171603208349435
197 0.0016201802280633945
198 0.001848183223811364
199 0.0019810591418631613
200 0.0019538799768071113
201 0.0020444771936606095
202 0.002251340838809431
203 0.0023751570351758784
204 0.0026982871086200237
205 0.0026967771550057964
206 0.0028568322381136457
207 0.0030546361615771166
208 0.0034064553536915336
209 0.003696366447622728
210 0.003883600695786628
211 0.0041161335523772725
212 0.0043849052957093135
213 0.004585729126401236
214 0.004676326343254734
215 0.0052002802473908
216 0.005302957093158098
217 0.00573480382682644
218 0.005751413316582916
219 0.006062463761113256
220 0.0063916336490143
221 0.006535079242365673
222 0.006867269037495166
223 0.007007694723618088
224 0.007066582914572864
225 0.0073972627560881295
226 0.007463700715114035
227 0.007821559721685349
228 0.007814009953614223
229 0.007661504638577496
230 0.007647915056049476
231 0.007693213664476225
232 0.007883467819868577
233 0.007958965500579823
234 0.008014833784306149
235 0.007961985407808271
236 0.008022383552377272
237 0.008081271743332041
238 0.008167339099342868
239 0.00830776478546579
240 0.008280585620409741
241 0.008291155295709314
242 0.008517648337843062
243 0.008319844414379593
244 0.008410441631233091
245 0.008419501352918435
246 0.008384772419791266
247 0.00846329000773096
248 0.00828662543486664
249 0.008377222651720138
250 0.008114490722844998
251 0.00810241109393119
252 0.008061642346347118
253 0.007730962504831851
254 0.007599596540394276
255 0.007358003962118279
256 0.007214558368766913
257 0.007033363935059913
258 0.006714763722458447
259 0.006435422303826822
260 0.006150041070738307
261 0.005891839002705837
262 0.00549774110939312
263 0.005301447139543873
264 0.004872620313103983
265 0.004608378430614611
266 0.004451343254735213
267 0.00420673076923077
268 0.003937959025898724
269 0.0036253986277541552
270 0.0033052884615384615
271 0.0033143481832238115
272 0.0029187403362968675
273 0.0028266331658291454
274 0.0025125628140703527
275 0.002340428102048705
276 0.0021954725550831075
277 0.0019131112292230374
278 0.0017288968882875912
279 0.0015899811557788942
280 0.0014102966756861233
281 0.0012910103401623503
282 0.001037338132972555
283 0.0010312983185156552
284 0.000828964534209509
285 0.0008470839775802088
286 0.0006673994974874374
287 0.0006100212601468882
288 0.00047261548125241597
289 0.0004258069192114421
290 0.00033671965597216865
291 0.00031256039814456916
292 0.0002461224391186704
293 0.00017817452647854665
294 0.00017817452647854665
295 0.00015552522226517198
296 0.00010267684576729794
297 0.0001087166602241978
298 8.908726323927324e-05
299 6.190809818322378e-05
300 6.0398144568998815e-05
301 4.680856204097409e-05
302 5.1338422883649e-05
303 3.925879396984924e-05
304 2.2649304213374567e-05
305 3.321897951294937e-05
306 1.358958252802474e-05
307 1.6609489756474684e-05
308 1.9629396984924627e-05
309 1.0569675299574797e-05
310 1.5099536142249712e-05
311 7.549768071124854e-06
312 1.8119443370699655e-05
313 7.549768071124854e-06
314 1.509953614224971e-06
315 6.039814456899884e-06
316 6.039814456899884e-06
317 9.059721685349826e-06
318 7.549768071124854e-06
319 1.509953614224971e-06
320 4.529860842674913e-06
321 3.019907228449942e-06
322 3.019907228449942e-06
323 4.529860842674913e-06
324 3.019907228449942e-06
325 1.509953614224971e-06
326 3.019907228449942e-06
327 9.059721685349826e-06
328 1.509953614224971e-06
329 3.019907228449942e-06
330 1.509953614224971e-06
331 0.0
332 0.0
333 1.509953614224971e-06
334 3.019907228449942e-06
335 0.0
336 3.019907228449942e-06
337 1.509953614224971e-06
338 0.0
339 1.509953614224971e-06
340 3.019907228449942e-06
341 1.509953614224971e-06
342 1.509953614224971e-06
343 0.0
344 1.509953614224971e-06
345 0.0
346 0.0
347 3.019907228449942e-06
348 0.0
349 0.0
350 1.509953614224971e-06
351 0.0
352 1.509953614224971e-06
353 0.0
354 0.0
355 0.0
356 1.509953614224971e-06
357 1.509953614224971e-06
358 0.0
