0 3.019907228449942e-06
1 3.019907228449942e-06
2 0.0
3 6.039814456899884e-06
4 1.509953614224971e-06
5 6.039814456899884e-06
6 3.019907228449942e-06
7 6.039814456899884e-06
8 1.509953614224971e-06
9 7.549768071124854e-06
10 0.0
11 6.039814456899884e-06
12 3.019907228449942e-06
13 1.3589582528024739e-05
14 1.0569675299574797e-05
15 1.0569675299574797e-05
16 1.0569675299574797e-05
17 1.358958252802474e-05
18 1.2079628913799769e-05
19 2.415925782759954e-05
20 1.8119443370699655e-05
21 2.717916505604948e-05
22 2.717916505604948e-05
23 4.9828469269424024e-05
24 5.284837649787396e-05
25 5.133842288364899e-05
26 6.492800541167371e-05
27 7.549768071124849e-05
28 9.512707769617309e-05
29 0.00013589582528024732
30 0.00012834605720912244
31 0.00016760485117897175
32 0.00019327406262079628
33 0.00022800299574797075
34 0.00030803053730189426
35 0.0003895680324700426
36 0.0004137272902976424
37 0.0004665756667955163
38 0.0005118742752222654
39 0.0006175710282180132
40 0.0007459170854271353
41 0.0008319844414379589
42 0.000984489756474681
43 0.0011596443757247777
44 0.001236652010050251
45 0.0014223763045999225
46 0.0015854512949362188
47 0.001650379300347894
48 0.0017681556822574409
49 0.002085245941244685
50 0.002260400560494782
51 0.0025427618863548495
52 0.0027239563200618464
53 0.0028538123308851954
54 0.003027456996521066
55 0.003267539621182837
56 0.003321897951294937
57 0.003516681967529957
58 0.0036450280247390782
59 0.0037341152879783526
60 0.0038141428295322766
61 0.0039470187475840746
62 0.003959098376497874
63 0.004129723134905298
64 0.004122173366834171
65 0.004175021743332044
66 0.004212770583687669
67 0.004043655778894471
68 0.004010436799381524
69 0.003987787495168148
70 0.004066305083107846
71 0.0039304092578276
72 0.0038247125048318517
73 0.0035755701584847303
74 0.0036253986277541544
75 0.0033928657711635086
76 0.003240360456126787
77 0.0031014447236180896
78 0.0029640389447236188
79 0.0027315060881329717
80 0.002669597989949749
81 0.002514072767684577
82 0.00232079870506378
83 0.0021833929261693068
84 0.0020731663123308847
85 0.0018527130846540396
86 0.001715307305759567
87 0.0015869612485504452
88 0.0015220332431387707
89 0.0013438587166602243
90 0.00128497052570545
91 0.001158134422110553
92 0.0010403580402010056
93 0.0009135219366061075
94 0.0008697332817935833
95 0.0007730962504831851
96 0.0008048052763819089
97 0.0006960886161577113
98 0.0006341805179744877
99 0.0005903918631619634
100 0.0005556629300347895
101 0.000475635388480866
102 0.00042429696559721704
103 0.0004348666408967918
104 0.0003744684963277931
105 0.0003578590065713184
106 0.00028840114031696956
107 0.00030954049091611925
108 0.0002461224391186703
109 0.00026122197526092016
110 0.0002355527638190956
111 0.00022498308851952079
112 0.0001978039234634713
113 0.0002098835523772711
114 0.00019478401623502126
115 0.00018723424816389649
116 0.00020686364514882106
117 0.00015854512949362191
118 0.0001842143409354465
119 0.00016911480479319692
120 0.00014797545419404715
121 0.000154015268650947
122 0.00018421434093544647
123 0.0001736446656358717
124 0.0001811944337069966
125 0.00016458494395052184
126 0.00015854512949362191
127 0.00019327406262079628
128 0.00016760485117897175
129 0.00020233378430614609
130 0.00021592336683417098
131 0.00022800299574797075
132 0.00023857267104754548
133 0.00026726178971782003
134 0.00029444095477386954
135 0.0003125603981445692
136 0.000320110166215694
137 0.00036993863548511814
138 0.0003940978933127178
139 0.00046204580595284126
140 0.00048771501739466573
141 0.0006236108426749128
142 0.000617571028218013
143 0.0007142080595284111
144 0.000833494395052184
145 0.0009724101275608815
146 0.0010192186896018553
147 0.001188333494395052
148 0.001416336490143023
149 0.0015899811557788938
150 0.0017741954967143416
151 0.001898011693080788
152 0.00231173898337843
153 0.002500483185156553
154 0.0028870313103981447
155 0.003346057209122536
156 0.003715995844607654
157 0.0041297231349052945
158 0.004896779570931582
159 0.005384494588326244
160 0.005989985987630459
161 0.006586417665249322
162 0.00760261644762273
163 0.008256426362582144
164 0.009180517974487828
165 0.010118199168921526
166 0.010932064166988786
167 0.01180632730962504
168 0.012908593448009277
169 0.013619781600309237
170 0.014522733861615766
171 0.015529872922303824
172 0.016488693467336675
173 0.01744902396598377
174 0.017464123502126016
175 0.018524110939311927
176 0.019054104657904917
177 0.019421023386161588
178 0.020132211538461543
179 0.020021984924623107
180 0.020097482605334366
181 0.020222808755315045
182 0.019861929841515275
183 0.02010050251256282
184 0.019322876401236967
185 0.018764193563973713
186 0.01838670516041747
187 0.017047376304599925
188 0.01674538558175493
189 0.015760895825280247
190 0.014774896115191343
191 0.013882513529184386
192 0.013056568902203315
193 0.012135497197526093
194 0.01097585282180131
195 0.010509277155005796
196 0.00950817790877464
197 0.008498018940858136
198 0.007575437282566682
199 0.007108861615771165
200 0.006515449845380749
201 0.00563665684190182
202 0.005058344607653653
203 0.004646127270970238
204 0.004063285175879397
205 0.0037522347313490544
206 0.003173922497100891
207 0.002874951681484345
208 0.0026303391959799
209 0.002189432740626207
210 0.0019146211828372632
211 0.0017198371666022414
212 0.0015159934286818702
213 0.0014193563973714722
214 0.0012985601082334747
215 0.0010901865094704293
216 0.0010373381329725551
217 0.0009497608233475065
218 0.0008199048125241595
219 0.0007489369926555856
220 0.0007564867607267104
221 0.0006628696366447625
222 0.0006024714920757635
223 0.0004997946463084654
224 0.00042278701198299184
225 0.00042731687282566706
226 0.0004197671047545421
227 0.00035332914572864344
228 0.0003306798415152689
229 0.0003518191921144183
230 0.0003125603981445691
231 0.00027783146501739496
232 0.0003140703517587942
233 0.0002717916505604949
234 0.00027783146501739485
235 0.0002491423463471203
236 0.00024612243911867034
237 0.0002627319288751451
238 0.00025065229996134534
239 0.0002597120216466951
240 0.00023404281020487062
241 0.00023555276381909552
242 0.0002793414186316199
243 0.00023555276381909555
244 0.00022951294936219568
245 0.000271791650560495
246 0.000274811557788945
247 0.0002989708156165445
248 0.00032011016621569406
249 0.00032765993428681886
250 0.0003186002126014691
251 0.00040768747584074224
252 0.0004091974294549674
253 0.00041523724391186737
254 0.00044543631619636673
255 0.0005058344607653655
256 0.0005964316776188636
257 0.0005949217240046386
258 0.0005964316776188636
259 0.0006764592191727873
260 0.0006945786625434866
261 0.0007338374565133358
262 0.0007881957866254349
263 0.0008833228643216084
264 0.0009346612872052566
265 0.0010433779474294548
266 0.0010403580402010052
267 0.001179273772709702
268 0.0012834605720912246
269 0.0012910103401623499
270 0.0014722047738693475
271 0.0015341128720525712
272 0.001676048511789718
273 0.0017243670274449164
274 0.0018889519713954394
275 0.0019191510436799375
276 0.0021954725550831083
277 0.0023630774062620786
278 0.0025004831851565524
279 0.0027088567839195993
280 0.002719426459219172
281 0.0028689118670274447
282 0.0029761185736374165
283 0.0033777662350212593
284 0.003450244008504056
285 0.003524231735601082
286 0.0036480479319675302
287 0.003782433803633553
288 0.0038277324120603
289 0.003915309721685351
290 0.004051205546965597
291 0.0039606083301120965
292 0.004135762949362194
293 0.004143312717433322
294 0.004208240722844994
295 0.004073854851178974
296 0.004107073830691921
297 0.004022516428295322
298 0.004175021743332045
299 0.0038700111132586
300 0.003756764592191727
301 0.0037326053343641266
302 0.0035332914572864305
303 0.003537821318129107
304 0.0033732363741785848
305 0.0031618428681870897
306 0.002957999130266718
307 0.0029036408001546195
308 0.002680167665249323
309 0.0025669211441824505
310 0.0023947864321608053
311 0.00204145728643216
312 0.0019644496521066864
313 0.001694167955160417
314 0.0016247100889060697
315 0.0013831175106300733
316 0.0012396719172787017
317 0.0011098159064553532
318 0.0009648603594897562
319 0.000884832817935833
320 0.0007247777348279862
321 0.0006417302860456123
322 0.0005148941824507152
323 0.0004137272902976422
324 0.0003850381716273679
325 0.0003654087746424432
326 0.00028840114031696983
327 0.00025669211441824505
328 0.00021441341321994608
329 0.00015401526865094708
330 0.00014797545419404718
331 0.00011022661383842278
332 8.153749516814838e-05
333 5.435833011209893e-05
334 6.794791264012365e-05
335 5.1338422883649006e-05
336 4.227870119829918e-05
337 4.680856204097409e-05
338 3.6238886741399304e-05
339 3.925879396984924e-05
340 2.566921144182451e-05
341 3.321897951294937e-05
342 2.415925782759954e-05
343 7.549768071124854e-06
344 9.059721685349826e-06
345 1.358958252802474e-05
346 6.039814456899884e-06
347 6.039814456899884e-06
348 7.549768071124854e-06
349 9.059721685349826e-06
350 4.529860842674913e-06
351 1.0569675299574797e-05
352 4.529860842674913e-06
353 3.019907228449942e-06
354 3.019907228449942e-06
355 1.509953614224971e-06
356 0.0
357 1.509953614224971e-06
358 6.039814456899884e-06
