0 1.2093653250773995e-05
1 3.0234133126934986e-06
2 1.3601853822877186e-05
3 6.046826625386997e-06
4 6.043320541143441e-06
5 4.5351199690402475e-06
6 7.555027197490189e-06
7 4.533366926918469e-06
8 4.5351199690402475e-06
9 6.046826625386997e-06
10 6.046826625386997e-06
11 0.0
12 1.5117066563467493e-06
13 3.0234133126934986e-06
14 1.5117066563467493e-06
15 0.0
16 1.5117066563467493e-06
17 0.0
18 0.0
19 1.509953614224971e-06
20 0.0
21 0.0
22 3.0216602705717204e-06
23 0.0
24 0.0
25 0.0
26 0.0
27 0.0
28 0.0
29 0.0
30 0.0
31 0.0
32 0.0
33 0.0
34 0.0
35 0.0
36 0.0
37 0.0
38 0.0
39 0.0
40 0.0
41 0.0
42 0.0
43 0.0
44 0.0
45 0.0
46 0.0
47 0.0
48 0.0
49 0.0
50 0.0
51 0.0
52 0.0
53 0.0
54 0.0
55 0.0
56 0.0
57 0.0
58 0.0
59 0.0
60 0.0
61 0.0
62 0.0
63 0.0
64 0.0
65 0.0
66 0.0
67 0.0
68 0.0
69 0.0
70 0.0
71 0.0
72 0.0
73 0.0
74 0.0
75 0.0
76 0.0
77 0.0
78 0.0
79 0.0
80 0.0
81 0.0
82 0.0
83 0.0
84 0.0
85 0.0
86 0.0
87 0.0
88 0.0
89 0.0
90 1.509953614224971e-06
91 0.0
92 0.0
93 0.0
94 0.0
95 0.0
96 0.0
97 1.509953614224971e-06
98 1.509953614224971e-06
99 3.019907228449942e-06
100 0.0
101 3.019907228449942e-06
102 1.509953614224971e-06
103 3.019907228449942e-06
104 4.529860842674913e-06
105 1.0569675299574797e-05
106 4.529860842674913e-06
107 1.0569675299574797e-05
108 1.2079628913799767e-05
109 3.019907228449942e-06
110 6.039814456899884e-06
111 1.8119443370699652e-05
112 1.0569675299574797e-05
113 1.660948975647468e-05
114 1.660948975647468e-05
115 1.660948975647468e-05
116 2.8689118670274453e-05
117 3.321897951294936e-05
118 3.0200825326621202e-05
119 3.171077894084617e-05
120 3.926054701197101e-05
121 6.040165065324237e-05
122 6.795141872436723e-05
123 5.738174342479242e-05
124 7.247952652492034e-05
125 8.607086209506685e-05
126 9.966219766521338e-05
127 0.00012532614998067256
128 0.00013288117717816274
129 0.0001645902030768873
130 0.0001630767433784187
131 0.00021744559174324843
132 0.00023555626990333912
133 0.00025821959845368804
134 0.00038656214957856716
135 0.0004197898943021252
136 0.0005647559595204527
137 0.0007293426565130967
138 0.0009165961881403321
139 0.0011536676707842616
140 0.0014375529745955303
141 0.001928298417471376
142 0.0026062991450165806
143 0.0031816160146259996
144 0.003951715147428317
145 0.005180815636365324
146 0.006636509090837016
147 0.008166100867257517
148 0.010079252416449361
149 0.012324507861706727
150 0.014729937596936218
151 0.017247102146576227
152 0.020442171006444774
153 0.022998496179695814
154 0.025296692912683508
155 0.027634030985818892
156 0.030176817414763447
157 0.03199178341210398
158 0.033020070588601784
159 0.034345730974995846
160 0.03434722690427311
161 0.0342309709942305
162 0.033758294156503825
163 0.03235250805819704
164 0.030759454403926047
165 0.02832839928330776
166 0.026643287543748465
167 0.024607824492678027
168 0.022274928628279234
169 0.019849930852539065
170 0.017971543297316837
171 0.015945168016605712
172 0.0140275111491609
173 0.012568880180440478
174 0.010765992058971623
175 0.009767900448674066
176 0.009079368612755965
177 0.00807826586044057
178 0.007534673794108965
179 0.007219096994820195
180 0.00707111628149978
181 0.007176813034495529
182 0.007469744035655172
183 0.007904610676551965
184 0.008467821621615756
185 0.00910653200043292
186 0.009811680338275983
187 0.010513807015848477
188 0.011083061281453411
189 0.012055471409014293
190 0.012934264412493224
191 0.013095827696173177
192 0.013021843475160395
193 0.01349294900279859
194 0.01353220779676843
195 0.013467283297441006
196 0.012881419542079598
197 0.012056983115670635
198 0.011617591873057536
199 0.010605926457611043
200 0.009778461358763035
201 0.008686775413931112
202 0.007791364155485094
203 0.006516968564205583
204 0.005645728834882018
205 0.004673313448194774
206 0.003860956650699617
207 0.003205640288210222
208 0.002548803453853873
209 0.001981062647947405
210 0.001508448919737111
211 0.001198903169694627
212 0.0008938942926633041
213 0.0007021319366988549
214 0.0004997981523927092
215 0.0003608806668418901
216 0.00026424188248937
217 0.00020837535180516788
218 0.0001389157325086973
219 0.00012079628913799763
220 0.00011626642829532275
221 7.851758793969847e-05
222 5.888819095477386e-05
223 6.190809818322382e-05
224 5.2848376497873974e-05
225 3.019907228449942e-05
226 5.133842288364901e-05
227 4.5298608426749126e-05
228 4.378865481252415e-05
229 6.19080981832238e-05
230 3.321897951294936e-05
231 4.68085620409741e-05
232 4.076874758407422e-05
233 6.643795902589872e-05
234 3.472893312717433e-05
235 3.62388867413993e-05
236 4.227870119829919e-05
237 4.68085620409741e-05
238 5.435833011209895e-05
239 3.019907228449942e-05
240 3.6238886741399304e-05
241 3.0199072284499417e-05
242 3.321897951294936e-05
243 2.2649304213374563e-05
244 3.170902589872439e-05
245 2.2649304213374563e-05
246 2.2649304213374563e-05
247 1.660948975647468e-05
248 4.529860842674913e-06
249 1.2079628913799769e-05
250 4.529860842674913e-06
251 4.529860842674913e-06
252 4.529860842674913e-06
253 1.0569675299574797e-05
254 1.509953614224971e-06
255 0.0
256 1.509953614224971e-06
257 3.019907228449942e-06
258 1.509953614224971e-06
259 0.0
260 0.0
261 0.0
262 0.0
263 0.0
264 0.0
265 0.0
266 0.0
267 0.0
268 0.0
269 0.0
270 0.0
271 0.0
272 0.0
273 0.0
274 0.0
275 0.0
276 0.0
277 0.0
278 0.0
279 0.0
280 0.0
281 0.0
282 0.0
283 0.0
284 0.0
285 0.0
286 0.0
287 0.0
288 0.0
289 0.0
290 0.0
291 0.0
292 0.0
293 0.0
294 0.0
295 0.0
296 0.0
297 0.0
298 0.0
299 0.0
300 0.0
301 0.0
302 0.0
303 0.0
304 0.0
305 0.0
306 0.0
307 0.0
308 0.0
309 0.0
310 0.0
311 0.0
312 0.0
313 0.0
314 0.0
315 0.0
316 0.0
317 1.5117066563467493e-06
318 0.0
319 0.0
320 0.0
321 0.0
322 1.509953614224971e-06
323 1.5117066563467493e-06
324 1.509953614224971e-06
325 4.531613884796691e-06
326 0.0
327 1.509953614224971e-06
328 7.555027197490189e-06
329 4.531613884796691e-06
330 9.061474727471604e-06
331 7.553274155368412e-06
332 2.4168023038208426e-05
333 1.9639915237655293e-05
334 2.8704896049370453e-05
335 2.1148115809758486e-05
336 2.4171529122451985e-05
337 3.4739451379905005e-05
338 4.3809691317985496e-05
339 6.495956016986576e-05
340 4.683661071492256e-05
341 6.0434958453556184e-05
342 4.8351823455512855e-05
343 5.5905097610881266e-05
344 5.892675788145299e-05
345 5.892149875508766e-05
346 5.2878178213944217e-05
347 4.2303243788004085e-05
348 4.684537592553144e-05
349 2.5681482736676954e-05
350 2.2659822466105232e-05
351 1.359834773863363e-05
352 2.5686741863042288e-05
353 3.172830936206395e-05
354 1.8133467707673877e-05
355 1.6621761051327128e-05
356 9.066733853836939e-06
357 1.2091900208652216e-05
358 9.063227769593382e-06
