0 0.0
1 0.0
2 0.0
3 0.0
4 0.0
5 0.0
6 0.0
7 1.509953614224971e-06
8 0.0
9 0.0
10 0.0
11 1.509953614224971e-06
12 0.0
13 0.0
14 1.509953614224971e-06
15 0.0
16 0.0
17 1.509953614224971e-06
18 1.509953614224971e-06
19 1.509953614224971e-06
20 1.509953614224971e-06
21 1.509953614224971e-06
22 4.529860842674913e-06
23 3.019907228449942e-06
24 4.529860842674913e-06
25 3.019907228449942e-06
26 1.0569675299574797e-05
27 2.1139350599149595e-05
28 2.264930421337457e-05
29 2.7179165056049485e-05
30 2.7179165056049485e-05
31 3.774884035562427e-05
32 3.0199072284499424e-05
33 4.529860842674911e-05
34 6.341805179744873e-05
35 9.512707769617309e-05
36 0.0001192863355237726
37 0.00017364466563587168
38 0.0001781745264785466
39 0.0002536722071897953
40 0.00036389882102821826
41 0.0004303367800541169
42 0.0005435833011209896
43 0.0006809890800154617
44 0.0007730962504831854
45 0.0009980793390027057
46 0.0013438587166602239
47 0.0014737147274835715
48 0.0017908049864708158
49 0.0021501739466563592
50 0.002604669984538075
51 0.00311654425976034
52 0.0034698734054889836
53 0.003916819675299575
54 0.004517781213761114
55 0.0051398821028218016
56 0.00584956030150754
57 0.006474681097796672
58 0.007200968786238886
59 0.007818539814456902
60 0.008452720332431385
61 0.008905706416698881
62 0.009049152010050252
63 0.00961538461538462
64 0.009672762852725158
65 0.010029111905682252
66 0.010066860746037883
67 0.01000948250869733
68 0.009816208446076535
69 0.00925601565519907
70 0.009314903846153846
71 0.008898156648627755
72 0.00885436799381523
73 0.00810241109393119
74 0.007435011596443754
75 0.0070303440278314654
76 0.006452031793583302
77 0.005949217240046386
78 0.005298427232315425
79 0.004754843931194431
80 0.004181061557788945
81 0.003735625241592577
82 0.0032282808272129883
83 0.0028341829339002694
84 0.0024506547158871283
85 0.0022030223231542323
86 0.001898011693080789
87 0.0016488693467336683
88 0.001316679551604175
89 0.001143034885968303
90 0.0009829798028604566
91 0.0008274545805952842
92 0.0007308175492848861
93 0.0006296506571318131
94 0.0004967747390800152
95 0.00048016524932354126
96 0.00041523724391186704
97 0.00029293100115964456
98 0.00029293100115964456
99 0.0002370627174333205
100 0.0002597120216466952
101 0.0001555252222651721
102 0.00016005508310784687
103 0.00013136596443757243
104 0.00011173656745264774
105 0.00011475647468109773
106 0.00010418679938152293
107 7.096781986857359e-05
108 7.851758793969844e-05
109 5.888819095477383e-05
110 7.09678198685736e-05
111 5.586828372632392e-05
112 4.529860842674911e-05
113 5.586828372632391e-05
114 5.888819095477384e-05
115 4.5298608426749126e-05
116 4.680856204097409e-05
117 3.321897951294937e-05
118 3.472893312717433e-05
119 5.1338422883648985e-05
120 4.3788654812524145e-05
121 3.774884035562428e-05
122 4.227870119829918e-05
123 4.529860842674911e-05
124 4.831851565519906e-05
125 3.6238886741399304e-05
126 4.378865481252415e-05
127 4.076874758407421e-05
128 5.133842288364899e-05
129 4.982846926942401e-05
130 5.1338422883648985e-05
131 6.190809818322379e-05
132 8.153749516814839e-05
133 7.851758793969844e-05
134 8.606735601082332e-05
135 0.00010569675299574792
136 0.00010871666022419783
137 0.00013438587166602237
138 0.00015250531503672201
139 0.00017515461925009666
140 0.0002053536915345962
141 0.00019931387707769629
142 0.0003110504445303442
143 0.0003321897951294939
144 0.0003638988210282181
145 0.00045449603788171624
146 0.0005783122342481637
147 0.0006643795902589872
148 0.0007504469462698103
149 0.0009558006378044062
150 0.0010267684576729808
151 0.0013015800154619244
152 0.0014389857943563971
153 0.0016941679551604168
154 0.0019100913219945877
155 0.002337408194820254
156 0.00259712021646695
157 0.002982158388094317
158 0.0034109852145342095
159 0.0038171627367607273
160 0.004558549961345187
161 0.00501153604561268
162 0.005595888094317745
163 0.006216479029764205
164 0.00689595815616544
165 0.00763885533436413
166 0.008430071028218016
167 0.0091608885775029
168 0.010088000096637031
169 0.010811267877850785
170 0.011279353498260536
171 0.012201935156551987
172 0.012964461731735604
173 0.013613741785852345
174 0.014015389447236183
175 0.014654099826053339
176 0.015095006281407032
177 0.015679358330112095
178 0.015839413413219948
179 0.015775995361422494
180 0.01592548076923076
181 0.01572012707769618
182 0.01559631088132973
183 0.015194663219945883
184 0.014445726227290305
185 0.01434455933513722
186 0.013612231832238109
187 0.012953892056436024
188 0.011957322671047543
189 0.011315592385001936
190 0.010388480865867796
191 0.009715041553923465
192 0.009112570061847697
193 0.008378732605334362
194 0.007438031503672203
195 0.006892938248936993
196 0.006213459122535758
197 0.005559649207576343
198 0.0049450980865867805
199 0.004389435156551991
200 0.003971178005411672
201 0.003385316003092386
202 0.0030289669501352935
203 0.002563901236954001
204 0.0023087190761499816
205 0.002006728353304986
206 0.001638299671434094
207 0.001463145052183998
208 0.0012925202937765755
209 0.001076596926942404
210 0.0008863427715500579
211 0.0007851758793969849
212 0.0006205909354464629
213 0.0005224439505218403
214 0.00044845622342481653
215 0.000382018264398918
216 0.00035634905295709325
217 0.0002823613258600698
218 0.00026726178971782003
219 0.00019931387707769629
220 0.00015401526865094708
221 0.00016005508310784695
222 0.00014193563973714725
223 9.663703131039804e-05
224 0.00011777638190954763
225 7.700763432547347e-05
226 6.0398144568998835e-05
227 7.09678198685736e-05
228 4.529860842674912e-05
229 5.284837649787398e-05
230 4.831851565519906e-05
231 4.378865481252414e-05
232 4.9828469269424024e-05
233 4.8318515655199056e-05
234 4.227870119829918e-05
235 5.435833011209893e-05
236 3.321897951294937e-05
237 3.6238886741399304e-05
238 4.8318515655199056e-05
239 3.0199072284499424e-05
240 3.774884035562427e-05
241 4.07687475840742e-05
242 4.2278701198299176e-05
243 3.6238886741399304e-05
244 4.3788654812524145e-05
245 3.6238886741399304e-05
246 5.435833011209893e-05
247 5.284837649787396e-05
248 6.341805179744874e-05
249 5.1338422883649e-05
250 8.455740239659834e-05
251 6.190809818322379e-05
252 6.19080981832238e-05
253 8.90872632392732e-05
254 0.0001328759180517974
255 0.00011626642829532268
256 0.00012532614998067248
257 0.00012834605720912244
258 0.00017817452647854662
259 0.00021743332044839585
260 0.00024612243911867034
261 0.00024763239273289527
262 0.00027028169694627005
263 0.00038201826439891777
264 0.0003971178005411676
265 0.0005088543679938151
266 0.0006432402396598377
267 0.0006658895438732122
268 0.0008365143022806335
269 0.0010131788751449554
270 0.001161154329339003
271 0.0012789307112485502
272 0.0016171603208349438
273 0.001691148047931967
274 0.002033907518361036
275 0.0023313683803633544
276 0.0028115336296868957
277 0.0032720694820255122
278 0.003593689601855432
279 0.004138782856590647
280 0.004700485601082336
281 0.005286347603401625
282 0.005765002899110942
283 0.006441462118283726
284 0.0069155875531503675
285 0.007460680807885583
286 0.007942356010823349
287 0.008330414089679165
288 0.00862032518361036
289 0.009185047835330497
290 0.009298294356397369
291 0.009499118187089293
292 0.009628974197912645
293 0.009592735311171243
294 0.009616894568998842
295 0.009440229996134517
296 0.009260545516041755
297 0.008735081658291458
298 0.008244346733668344
299 0.007957455546965598
300 0.007477290297642056
301 0.006909547738693467
302 0.006237618380363354
303 0.005654776285272515
304 0.005050794839582529
305 0.0042807184963277916
306 0.003965138190954773
307 0.0033143481832238115
308 0.0028462625628140697
309 0.0023630774062620807
310 0.0021939626014688828
311 0.0017379566099729414
312 0.0013967070931580976
313 0.0011732339582528025
314 0.0009709001739466563
315 0.0007897057402396594
316 0.000635690471588713
317 0.0005239539041360648
318 0.00042580691921144197
319 0.0003080305373018942
320 0.0002551821608040203
321 0.00021290345960572104
322 0.00014797545419404715
323 0.00013438587166602237
324 0.00010116689215307298
325 9.210717046772315e-05
326 4.529860842674911e-05
327 4.9828469269424024e-05
328 3.623888674139931e-05
329 1.8119443370699655e-05
330 1.358958252802474e-05
331 1.358958252802474e-05
332 9.059721685349826e-06
333 1.2079628913799769e-05
334 9.059721685349826e-06
335 9.059721685349826e-06
336 1.509953614224971e-06
337 3.019907228449942e-06
338 4.529860842674913e-06
339 0.0
340 1.509953614224971e-06
341 1.509953614224971e-06
342 1.509953614224971e-06
343 0.0
344 0.0
345 0.0
346 0.0
347 0.0
348 0.0
349 1.509953614224971e-06
350 0.0
351 0.0
352 0.0
353 0.0
354 0.0
355 0.0
356 0.0
357 0.0
358 0.0
