0 0.0001556321715549071
1 0.00015109004733460164
2 0.0001269205585042883
3 0.00017377062618424604
4 0.00013298289279155593
5 0.00018133531089804534
6 0.00019490764019403626
7 0.0002221326881145655
8 0.00020701620657494907
9 0.0001964380459650115
10 0.00026138914583098433
11 0.00026593244033510234
12 0.0002734965378733049
13 0.00026291460348233805
14 0.00029160839252551036
15 0.00033244348917990234
16 0.0003822564549791917
17 0.00039131996333080044
18 0.0004592778207322594
19 0.0005740629162297286
20 0.0006239492588633264
21 0.0006798391818825634
22 0.0008111981083656893
23 0.0009803845185334028
24 0.0010921111348842357
25 0.0012854225835246622
26 0.0014938800684749438
27 0.0017838446289015306
28 0.0022444123216845253
29 0.002472469388065624
30 0.002999515934829572
31 0.0035628005002202438
32 0.004132063539870037
33 0.004677228346013431
34 0.005414174842151081
35 0.006141955484079828
36 0.006847108752532362
37 0.00796603083500239
38 0.008647128339785733
39 0.009275269298230972
40 0.009882232077872938
41 0.010363841208268412
42 0.01081840036527185
43 0.010986016578961358
44 0.011278922459602861
45 0.011025176896284678
46 0.010946612856734516
47 0.010782009464038959
48 0.010264025566495092
49 0.009794365113615854
50 0.009499889982708924
51 0.009102676300449376
52 0.008513852580227759
53 0.007773889116010484
54 0.007366128583963131
55 0.006988571773989317
56 0.006654919943787203
57 0.006250249188576436
58 0.006029762036069037
59 0.005780599237554533
60 0.005646150550063215
61 0.005597853352412
62 0.005809253829202994
63 0.005827377954594088
64 0.005914992346730173
65 0.0060599511253072716
66 0.006271368535409243
67 0.006673064403259851
68 0.006993159927787026
69 0.007586636828453733
70 0.007804108428601163
71 0.008048696341322834
72 0.008365823365839879
73 0.00879314581047923
74 0.009131411312060403
75 0.009211434768042806
76 0.009480188666899576
77 0.009237120637174188
78 0.009345852456862364
79 0.009193332009721934
80 0.008753872661501466
81 0.008297837756481049
82 0.007666630725659168
83 0.007119976396890255
84 0.006470676537691187
85 0.005794195401679586
86 0.005143368608638655
87 0.004447232684962943
88 0.0036936925365899224
89 0.0032044853969245444
90 0.0026653557250066262
91 0.0022848258180047016
92 0.0019209147340347992
93 0.0016732601671795955
94 0.0013817885919402593
95 0.0010661563109476498
96 0.0009438424767634454
97 0.0007263960170273194
98 0.0006599122140206063
99 0.0005904520129757173
100 0.0004756838574489587
101 0.00034732174305925604
102 0.0003352304342040953
103 0.00033069210411026555
104 0.0002929458921309467
105 0.00024462358132553417
106 0.00023404981841904462
107 0.00020536011494915891
108 0.00017817978210215907
109 0.0001449581743258433
110 0.0001630776181481031
111 0.0001177778417046562
112 0.00013589699318407143
113 0.00010569850502082731
114 9.663761509296695e-05
115 7.247894138662267e-05
116 8.153778705943282e-05
117 7.700938635055288e-05
118 6.643825091718313e-05
119 6.190839007450821e-05
120 5.133871477493341e-05
121 4.227870119829918e-05
122 3.321897951294936e-05
123 4.529890031803354e-05
124 2.717916505604948e-05
125 4.982846926942404e-05
126 2.5669503333108914e-05
127 3.774884035562428e-05
128 2.4159549718883942e-05
129 2.7179165056049478e-05
130 3.321897951294936e-05
131 2.566950333310891e-05
132 3.0199656067068233e-05
133 5.73788211231177e-05
134 3.472922501845874e-05
135 3.6239762528126175e-05
136 2.8689410561558853e-05
137 3.7748840355624265e-05
138 2.8690578239570133e-05
139 2.416334973145117e-05
140 4.227899308958358e-05
141 5.738291313984299e-05
142 3.322014741677344e-05
143 3.321956329551817e-05
144 4.3796838507288274e-05
145 4.5303868234424836e-05
146 3.6247067382081726e-05
147 3.7755272251121834e-05
148 3.472980913971402e-05
149 3.7756440380758724e-05
150 3.9262298020007955e-05
151 4.3793326766506945e-05
152 4.8328152471491476e-05
153 3.9263465923832034e-05
154 4.0779551512895605e-05
155 4.077779926206893e-05
156 3.6250567699802796e-05
157 4.077721547950012e-05
158 3.6251442695300044e-05
159 2.8703134870909294e-05
160 3.32329954877714e-05
161 3.927631523768522e-05
162 2.8698754582398104e-05
163 3.172391788608611e-05
164 2.115278674965328e-05
165 2.5683227642459355e-05
166 2.5680307487743114e-05
167 2.2660984267674783e-05
168 2.4169185856820397e-05
169 1.8128495387380836e-05
170 1.812907950863611e-05
171 1.5106544242567133e-05
172 1.5107420255106813e-05
173 7.5532721212835665e-06
174 1.0573179349733509e-05
175 1.509953614224971e-06
176 9.064101748048216e-06
177 1.510829626764649e-06
178 4.532488880293947e-06
179 4.531612867754269e-06
180 3.021659253529298e-06
181 1.3594838603262807e-05
182 9.060597697889505e-06
183 4.529860842674913e-06
184 1.0571427324654153e-05
185 1.661240968537812e-05
186 1.5099828033534115e-05
187 1.3591334553104095e-05
188 1.3591334553104095e-05
189 3.472980913971401e-05
190 3.9261713898752684e-05
191 4.6809438053513776e-05
192 5.888819095477387e-05
193 8.002841734065033e-05
194 8.15383709548753e-05
195 0.00010720816651795509
196 0.00012985688683588722
197 0.00015250531503672207
198 0.00019931592099405995
199 0.00021894444196644488
200 0.00028689498648949886
201 0.0002763238482278603
202 0.0003186010883881958
203 0.0003759825391306053
204 0.00038051269163862073
205 0.0003321903789120625
206 0.000338229901477678
207 0.00037749103114223623
208 0.0003246414868534773
209 0.00032464207097473264
210 0.000294445043736513
211 0.0002597190331406982
212 0.0002446142371908382
213 0.00023404514578670587
214 0.0001887482896108489
215 0.0001691180162746327
216 0.00013287766985106402
217 0.00013740782247214972
218 0.00010267947380491704
219 9.210775425029204e-05
220 8.455886196589405e-05
221 7.851963185606223e-05
222 7.398977101338733e-05
223 5.586886750889273e-05
224 5.435862200338336e-05
225 2.5672719224420865e-05
226 5.4360957811031525e-05
227 4.98305131857878e-05
228 3.322014741677344e-05
229 4.3789530825063827e-05
230 5.73814492736104e-05
231 6.039931235988377e-05
232 4.831939132905227e-05
233 5.5869743521432414e-05
234 7.097015578909544e-05
235 6.0399312472822914e-05
236 9.210717046772322e-05
237 9.059780063606706e-05
238 0.0001087169521154823
239 0.00011626730430786243
240 0.00012834664099169136
241 0.00014797603808948962
242 0.00019176615269712231
243 0.000179684771984056
244 0.00023857267104754543
245 0.0002717942792764698
246 0.00030803521287537544
247 0.00039561105874719583
248 0.00041977148515684443
249 0.0004650712627302728
250 0.0005677457702042779
251 0.0006658959711330864
252 0.000684012490390885
253 0.0007625370938957761
254 0.0007096860818954735
255 0.0009014507751370255
256 0.0008621957837822648
257 0.0010041425188887449
258 0.0010796398980988408
259 0.0011189086290277137
260 0.0011385464882571028
261 0.001220095094065057
262 0.0012699545107998647
263 0.0014738409009038315
264 0.0015206506281381551
265 0.0017381292194155733
266 0.0019208856136891505
267 0.002129304182788972
268 0.0025355366021620595
269 0.003104894245294801
270 0.0034129911177393384
271 0.0040624128492176585
272 0.004414284586381256
273 0.004959464889801183
274 0.005568172794219021
275 0.006309693799150372
276 0.006586020536222627
277 0.007085945788027738
278 0.0074379215925489935
279 0.007851679776261753
280 0.008072223298841838
281 0.008183956050338802
282 0.00821264778187433
283 0.00793038993158682
284 0.007940970734702856
285 0.0075150627149780155
286 0.007454618070611257
287 0.007232596749511596
288 0.006817311291871392
289 0.0067766083629457975
290 0.0065137834898590435
291 0.006012331686119964
292 0.005749545992514783
293 0.005518464355323182
294 0.005471601470730105
295 0.005139304751311966
296 0.005068331990881374
297 0.005124171899522526
298 0.00515584323235004
299 0.005204159444635338
300 0.005454812896433289
301 0.0055800937694841304
302 0.005892648023666104
303 0.006155414723857888
304 0.006665783695389035
305 0.007079560661561119
306 0.007502337687723059
307 0.00809130751939756
308 0.008535239145156656
309 0.009062251784257179
310 0.00967530286395415
311 0.010031756786081559
312 0.010398659462813917
313 0.01095748215446249
314 0.011057191079492028
315 0.011384899476836689
316 0.011626444447709657
317 0.011538984883589502
318 0.011443866246990094
319 0.011163017828711472
320 0.010663207084060681
321 0.009991228954129051
322 0.009509434865126565
323 0.00897493468161507
324 0.008222936858296037
325 0.007804623364713771
326 0.006865316285322806
327 0.006160118304398606
328 0.005374848115333667
329 0.004794964901982688
330 0.004136498354290504
331 0.0035037939273956714
332 0.0030522672888430276
333 0.0026278759592006516
334 0.002185385661747007
335 0.0017610066387965452
336 0.0014967539436623576
337 0.0012052964245500987
338 0.0009757472536624643
339 0.0008322821000924707
340 0.0007356129233364057
341 0.0005769985549322292
342 0.0004894209907279368
343 0.00038822225078720076
344 0.000367085818982773
345 0.00032630335986846577
346 0.0002522811500505101
347 0.00026284672744713715
348 0.00020395300888349818
349 0.00022510522711462083
350 0.00021302120275832183
351 0.00017072818815005777
352 0.00016620446437209236
353 0.00016014741612758754
354 0.00017072702907878435
355 0.00014051919565079494
356 0.0001495768709261928
357 0.00014202506527596462
358 0.00014353062186279883
