0 0.00046198918793278966
1 0.0004375399031107151
2 0.0004101349090058497
3 0.0004097788549578851
4 0.00032552631064011663
5 0.0003117596015856883
6 0.0002749735751821382
7 0.0002639374159913699
8 0.00020446956930571754
9 0.0002226011079532527
10 0.00019682220509557576
11 0.00022849124212136074
12 0.0001905899715292942
13 0.00020546285531432848
14 0.000190046056908131
15 0.000179208305414711
16 0.0001732036704990338
17 0.00020953954642402304
18 0.00021084533989627733
19 0.0001696685579304971
20 0.0002060765413153138
21 0.00023160214569599037
22 0.00022262179951580983
23 0.00025879649573213405
24 0.0002452030003221205
25 0.00025863348446293394
26 0.0002662832937120142
27 0.0002647571119712994
28 0.00029936418067845157
29 0.0002570555602046707
30 0.00024943756241764417
31 0.00024344935076017478
32 0.00020405873475123207
33 0.0002282131690166786
34 0.00018896444352468574
35 0.00014658692076251686
36 0.00015410006530462372
37 0.00011940450329435747
38 0.00012542112164624323
39 8.61457424439714e-05
40 8.312196655779457e-05
41 6.04638881700153e-05
42 6.193674280396112e-05
43 4.379974860031472e-05
44 4.987218498969924e-05
45 3.322627837542168e-05
46 2.5681197662360845e-05
47 7.5521036529602145e-06
48 1.6614160920079918e-05
49 7.5512276404205376e-06
50 6.040982134911162e-06
51 4.530736629401786e-06
52 1.0595104873821488e-05
53 6.040982360723966e-06
54 9.067328633565336e-06
55 6.062908336503039e-06
56 1.5102455055093755e-06
57 3.0207830151768154e-06
58 0.0
59 1.510829626764649e-06
60 0.0
61 1.5102455055093755e-06
62 3.0207830151768154e-06
63 1.509953614224971e-06
64 3.0430012209267575e-06
65 3.058640698952226e-06
66 3.0430012209267575e-06
67 6.056621725810291e-06
68 3.058640698952226e-06
69 1.5102455055093755e-06
70 1.509953614224971e-06
71 0.0
72 6.060499699697459e-06
73 4.54608421614285e-06
74 9.095754514888465e-06
75 1.509953614224971e-06
76 3.0427092167686926e-06
77 4.5466679987116595e-06
78 1.5209449830190152e-05
79 1.0628510117432188e-05
80 1.8159344406339555e-05
81 1.9758170843564294e-05
82 2.2811994043158038e-05
83 3.0272305621587978e-05
84 2.878032673642312e-05
85 4.230471410362004e-05
86 3.174409978009357e-05
87 6.9571428314058e-05
88 7.422415066716024e-05
89 6.960241481432527e-05
90 9.675059291848187e-05
91 0.00011334721711079199
92 0.00010421207183630207
93 0.00012694263757737848
94 0.00011486637658717473
95 0.00012246773369154745
96 0.0001571392181765034
97 0.00014499381986923137
98 0.00016314820167224136
99 0.00014499382009497874
100 0.00014498944116134437
101 0.00017227822823979714
102 0.00015708354210090567
103 0.00016917793504462494
104 0.00016313841236613582
105 0.000173757341681557
106 0.00019342459635025695
107 0.0001676308640842927
108 0.0002282099557792425
109 0.0001993654662238177
110 0.00019186188602477285
111 0.00020701798547258975
112 0.00019639393733736083
113 0.00025532173743649027
114 0.000252358913452444
115 0.0002312333681607918
116 0.00023577828447317602
117 0.00023431670920094413
118 0.00022222056490951838
119 0.0002115775192612787
120 0.00025700533044164246
121 0.00021324006162575318
122 0.00020565280137365555
123 0.00022385111381675193
124 0.0002239579375307052
125 0.00022527051002235127
126 0.00023150287878618032
127 0.0002163122890138157
128 0.00021782443287220646
129 0.00019975059347814426
130 0.00020573266774016232
131 0.00020269449322201172
132 0.00020878780506645978
133 0.00019817998041763796
134 0.0002131818842019828
135 0.00026167037965897606
136 0.00026320255170469834
137 0.0002570864379848052
138 0.0002782756261566225
139 0.000275340948335654
140 0.00030543886018198304
141 0.00034165275423940326
142 0.00038543774991428895
143 0.00040211359318549124
144 0.00044277374021011405
145 0.000489496806450245
146 0.000580296294200298
147 0.0007767713477276254
148 0.0007886288121290772
149 0.0010000806225722145
150 0.0011011849571519378
151 0.0012990805073749654
152 0.0014923826374703116
153 0.0017309583525653188
154 0.0021462705667131157
155 0.002309232868883243
156 0.002688571600523521
157 0.0031275873324100984
158 0.003499164691000023
159 0.004071250578332148
160 0.00435066435618952
161 0.004803842793714395
162 0.005370040274736177
163 0.005655222873002844
164 0.006090300369129416
165 0.006387657758013686
166 0.006644282093654606
167 0.006971984416019342
168 0.006840652309159955
169 0.0070216597268104985
170 0.0070957804520380766
171 0.006990273175911913
172 0.007033938223433382
173 0.007165281728054217
174 0.007135187960899809
175 0.007243801341727645
176 0.007397899879704891
177 0.007678919434875676
178 0.007823749883393452
179 0.00830842534138807
180 0.008920170839848848
181 0.009388343550120876
182 0.009634354870765633
183 0.010013404376036338
184 0.01007835763945557
185 0.010766962958747203
186 0.010951343474583248
187 0.011004167727686424
188 0.010680967664904995
189 0.010890948194109693
190 0.010425788541032443
191 0.010312601008733973
192 0.009711375332429698
193 0.009494120888716212
194 0.009311176974704837
195 0.00876757748258797
196 0.008546992172163358
197 0.0082449570244297
198 0.0077285486829651645
199 0.007562338893092074
200 0.007210464032459164
201 0.0069900715620545536
202 0.006798245921093137
203 0.006293789904926096
204 0.005895192637775079
205 0.005581063739712834
206 0.005263929789843073
207 0.004853171775546049
208 0.0047369193849975295
209 0.004042328802972248
210 0.0037856114564957318
211 0.0034096169242134387
212 0.0031000565734678603
213 0.0029052509116349007
214 0.0025911791256917945
215 0.00235561586851356
216 0.0021336278059998714
217 0.001994730540715697
218 0.0017969110948898334
219 0.0015991144864832276
220 0.0015251062986766618
221 0.0013061656685073673
222 0.001291048874552585
223 0.0011672405856515973
224 0.001011705137436709
225 0.0009467809274019794
226 0.0009452589879058388
227 0.0008848567557301217
228 0.000836545263691999
229 0.0008063511628626668
230 0.0006961128465205927
231 0.0006794989771531761
232 0.0007534948952067312
233 0.0006689336816903559
234 0.0006462867373148014
235 0.0005994775828652332
236 0.0006326962708255188
237 0.0006598722080928661
238 0.0006175943993273126
239 0.0006493010727725008
240 0.0006930906201306438
241 0.0007172586361641989
242 0.0006644211111621358
243 0.0007157375721162304
244 0.000748956259963642
245 0.00083804673389417
246 0.0008214589223505621
247 0.0008350256588749662
248 0.000957344780393214
249 0.0009377162588563297
250 0.001046439374812536
251 0.0011128787943109164
252 0.0011702708120824893
253 0.0012970969219973463
254 0.0014873519258723875
255 0.0016368798263026176
256 0.0017924308218842052
257 0.002086853608780591
258 0.002422164672424905
259 0.002754380527000495
260 0.00321046233586005
261 0.0037918682917048446
262 0.004343075177926027
263 0.005119433426901712
264 0.005998358073546913
265 0.007028214345953545
266 0.008156422008890794
267 0.0092905513016003
268 0.010534748098340567
269 0.01206468856432787
270 0.01318539398516671
271 0.014265038476097378
272 0.01517092963412356
273 0.016430360290383535
274 0.017077002527366606
275 0.017395686673298633
276 0.017345579367741417
277 0.017253418218058043
278 0.016654073575141932
279 0.015982069444826948
280 0.014938645923832079
281 0.014518525333797104
282 0.013156385267905706
283 0.012196086469491595
284 0.011250821193384239
285 0.010092336414708912
286 0.009264950691446418
287 0.008239575696256458
288 0.007232225224979213
289 0.0065239053403571695
290 0.005909220850593377
291 0.005312796797810357
292 0.0048491503352977566
293 0.00447005179074664
294 0.003998863992490547
295 0.003627524249010828
296 0.0034236608409664864
297 0.0032347190952059387
298 0.0030520842766790946
299 0.0028013015797174797
300 0.002749957563599847
301 0.002719792425487314
302 0.002555156274068345
303 0.0025309721881011382
304 0.0025190604327566517
305 0.0025521567311794784
306 0.0026352603201560913
307 0.0026488640169724555
308 0.002653373794892746
309 0.0026836474976029007
310 0.0028120324938690957
311 0.00292223762923401
312 0.0031699640367822304
313 0.00311867274957726
314 0.003100578212746264
315 0.003304570234901589
316 0.003349957395041414
317 0.0033710341869217764
318 0.00333940909732986
319 0.0033667563376767605
320 0.003359115671255961
321 0.0032655501088704277
322 0.0033096522886676694
323 0.0031528224494250016
324 0.002898061013267122
325 0.0028618544526015284
326 0.002580950902294485
327 0.0023930414283866814
328 0.002236178381012519
329 0.0018780981859814864
330 0.0016765045740566916
331 0.0016077429107059704
332 0.0014337163240719943
333 0.0014189095882925044
334 0.001276201814262592
335 0.001257279606982014
336 0.0011931132593335496
337 0.0011422922177938637
338 0.0012150254931663587
339 0.001204239874674418
340 0.0012265363554317696
341 0.0013348412100435364
342 0.0013432039346718335
343 0.001252542967168376
344 0.0013202929463133686
345 0.0013110819380032458
346 0.0013191533633734147
347 0.001320993919499363
348 0.0012764227447070718
349 0.0012123197047678286
350 0.001214296725027278
351 0.0011408999169120098
352 0.0009706624387190603
353 0.0009860394499606121
354 0.000902121580587497
355 0.0008373465230590456
356 0.0007380000255463216
357 0.0007037967420739677
358 0.000581304711019581
