0 0.0007412645229875233
1 0.0008455526377950114
2 0.0008017539051361
3 0.0008409780467097852
4 0.0008455816356887221
5 0.0008742794461162399
6 0.0009348859899345322
7 0.0009650679069917388
8 0.0009438875877972364
9 0.0010300510399808716
10 0.0011269493148940307
11 0.0011676694372209871
12 0.001276453865687077
13 0.0013158292953119747
14 0.0015517387116916056
15 0.0016651322862354884
16 0.0018239190266032628
17 0.001979624430834995
18 0.0023048164738451123
19 0.0024331387762553894
20 0.0027808906107700477
21 0.00322840225139145
22 0.003589656438672107
23 0.003969031098217767
24 0.004463371610835139
25 0.0051190940672605776
26 0.0058524358719972405
27 0.006641085232223135
28 0.007357304715993988
29 0.008276267728104844
30 0.009014906103029062
31 0.010033695636279226
32 0.010977756140859635
33 0.011686386232651412
34 0.01270446527953389
35 0.013477769349765465
36 0.013519266431318015
37 0.014438008561750256
38 0.014665772402248412
39 0.015191094959141546
40 0.01519216451454924
41 0.014995235591881519
42 0.014935942717668434
43 0.014394814942370228
44 0.013839811186401868
45 0.013212731559624605
46 0.012268169387809572
47 0.011601840174091767
48 0.010913108769932447
49 0.009958007317556652
50 0.009356646073672367
51 0.008339941181241104
52 0.00759370474181816
53 0.007146432169974722
54 0.0064105757023438376
55 0.005720198810594695
56 0.005280663480732367
57 0.004965010069236371
58 0.004387870019137312
59 0.004100851612350887
60 0.0038818472268166045
61 0.003721758997571363
62 0.003540535189393594
63 0.0034045872807577098
64 0.0033638187440587107
65 0.003264259948451634
66 0.0032475743422051527
67 0.0033549652097867584
68 0.0033564556761876106
69 0.003519673581757885
70 0.0034456273024520375
71 0.0035694862754189027
72 0.0036798731522874896
73 0.003702500838418506
74 0.003648053142995842
75 0.0037100279959614763
76 0.003723603053919546
77 0.003598046668541239
78 0.003619265386743982
79 0.003463478494671656
80 0.0032580342551632234
81 0.0029979686990131366
82 0.0027426359644035815
83 0.002401019649099863
84 0.0022968655724555443
85 0.002024826426969742
86 0.001817782580054848
87 0.0015685019419445195
88 0.0013311498837126625
89 0.0011589132178085031
90 0.0010863824996104096
91 0.0009019778032778137
92 0.0008656675948697313
93 0.000814232767176063
94 0.0008383396537331764
95 0.000857854148300325
96 0.0009620529345299914
97 0.0009152102067042319
98 0.0010133066106256007
99 0.0010948467523039282
100 0.001128003742728351
101 0.0013031884790183732
102 0.0013227708047156843
103 0.0013741179942811702
104 0.0014767887169185544
105 0.0013892087742805276
106 0.0013876906256457084
107 0.0014042977863878816
108 0.001325773761228848
109 0.0013348472183059557
110 0.0012472558768693326
111 0.0011234200941639464
112 0.0010403799587274376
113 0.0009694267569426604
114 0.0009180751811993435
115 0.0007776544588055313
116 0.0007202773950271891
117 0.0006915800872317531
118 0.0005164409644534485
119 0.0004801851165785813
120 0.0004620773772563074
121 0.0004333818177339801
122 0.00038206621340783825
123 0.00037751820041626434
124 0.00031107732791244995
125 0.0002914590363665087
126 0.0002778703315481896
127 0.00025974882626493307
128 0.0002174596158649861
129 0.00026732871015446345
130 0.00022804418620003182
131 0.00023260473474588813
132 0.00020844344375452322
133 0.00021599465984256902
134 0.0002477104142882747
135 0.00022355236267868409
136 0.00023109973364820725
137 0.0002160215560214755
138 0.0002386606090768889
139 0.00023113891153567207
140 0.00024925689988118964
141 0.00024169834938686562
142 0.0002507776516331354
143 0.0002930525342538389
144 0.00025226974954052704
145 0.0002402094448610779
146 0.00026587426660716797
147 0.0002568306231305408
148 0.0002190581204998787
149 0.0002704266330404505
150 0.0002356871875572713
151 0.00021454521105045377
152 0.00017676421177801937
153 0.0001691980546933851
154 0.00014955846313837966
155 0.0001450326968118072
156 8.914161605403239e-05
157 0.00013144633594739917
158 7.554093295661834e-05
159 6.79864812824998e-05
160 4.9860909222703976e-05
161 4.532578960573505e-05
162 4.079504764252904e-05
163 4.230061134740432e-05
164 1.6617960250484505e-05
165 2.1151620765727234e-05
166 9.068197839776493e-06
167 9.069075321246343e-06
168 1.3595423967373105e-05
169 1.51077135021199e-05
170 1.359542317653685e-05
171 4.531905097856158e-06
172 4.530736855214591e-06
173 1.5111218568665377e-06
174 4.534243958272763e-06
175 1.5111218568665377e-06
176 1.510829626764649e-06
177 1.509953614224971e-06
178 1.5102455055093755e-06
179 0.0
180 0.0
181 0.0
182 1.5114142000386921e-06
183 7.554737571224429e-06
184 4.531028746498995e-06
185 7.558248522881799e-06
186 4.531029085316479e-06
187 4.531905097856157e-06
188 3.02078324098962e-06
189 3.0242924940929564e-06
190 6.039814456899884e-06
191 3.0219517097061325e-06
192 4.535706920337817e-06
193 1.6618842372172104e-05
194 1.3600107010792519e-05
195 1.661708763222069e-05
196 3.173270312828598e-05
197 2.5695239869285456e-05
198 2.5687333462310895e-05
199 3.9280704571563415e-05
200 3.6268700693240794e-05
201 5.2884323669578834e-05
202 5.137993569401608e-05
203 6.194286840803565e-05
204 6.951573455743749e-05
205 8.461410359004839e-05
206 8.915008972471484e-05
207 7.707398126856846e-05
208 9.51802685050283e-05
209 9.066912342079805e-05
210 0.00011787020068557274
211 7.100434528194111e-05
212 0.00011180612147321726
213 8.461672234610987e-05
214 9.0666772334851e-05
215 8.158131785607583e-05
216 7.706316818860209e-05
217 9.821744065937841e-05
218 8.76266908036533e-05
219 8.914658850696953e-05
220 9.216504954888771e-05
221 7.706434934305917e-05
222 6.346101963086348e-05
223 6.194990003625693e-05
224 4.986268389915483e-05
225 5.4391940457603566e-05
226 6.496192010329807e-05
227 8.761091737144442e-05
228 6.646193575134902e-05
229 5.5896360036364134e-05
230 5.588816853944247e-05
231 7.551667784056912e-05
232 8.760508056811381e-05
233 8.155415071679248e-05
234 6.495344609345083e-05
235 8.004098177969225e-05
236 8.306878760530954e-05
237 8.758607868767078e-05
238 0.00011627870763341324
239 0.00010571516611642456
240 0.00011629624700216899
241 0.0001343969821967099
242 0.00012534105067313846
243 0.00016307937039912633
244 0.00013290106118187328
245 0.0001585614996033502
246 0.00019177579143403605
247 0.00017970113314736203
248 0.00021142304754087786
249 0.00021594586891781923
250 0.0002642822126618294
251 0.0002476508094829384
252 0.00025067977449203123
253 0.0003201414262706175
254 0.00029298217086076543
255 0.0003307245549240827
256 0.0003156291042365468
257 0.000342820569577371
258 0.0003926458066513202
259 0.0004153252036916638
260 0.0004410187116386958
261 0.00047727688751705844
262 0.0005467563806180302
263 0.0006056857240516543
264 0.0007024128119525276
265 0.0008413893242637566
266 0.0010121333194438328
267 0.0011149175296749335
268 0.001324873473436314
269 0.0016149681564122439
270 0.0018024059153886598
271 0.0022298599619512954
272 0.002477664804063134
273 0.0028810846227796307
274 0.003258851296017232
275 0.0036214382804427543
276 0.004059780945827474
277 0.004445025204257336
278 0.004939109304140385
279 0.005378927463783762
280 0.005579822615857075
281 0.005773270173410254
282 0.006045287743200577
283 0.006027028527564024
284 0.006093613784167666
285 0.006182927432278606
286 0.006092255606739723
287 0.006004559314948849
288 0.005806795905823749
289 0.005596621129721617
290 0.005315501295094106
291 0.005214233599332816
292 0.005070754358029121
293 0.005019306759962067
294 0.004825803406053555
295 0.004673222448468345
296 0.004719994790833117
297 0.004662483058285257
298 0.004574715534554279
299 0.004657648397159702
300 0.0049386247437207135
301 0.0050580182234826795
302 0.005171010833936242
303 0.005314370209036085
304 0.005678460578293594
305 0.006062082495232705
306 0.006392807754102693
307 0.0067961826728784105
308 0.007172244062703446
309 0.007675125481686891
310 0.008273308556444925
311 0.00896690200646296
312 0.009348971096693368
313 0.009540992075812032
314 0.010192046281081136
315 0.010482390703627855
316 0.010901061215558205
317 0.011025159224039079
318 0.011318403729659011
319 0.011277863734618896
320 0.011089600702522065
321 0.011026400847179596
322 0.010508449826668062
323 0.010335219970219613
324 0.009956304450314302
325 0.009107600519753324
326 0.008710621618908839
327 0.007968957287169127
328 0.007186447485292929
329 0.006603174330524347
330 0.0061246679515652
331 0.005269294791842678
332 0.004716247457340007
333 0.004191911223753398
334 0.0036825556003610804
335 0.0032775945182019323
336 0.0028469992348127407
337 0.002528141889164646
338 0.002247030599245975
339 0.0018810858987545634
340 0.0018116182965682538
341 0.001619534052873414
342 0.0014201130908020308
343 0.0012129665433138878
344 0.0012370899267762027
345 0.0010632831732382611
346 0.0010013575318498654
347 0.0009286568079450378
348 0.0008455188818257722
349 0.0007971410396686987
350 0.0007442237705424044
351 0.000763873785627059
352 0.0007502744626519787
353 0.0007549417297436743
354 0.0007730329630896357
355 0.0006883221897077633
356 0.0007548389136045197
357 0.0007532732002743602
358 0.0007638753133716662
