0 0.0
1 0.0
2 0.0
3 0.0
4 0.0
5 0.0
6 0.0
7 0.0
8 0.0
9 0.0
10 0.0
11 0.0
12 0.0
13 0.0
14 0.0
15 0.0
16 0.0
17 0.0
18 0.0
19 0.0
20 0.0
21 0.0
22 0.0
23 0.0
24 0.0
25 0.0
26 0.0
27 0.0
28 0.0
29 3.019907228449942e-06
30 0.0
31 0.0
32 0.0
33 0.0
34 3.019907228449942e-06
35 1.509953614224971e-06
36 6.039814456899884e-06
37 9.059721685349826e-06
38 3.019907228449942e-06
39 6.039814456899884e-06
40 1.5099536142249712e-05
41 1.6609489756474684e-05
42 2.415925782759954e-05
43 2.7179165056049485e-05
44 4.6808562040974094e-05
45 4.68085620409741e-05
46 5.8888190954773846e-05
47 8.757730962504829e-05
48 0.00011324652106687277
49 0.0001162664282953227
50 0.00013287591805179736
51 0.00018874420177812141
52 0.00020535369153459613
53 0.00023706271743332045
54 0.0002974608620023193
55 0.0003729585427135679
56 0.0004424164089679165
57 0.0005556629300347892
58 0.0006553198685736374
59 0.0007685663896405102
60 0.0008621835137224587
61 0.001130955257054503
62 0.0012608112678778505
63 0.0014978739853111708
64 0.0018934818322381133
65 0.0022075521839969086
66 0.0026711079435639733
67 0.003275089389253962
68 0.0037326053343641275
69 0.00468689601855431
70 0.005529450135291844
71 0.006802341032083496
72 0.008106940954773873
73 0.00936171240819482
74 0.011261234054889832
75 0.012996170757634323
76 0.014891162543486661
77 0.017519991785852337
78 0.019227749323540783
79 0.021358293873212218
80 0.023091720622342493
81 0.025128648047931974
82 0.026917943080788567
83 0.0274403870313104
84 0.0275007851758794
85 0.02747511596443758
86 0.026354730382682646
87 0.025264543873212225
88 0.023198927328952457
89 0.020548958735987635
90 0.018013746617703896
91 0.015920950908388094
92 0.013103377464244299
93 0.010758419501352917
94 0.008544827502899113
95 0.006747982701971393
96 0.0052274594124468495
97 0.0037703541747197518
98 0.002909680614611519
99 0.0021003454773869347
100 0.0014571052377270967
101 0.0011203855817549285
102 0.0006643795902589873
103 0.0005481131619636641
104 0.00033067984151526866
105 0.00021743332044839593
106 0.00017213471202164675
107 0.00010569675299574791
108 7.700763432547347e-05
109 5.73782373405489e-05
110 3.170902589872439e-05
111 1.9629396984924623e-05
112 1.9629396984924623e-05
113 1.6609489756474684e-05
114 2.2649304213374567e-05
115 7.549768071124854e-06
116 1.0569675299574797e-05
117 6.039814456899884e-06
118 3.019907228449942e-06
119 9.059721685349826e-06
120 6.039814456899884e-06
121 6.039814456899884e-06
122 6.039814456899884e-06
123 3.019907228449942e-06
124 4.529860842674913e-06
125 1.509953614224971e-06
126 1.0569675299574797e-05
127 4.529860842674913e-06
128 4.529860842674913e-06
129 7.549768071124854e-06
130 3.019907228449942e-06
131 7.549768071124854e-06
132 3.019907228449942e-06
133 4.529860842674913e-06
134 4.529860842674913e-06
135 3.019907228449942e-06
136 7.549768071124854e-06
137 4.529860842674913e-06
138 4.529860842674913e-06
139 6.039814456899884e-06
140 4.529860842674913e-06
141 4.529860842674913e-06
142 1.509953614224971e-06
143 4.529860842674913e-06
144 3.019907228449942e-06
145 3.019907228449942e-06
146 4.529860842674913e-06
147 7.549768071124854e-06
148 0.0
149 1.509953614224971e-06
150 0.0
151 1.509953614224971e-06
152 3.019907228449942e-06
153 3.019907228449942e-06
154 0.0
155 0.0
156 0.0
157 0.0
158 1.509953614224971e-06
159 0.0
160 0.0
161 0.0
162 0.0
163 0.0
164 0.0
165 0.0
166 0.0
167 0.0
168 0.0
169 0.0
170 0.0
171 0.0
172 0.0
173 0.0
174 0.0
175 0.0
176 0.0
177 0.0
178 0.0
179 0.0
180 0.0
181 0.0
182 0.0
183 0.0
184 0.0
185 0.0
186 0.0
187 0.0
188 0.0
189 0.0
190 0.0
191 0.0
192 0.0
193 0.0
194 0.0
195 0.0
196 0.0
197 0.0
198 0.0
199 1.509953614224971e-06
200 0.0
201 0.0
202 0.0
203 1.509953614224971e-06
204 0.0
205 3.019907228449942e-06
206 0.0
207 1.509953614224971e-06
208 0.0
209 3.019907228449942e-06
210 4.529860842674913e-06
211 1.509953614224971e-06
212 1.509953614224971e-06
213 1.509953614224971e-06
214 1.509953614224971e-06
215 1.509953614224971e-06
216 6.039814456899884e-06
217 3.019907228449942e-06
218 1.509953614224971e-06
219 1.509953614224971e-06
220 3.019907228449942e-06
221 6.039814456899884e-06
222 3.019907228449942e-06
223 3.019907228449942e-06
224 3.019907228449942e-06
225 4.529860842674913e-06
226 3.019907228449942e-06
227 6.039814456899884e-06
228 3.019907228449942e-06
229 3.019907228449942e-06
230 6.039814456899884e-06
231 7.549768071124855e-06
232 7.549768071124855e-06
233 7.549768071124855e-06
234 4.529860842674913e-06
235 1.3589582528024739e-05
236 1.2079628913799767e-05
237 9.059721685349826e-06
238 1.3589582528024739e-05
239 1.8119443370699652e-05
240 1.8119443370699652e-05
241 1.2079628913799767e-05
242 1.660948975647468e-05
243 2.2649304213374563e-05
244 2.2649304213374563e-05
245 1.8119443370699652e-05
246 3.4728933127174336e-05
247 2.4159257827599538e-05
248 3.925879396984925e-05
249 3.4728933127174336e-05
250 4.6808562040974094e-05
251 8.30474487823734e-05
252 0.00010569675299574791
253 0.00014797545419404712
254 0.00017968448009277147
255 0.0003548390993428682
256 0.00045902589872439114
257 0.0007081682450715114
258 0.0010101589679165053
259 0.0013166795516041745
260 0.001891971878623889
261 0.002550311654425976
262 0.003376256281407034
263 0.004656696946269809
264 0.005961296868960185
265 0.007886487727097024
266 0.009881136451488212
267 0.012044899980672591
268 0.014506124371859299
269 0.01699905778894472
270 0.019387804406648626
271 0.02166179454967143
272 0.023707781696946265
273 0.0251543172593738
274 0.025847385968303056
275 0.02642871810977968
276 0.02638190954773869
277 0.025885134808658682
278 0.024515606880556626
279 0.023389181484344802
280 0.02161347603401624
281 0.019940447429454965
282 0.017859731349052964
283 0.015985878913799764
284 0.014080317452647853
285 0.012315181677618863
286 0.010577225067645921
287 0.009159378623888676
288 0.007887997680711249
289 0.0067721419597989935
290 0.005589848279860843
291 0.004886209895632006
292 0.004093484248163896
293 0.0034381643795902577
294 0.002964038944723618
295 0.002506522999613452
296 0.0021154450135291835
297 0.0018104343834557403
298 0.0014857943563973712
299 0.0013212094124468497
300 0.0010841466950135292
301 0.0009225816582914573
302 0.0007851758793969847
303 0.0006402203324313878
304 0.0005556629300347894
305 0.0004967747390800154
306 0.00041825715114031717
307 0.00038654812524159255
308 0.0002778314650173947
309 0.000259712021646695
310 0.00022045322767684587
311 0.00019478401623502129
312 0.0001464655005798222
313 0.00011022661383842284
314 6.945786625434864e-05
315 5.5868283726323924e-05
316 4.680856204097409e-05
317 5.435833011209894e-05
318 3.0199072284499424e-05
319 3.019907228449942e-05
320 2.566921144182451e-05
321 9.059721685349826e-06
322 1.660948975647468e-05
323 1.2079628913799769e-05
324 6.039814456899884e-06
325 6.039814456899884e-06
326 9.059721685349826e-06
327 3.019907228449942e-06
328 3.019907228449942e-06
329 1.509953614224971e-06
330 1.509953614224971e-06
331 0.0
332 0.0
333 0.0
334 0.0
335 0.0
336 0.0
337 0.0
338 0.0
339 0.0
340 0.0
341 0.0
342 0.0
343 0.0
344 0.0
345 0.0
346 0.0
347 0.0
348 0.0
349 0.0
350 0.0
351 0.0
352 0.0
353 0.0
354 0.0
355 0.0
356 0.0
357 0.0
358 0.0
