gamma 0.012897262250513807 -1.0 1.0148966596203868e-11 3.1038687720576577e-09
beta1 -0.05259601345148528 -1.0 7.348878767977626e-10 1.4046683712107698e-07
beta2 -0.1815619231999725 -1.0 6.529113631911552e-10 1.1695601806935862e-07
alpha1 -0.07707457880671661 -1.0 7.885603791205335e-10 1.4645842286751423e-07
alpha2 0.1295395274473669 -1.0 8.176093070137151e-10 1.6003656292751195e-07
g1_1 -0.2604084451546732 -1.0 8.750191039542966e-10 1.4508240128382602e-07
g1_2 0.0491012718178347 -1.0 1.0828677771604548e-09 2.0021934743339557e-07
g2 -0.26491609660035387 -1.0 9.095227646831341e-10 1.5323655793586631e-07
g3_1 -0.10038470594801589 -1.0 8.115729019438018e-10 1.4710024213924035e-07
g3_2 -0.18776700310661446 -1.0 7.044501070047838e-10 1.1168483334063904e-07
