0.5 0.0
1.5 1.4998080245728546e-06
2.5 0.0
3.5 0.0
4.5 1.4998080245728546e-06
5.5 0.0
6.5 1.4998080245728546e-06
7.5 1.4998080245728546e-06
8.5 0.0
9.5 0.0
10.5 0.0
11.5 0.0
12.5 0.0
13.5 0.0
14.5 1.4998080245728546e-06
15.5 0.0
16.5 0.0
17.5 0.0
18.5 4.4994240737185635e-06
19.5 1.4998080245728546e-06
20.5 0.0
21.5 0.0
22.5 1.4998080245728546e-06
23.5 0.0
24.5 0.0
25.5 0.0
26.5 0.0
27.5 1.4998080245728546e-06
28.5 1.4998080245728546e-06
29.5 0.0
30.5 0.0
31.5 1.4998080245728546e-06
32.5 1.4998080245728546e-06
33.5 0.0
34.5 2.9996160491457093e-06
35.5 1.4998080245728546e-06
36.5 0.0
37.5 4.4994240737185635e-06
38.5 4.4994240737185635e-06
39.5 5.9992320982914186e-06
40.5 0.0
41.5 2.9996160491457093e-06
42.5 1.4998080245728546e-06
43.5 4.4994240737185635e-06
44.5 2.9996160491457093e-06
45.5 5.9992320982914186e-06
46.5 8.998848147437129e-06
47.5 8.998848147437129e-06
48.5 8.998848147437129e-06
49.5 7.499040122864274e-06
50.5 7.499040122864274e-06
51.5 1.6497888270301404e-05
52.5 1.7997696294874257e-05
53.5 2.099731234401996e-05
54.5 2.5496736417738528e-05
55.5 2.3996928393165674e-05
56.5 3.749520061432136e-05
57.5 4.949366481090421e-05
58.5 6.29919370320599e-05
59.5 5.399308888462278e-05
60.5 6.899116913035129e-05
61.5 5.399308888462277e-05
62.5 0.00010648636974467267
63.5 0.00011548521789210975
64.5 0.0001379823382607026
65.5 0.00017097811480130536
66.5 0.0001814767709733155
67.5 0.00023846947590708392
68.5 0.0002984617968899981
69.5 0.00034345603762718355
70.5 0.0003704525820694949
71.5 0.00043494432712612777
72.5 0.0005144341524284891
73.5 0.000626919754271453
74.5 0.0006764134190823573
75.5 0.0008173953733922053
76.5 0.0009478786715300437
77.5 0.0010873608178153197
78.5 0.0012058456517565757
79.5 0.001375323958533308
80.5 0.0014263174313687854
81.5 0.001835765022077175
82.5 0.0019767469763870235
83.5 0.001984246016509888
84.5 0.0022992057016701876
85.5 0.002587168842388175
86.5 0.0026306632751007877
87.5 0.002905128143597622
88.5 0.0032710813015933977
89.5 0.003403064407755809
90.5 0.0036190367632942992
91.5 0.003924997600307162
92.5 0.004115473219427913
93.5 0.004314947686696104
94.5 0.004755891245920526
95.5 0.004746892397773087
96.5 0.005220831733538111
97.5 0.005535791418698411
98.5 0.005711268957573435
99.5 0.006135714628527556
100.5 0.006278196390861975
101.5 0.006480670474179313
102.5 0.006849623248224231
103.5 0.0070610961796890035
104.5 0.007391053945095028
105.5 0.007622024380879256
106.5 0.00788749040122864
107.5 0.007824498464196581
108.5 0.008080965636398539
109.5 0.008248944135150694
110.5 0.008260942599347279
111.5 0.008295438183912459
112.5 0.008365929161067381
113.5 0.008262442407371852
114.5 0.00837792762526396
115.5 0.008415422825878285
116.5 0.008433420522173156
117.5 0.00841842244192743
118.5 0.008305936840084469
119.5 0.008262442407371853
120.5 0.008311936072182757
121.5 0.008298437799961603
122.5 0.008112461604914566
123.5 0.00798647773085045
124.5 0.008010474659243613
125.5 0.008004475427145321
126.5 0.008005975235169894
127.5 0.007962480802457287
128.5 0.00813945814935688
129.5 0.007900988673449799
130.5 0.007851495008638893
131.5 0.008005975235169896
132.5 0.00759952726051065
133.5 0.0076685184296410025
134.5 0.007646021309272416
135.5 0.0074210501055864825
136.5 0.007152584469187944
137.5 0.007106090420426188
138.5 0.006923113841428298
139.5 0.0063051929353042865
140.5 0.00620170618160876
141.5 0.006105718468036096
142.5 0.0056587756767133846
143.5 0.005385810616241125
144.5 0.00518933576502208
145.5 0.004986861681704743
146.5 0.00459091236321751
147.5 0.004428933096563641
148.5 0.00427595267805721
149.5 0.004061480130543293
150.5 0.0036610313879823398
151.5 0.0034390598003455567
152.5 0.0034135630639278176
153.5 0.0030281124016125955
154.5 0.0029006287195239033
155.5 0.0027041538683048585
156.5 0.0024776828565943577
157.5 0.002345699750431946
158.5 0.00215372432328662
159.5 0.0020022437128047617
160.5 0.0019392517757727016
161.5 0.0018762598387406426
162.5 0.0016917834517181803
163.5 0.0017277788443079293
164.5 0.0015613001535803416
165.5 0.0015208053369168762
166.5 0.0013468276060664235
167.5 0.0013888222307544644
168.5 0.0013423281819927055
169.5 0.0013228306776732583
170.5 0.0011653508350931091
171.5 0.0012433408523708982
172.5 0.0011818487233634099
173.5 0.001142853714724515
174.5 0.0011413539066999422
175.5 0.0010663635054712994
176.5 0.001153352370896526
177.5 0.0011008590900364757
178.5 0.0010933600499136113
179.5 0.0011128575542330582
180.5 0.0011518525628719523
181.5 0.0011068583221347666
182.5 0.0011008590900364748
183.5 0.0011038587060856208
184.5 0.001051365425225571
185.5 0.0011593516029948171
186.5 0.00118184872336341
187.5 0.0012103450758302948
188.5 0.001234342004223459
189.5 0.0012478402764446157
190.5 0.001346827606066424
191.5 0.001274836820886927
192.5 0.001439815703589941
193.5 0.0014383158955653683
194.5 0.0014863097523516997
195.5 0.001577798041850644
196.5 0.0016137934344403915
197.5 0.0018087684776348638
198.5 0.0018447638702246108
199.5 0.0018432640622000381
200.5 0.0019692479362641594
201.5 0.0021147293146477255
202.5 0.0022857074294490307
203.5 0.00252717652140526
204.5 0.002668158475715111
205.5 0.0027776444615089275
206.5 0.0029996160491457123
207.5 0.003262082453445958
208.5 0.003439059800345557
209.5 0.003716524284891535
210.5 0.004077978018813593
211.5 0.004227958821270876
212.5 0.004374940007679018
213.5 0.004707897389134192
214.5 0.0049028724323286615
215.5 0.005124844019965447
216.5 0.005471299673641775
217.5 0.005645277404492231
218.5 0.00579675801497409
219.5 0.006164210980994437
220.5 0.006530164138990213
221.5 0.0069021165290842805
222.5 0.00687961940871569
223.5 0.007019101555000962
224.5 0.007241073142637744
225.5 0.007424049721635627
226.5 0.007638522269149547
227.5 0.007550033595699751
228.5 0.007634022845075833
229.5 0.007945982914186979
230.5 0.007917486561720099
231.5 0.00790848771357266
232.5 0.008029972163563062
233.5 0.007995476578997884
234.5 0.008131959109234014
235.5 0.007996976387022457
236.5 0.008178453157995773
237.5 0.008164954885774615
238.5 0.00802847235553849
239.5 0.008266941831445572
240.5 0.008299937607986177
241.5 0.008427421290074868
242.5 0.008130459301209442
243.5 0.008472415530812053
244.5 0.008500911883278938
245.5 0.008533907659819536
246.5 0.00842292186600115
247.5 0.008346431656747933
248.5 0.008329933768477633
249.5 0.008118460837012856
250.5 0.008179952966020348
251.5 0.008107962180840847
252.5 0.007920486177769245
253.5 0.007710513054329044
254.5 0.007496040506815125
255.5 0.0075200374352082915
256.5 0.007205077750047995
257.5 0.006945610961796893
258.5 0.00650766701862162
259.5 0.0062796961988865465
260.5 0.00610721827606067
261.5 0.005831253599539262
262.5 0.005417306584757155
263.5 0.005171338068727204
264.5 0.004923869744672687
265.5 0.004766389902092537
266.5 0.004487425609521983
267.5 0.004214460549049722
268.5 0.004023984929928969
269.5 0.0035530452102130955
270.5 0.0033865665194855073
271.5 0.0031420978114801313
272.5 0.0029336244960645056
273.5 0.002714652524476869
274.5 0.0026576598195431
275.5 0.0023367009022845077
276.5 0.002054736993664811
277.5 0.0019932448646573253
278.5 0.0016707861393741614
279.5 0.001558300537531197
280.5 0.0012973339412555194
281.5 0.0012793362449606454
282.5 0.0011503527548473796
283.5 0.0009778748320215015
284.5 0.0008803873104242656
285.5 0.0007499040122864272
286.5 0.0006209205221731618
287.5 0.0005519293530428104
288.5 0.0004604410635438662
289.5 0.0004229458629295449
290.5 0.0003329573814551738
291.5 0.0002594667882511038
292.5 0.0002729650604722596
293.5 0.0001979746592436169
294.5 0.00018597619504703405
295.5 0.00014998080245728543
296.5 0.00010048713764638118
297.5 0.00010198694567095407
298.5 8.998848147437127e-05
299.5 6.899116913035132e-05
300.5 5.5492896909195626e-05
301.5 4.199462468803994e-05
302.5 3.149596851602994e-05
303.5 3.749520061432137e-05
304.5 1.6497888270301404e-05
305.5 2.9996160491457084e-05
306.5 1.4998080245728549e-05
307.5 1.6497888270301404e-05
308.5 1.0498656172009984e-05
309.5 1.6497888270301404e-05
310.5 1.3498272221155694e-05
311.5 4.4994240737185635e-06
312.5 1.4998080245728546e-06
313.5 5.9992320982914186e-06
314.5 0.0
315.5 0.0
316.5 4.4994240737185635e-06
317.5 2.9996160491457093e-06
318.5 2.9996160491457093e-06
319.5 1.4998080245728546e-06
320.5 0.0
321.5 2.9996160491457093e-06
322.5 0.0
323.5 1.4998080245728546e-06
324.5 1.4998080245728546e-06
325.5 4.4994240737185635e-06
326.5 0.0
327.5 0.0
328.5 1.4998080245728546e-06
329.5 1.4998080245728546e-06
330.5 1.4998080245728546e-06
331.5 0.0
332.5 1.4998080245728546e-06
333.5 2.9996160491457093e-06
334.5 0.0
335.5 1.4998080245728546e-06
336.5 1.4998080245728546e-06
337.5 1.4998080245728546e-06
338.5 0.0
339.5 0.0
340.5 0.0
341.5 0.0
342.5 0.0
343.5 0.0
344.5 0.0
345.5 0.0
346.5 0.0
347.5 1.4998080245728546e-06
348.5 0.0
349.5 0.0
350.5 0.0
351.5 0.0
352.5 0.0
353.5 0.0
354.5 0.0
355.5 0.0
356.5 1.4998080245728546e-06
357.5 0.0
358.5 1.4998080245728546e-06
359.5 0.0
