0.5 0.0
1.5 0.0
2.5 0.0
3.5 0.0
4.5 0.0
5.5 0.0
6.5 0.0
7.5 1.4998080245728546e-06
8.5 0.0
9.5 1.4998080245728546e-06
10.5 0.0
11.5 0.0
12.5 1.4998080245728546e-06
13.5 1.4998080245728546e-06
14.5 0.0
15.5 7.499040122864274e-06
16.5 4.4994240737185635e-06
17.5 1.3498272221155694e-05
18.5 5.9992320982914186e-06
19.5 2.9996160491457093e-06
20.5 1.1998464196582839e-05
21.5 3.149596851602994e-05
22.5 4.199462468803995e-05
23.5 4.499424073718564e-05
24.5 5.5492896909195626e-05
25.5 9.44879055480898e-05
26.5 0.00015148061048185827
27.5 0.00019647485121904393
28.5 0.000298461796889998
29.5 0.000379451430216932
30.5 0.0005069351123056247
31.5 0.000626919754271453
32.5 0.0008488913419082355
33.5 0.001169850259166827
34.5 0.001547801881359186
35.5 0.002065235649836821
36.5 0.002606666346707622
37.5 0.0034960525052793257
38.5 0.004350943079285854
39.5 0.005235829813783837
40.5 0.006567659339604528
41.5 0.008283439719715876
42.5 0.010011218564023804
43.5 0.011963968612017659
44.5 0.014023205029756194
45.5 0.01627441687464004
46.5 0.019140550009598783
47.5 0.0218522029180265
48.5 0.02473333413323094
49.5 0.02729650604722596
50.5 0.02970219811864081
51.5 0.032164882894989456
52.5 0.03421662027260513
53.5 0.03578691927433292
54.5 0.03693727202918029
55.5 0.03778916298713767
56.5 0.03790764782107891
57.5 0.038123620176617426
58.5 0.03706025628719527
59.5 0.03533547705893647
60.5 0.03408463716644272
61.5 0.03128149596851603
62.5 0.028736321750815898
63.5 0.026287135246688416
64.5 0.023082045498176225
65.5 0.020439383758878868
66.5 0.017708233346131697
67.5 0.015134562775964679
68.5 0.012874352082933391
69.5 0.010365173257822997
70.5 0.0085474059320407
71.5 0.006966608274140916
72.5 0.005525292762526399
73.5 0.004418434440391632
74.5 0.003568043290458821
75.5 0.002518177673257824
76.5 0.0020577366097139574
77.5 0.0015073070646957195
78.5 0.001154852178921098
79.5 0.0008278940295642156
80.5 0.0005879247456325589
81.5 0.00046494048761758477
82.5 0.0002909627567671339
83.5 0.0002099731234401996
84.5 0.00012898349011326548
85.5 9.748752159723549e-05
86.5 5.249328086004992e-05
87.5 3.749520061432137e-05
88.5 2.849635246688423e-05
89.5 3.1495968516029945e-05
90.5 1.3498272221155694e-05
91.5 1.9497504319447107e-05
92.5 1.1998464196582837e-05
93.5 4.4994240737185635e-06
94.5 5.9992320982914186e-06
95.5 2.9996160491457093e-06
96.5 1.4998080245728546e-06
97.5 1.4998080245728546e-06
98.5 2.9996160491457093e-06
99.5 0.0
100.5 0.0
101.5 0.0
102.5 0.0
103.5 0.0
104.5 0.0
105.5 0.0
106.5 0.0
107.5 0.0
108.5 0.0
109.5 0.0
110.5 0.0
111.5 0.0
112.5 0.0
113.5 0.0
114.5 0.0
115.5 0.0
116.5 0.0
117.5 0.0
118.5 0.0
119.5 0.0
120.5 0.0
121.5 0.0
122.5 0.0
123.5 0.0
124.5 0.0
125.5 0.0
126.5 0.0
127.5 0.0
128.5 0.0
129.5 0.0
130.5 0.0
131.5 0.0
132.5 0.0
133.5 0.0
134.5 0.0
135.5 0.0
136.5 0.0
137.5 0.0
138.5 1.4998080245728546e-06
139.5 0.0
140.5 1.4998080245728546e-06
141.5 0.0
142.5 1.4998080245728546e-06
143.5 1.4998080245728546e-06
144.5 1.4998080245728546e-06
145.5 0.0
146.5 0.0
147.5 0.0
148.5 0.0
149.5 4.4994240737185635e-06
150.5 4.4994240737185635e-06
151.5 2.9996160491457093e-06
152.5 2.9996160491457093e-06
153.5 1.0498656172009984e-05
154.5 1.1998464196582837e-05
155.5 2.9996160491457093e-06
156.5 1.4998080245728547e-05
157.5 2.3996928393165678e-05
158.5 2.249712036859282e-05
159.5 3.8995008638894215e-05
160.5 5.549289690919563e-05
161.5 7.799001727778844e-05
162.5 9.748752159723556e-05
163.5 9.748752159723556e-05
164.5 0.00012748368208869264
165.5 0.00014848099443271262
166.5 0.00021597235553849108
167.5 0.0002489681320790939
168.5 0.0003269581493568823
169.5 0.0003914498944135151
170.5 0.00043644413515070066
171.5 0.0005999232098291418
172.5 0.0006164210980994433
173.5 0.0007918986369744674
174.5 0.00098237425609522
175.5 0.0010093708005375311
176.5 0.001186348147437128
177.5 0.0012868352850835094
178.5 0.0014323166634670763
179.5 0.0015073070646957189
180.5 0.0016047945862929544
181.5 0.0017397773085045115
182.5 0.0018957573430600885
183.5 0.0018237665578805912
184.5 0.0017622744288731042
185.5 0.0017877711652908427
186.5 0.0016362905548089844
187.5 0.0015583005375311959
188.5 0.0014578133998848148
189.5 0.0013468276060664235
190.5 0.0011938471875599923
191.5 0.0011323550585525051
192.5 0.0010063711844883856
193.5 0.0008323934536379344
194.5 0.0007049097715492417
195.5 0.0005024356882319063
196.5 0.00047693895181416773
197.5 0.0004004487425609522
198.5 0.00029846179688999814
199.5 0.000278964292570551
200.5 0.00020997312344019965
201.5 0.00012748368208869264
202.5 0.0001154852178921098
203.5 8.54890574006527e-05
204.5 6.449174505663274e-05
205.5 4.64940487617585e-05
206.5 3.5995392589748515e-05
207.5 3.749520061432137e-05
208.5 2.0997312344019968e-05
209.5 1.7997696294874257e-05
210.5 5.9992320982914186e-06
211.5 1.1998464196582839e-05
212.5 7.499040122864273e-06
213.5 7.499040122864274e-06
214.5 7.499040122864274e-06
215.5 5.9992320982914186e-06
216.5 2.9996160491457093e-06
217.5 0.0
218.5 1.4998080245728546e-06
219.5 1.4998080245728546e-06
220.5 0.0
221.5 0.0
222.5 0.0
223.5 0.0
224.5 0.0
225.5 0.0
226.5 0.0
227.5 0.0
228.5 0.0
229.5 0.0
230.5 0.0
231.5 0.0
232.5 1.4998080245728546e-06
233.5 0.0
234.5 0.0
235.5 0.0
236.5 0.0
237.5 1.4998080245728546e-06
238.5 0.0
239.5 0.0
240.5 0.0
241.5 1.4998080245728546e-06
242.5 0.0
243.5 0.0
244.5 0.0
245.5 0.0
246.5 0.0
247.5 0.0
248.5 0.0
249.5 0.0
250.5 0.0
251.5 0.0
252.5 0.0
253.5 0.0
254.5 2.9996160491457093e-06
255.5 0.0
256.5 2.9996160491457093e-06
257.5 4.4994240737185635e-06
258.5 2.9996160491457093e-06
259.5 4.4994240737185635e-06
260.5 5.9992320982914186e-06
261.5 4.4994240737185635e-06
262.5 1.4998080245728547e-05
263.5 1.1998464196582837e-05
264.5 2.2497120368592818e-05
265.5 1.1998464196582837e-05
266.5 3.449558456517565e-05
267.5 4.199462468803993e-05
268.5 4.64940487617585e-05
269.5 4.799385678633135e-05
270.5 0.00010048713764638129
271.5 0.00010648636974467267
272.5 0.00011548521789210979
273.5 0.0001829765789978883
274.5 0.0002384694759070839
275.5 0.00032845795738145514
276.5 0.0004874376079861777
277.5 0.0005309320406987905
278.5 0.0007304065079669803
279.5 0.0008578901900556728
280.5 0.001021369264734114
281.5 0.0012973339412555194
282.5 0.0015583005375311963
283.5 0.0018087684776348627
284.5 0.0023337012862353615
285.5 0.0027056536763294297
286.5 0.003055108946054905
287.5 0.0035695430984833947
288.5 0.004014986081781533
289.5 0.004634406795930121
290.5 0.004920870128623536
291.5 0.005583785275484737
292.5 0.0059587372816279505
293.5 0.006420678153196391
294.5 0.006939611729698599
295.5 0.006954609809944327
296.5 0.007319063159915532
297.5 0.007635522653100403
298.5 0.007761506527164522
299.5 0.0073730562488001535
300.5 0.007203577942023421
301.5 0.007188579861777692
302.5 0.00661415338836629
303.5 0.006426677385294681
304.5 0.00577876031867921
305.5 0.005295822134766749
306.5 0.004734893933576501
307.5 0.0042384574774428875
308.5 0.0038950014398157033
309.5 0.003166094739873296
310.5 0.002717652140526013
311.5 0.002368196870800538
312.5 0.0019497504319447112
313.5 0.0015642997696294874
314.5 0.0013888222307544633
315.5 0.0010648636974467266
316.5 0.0008203949894413513
317.5 0.0006539162987137647
318.5 0.0004949366481090419
319.5 0.0004094475907083894
320.5 0.00026846563639854103
321.5 0.0002114729314647725
322.5 0.00018297657899788827
323.5 0.00013648253023612977
324.5 9.748752159723552e-05
325.5 5.5492896909195626e-05
326.5 4.3494432712612785e-05
327.5 3.449558456517566e-05
328.5 2.849635246688424e-05
329.5 1.6497888270301404e-05
330.5 1.64978882703014e-05
331.5 8.998848147437129e-06
332.5 7.499040122864274e-06
333.5 2.9996160491457093e-06
334.5 1.4998080245728546e-06
335.5 2.9996160491457093e-06
336.5 2.9996160491457093e-06
337.5 0.0
338.5 1.4998080245728546e-06
339.5 1.4998080245728546e-06
340.5 0.0
341.5 0.0
342.5 0.0
343.5 0.0
344.5 0.0
345.5 0.0
346.5 0.0
347.5 0.0
348.5 0.0
349.5 0.0
350.5 0.0
351.5 0.0
352.5 0.0
353.5 0.0
354.5 0.0
355.5 0.0
356.5 0.0
357.5 0.0
358.5 0.0
359.5 0.0
