0.5 1.4998080245728546e-06
1.5 1.4998080245728546e-06
2.5 0.0
3.5 0.0
4.5 1.4998080245728546e-06
5.5 0.0
6.5 1.4998080245728546e-06
7.5 1.4998080245728546e-06
8.5 0.0
9.5 1.4998080245728546e-06
10.5 0.0
11.5 1.4998080245728546e-06
12.5 1.4998080245728546e-06
13.5 2.9996160491457093e-06
14.5 1.4998080245728546e-06
15.5 1.4998080245728546e-06
16.5 1.4998080245728546e-06
17.5 2.9996160491457093e-06
18.5 1.4998080245728546e-06
19.5 7.499040122864274e-06
20.5 1.0498656172009984e-05
21.5 2.9996160491457093e-06
22.5 1.3498272221155692e-05
23.5 1.0498656172009984e-05
24.5 1.0498656172009984e-05
25.5 1.4998080245728549e-05
26.5 2.6996544442311378e-05
27.5 3.149596851602994e-05
28.5 4.349443271261278e-05
29.5 3.5995392589748515e-05
30.5 5.999232098291419e-05
31.5 0.00010498656172009982
32.5 9.298809752351696e-05
33.5 0.00015598003455557694
34.5 0.00013198310616241118
35.5 0.0001904756191207525
36.5 0.00018447638702246127
37.5 0.0002729650604722595
38.5 0.00025046794010366683
39.5 0.0003794514302169321
40.5 0.00047393933576502206
41.5 0.0005609282011902474
42.5 0.0006704141869840659
43.5 0.0006764134190823574
44.5 0.0008488913419082357
45.5 0.0009118832789402956
46.5 0.0010888606258398928
47.5 0.0013603258782875802
48.5 0.0015523013054329045
49.5 0.0016512886350547136
50.5 0.0019497504319447116
51.5 0.0021402260510654638
52.5 0.0022062176041466697
53.5 0.0025046794010366684
54.5 0.0028391365905164156
55.5 0.003131599155308121
56.5 0.0032515837972739506
57.5 0.0036115377231714365
58.5 0.003749520061432138
59.5 0.0038080125743904796
60.5 0.004098975331157613
61.5 0.004463428681128815
62.5 0.004502423689767709
63.5 0.004626907755807257
64.5 0.004566915434824343
65.5 0.0047693895181416795
66.5 0.004785887406411982
67.5 0.004967364177385298
68.5 0.0046689023804952975
69.5 0.004766389902092532
70.5 0.004518921578038012
71.5 0.004461928873104243
72.5 0.004367440967556153
73.5 0.004137970339796506
74.5 0.0038905020157419864
75.5 0.0037870152620464587
76.5 0.0037375215972355563
77.5 0.0034360601842964127
78.5 0.0032695814935688257
79.5 0.003034111633710886
80.5 0.0027716452294106377
81.5 0.0025646717220195827
82.5 0.002440187655980036
83.5 0.0022857074294490303
84.5 0.0018792594547897867
85.5 0.0017787723171434073
86.5 0.001708281339988482
87.5 0.0014413155116145136
88.5 0.0014023205029756202
89.5 0.0012088452678057212
90.5 0.0011098579381839126
91.5 0.0010183696486849685
92.5 0.0009103834709157226
93.5 0.0007769005567287384
94.5 0.0007394053561144172
95.5 0.000649416874640046
96.5 0.0006509166826646189
97.5 0.0005789258974851221
98.5 0.0005009358802073334
99.5 0.0004439431752735648
100.5 0.0003989489345363791
101.5 0.0003659531579957765
102.5 0.00033595699750431937
103.5 0.000349455269725475
104.5 0.0003029612209637168
105.5 0.0002744648684968323
106.5 0.0002744648684968323
107.5 0.00024896813207909383
108.5 0.00023546985985793827
109.5 0.00019047561912075256
110.5 0.00018597619504703408
111.5 0.00016947830677673258
112.5 0.00016647869072758693
113.5 0.00017247792282587828
114.5 0.0001424817623344212
115.5 0.00014398157035899409
116.5 0.00013048329813783831
117.5 0.00014098195430984839
118.5 0.00014848099443271257
119.5 0.00013048329813783831
120.5 0.0001259838740641198
121.5 0.00013948214628527541
122.5 0.00012748368208869264
123.5 0.00014248176233442125
124.5 0.000164978882703014
125.5 0.00014698118640813962
126.5 0.00017997696294874262
127.5 0.00019497504319447107
128.5 0.00018297657899788824
129.5 0.00017547753887502409
130.5 0.00023546985985793825
131.5 0.0002594667882511039
132.5 0.00025646717220195823
133.5 0.0002639662123248224
134.5 0.00035545450182376657
135.5 0.0003449558456517566
136.5 0.0004364441351507005
137.5 0.0004754391437895949
138.5 0.0004949366481090421
139.5 0.0005459301209445192
140.5 0.0006464172585909005
141.5 0.0007094091956229601
142.5 0.0008158955653676329
143.5 0.0009283811672105966
144.5 0.0010753623536187366
145.5 0.0012643381647149169
146.5 0.0013858226147053186
147.5 0.0014923089844499908
148.5 0.001727778844307929
149.5 0.002005243328853908
150.5 0.002314203781915916
151.5 0.002579669802265311
152.5 0.002960621040506818
153.5 0.003346071702822041
154.5 0.0036865281244000776
155.5 0.004254955365713188
156.5 0.004707897389134191
157.5 0.005177337300825497
158.5 0.005745764542138609
159.5 0.006350187176041475
160.5 0.007017601746976388
161.5 0.007757007103090802
162.5 0.008584901132655013
163.5 0.009579273852946825
164.5 0.010350175177577275
165.5 0.010836112977538885
166.5 0.0118799793626416
167.5 0.012520397389134203
168.5 0.013459277212516798
169.5 0.014336664906891913
170.5 0.015175057592628131
171.5 0.016119936648109023
172.5 0.016649368880783243
173.5 0.017195299001727764
174.5 0.017795222211556917
175.5 0.018351650988673446
176.5 0.0187580989633327
177.5 0.019104554617009026
178.5 0.019401516605874455
179.5 0.01884808744480707
180.5 0.01940901564599732
181.5 0.01945550969475908
182.5 0.01919304329045883
183.5 0.01880909243616817
184.5 0.018455137742368982
185.5 0.017868712804760985
186.5 0.017346779612209623
187.5 0.01672735889806103
188.5 0.016151432616625053
189.5 0.014858598099443263
190.5 0.014654624208101357
191.5 0.013448778556344798
192.5 0.012922345939719724
193.5 0.011840984354002703
194.5 0.011104578613937429
195.5 0.009990221251679789
196.5 0.009417294586292957
197.5 0.008601399020925321
198.5 0.007917486561720095
199.5 0.00696210885006719
200.5 0.006498668170474183
201.5 0.00572776684584374
202.5 0.005232830197734695
203.5 0.004772389134190823
204.5 0.0041769653484354
205.5 0.0035950398349011356
206.5 0.003316075542330584
207.5 0.002837636782491844
208.5 0.0025811696102898836
209.5 0.0022947062775964685
210.5 0.0020952318103282784
211.5 0.0017547753887502404
212.5 0.0015568007295066238
213.5 0.0012688375887886353
214.5 0.0012418410443463235
215.5 0.0010573646573238627
216.5 0.0009958725283163758
217.5 0.0008293938375887893
218.5 0.0007109090036475333
219.5 0.0006464172585909003
220.5 0.0005699270493376845
221.5 0.00046494048761758504
222.5 0.0005249328086004988
223.5 0.0003974491265118067
224.5 0.0003839508542906508
225.5 0.00030896045306200783
226.5 0.0002924625647917067
227.5 0.000287963140717988
228.5 0.00022197158763678253
229.5 0.00020247408331733544
230.5 0.00021297273948934543
231.5 0.00019497504319447118
232.5 0.0002294706277596468
233.5 0.00018447638702246124
234.5 0.00017547753887502409
235.5 0.0001559800345555769
236.5 0.00016647869072758682
237.5 0.00014248176233442122
238.5 0.00014848099443271257
239.5 0.00014248176233442114
240.5 0.00013948214628527547
241.5 0.00016047945862929545
242.5 0.00014848099443271265
243.5 0.0001589796506047225
244.5 0.000143981570358994
245.5 0.00014248176233442117
246.5 0.0001649788827030139
247.5 0.00019797465924361685
248.5 0.00017847715492416979
249.5 0.0001799769629487425
250.5 0.00021147293146477254
251.5 0.00020097427529276255
252.5 0.0002324702438087925
253.5 0.00026546602034939525
254.5 0.00028046410059512383
255.5 0.00029396237281627957
256.5 0.00031645949318487234
257.5 0.00035845411787291214
258.5 0.0004064479746592435
259.5 0.00045294202342100186
260.5 0.00042894509502783653
261.5 0.0005234330005759265
262.5 0.0005249328086004991
263.5 0.000647917066615473
264.5 0.0006809128431560761
265.5 0.0007888990209253214
266.5 0.0008878863505471299
267.5 0.0008923857746208485
268.5 0.0010303681128815516
269.5 0.0010648636974467263
270.5 0.00122384334805145
271.5 0.0013798233826070275
272.5 0.0014488145517373783
273.5 0.0016932832597427543
274.5 0.0018057688615857172
275.5 0.002078733922057978
276.5 0.0020817335381071228
277.5 0.002297705893645614
278.5 0.002522677097331544
279.5 0.0028106402380495316
280.5 0.002948622576310235
281.5 0.0031915914762910354
282.5 0.0035215492416970635
283.5 0.003655032155884049
284.5 0.0037555192935304306
285.5 0.0039025004799385695
286.5 0.004268453637934344
287.5 0.004472427529276253
288.5 0.004530920042234594
289.5 0.004605910443463238
290.5 0.004646405260126705
291.5 0.004776888558264543
292.5 0.004656903916298715
293.5 0.004634406795930122
294.5 0.004619408715684393
295.5 0.004653904300249568
296.5 0.00465990353234786
297.5 0.004443931176809368
298.5 0.004262454405836054
299.5 0.004101974947206757
300.5 0.003975991073142637
301.5 0.0037960141101938977
302.5 0.0035725427145325396
303.5 0.0032950782299865644
304.5 0.0032770805336916906
305.5 0.0028196390861969694
306.5 0.0026831565559608385
307.5 0.002245212612785564
308.5 0.002002243712804762
309.5 0.0018672609905932046
310.5 0.001639290170858131
311.5 0.0014368160875407956
312.5 0.0012598387406411982
313.5 0.0011473531387982345
314.5 0.0009838740641197926
315.5 0.0008068967172201958
316.5 0.0007064095795738143
317.5 0.0006029228258782875
318.5 0.0005339316567479364
319.5 0.0004574414474947204
320.5 0.00035095507775004795
321.5 0.0002954621808408522
322.5 0.00024896813207909394
323.5 0.00016197926665386829
324.5 0.000154480226531004
325.5 0.0001529804185064312
326.5 0.00011848483394125542
327.5 6.749136110577847e-05
328.5 6.449174505663277e-05
329.5 7.94898253023613e-05
330.5 5.849251295834135e-05
331.5 4.649404876175851e-05
332.5 2.5496736417738524e-05
333.5 2.999616049145708e-05
334.5 2.2497120368592818e-05
335.5 1.7997696294874257e-05
336.5 1.3498272221155694e-05
337.5 8.998848147437129e-06
338.5 7.499040122864274e-06
339.5 8.998848147437129e-06
340.5 1.4998080245728546e-06
341.5 8.998848147437129e-06
342.5 7.499040122864274e-06
343.5 1.4998080245728546e-06
344.5 1.4998080245728546e-06
345.5 2.9996160491457093e-06
346.5 2.9996160491457093e-06
347.5 2.9996160491457093e-06
348.5 1.4998080245728546e-06
349.5 1.4998080245728546e-06
350.5 1.4998080245728546e-06
351.5 0.0
352.5 2.9996160491457093e-06
353.5 2.9996160491457093e-06
354.5 2.9996160491457093e-06
355.5 1.4998080245728546e-06
356.5 2.9996160491457093e-06
357.5 2.9996160491457093e-06
358.5 0.0
359.5 1.4998080245728546e-06
