0.5 2.9996160491457093e-06
1.5 1.4998080245728546e-06
2.5 1.4998080245728546e-06
3.5 7.499040122864274e-06
4.5 2.9996160491457093e-06
5.5 2.9996160491457093e-06
6.5 2.9996160491457093e-06
7.5 5.9992320982914186e-06
8.5 5.9992320982914186e-06
9.5 0.0
10.5 2.9996160491457093e-06
11.5 2.9996160491457093e-06
12.5 1.4998080245728549e-05
13.5 8.998848147437129e-06
14.5 1.1998464196582839e-05
15.5 1.0498656172009984e-05
16.5 1.4998080245728549e-05
17.5 1.64978882703014e-05
18.5 2.699654444231138e-05
19.5 2.2497120368592818e-05
20.5 2.2497120368592818e-05
21.5 4.1994624688039935e-05
22.5 3.149596851602994e-05
23.5 4.799385678633135e-05
24.5 6.149212900748707e-05
25.5 5.99923209829142e-05
26.5 8.84886734497984e-05
27.5 8.698886542522556e-05
28.5 0.00013348291418698404
29.5 0.00016647869072758685
30.5 0.0001739777308504512
31.5 0.00017397773085045122
32.5 0.00025646717220195823
33.5 0.00028496352466884245
34.5 0.0003344571894797466
35.5 0.000442443367248992
36.5 0.0004979362641581878
37.5 0.0006134214820502974
38.5 0.0006824126511806489
39.5 0.0008833869264734112
40.5 0.0009493784795546171
41.5 0.0010828613937416012
42.5 0.0012538395085429069
43.5 0.0013078325974275296
44.5 0.0015463020733346134
45.5 0.0016137934344403922
46.5 0.001988745440583607
47.5 0.0021387262430408917
48.5 0.002341200326358227
49.5 0.0026816567479362656
50.5 0.002833137358418124
51.5 0.0030386110577846044
52.5 0.003268081685544251
53.5 0.003467556152812443
54.5 0.0036085381071222894
55.5 0.003887502399692841
56.5 0.0041784651564599744
57.5 0.004224959205221733
58.5 0.004461928873104244
59.5 0.0045054233058168585
60.5 0.004691399500863891
61.5 0.004713896621232484
62.5 0.004799385678633136
63.5 0.004815883566903437
64.5 0.0049013726243040895
65.5 0.0049328685928201185
66.5 0.004943367248992131
67.5 0.0049703637934344425
68.5 0.004922369936648112
69.5 0.004956865521213286
70.5 0.004610409867536957
71.5 0.004556416778652334
72.5 0.004383938855826456
73.5 0.004215960357074295
74.5 0.0040764782107890205
75.5 0.003909999520061435
76.5 0.0037270229410635465
77.5 0.0036535323478594753
78.5 0.003542546554041083
79.5 0.003211088980610482
80.5 0.003116601075062392
81.5 0.0028841308312536015
82.5 0.0027476483010174715
83.5 0.0024701838164714915
84.5 0.0021732218276060682
85.5 0.0021897197158763683
86.5 0.0020112425609521986
87.5 0.0018477634862737568
88.5 0.0016767853714724531
89.5 0.0015777980418506437
90.5 0.0014158187751967762
91.5 0.0013783235745824538
92.5 0.0013138318295258205
93.5 0.0011773492992896914
94.5 0.001031867920906125
95.5 0.0009343803993088883
96.5 0.0008923857746208486
97.5 0.0007903988289498944
98.5 0.0007589028604338646
99.5 0.0006569159147629102
100.5 0.0006314191783451718
101.5 0.0006134214820502971
102.5 0.0004994360721827603
103.5 0.0005294322326742174
104.5 0.00044244336724899217
105.5 0.00043194471107698215
106.5 0.0003884502783643693
107.5 0.00038995008638894246
108.5 0.0003329573814551736
109.5 0.00029396237281627936
110.5 0.0002579669802265311
111.5 0.00024746832405452105
112.5 0.0002669658283739682
113.5 0.0002054736993664811
114.5 0.00023397005183336533
115.5 0.0002219715876367824
116.5 0.00020247408331733544
117.5 0.00020547369936648114
118.5 0.00020697350739105398
119.5 0.00020247408331733544
120.5 0.00018597619504703405
121.5 0.00023397005183336538
122.5 0.00019347523516989823
123.5 0.00019947446726818977
124.5 0.00020997312344019962
125.5 0.00020247408331733552
126.5 0.0001904756191207526
127.5 0.00022347139566135537
128.5 0.0002204717796122097
129.5 0.0002534675561528123
130.5 0.0002369696678825111
131.5 0.0002609665962756767
132.5 0.00027746448454597805
133.5 0.0003134598771357265
134.5 0.0003689527740449222
135.5 0.00041394701478210795
136.5 0.0004169466308312536
137.5 0.00046644029564215766
138.5 0.0004784387598387407
139.5 0.0005384310808216547
140.5 0.0006404180264926087
141.5 0.0006644149548857744
142.5 0.0007619024764830099
143.5 0.0008893861585717028
144.5 0.0009343803993088884
145.5 0.0010513654252255712
146.5 0.0013123320215012485
147.5 0.001456313591860243
148.5 0.0016737857554233067
149.5 0.0018447638702246123
150.5 0.0021402260510654664
151.5 0.0022707093492033044
152.5 0.0026456613553465166
153.5 0.0030056152812440026
154.5 0.0034180624880015367
155.5 0.003863505471299674
156.5 0.0041364705317719335
157.5 0.0050048593779996155
158.5 0.005324318487233635
159.5 0.0059947326742177
160.5 0.006674145709349206
161.5 0.007511038587060859
162.5 0.008280440103666725
163.5 0.009358802073334612
164.5 0.00982074294490305
165.5 0.010719127951622196
166.5 0.011586016989825306
167.5 0.012809860337876757
168.5 0.01362125647917066
169.5 0.01446264878095604
170.5 0.015551509406795939
171.5 0.016056944711076982
172.5 0.017207297465924355
173.5 0.01762274428873104
174.5 0.018200170378191587
175.5 0.018858586100979076
176.5 0.01948850547129968
177.5 0.019425513534267608
178.5 0.019938447878671533
179.5 0.0203658931656748
180.5 0.019968444039162998
181.5 0.019511002591668266
182.5 0.019313027932424662
183.5 0.018791094739873303
184.5 0.01836214964484546
185.5 0.017507259070838926
186.5 0.016941831445574956
187.5 0.015791478690727584
188.5 0.015055072950662308
189.5 0.014308168554425026
190.5 0.013315295642157807
191.5 0.012706373584181224
192.5 0.011554521021309279
193.5 0.010419166346707623
194.5 0.009429293050489536
195.5 0.008823370608562102
196.5 0.007945982914186984
197.5 0.007181080821654827
198.5 0.006482170282203882
199.5 0.005856750335957
200.5 0.004980862449606452
201.5 0.00463290698790555
202.5 0.003926497408331735
203.5 0.0035665434824342494
204.5 0.0032590828373968155
205.5 0.0028061408139758116
206.5 0.002527176521405262
207.5 0.002107230274524861
208.5 0.0018972571510846626
209.5 0.0017352778844307933
210.5 0.001450314359761951
211.5 0.001241841044346324
212.5 0.0011623512190439627
213.5 0.0010528652332501445
214.5 0.0008353930696870799
215.5 0.0007813999808024573
216.5 0.0007244072758686886
217.5 0.0005924241697062777
218.5 0.0005324318487233634
219.5 0.0005009358802073332
220.5 0.0004439431752735648
221.5 0.0003764518141677863
222.5 0.00032695814935688235
223.5 0.0003359569975043195
224.5 0.0002879631407179882
225.5 0.0002864633326934153
226.5 0.00026696582837396803
227.5 0.0002144725475139183
228.5 0.00022347139566135547
229.5 0.00017547753887502395
230.5 0.0001709781148013055
231.5 0.00016797849875215977
232.5 0.00017847715492416968
233.5 0.0001664786907275869
234.5 0.0001679784987521597
235.5 0.00015598003455557686
236.5 0.0001169850259166826
237.5 0.00012448406603954683
238.5 0.00014398157035899398
239.5 0.00014698118640813968
240.5 0.00015897965060472259
241.5 0.00011548521789210976
242.5 0.00016497888270301404
243.5 0.00017247792282587828
244.5 0.00016197926665386823
245.5 0.00018597619504703402
246.5 0.0001679784987521597
247.5 0.00018897581109617967
248.5 0.00020097427529276252
249.5 0.00020397389134190836
250.5 0.00023397005183336538
251.5 0.00026096659627567663
252.5 0.00027146525244768676
253.5 0.00028946294874256095
254.5 0.00029096275676713374
255.5 0.0003314575734306008
256.5 0.0003899500863889422
257.5 0.0004169466308312535
258.5 0.00046494048761758493
259.5 0.0004844379919370321
260.5 0.00048143837588788613
261.5 0.0005234330005759263
262.5 0.0005879247456325588
263.5 0.00067791322710693
264.5 0.000722907467844116
265.5 0.0008068967172201956
266.5 0.0008038971011710499
267.5 0.000980874448070647
268.5 0.0010738625455941643
269.5 0.0011923473795354199
270.5 0.00121334469187944
271.5 0.001300333557304665
272.5 0.001421818007295067
273.5 0.0015208053369168747
274.5 0.0016872840276444627
275.5 0.0018642613745440588
276.5 0.0019767469763870243
277.5 0.002098231426377425
278.5 0.00225871088500672
279.5 0.0023966932232674224
280.5 0.0023846947590708397
281.5 0.0025796698022653125
282.5 0.0028856306392781744
283.5 0.00309260414666923
284.5 0.003344571894797468
285.5 0.003293578421961989
286.5 0.003454057880591286
287.5 0.003694027164522941
288.5 0.003661031387982339
289.5 0.003790014878095604
290.5 0.00386050585525053
291.5 0.004040482818199271
292.5 0.004173965732386255
293.5 0.004001487809560377
294.5 0.00421296074102515
295.5 0.004070478978690728
296.5 0.004178465156459976
297.5 0.00409597571510847
298.5 0.004025484737953545
299.5 0.004026984545978118
300.5 0.0038425081589556574
301.5 0.003748020253407565
302.5 0.0036355346515646036
303.5 0.0034225619120752553
304.5 0.0034735553849107323
305.5 0.0031270997312344046
306.5 0.0029831181608754097
307.5 0.0028001415818775213
308.5 0.002632163083125361
309.5 0.0024521861201766185
310.5 0.0022587108850067195
311.5 0.0020517373776156654
312.5 0.001861261758494914
313.5 0.001708281339988482
314.5 0.0015957957381455177
315.5 0.0013873224227298909
316.5 0.0012478402764446155
317.5 0.0011203565943559222
318.5 0.0009088836628911497
319.5 0.00081439575734306
320.5 0.0007049097715492417
321.5 0.000607422249952006
322.5 0.0005309320406987906
323.5 0.00044844259934728357
324.5 0.00036145373392205797
325.5 0.0002969619888654253
326.5 0.0003074606450374352
327.5 0.00023097043578421966
328.5 0.0002249712036859282
329.5 0.0001754775388750241
330.5 0.00013948214628527547
331.5 0.00010498656172009978
332.5 0.00011548521789210976
333.5 7.049097715492418e-05
334.5 7.499040122864274e-05
335.5 5.3993088884622776e-05
336.5 5.849251295834135e-05
337.5 4.799385678633136e-05
338.5 2.549673641773852e-05
339.5 2.6996544442311384e-05
340.5 1.949750431944711e-05
341.5 1.4998080245728549e-05
342.5 1.3498272221155694e-05
343.5 1.6497888270301404e-05
344.5 1.3498272221155694e-05
345.5 5.9992320982914186e-06
346.5 1.3498272221155694e-05
347.5 1.3498272221155694e-05
348.5 4.4994240737185635e-06
349.5 7.499040122864274e-06
350.5 1.0498656172009984e-05
351.5 4.4994240737185635e-06
352.5 8.998848147437129e-06
353.5 1.4998080245728546e-06
354.5 0.0
355.5 0.0
356.5 5.9992320982914186e-06
357.5 2.9996160491457093e-06
358.5 1.4998080245728546e-06
359.5 0.0
