0.5 0.0002924625647917066
1.5 0.0003464556536763292
2.5 0.00038095123824150495
3.5 0.0003524548857746208
4.5 0.00039894893453637953
5.5 0.00041994624688039913
6.5 0.0004979362641581877
7.5 0.0005384310808216547
8.5 0.0005774260894605492
9.5 0.0006824126511806488
10.5 0.0007214076598195433
11.5 0.0008143957573430603
12.5 0.0009178825110385874
13.5 0.0010768621616433103
14.5 0.0012283427721251688
15.5 0.0013858226147053186
16.5 0.0016497888270301415
17.5 0.0017982698214628545
18.5 0.002120728546746018
19.5 0.0024701838164714923
20.5 0.0030641077942023453
21.5 0.0031660947398732993
22.5 0.0039429952966020376
23.5 0.0045369192743328875
24.5 0.0050768501631791125
25.5 0.006056224803225189
26.5 0.0066846443655212105
27.5 0.007670018237665578
28.5 0.008487413611057785
29.5 0.00939329765789979
30.5 0.01050615521213285
31.5 0.011233562104050675
32.5 0.012311924073718568
33.5 0.012769365521213289
34.5 0.013316795450182375
35.5 0.01402170522173162
36.5 0.014281172009982725
37.5 0.013856726339028609
38.5 0.013865725187176048
39.5 0.012866853042810525
40.5 0.01221593636014591
41.5 0.011136074582453446
42.5 0.01015370032635823
43.5 0.008881863121520448
44.5 0.007496040506815132
45.5 0.006227202918026495
46.5 0.005154840180456904
47.5 0.004073478594739878
48.5 0.0030326118256863133
49.5 0.002308204549817623
50.5 0.0017802721251679796
51.5 0.001282335861009791
52.5 0.0008953853906699939
53.5 0.0006209205221731618
54.5 0.00039744912651180653
55.5 0.0002984617968899982
56.5 0.00018147677097331543
57.5 0.00011698502591668265
58.5 6.749136110577847e-05
59.5 4.199462468803993e-05
60.5 1.4998080245728547e-05
61.5 1.64978882703014e-05
62.5 7.499040122864274e-06
63.5 1.4998080245728546e-06
64.5 4.4994240737185635e-06
65.5 0.0
66.5 0.0
67.5 1.4998080245728546e-06
68.5 0.0
69.5 0.0
70.5 0.0
71.5 0.0
72.5 0.0
73.5 0.0
74.5 0.0
75.5 0.0
76.5 0.0
77.5 0.0
78.5 0.0
79.5 0.0
80.5 0.0
81.5 0.0
82.5 0.0
83.5 0.0
84.5 0.0
85.5 0.0
86.5 0.0
87.5 0.0
88.5 0.0
89.5 0.0
90.5 0.0
91.5 0.0
92.5 0.0
93.5 0.0
94.5 0.0
95.5 0.0
96.5 0.0
97.5 0.0
98.5 0.0
99.5 0.0
100.5 0.0
101.5 0.0
102.5 0.0
103.5 0.0
104.5 0.0
105.5 0.0
106.5 0.0
107.5 0.0
108.5 0.0
109.5 0.0
110.5 0.0
111.5 0.0
112.5 0.0
113.5 0.0
114.5 0.0
115.5 0.0
116.5 0.0
117.5 0.0
118.5 0.0
119.5 0.0
120.5 0.0
121.5 0.0
122.5 0.0
123.5 0.0
124.5 0.0
125.5 0.0
126.5 0.0
127.5 0.0
128.5 0.0
129.5 0.0
130.5 0.0
131.5 0.0
132.5 0.0
133.5 0.0
134.5 0.0
135.5 0.0
136.5 0.0
137.5 0.0
138.5 0.0
139.5 0.0
140.5 0.0
141.5 0.0
142.5 0.0
143.5 0.0
144.5 0.0
145.5 0.0
146.5 0.0
147.5 0.0
148.5 0.0
149.5 0.0
150.5 0.0
151.5 0.0
152.5 0.0
153.5 0.0
154.5 0.0
155.5 0.0
156.5 0.0
157.5 0.0
158.5 0.0
159.5 0.0
160.5 0.0
161.5 0.0
162.5 0.0
163.5 0.0
164.5 0.0
165.5 0.0
166.5 0.0
167.5 0.0
168.5 0.0
169.5 0.0
170.5 0.0
171.5 0.0
172.5 0.0
173.5 0.0
174.5 0.0
175.5 0.0
176.5 0.0
177.5 0.0
178.5 0.0
179.5 0.0
180.5 0.0
181.5 0.0
182.5 0.0
183.5 0.0
184.5 0.0
185.5 0.0
186.5 0.0
187.5 0.0
188.5 0.0
189.5 0.0
190.5 0.0
191.5 0.0
192.5 0.0
193.5 0.0
194.5 0.0
195.5 0.0
196.5 0.0
197.5 0.0
198.5 0.0
199.5 0.0
200.5 0.0
201.5 0.0
202.5 0.0
203.5 0.0
204.5 0.0
205.5 0.0
206.5 0.0
207.5 0.0
208.5 0.0
209.5 0.0
210.5 0.0
211.5 0.0
212.5 0.0
213.5 0.0
214.5 0.0
215.5 0.0
216.5 0.0
217.5 0.0
218.5 0.0
219.5 0.0
220.5 0.0
221.5 0.0
222.5 0.0
223.5 0.0
224.5 0.0
225.5 0.0
226.5 0.0
227.5 0.0
228.5 0.0
229.5 0.0
230.5 0.0
231.5 0.0
232.5 0.0
233.5 0.0
234.5 0.0
235.5 0.0
236.5 0.0
237.5 0.0
238.5 0.0
239.5 0.0
240.5 0.0
241.5 0.0
242.5 0.0
243.5 0.0
244.5 0.0
245.5 0.0
246.5 0.0
247.5 0.0
248.5 0.0
249.5 0.0
250.5 0.0
251.5 0.0
252.5 0.0
253.5 0.0
254.5 0.0
255.5 0.0
256.5 0.0
257.5 0.0
258.5 0.0
259.5 0.0
260.5 0.0
261.5 0.0
262.5 0.0
263.5 0.0
264.5 0.0
265.5 0.0
266.5 0.0
267.5 0.0
268.5 0.0
269.5 0.0
270.5 0.0
271.5 0.0
272.5 0.0
273.5 0.0
274.5 0.0
275.5 0.0
276.5 0.0
277.5 0.0
278.5 0.0
279.5 0.0
280.5 0.0
281.5 0.0
282.5 0.0
283.5 0.0
284.5 0.0
285.5 0.0
286.5 1.4998080245728546e-06
287.5 1.4998080245728546e-06
288.5 7.499040122864274e-06
289.5 4.4994240737185635e-06
290.5 1.1998464196582839e-05
291.5 1.4998080245728549e-05
292.5 2.849635246688423e-05
293.5 3.29957765406028e-05
294.5 6.29919370320599e-05
295.5 8.54890574006527e-05
296.5 0.00012448406603954691
297.5 0.0002684656363985411
298.5 0.0003749520061432137
299.5 0.0005339316567479364
300.5 0.0008188951814167786
301.5 0.001211844883854867
302.5 0.0018372648301017483
303.5 0.002599167306584758
304.5 0.0037270229410635448
305.5 0.005148840948358614
306.5 0.006944111153772318
307.5 0.009297309944327129
308.5 0.012037459205221732
309.5 0.015347535515454033
310.5 0.018375647917066622
311.5 0.02198718564023804
312.5 0.02596617632942982
313.5 0.029415734785947414
314.5 0.032998776156651956
315.5 0.03592640142061816
316.5 0.03796913995008641
317.5 0.03929047081973511
318.5 0.04014536139374163
319.5 0.03874154108274142
320.5 0.038182112689575734
321.5 0.03616187128047613
322.5 0.03379367440967558
323.5 0.03116751055864848
324.5 0.028025412747168355
325.5 0.02514578133998848
326.5 0.02208917258590901
327.5 0.019215540410827417
328.5 0.016385402668458435
329.5 0.014252675657515838
330.5 0.011836484929928975
331.5 0.010101207045498179
332.5 0.008194951046266077
333.5 0.00697110769821463
334.5 0.005780260126703785
335.5 0.004814383758878867
336.5 0.003877003743520831
337.5 0.0032125887886350576
338.5 0.0026486609713956624
339.5 0.002137226435016319
340.5 0.0017577750047993866
341.5 0.0014293170474179307
342.5 0.0012253431560760228
343.5 0.0010153700326358233
344.5 0.0008923857746208485
345.5 0.000767901708581302
346.5 0.0006239201382223073
347.5 0.0005609282011902477
348.5 0.0004964364561336149
349.5 0.00044094355922441933
350.5 0.0004109473987329621
351.5 0.0003719523900940679
352.5 0.0003134598771357265
353.5 0.00034495584565175644
354.5 0.0002774644845459781
355.5 0.00029546218084085246
356.5 0.00030746064503743526
357.5 0.00031945910923401795
358.5 0.00030596083701286237
359.5 0.00032095891725859085
