0.5 0.0
1.5 0.0
2.5 0.0
3.5 0.0
4.5 0.0
5.5 0.0
6.5 0.0
7.5 0.0
8.5 0.0
9.5 0.0
10.5 0.0
11.5 0.0
12.5 0.0
13.5 0.0
14.5 0.0
15.5 0.0
16.5 0.0
17.5 0.0
18.5 0.0
19.5 0.0
20.5 0.0
21.5 0.0
22.5 0.0
23.5 0.0
24.5 0.0
25.5 0.0
26.5 0.0
27.5 0.0
28.5 0.0
29.5 0.0
30.5 0.0
31.5 0.0
32.5 0.0
33.5 0.0
34.5 0.0
35.5 0.0
36.5 0.0
37.5 0.0
38.5 0.0
39.5 0.0
40.5 0.0
41.5 0.0
42.5 0.0
43.5 0.0
44.5 0.0
45.5 0.0
46.5 0.0
47.5 0.0
48.5 0.0
49.5 0.0
50.5 0.0
51.5 0.0
52.5 0.0
53.5 0.0
54.5 0.0
55.5 0.0
56.5 0.0
57.5 0.0
58.5 0.0
59.5 0.0
60.5 0.0
61.5 0.0
62.5 0.0
63.5 0.0
64.5 0.0
65.5 0.0
66.5 0.0
67.5 0.0
68.5 0.0
69.5 0.0
70.5 0.0
71.5 0.0
72.5 0.0
73.5 0.0
74.5 0.0
75.5 0.0
76.5 0.0
77.5 0.0
78.5 0.0
79.5 0.0
80.5 0.0
81.5 0.0
82.5 0.0
83.5 0.0
84.5 0.0
85.5 0.0
86.5 0.0
87.5 0.0
88.5 0.0
89.5 0.0
90.5 0.0
91.5 0.0
92.5 0.0
93.5 0.0
94.5 0.0
95.5 0.0
96.5 0.0
97.5 0.0
98.5 0.0
99.5 0.0
100.5 0.0
101.5 0.0
102.5 0.0
103.5 0.0
104.5 0.0
105.5 0.0
106.5 0.0
107.5 0.0
108.5 0.0
109.5 0.0
110.5 0.0
111.5 0.0
112.5 0.0
113.5 0.0
114.5 0.0
115.5 0.0
116.5 0.0
117.5 0.0
118.5 0.0
119.5 0.0
120.5 0.0
121.5 0.0
122.5 0.0
123.5 0.0
124.5 0.0
125.5 0.0
126.5 0.0
127.5 0.0
128.5 0.0
129.5 0.0
130.5 0.0
131.5 0.0
132.5 0.0
133.5 0.0
134.5 0.0
135.5 0.0
136.5 0.0
137.5 0.0
138.5 0.0
139.5 0.0
140.5 0.0
141.5 0.0
142.5 0.0
143.5 0.0
144.5 0.0
145.5 0.0
146.5 0.0
147.5 0.0
148.5 1.4998080245728546e-06
149.5 0.0
150.5 0.0
151.5 0.0
152.5 0.0
153.5 0.0
154.5 0.0
155.5 0.0
156.5 0.0
157.5 1.4998080245728546e-06
158.5 0.0
159.5 1.4998080245728546e-06
160.5 0.0
161.5 0.0
162.5 0.0
163.5 0.0
164.5 0.0
165.5 0.0
166.5 1.4998080245728546e-06
167.5 0.0
168.5 1.4998080245728546e-06
169.5 4.4994240737185635e-06
170.5 2.9996160491457093e-06
171.5 4.4994240737185635e-06
172.5 4.4994240737185635e-06
173.5 4.4994240737185635e-06
174.5 1.0498656172009984e-05
175.5 1.0498656172009984e-05
176.5 5.9992320982914186e-06
177.5 1.6497888270301404e-05
178.5 1.6497888270301404e-05
179.5 2.2497120368592818e-05
180.5 1.0498656172009982e-05
181.5 2.2497120368592818e-05
182.5 2.0997312344019964e-05
183.5 2.8496352466884228e-05
184.5 1.6497888270301404e-05
185.5 2.8496352466884234e-05
186.5 2.9996160491457088e-05
187.5 2.2497120368592814e-05
188.5 2.249712036859282e-05
189.5 2.3996928393165674e-05
190.5 2.5496736417738528e-05
191.5 2.549673641773853e-05
192.5 2.0997312344019964e-05
193.5 2.9996160491457088e-05
194.5 2.699654444231138e-05
195.5 1.949750431944711e-05
196.5 2.249712036859282e-05
197.5 2.699654444231138e-05
198.5 2.2497120368592818e-05
199.5 1.4998080245728549e-05
200.5 2.0997312344019964e-05
201.5 2.3996928393165678e-05
202.5 1.7997696294874254e-05
203.5 1.0498656172009984e-05
204.5 2.699654444231138e-05
205.5 1.3498272221155692e-05
206.5 2.5496736417738528e-05
207.5 3.29957765406028e-05
208.5 2.3996928393165674e-05
209.5 2.9996160491457084e-05
210.5 2.699654444231138e-05
211.5 3.5995392589748515e-05
212.5 4.0494816663467085e-05
213.5 3.1495968516029945e-05
214.5 5.249328086004993e-05
215.5 5.9992320982914196e-05
216.5 7.049097715492417e-05
217.5 7.349059320406989e-05
218.5 7.499040122864273e-05
219.5 9.59877135726627e-05
220.5 0.0001079861777692455
221.5 0.0001304832981378384
222.5 0.00014998080245728549
223.5 0.00016197926665386837
224.5 0.00018297657899788832
225.5 0.0002519677481282396
226.5 0.00027146525244768676
227.5 0.000340456421578038
228.5 0.0003389566135534651
229.5 0.0004574414474947207
230.5 0.0005834253215588406
231.5 0.0006704141869840662
232.5 0.0007349059320406987
233.5 0.0008728882703014013
234.5 0.0010603642733730085
235.5 0.001271837204837781
236.5 0.0015178057208677296
237.5 0.001769773468995969
238.5 0.002122228354770591
239.5 0.0025271765214052644
240.5 0.0031480970435784237
241.5 0.0033490713188711854
242.5 0.0041619672681896735
243.5 0.004794886254559419
244.5 0.005577786043386448
245.5 0.0064746712420810145
246.5 0.007637022461124975
247.5 0.008869864657323862
248.5 0.010513654252255705
249.5 0.011882978978690726
250.5 0.013487773564983676
251.5 0.015140562008062967
252.5 0.016967328181992706
253.5 0.01845213812631982
254.5 0.019935448262622384
255.5 0.021753215588404665
256.5 0.023083545306200808
257.5 0.02457885390669993
258.5 0.02591668266461893
259.5 0.026564599731234404
260.5 0.027530476099059325
261.5 0.028205389710117098
262.5 0.028763318295258206
263.5 0.029283751679785003
264.5 0.030011158571702834
265.5 0.030110145901324627
266.5 0.030189635726626994
267.5 0.030038155116145132
268.5 0.029511722499520065
269.5 0.029451730178537135
270.5 0.02909927529276253
271.5 0.027965420426185453
272.5 0.027570970915722793
273.5 0.026852562871952385
274.5 0.025916682664618922
275.5 0.024797825878287574
276.5 0.023990929161067362
277.5 0.02235163899020924
278.5 0.02126877759646765
279.5 0.02005393309656363
280.5 0.01870710549049721
281.5 0.017042318583221347
282.5 0.015728486753695523
283.5 0.014501643789594938
284.5 0.012923845747744292
285.5 0.011740497216356305
286.5 0.010545150220771743
287.5 0.009207321462852752
288.5 0.008313435880207335
289.5 0.007292066615473224
290.5 0.006170210213092727
291.5 0.005516293914378963
292.5 0.004766389902092532
293.5 0.004059980322518718
294.5 0.003488553465156461
295.5 0.003035611441735461
296.5 0.0024746832405452123
297.5 0.0020757343060088325
298.5 0.001882259070838934
299.5 0.0015837972739489357
300.5 0.0013843228066807453
301.5 0.0011308552505279329
302.5 0.0009478786715300444
303.5 0.000742404972163563
304.5 0.0005849251295834133
305.5 0.0004874376079861776
306.5 0.00038695047033979646
307.5 0.00028346371664426945
308.5 0.00023247024380879244
309.5 0.00016497888270301399
310.5 0.00013198310616241118
311.5 9.89873296218084e-05
312.5 7.349059320406989e-05
313.5 4.799385678633134e-05
314.5 4.64940487617585e-05
315.5 1.7997696294874254e-05
316.5 8.998848147437127e-06
317.5 8.998848147437129e-06
318.5 5.9992320982914186e-06
319.5 4.4994240737185635e-06
320.5 7.499040122864274e-06
321.5 1.4998080245728546e-06
322.5 1.4998080245728546e-06
323.5 1.4998080245728546e-06
324.5 0.0
325.5 0.0
326.5 1.4998080245728546e-06
327.5 0.0
328.5 0.0
329.5 0.0
330.5 0.0
331.5 0.0
332.5 0.0
333.5 0.0
334.5 0.0
335.5 0.0
336.5 0.0
337.5 0.0
338.5 0.0
339.5 0.0
340.5 0.0
341.5 0.0
342.5 0.0
343.5 0.0
344.5 0.0
345.5 0.0
346.5 0.0
347.5 0.0
348.5 0.0
349.5 0.0
350.5 0.0
351.5 0.0
352.5 0.0
353.5 0.0
354.5 0.0
355.5 0.0
356.5 0.0
357.5 0.0
358.5 0.0
359.5 0.0
