0.5 1.4998080245728546e-06
1.5 0.0
2.5 1.4998080245728546e-06
3.5 1.4998080245728546e-06
4.5 1.4998080245728546e-06
5.5 1.4998080245728546e-06
6.5 0.0
7.5 0.0
8.5 0.0
9.5 0.0
10.5 1.4998080245728546e-06
11.5 1.4998080245728546e-06
12.5 2.9996160491457093e-06
13.5 0.0
14.5 0.0
15.5 0.0
16.5 4.4994240737185635e-06
17.5 4.4994240737185635e-06
18.5 2.9996160491457093e-06
19.5 5.9992320982914186e-06
20.5 5.9992320982914186e-06
21.5 4.4994240737185635e-06
22.5 7.499040122864274e-06
23.5 5.9992320982914186e-06
24.5 1.0498656172009984e-05
25.5 1.6497888270301404e-05
26.5 8.998848147437129e-06
27.5 1.6497888270301404e-05
28.5 2.699654444231138e-05
29.5 2.399692839316567e-05
30.5 3.449558456517566e-05
31.5 4.799385678633136e-05
32.5 6.149212900748707e-05
33.5 9.748752159723549e-05
34.5 7.799001727778842e-05
35.5 0.000112485601842964
36.5 0.0001349827222115568
37.5 0.00019047561912075258
38.5 0.00016947830677673255
39.5 0.00024746832405452105
40.5 0.00035095507775004774
41.5 0.00038995008638894213
42.5 0.0004259454789786908
43.5 0.0004784387598387406
44.5 0.0006014230178537149
45.5 0.000626919754271453
46.5 0.0008053969091956231
47.5 0.0009598771357266271
48.5 0.001067863313495873
49.5 0.0011923473795354197
50.5 0.0012988337492800919
51.5 0.0015867968899980817
52.5 0.0016407899788827033
53.5 0.0018522629103474768
54.5 0.0021552241313111922
55.5 0.002156723939335765
56.5 0.002414690919562297
57.5 0.002654660203493953
58.5 0.0028046410059512383
59.5 0.0030581085621040525
60.5 0.003095603762718374
61.5 0.003227586868880785
62.5 0.0033700686312152046
63.5 0.0035050513534267626
64.5 0.0033940655596083717
65.5 0.003689527740449225
66.5 0.0036430336916874638
67.5 0.003778016413899024
68.5 0.0037405212132847025
69.5 0.0036070382990977166
70.5 0.003524548857746211
71.5 0.003715024476866964
72.5 0.003404564215780382
73.5 0.003431560760222693
74.5 0.003122600307160687
75.5 0.003091104338644654
76.5 0.0029606210405068163
77.5 0.0027791442695335004
78.5 0.0026291634670762166
79.5 0.0024416874640046087
80.5 0.0023816951430216935
81.5 0.0021252279708197357
82.5 0.0020832333461316952
83.5 0.0018927577270109435
84.5 0.001706781531963909
85.5 0.001561300153580342
86.5 0.0014218180072950667
87.5 0.00125533931656748
88.5 0.0012208437320023037
89.5 0.0010393669610289878
90.5 0.000980874448070647
91.5 0.0009358802073334609
92.5 0.0007649020925321559
93.5 0.0007529036283355731
94.5 0.0006149212900748706
95.5 0.0006344187943943173
96.5 0.0005819255135342677
97.5 0.0005009358802073334
98.5 0.00043494432712612766
99.5 0.00043344451910155477
100.5 0.0004109473987329621
101.5 0.0003299577654060279
102.5 0.00030596083701286226
103.5 0.0003029612209637166
104.5 0.00026996544442311386
105.5 0.0002519677481282396
106.5 0.00024446870800537543
107.5 0.00023996928393165676
108.5 0.00022197158763678264
109.5 0.00022347139566135537
110.5 0.00020247408331733547
111.5 0.00018297657899788819
112.5 0.0001889758110961797
113.5 0.00013648253023612974
114.5 0.00018297657899788835
115.5 0.00014998080245728546
116.5 0.00014698118640813973
117.5 0.00015598003455557683
118.5 0.00014998080245728549
119.5 0.00015298041850643116
120.5 0.00016197926665386837
121.5 0.00016347907467844115
122.5 0.00017547753887502398
123.5 0.00013648253023612974
124.5 0.00015148061048185835
125.5 0.0001619792666538683
126.5 0.00018897581109617967
127.5 0.00017847715492416968
128.5 0.00019797465924361685
129.5 0.000238469475907084
130.5 0.00022647101171050115
131.5 0.00023247024380879252
132.5 0.00026696582837396814
133.5 0.00036895277404492226
134.5 0.0003674529660203494
135.5 0.0003809512382415051
136.5 0.00040944759070838906
137.5 0.0005219331925513534
138.5 0.0005594283931656748
139.5 0.0005594283931656751
140.5 0.0006764134190823571
141.5 0.0007589028604338646
142.5 0.0008773876943751199
143.5 0.001012370416586677
144.5 0.0011128575542330584
145.5 0.0012808360529852182
146.5 0.0015298041850643125
147.5 0.0017142805720867743
148.5 0.0019572494720675763
149.5 0.0021582237473603393
150.5 0.002471683624496066
151.5 0.0027116529084277225
152.5 0.0029831181608754092
153.5 0.0035635438663851023
154.5 0.004013486273756962
155.5 0.004584913131119218
156.5 0.00523582981378384
157.5 0.005525292762526399
158.5 0.006290194855058556
159.5 0.0072260750623920145
160.5 0.007728510750623922
161.5 0.00850241169130351
162.5 0.009378299577654063
163.5 0.010374172105970442
164.5 0.011367045018237681
165.5 0.012169442311384154
166.5 0.013249304089076605
167.5 0.013798233826070271
168.5 0.015020577366097127
169.5 0.015830473699366465
170.5 0.016904336244960624
171.5 0.017709733154156256
172.5 0.018402644461508924
173.5 0.01917204597811481
174.5 0.019617488961412955
175.5 0.02030890046074105
176.5 0.020718348051449433
177.5 0.02126127855634481
178.5 0.021292774524860843
179.5 0.021336268957573457
180.5 0.02128527548473798
181.5 0.0215102466884239
182.5 0.021024308888462302
183.5 0.02051887358418124
184.5 0.020187416010750636
185.5 0.01979446630831255
186.5 0.019125551929353043
187.5 0.018471635630639277
188.5 0.017748728162795154
189.5 0.01679185064311766
190.5 0.01574798425801496
191.5 0.014911091380303311
192.5 0.013771237281627954
193.5 0.01319681080821656
194.5 0.012125947878671542
195.5 0.01115707189479748
196.5 0.01030068151276637
197.5 0.0094757870992513
198.5 0.008610397869072754
199.5 0.007667018621616433
200.5 0.007130087348819349
201.5 0.00628419562296027
202.5 0.0056902716452294135
203.5 0.004934368400844695
204.5 0.004604410635438664
205.5 0.003998488193511232
206.5 0.003701526204645805
207.5 0.003265082069495105
208.5 0.0027926425417546573
209.5 0.0024281891917834527
210.5 0.0021942191399500857
211.5 0.0018417642541754663
212.5 0.001667786523325015
213.5 0.0015028076406220013
214.5 0.0013198310616241125
215.5 0.001130855250527933
216.5 0.0009868736801689384
217.5 0.0008098963332693414
218.5 0.0007769005567287382
219.5 0.0007049097715492418
220.5 0.0005894245536571317
221.5 0.000526432616625072
222.5 0.0004979362641581878
223.5 0.0004064479746592437
224.5 0.00037045258206949504
225.5 0.0003074606450374352
226.5 0.0003554545018237665
227.5 0.0002579669802265311
228.5 0.0002609665962756767
229.5 0.00022047177961220964
230.5 0.00022647101171050098
231.5 0.0002099731234401997
232.5 0.0001934752351698984
233.5 0.00015598003455557675
234.5 0.00016197926665386829
235.5 0.00018147677097331538
236.5 0.00018297657899788838
237.5 0.00018747600307160678
238.5 0.00014848099443271262
239.5 0.00015747984258014975
240.5 0.00014998080245728543
241.5 0.00014848099443271262
242.5 0.0001424817623344212
243.5 0.00014848099443271262
244.5 0.00014548137838356687
245.5 0.00017247792282587833
246.5 0.00016197926665386834
247.5 0.00017547753887502409
248.5 0.0001619792666538683
249.5 0.00020697350739105395
250.5 0.00019797465924361685
251.5 0.0002249712036859283
252.5 0.00023097043578421974
253.5 0.0002519677481282396
254.5 0.00024746832405452094
255.5 0.00029546218084085225
256.5 0.00027896429257055105
257.5 0.0003269581493568821
258.5 0.00036145373392205813
259.5 0.0003974491265118063
260.5 0.00042894509502783626
261.5 0.0004439431752735648
262.5 0.0005129343444039162
263.5 0.0005369312727970821
264.5 0.0006359186024188901
265.5 0.0006824126511806485
266.5 0.0007289066999424071
267.5 0.0008518909579573812
268.5 0.0008203949894413514
269.5 0.0009973723363409484
270.5 0.0010918602418890377
271.5 0.0011278556344787869
272.5 0.0012313423881743135
273.5 0.0013948214628527564
274.5 0.0014308168554425043
275.5 0.0016437895949318495
276.5 0.001883758878863507
277.5 0.0019377519677481285
278.5 0.00216422297945863
279.5 0.002347199558456518
280.5 0.0024626847763486283
281.5 0.0026366625071990797
282.5 0.002831637550393551
283.5 0.0029306248800153585
284.5 0.0029111273756959126
285.5 0.003284579573814555
286.5 0.003350571126895762
287.5 0.0033925657515837993
288.5 0.0034930528892301777
289.5 0.003647533115761184
290.5 0.003503551545402191
291.5 0.003680528892301786
292.5 0.0036715300441543517
293.5 0.0036310352274908845
294.5 0.003511050585525054
295.5 0.0036130375311960077
296.5 0.003436060184296412
297.5 0.0032305864849299305
298.5 0.0032425849491265145
299.5 0.0031061024188903832
300.5 0.002908127759646767
301.5 0.002707153484354004
302.5 0.002651660587444809
303.5 0.0023726962948742575
304.5 0.002249712036859283
305.5 0.0019167546554041096
306.5 0.0018507631023229032
307.5 0.001657287867153005
308.5 0.0015508014974083323
309.5 0.0013063327894029576
310.5 0.0011848483394125556
311.5 0.0009868736801689384
312.5 0.0008848867344979839
313.5 0.0007544034363601462
314.5 0.0006659147629103471
315.5 0.0006119216740257245
316.5 0.0005054353042810521
317.5 0.0004004487425609518
318.5 0.00030896045306200794
319.5 0.0002744648684968323
320.5 0.0002339700518333653
321.5 0.00021447254751391832
322.5 0.00016347907467844112
323.5 0.0001454813783835669
324.5 0.00013198310616241118
325.5 8.698886542522552e-05
326.5 6.899116913035132e-05
327.5 5.849251295834135e-05
328.5 3.2995776540602795e-05
329.5 3.2995776540602795e-05
330.5 3.29957765406028e-05
331.5 1.64978882703014e-05
332.5 1.949750431944711e-05
333.5 1.4998080245728549e-05
334.5 1.3498272221155694e-05
335.5 1.1998464196582839e-05
336.5 1.3498272221155694e-05
337.5 7.499040122864274e-06
338.5 1.4998080245728546e-06
339.5 2.9996160491457093e-06
340.5 0.0
341.5 0.0
342.5 5.9992320982914186e-06
343.5 1.4998080245728546e-06
344.5 0.0
345.5 1.4998080245728546e-06
346.5 0.0
347.5 0.0
348.5 1.4998080245728546e-06
349.5 0.0
350.5 2.9996160491457093e-06
351.5 0.0
352.5 1.4998080245728546e-06
353.5 1.4998080245728546e-06
354.5 0.0
355.5 0.0
356.5 0.0
357.5 0.0
358.5 0.0
359.5 0.0
