0.5 0.0
1.5 4.4994240737185635e-06
2.5 0.0
3.5 1.4998080245728546e-06
4.5 1.4998080245728546e-06
5.5 0.0
6.5 4.4994240737185635e-06
7.5 5.9992320982914186e-06
8.5 2.9996160491457093e-06
9.5 0.0
10.5 1.4998080245728546e-06
11.5 1.4998080245728546e-06
12.5 1.4998080245728546e-06
13.5 2.9996160491457093e-06
14.5 2.9996160491457093e-06
15.5 1.4998080245728546e-06
16.5 7.499040122864274e-06
17.5 4.4994240737185635e-06
18.5 2.9996160491457093e-06
19.5 4.4994240737185635e-06
20.5 4.4994240737185635e-06
21.5 2.9996160491457093e-06
22.5 2.9996160491457093e-06
23.5 1.0498656172009984e-05
24.5 1.4998080245728547e-05
25.5 1.949750431944711e-05
26.5 2.0997312344019964e-05
27.5 3.1495968516029945e-05
28.5 2.0997312344019968e-05
29.5 2.8496352466884234e-05
30.5 3.749520061432138e-05
31.5 2.849635246688424e-05
32.5 6.149212900748704e-05
33.5 6.149212900748704e-05
34.5 8.998848147437128e-05
35.5 8.998848147437127e-05
36.5 0.00011698502591668268
37.5 0.00014848099443271262
38.5 0.0001844763870224611
39.5 0.00018447638702246113
40.5 0.0002444687080053753
41.5 0.00025946678825110385
42.5 0.0003089604530620081
43.5 0.0003614537339220578
44.5 0.00040944759070838917
45.5 0.00044094355922441933
46.5 0.0005939239777308507
47.5 0.0006014230178537147
48.5 0.0007049097715492417
49.5 0.0007184080437703974
50.5 0.00081439575734306
51.5 0.0009133830869648683
52.5 0.0009568775196774815
53.5 0.0010048713764638129
54.5 0.0010723627375695912
55.5 0.0011563519869456718
56.5 0.0012223435400268772
57.5 0.0011908475715108472
58.5 0.0012823358610097914
59.5 0.0013258302937224037
60.5 0.0014068199270493378
61.5 0.0013018333653292385
62.5 0.0014428153196390863
63.5 0.0014323166634670767
64.5 0.0014593132079093883
65.5 0.0014773109042042617
66.5 0.0014878095603762722
67.5 0.001456313591860242
68.5 0.0014833101363025546
69.5 0.0014188183912459212
70.5 0.0013348291418698417
71.5 0.0013768237665578815
72.5 0.0014323166634670772
73.5 0.0013738241505087353
74.5 0.0013348291418698417
75.5 0.0012508398924937613
76.5 0.0011518525628719527
77.5 0.0011893477634862734
78.5 0.0011293554425033602
79.5 0.0011128575542330584
80.5 0.0009703757918986372
81.5 0.0009298809752351698
82.5 0.000949378479554617
83.5 0.0008473915338836634
84.5 0.0007843995968516034
85.5 0.0007049097715492419
86.5 0.0006629151468612014
87.5 0.0005849251295834135
88.5 0.0005699270493376846
89.5 0.0004919370320598963
90.5 0.0004769389518141676
91.5 0.0004019485505855249
92.5 0.0003884502783643692
93.5 0.0003434560376271836
94.5 0.000319459109234018
95.5 0.0002744648684968324
96.5 0.0002234713956613553
97.5 0.0002654660203493953
98.5 0.00019797465924361688
99.5 0.00015747984258014978
100.5 0.00015747984258014975
101.5 0.00013348291418698404
102.5 0.00012898349011326553
103.5 0.00010798617776924548
104.5 0.00010198694567095407
105.5 0.00011098579381839121
106.5 7.49904012286427e-05
107.5 7.349059320406988e-05
108.5 8.098963332693413e-05
109.5 6.449174505663275e-05
110.5 5.549289690919563e-05
111.5 4.3494432712612785e-05
112.5 3.449558456517566e-05
113.5 5.549289690919564e-05
114.5 4.499424073718564e-05
115.5 5.249328086004991e-05
116.5 4.6494048761758505e-05
117.5 4.9493664810904205e-05
118.5 4.349443271261279e-05
119.5 4.3494432712612785e-05
120.5 3.449558456517566e-05
121.5 4.7993856786331355e-05
122.5 2.549673641773852e-05
123.5 4.9493664810904205e-05
124.5 4.499424073718565e-05
125.5 5.2493280860049926e-05
126.5 5.699270493376851e-05
127.5 6.149212900748705e-05
128.5 5.69927049337685e-05
129.5 7.1990785179497e-05
130.5 8.698886542522553e-05
131.5 8.398924937607982e-05
132.5 0.00010798617776924552
133.5 0.00012148444999040116
134.5 0.00014248176233442114
135.5 0.0001529804185064312
136.5 0.00018297657899788835
137.5 0.00014848099443271265
138.5 0.0002399692839316568
139.5 0.00027596467652140537
140.5 0.0002744648684968324
141.5 0.00033745680552889226
142.5 0.00038995008638894224
143.5 0.00043494432712612777
144.5 0.0005534291610673836
145.5 0.0006134214820502974
146.5 0.000763402284507583
147.5 0.000836892877711653
148.5 0.0009958725283163755
149.5 0.0011023588980610486
150.5 0.001271837204837782
151.5 0.0015882966980226537
152.5 0.0018507631023229035
153.5 0.0021657227874832033
154.5 0.0024491865041274723
155.5 0.0028871304473027455
156.5 0.003338572662699173
157.5 0.0036055384910731432
158.5 0.004326946150892686
159.5 0.0050573526588596675
160.5 0.0058447518717604134
161.5 0.006453673929736993
162.5 0.007259070838932615
163.5 0.007935484258014977
164.5 0.008973351411019388
165.5 0.009732254271453257
166.5 0.01089160587444807
167.5 0.011638510270685349
168.5 0.012851854962564796
169.5 0.013984210021117296
170.5 0.015113565463620663
171.5 0.01602544874256095
172.5 0.017096311672105968
173.5 0.017988697446726817
174.5 0.01883308936456132
175.5 0.01994294730274526
176.5 0.02015741985025917
177.5 0.021015310040314848
178.5 0.02149524860817815
179.5 0.022285647437128055
180.5 0.0220351794970244
181.5 0.022057676617392993
182.5 0.0219631887118449
183.5 0.021805708869264747
184.5 0.021570239009406814
185.5 0.02079033883662892
186.5 0.020458881263198316
187.5 0.01954699798425802
188.5 0.018779096275676716
189.5 0.017543254463428685
190.5 0.01659687559992321
191.5 0.015839472547513913
192.5 0.014824102514878094
193.5 0.013715744384718754
194.5 0.01276636590516414
195.5 0.011457033499712041
196.5 0.010410167498560193
197.5 0.009559776348627381
198.5 0.008520409387598389
199.5 0.00754253455557689
200.5 0.006809128431560764
201.5 0.006246700422345939
202.5 0.00544730274524861
203.5 0.004620908523708967
204.5 0.004079477826838166
205.5 0.003625035995392591
206.5 0.003182592628143599
207.5 0.002863133518909581
208.5 0.0024806824726435017
209.5 0.0021342268189671735
210.5 0.0017727730850451155
211.5 0.0015657995776540607
212.5 0.001331829525820695
213.5 0.0011653508350931083
214.5 0.0009433792474563257
215.5 0.0008743880783259742
216.5 0.0007529036283355732
217.5 0.0006839124592052213
218.5 0.0005519293530428104
219.5 0.000527932424649645
220.5 0.00038845027836436935
221.5 0.0003839508542906507
222.5 0.0003164594931848724
223.5 0.00028496352466884245
224.5 0.00025946678825110385
225.5 0.00023397005183336538
226.5 0.00021147293146477254
227.5 0.0002039738913419083
228.5 0.0001844763870224612
229.5 0.00014548137838356684
230.5 0.00014548137838356692
231.5 0.00013198310616241118
232.5 0.00010948598579381836
233.5 0.0001019869456709541
234.5 0.00011998464196582835
235.5 0.00012448406603954686
236.5 9.898732962180838e-05
237.5 9.748752159723552e-05
238.5 0.0001079861777692455
239.5 0.000101986945670954
240.5 9.14882894989441e-05
241.5 8.548905740065275e-05
242.5 0.00010198694567095408
243.5 8.698886542522552e-05
244.5 0.00011398540986753691
245.5 9.748752159723555e-05
246.5 0.00012298425801497405
247.5 0.00012598387406411972
248.5 0.00014398157035899406
249.5 0.00013348291418698404
250.5 0.00015298041850643119
251.5 0.0001574798425801497
252.5 0.00017997696294874268
253.5 0.00017997696294874254
254.5 0.0002024740833173355
255.5 0.00022197158763678253
256.5 0.00024296889998080248
257.5 0.0003164594931848722
258.5 0.0003539546937991936
259.5 0.00037945143021693206
260.5 0.00042894509502783626
261.5 0.0004964364561336148
262.5 0.0005519293530428103
263.5 0.000578925897485122
264.5 0.0006824126511806488
265.5 0.0008083965252447684
266.5 0.0009328805912843158
267.5 0.0010303681128815512
268.5 0.0012328421961988866
269.5 0.0013093324054521032
270.5 0.0014368160875407956
271.5 0.0016932832597427536
272.5 0.0018597619504703402
273.5 0.0021102298905740077
274.5 0.0025286763294298333
275.5 0.002537675177577272
276.5 0.003059608370128623
277.5 0.003341572278748322
278.5 0.0036640310040314864
279.5 0.004149968803993091
280.5 0.004356942311384143
281.5 0.0048263822230754485
282.5 0.00512634382799002
283.5 0.005657275868688812
284.5 0.005810256287195241
285.5 0.006336688903820312
286.5 0.006614153388366286
287.5 0.0068901180648876965
288.5 0.007173581781531967
289.5 0.007430048953733922
290.5 0.007659519581493569
291.5 0.00791148732962181
292.5 0.008014974083317333
293.5 0.007742009022845077
294.5 0.007884490785179497
295.5 0.007924985601842967
296.5 0.00747054377039739
297.5 0.007397053177193318
298.5 0.007071594835861013
299.5 0.006908115761182565
300.5 0.006500167978498753
301.5 0.006086220963716646
302.5 0.005619780668074487
303.5 0.0051983346131695175
304.5 0.004772389134190825
305.5 0.004247456325590327
306.5 0.003921997984258015
307.5 0.003556044826262239
308.5 0.0033505711268957583
309.5 0.00293062488001536
310.5 0.0025061792090612417
311.5 0.00226321030908044
312.5 0.001966248320215013
313.5 0.0016452894029564224
314.5 0.0015837972739489354
315.5 0.0013048329813783843
316.5 0.0010603642733730087
317.5 0.0009238817431368784
318.5 0.0007813999808024572
319.5 0.0006869120752543674
320.5 0.0005084349203301976
321.5 0.00046794010366673055
322.5 0.00043044490305240937
323.5 0.00033445718947974664
324.5 0.0002849635246688424
325.5 0.00022497120368592823
326.5 0.00019347523516989823
327.5 0.00016497888270301404
328.5 0.00013198310616241115
329.5 0.00011848483394125549
330.5 0.00010048713764638125
331.5 9.598771357266267e-05
332.5 4.64940487617585e-05
333.5 4.9493664810904226e-05
334.5 4.64940487617585e-05
335.5 6.149212900748707e-05
336.5 3.449558456517565e-05
337.5 2.8496352466884234e-05
338.5 1.0498656172009984e-05
339.5 2.6996544442311378e-05
340.5 1.0498656172009984e-05
341.5 8.998848147437129e-06
342.5 2.9996160491457093e-06
343.5 1.0498656172009984e-05
344.5 1.3498272221155694e-05
345.5 5.9992320982914186e-06
346.5 5.9992320982914186e-06
347.5 5.9992320982914186e-06
348.5 5.9992320982914186e-06
349.5 5.9992320982914186e-06
350.5 0.0
351.5 1.4998080245728546e-06
352.5 2.9996160491457093e-06
353.5 4.4994240737185635e-06
354.5 2.9996160491457093e-06
355.5 0.0
356.5 1.4998080245728546e-06
357.5 2.9996160491457093e-06
358.5 4.4994240737185635e-06
359.5 1.4998080245728546e-06
