0.5 0.0
1.5 0.0
2.5 0.0
3.5 0.0
4.5 0.0
5.5 0.0
6.5 0.0
7.5 0.0
8.5 0.0
9.5 0.0
10.5 0.0
11.5 0.0
12.5 0.0
13.5 0.0
14.5 1.4998080245728546e-06
15.5 1.4998080245728546e-06
16.5 1.4998080245728546e-06
17.5 0.0
18.5 0.0
19.5 2.9996160491457093e-06
20.5 4.4994240737185635e-06
21.5 2.9996160491457093e-06
22.5 8.998848147437129e-06
23.5 1.4998080245728546e-06
24.5 0.0
25.5 2.9996160491457093e-06
26.5 4.4994240737185635e-06
27.5 1.0498656172009984e-05
28.5 1.0498656172009984e-05
29.5 3.149596851602994e-05
30.5 1.4998080245728549e-05
31.5 3.149596851602994e-05
32.5 4.199462468803994e-05
33.5 5.999232098291421e-05
34.5 8.698886542522554e-05
35.5 7.948982530236127e-05
36.5 0.00010348675369552695
37.5 0.00013648253023612971
38.5 0.00015897965060472264
39.5 0.00025496736417738523
40.5 0.0003854506623152236
41.5 0.0004259454789786906
42.5 0.0005414306968708006
43.5 0.0006329189863697445
44.5 0.0008173953733922058
45.5 0.0009088836628911503
46.5 0.0011533523708965254
47.5 0.0014503143597619519
48.5 0.0018222667498560194
49.5 0.001985745824534461
50.5 0.002449186504127473
51.5 0.0028211388942215414
52.5 0.0032200878287579216
53.5 0.003881503167594549
54.5 0.00450692311384143
55.5 0.00510084709157228
56.5 0.005717268189671727
57.5 0.0063351890957957435
58.5 0.006854122672297946
59.5 0.00755903244384719
60.5 0.0081769533499712
61.5 0.008343432040698784
62.5 0.008745380591284317
63.5 0.00961676905356114
64.5 0.009484785947398733
65.5 0.009868736801689384
66.5 0.009714256575158382
67.5 0.009678261182568633
68.5 0.009538779036283355
69.5 0.009658763678249185
70.5 0.009402296506047228
71.5 0.008890861969667879
72.5 0.008700386350547127
73.5 0.008100463140717985
74.5 0.007607026300633513
75.5 0.007143585621040508
76.5 0.006468672009982728
77.5 0.00577126127855635
78.5 0.005298821750815899
79.5 0.004664402956421579
80.5 0.0042219595891725865
81.5 0.0037105250527932443
82.5 0.0031091020349395307
83.5 0.002791142733730085
84.5 0.002410191495488578
85.5 0.002143225667114609
86.5 0.0018942575350355162
87.5 0.0015777980418506434
88.5 0.001384322806680746
89.5 0.0011368544826262236
90.5 0.0009553777116529082
91.5 0.0008353930696870795
92.5 0.0007739009406795928
93.5 0.0006539162987137645
94.5 0.0004934368400844693
95.5 0.0004859377999616048
96.5 0.0003644533499712037
97.5 0.00030296122096371665
98.5 0.0002429688999808025
99.5 0.0002459685160299482
100.5 0.00020697350739105403
101.5 0.00020097427529276263
102.5 0.00016797849875215969
103.5 0.000122984258014974
104.5 9.748752159723555e-05
105.5 0.00010798617776924548
106.5 9.748752159723548e-05
107.5 8.998848147437124e-05
108.5 9.14882894989441e-05
109.5 7.349059320406988e-05
110.5 5.549289690919564e-05
111.5 7.948982530236129e-05
112.5 4.649404876175851e-05
113.5 4.799385678633136e-05
114.5 4.799385678633137e-05
115.5 3.599539258974851e-05
116.5 2.399692839316567e-05
117.5 2.6996544442311378e-05
118.5 2.6996544442311378e-05
119.5 3.449558456517566e-05
120.5 4.1994624688039935e-05
121.5 3.1495968516029945e-05
122.5 4.799385678633136e-05
123.5 2.849635246688423e-05
124.5 5.5492896909195646e-05
125.5 5.699270493376849e-05
126.5 2.8496352466884234e-05
127.5 4.349443271261279e-05
128.5 5.0993472835477076e-05
129.5 5.2493280860049926e-05
130.5 5.399308888462278e-05
131.5 5.699270493376848e-05
132.5 4.199462468803994e-05
133.5 6.59915530812056e-05
134.5 9.898732962180838e-05
135.5 0.00010198694567095407
136.5 0.00011248560184296398
137.5 0.00010948598579381832
138.5 0.00017847715492416979
139.5 0.0001604794586292955
140.5 0.00018147677097331548
141.5 0.00023097043578421966
142.5 0.0003044610289882894
143.5 0.0003254583413323094
144.5 0.0003464556536763293
145.5 0.0004889374160107506
146.5 0.0005084349203301979
147.5 0.0006629151468612015
148.5 0.0007843995968516037
149.5 0.0009283811672105968
150.5 0.0010168698406603956
151.5 0.0012523397005183335
152.5 0.001462312823958534
153.5 0.0016947830677673272
154.5 0.0019227538875024005
155.5 0.0022092172201958163
156.5 0.0026576598195431
157.5 0.0031465972355538504
158.5 0.003383566903436361
159.5 0.0038005135342676155
160.5 0.00442443367248992
161.5 0.004860877807640625
162.5 0.005654276252639668
163.5 0.006339688519869463
164.5 0.006942611345747746
165.5 0.007524536859282014
166.5 0.0084589172585909
167.5 0.009138330293722402
168.5 0.009724755231330394
169.5 0.010770121424457683
170.5 0.011524524860817828
171.5 0.01218594019965445
172.5 0.012761866481090426
173.5 0.013474275292762539
174.5 0.014117692935304274
175.5 0.014546638030332106
176.5 0.01498608178153195
177.5 0.01558750479938567
178.5 0.015566507487041647
179.5 0.016131935112305613
180.5 0.016083941255519277
181.5 0.01602394893453637
182.5 0.015481018429640997
183.5 0.015095567767325775
184.5 0.014506143213668646
185.5 0.014261674505663272
186.5 0.013328793914378963
187.5 0.012829357842196205
188.5 0.012101950950278375
189.5 0.011278556344787876
190.5 0.010803117200998281
191.5 0.010092208197350747
192.5 0.009198322614705318
193.5 0.008301437416010748
194.5 0.007632523037051257
195.5 0.007007103090804381
196.5 0.006414678921098104
197.5 0.005456301593396048
198.5 0.0049658643693607256
199.5 0.004392937703973893
200.5 0.003904000287963141
201.5 0.0033280740065271676
202.5 0.002969619888654252
203.5 0.002611165770781343
204.5 0.0023307016701862152
205.5 0.001949750431944713
206.5 0.0017412771165290848
207.5 0.0015133062967940109
208.5 0.0012598387406411984
209.5 0.0011203565943559229
210.5 0.0009013846227682852
211.5 0.0007499040122864278
212.5 0.0006194207141485891
213.5 0.0005759262814359763
214.5 0.0005024356882319064
215.5 0.00037795162219235944
216.5 0.0003224587252831637
217.5 0.0002519677481282396
218.5 0.0002519677481282396
219.5 0.00022647101171050117
220.5 0.00016947830677673258
221.5 0.0001334829141869841
222.5 0.00014398157035899406
223.5 0.00011398540986753687
224.5 9.74875215972355e-05
225.5 7.499040122864273e-05
226.5 8.84886734497984e-05
227.5 8.54890574006527e-05
228.5 6.29919370320599e-05
229.5 8.998848147437128e-05
230.5 4.499424073718564e-05
231.5 4.0494816663467085e-05
232.5 4.6494048761758505e-05
233.5 2.399692839316567e-05
234.5 5.549289690919563e-05
235.5 2.5496736417738524e-05
236.5 2.6996544442311374e-05
237.5 3.449558456517565e-05
238.5 2.6996544442311378e-05
239.5 2.399692839316567e-05
240.5 4.949366481090422e-05
241.5 4.199462468803993e-05
242.5 4.3494432712612785e-05
243.5 5.249328086004992e-05
244.5 3.29957765406028e-05
245.5 3.2995776540602795e-05
246.5 4.3494432712612785e-05
247.5 7.049097715492415e-05
248.5 5.5492896909195646e-05
249.5 7.499040122864269e-05
250.5 6.29919370320599e-05
251.5 7.799001727778842e-05
252.5 8.548905740065269e-05
253.5 8.248944135150695e-05
254.5 0.0001214844499904011
255.5 0.00012448406603954686
256.5 0.00014398157035899403
257.5 0.00014548137838356698
258.5 0.00015897965060472253
259.5 0.0002204717796122096
260.5 0.0002549673641773853
261.5 0.0002429688999808026
262.5 0.0002909627567671338
263.5 0.00036895277404492215
264.5 0.0004544418314455747
265.5 0.0005399308888462276
266.5 0.0006284195622960263
267.5 0.0006839124592052215
268.5 0.000865389230178537
269.5 0.0009508782875791897
270.5 0.001120356594355923
271.5 0.0013753239585333086
272.5 0.0015687991937032067
273.5 0.001820766941831446
274.5 0.0021597235553849118
275.5 0.0024806824726435034
276.5 0.0028121400460741027
277.5 0.003286079381839127
278.5 0.0036595315799577677
279.5 0.004128971491649072
280.5 0.0047708893261662515
281.5 0.005387310424265697
282.5 0.006003731522365137
283.5 0.00628719523900941
284.5 0.006932112689575739
285.5 0.007527536475331155
286.5 0.007897989057400653
287.5 0.008607398253023613
288.5 0.008779876175849488
289.5 0.009316807448646575
290.5 0.009489285371472454
291.5 0.009735253887502399
292.5 0.00974875215972356
293.5 0.009822242752927628
294.5 0.009531279996160493
295.5 0.009637766365905165
296.5 0.009510282683816469
297.5 0.009163827030140143
298.5 0.008605898444999037
299.5 0.007872492320982916
300.5 0.007461544922249956
301.5 0.007179581013630257
302.5 0.006305192935304285
303.5 0.0057802601267037896
304.5 0.005099347283547708
305.5 0.004422933864465348
306.5 0.0039339964484545985
307.5 0.0033730682472643513
308.5 0.002833137358418125
309.5 0.002483682088692649
310.5 0.0021177289306968713
311.5 0.0016752855634478792
312.5 0.0015343036091380303
313.5 0.0011893477634862739
314.5 0.0010588644653484356
315.5 0.0008248944135150701
316.5 0.0007094091956229601
317.5 0.0005399308888462274
318.5 0.00040344835861009793
319.5 0.00033295738145517375
320.5 0.0002459685160299484
321.5 0.00019947446726818966
322.5 0.00015897965060472259
323.5 0.00011848483394125549
324.5 6.89911691303513e-05
325.5 7.349059320406988e-05
326.5 7.499040122864273e-05
327.5 3.749520061432137e-05
328.5 4.1994624688039935e-05
329.5 3.449558456517565e-05
330.5 1.6497888270301404e-05
331.5 1.9497504319447107e-05
332.5 1.7997696294874257e-05
333.5 4.4994240737185635e-06
334.5 8.998848147437129e-06
335.5 5.9992320982914186e-06
336.5 4.4994240737185635e-06
337.5 4.4994240737185635e-06
338.5 4.4994240737185635e-06
339.5 2.9996160491457093e-06
340.5 2.9996160491457093e-06
341.5 2.9996160491457093e-06
342.5 2.9996160491457093e-06
343.5 0.0
344.5 2.9996160491457093e-06
345.5 0.0
346.5 0.0
347.5 1.4998080245728546e-06
348.5 0.0
349.5 0.0
350.5 0.0
351.5 0.0
352.5 1.4998080245728546e-06
353.5 0.0
354.5 0.0
355.5 0.0
356.5 0.0
357.5 2.9996160491457093e-06
358.5 0.0
359.5 0.0
