0.5 0.0
1.5 0.0
2.5 0.0
3.5 0.0
4.5 0.0
5.5 0.0
6.5 0.0
7.5 1.4998080245728546e-06
8.5 0.0
9.5 1.4998080245728546e-06
10.5 0.0
11.5 2.9996160491457093e-06
12.5 0.0
13.5 0.0
14.5 1.4998080245728546e-06
15.5 0.0
16.5 4.4994240737185635e-06
17.5 1.4998080245728546e-06
18.5 2.9996160491457093e-06
19.5 4.4994240737185635e-06
20.5 1.4998080245728546e-06
21.5 4.4994240737185635e-06
22.5 8.998848147437129e-06
23.5 1.4998080245728546e-06
24.5 1.0498656172009984e-05
25.5 1.0498656172009984e-05
26.5 4.4994240737185635e-06
27.5 1.0498656172009984e-05
28.5 1.7997696294874257e-05
29.5 3.749520061432136e-05
30.5 3.149596851602994e-05
31.5 2.8496352466884228e-05
32.5 6.749136110577847e-05
33.5 5.549289690919564e-05
34.5 9.448790554808978e-05
35.5 9.148828949894409e-05
36.5 0.0001049865617200998
37.5 0.0001364825302361298
38.5 0.00017547753887502392
39.5 0.00018747600307160686
40.5 0.00023097043578421963
41.5 0.0003089604530620081
42.5 0.0003749520061432137
43.5 0.00046194087156843937
44.5 0.0004604410635438665
45.5 0.0005849251295834135
46.5 0.0006959109234018043
47.5 0.0007184080437703973
48.5 0.0008548905740065276
49.5 0.000935880207333461
50.5 0.0011683504511422538
51.5 0.0012958341332309465
52.5 0.001528304377039739
53.5 0.0015358034171626034
54.5 0.0017337780764062217
55.5 0.0019527500479938574
56.5 0.001963248704165867
57.5 0.0022272149164906897
58.5 0.0022392133806872724
59.5 0.0025061792090612395
60.5 0.0026786571318871194
61.5 0.0026801569399116923
62.5 0.003085105106546364
63.5 0.0028841308312535997
64.5 0.0030116145133422946
65.5 0.00315709589172586
66.5 0.0032095891725859105
67.5 0.003134598771357268
68.5 0.003070107026300634
69.5 0.0031750935880207345
70.5 0.0029486225763102345
71.5 0.002971119696678827
72.5 0.0030416106738337515
73.5 0.0029006287195239015
74.5 0.0027206517565751594
75.5 0.002866133134958726
76.5 0.0025796698022653108
77.5 0.0025106786331349604
78.5 0.00231720339796506
79.5 0.0022857074294490307
80.5 0.0020502375695910934
81.5 0.0019407515837972754
82.5 0.001733778076406221
83.5 0.001604794586292955
84.5 0.0014968084085237106
85.5 0.001378323574582454
86.5 0.0011548521789210983
87.5 0.0011158571702822042
88.5 0.00099287291226723
89.5 0.0009613769437511999
90.5 0.0008473915338836628
91.5 0.0007978978690727586
92.5 0.0006944111153772312
93.5 0.0006224203301977343
94.5 0.0005654276252639659
95.5 0.0005294322326742179
96.5 0.0004679401036667307
97.5 0.00045144221539642946
98.5 0.0003974491265118065
99.5 0.0004094475907083892
100.5 0.0003449558456517566
101.5 0.0003269581493568823
102.5 0.0003509550777500481
103.5 0.00029846179688999824
104.5 0.00024146909195622965
105.5 0.0002489681320790939
106.5 0.0002264710117105011
107.5 0.00017997696294874246
108.5 0.0002249712036859282
109.5 0.0001784771549241697
110.5 0.00016947830677673269
111.5 0.00016497888270301404
112.5 0.00015298041850643108
113.5 0.00011848483394125545
114.5 0.00013498272221155688
115.5 0.00011998464196582832
116.5 0.00016797849875215974
117.5 0.0001244840660395469
118.5 0.0001379823382607026
119.5 0.00013048329813783837
120.5 0.00015148061048185824
121.5 0.00016047945862929545
122.5 0.00015747984258014975
123.5 0.00013048329813783831
124.5 0.00015298041850643124
125.5 0.00018597619504703397
126.5 0.0001829765789978883
127.5 0.0001919754271453254
128.5 0.0002219715876367826
129.5 0.00019047561912075264
130.5 0.0002189719715876368
131.5 0.00025646717220195807
132.5 0.00027446486849683243
133.5 0.0002924625647917067
134.5 0.0003164594931848723
135.5 0.00038095123824150495
136.5 0.0004184464388558263
137.5 0.0004739393357650219
138.5 0.0005189335765022078
139.5 0.000557928585141102
140.5 0.0006914114993280862
141.5 0.0007304065079669801
142.5 0.0008953853906699942
143.5 0.0009403796314071796
144.5 0.001058864465348436
145.5 0.0012913347091572278
146.5 0.001490809176425418
147.5 0.0016437895949318495
148.5 0.0019677481282395866
149.5 0.002162723171434057
150.5 0.002429688999808026
151.5 0.0027596467652140555
152.5 0.0031181008830869677
153.5 0.0036145373392205797
154.5 0.004133470915722788
155.5 0.004661403340372435
156.5 0.005136842484162028
157.5 0.005985733826070272
158.5 0.006620152620464584
159.5 0.007052097331541564
160.5 0.007962480802457282
161.5 0.00877987617584949
162.5 0.009807244672681901
163.5 0.01073262622384336
164.5 0.01154102274908813
165.5 0.012598387406411988
166.5 0.01351027068535228
167.5 0.014537639182184679
168.5 0.015641497888270284
169.5 0.01658187751967747
170.5 0.017465264446150885
171.5 0.01816567479362641
172.5 0.019167546554041084
173.5 0.01958599299289692
174.5 0.02049187703973892
175.5 0.021210285083509323
176.5 0.02184620368592823
177.5 0.022150664714916515
178.5 0.022344139950086418
179.5 0.022167162603186814
180.5 0.022134166826646224
181.5 0.022285647437128075
182.5 0.02183420522173165
183.5 0.021748716164330995
184.5 0.021244780668074507
185.5 0.020427385294682302
186.5 0.019779468228066817
187.5 0.019335525052793255
188.5 0.018711604914570936
189.5 0.017153304377039727
190.5 0.016373404204261838
191.5 0.01575698310616239
192.5 0.014515142061816078
193.5 0.013738241505087354
194.5 0.01271537243232867
195.5 0.011575518333653303
196.5 0.010830113745440599
197.5 0.009934728354770595
198.5 0.009241817047417927
199.5 0.008227946822806679
200.5 0.007394053561144171
201.5 0.006672645901324636
202.5 0.005846251679784993
203.5 0.0052028340372432345
204.5 0.004734893933576503
205.5 0.0042249592052217315
206.5 0.003731522365137263
207.5 0.0032875791898636987
208.5 0.0029516221923593803
209.5 0.002473183432520638
210.5 0.0022152164522941066
211.5 0.0019197542714532551
212.5 0.001768273660971396
213.5 0.0016887838356690347
214.5 0.0013003335573046652
215.5 0.0011353546746016511
216.5 0.0010183696486849682
217.5 0.0008653892301785374
218.5 0.0007469043962372813
219.5 0.000710909003647533
220.5 0.0006464172585909004
221.5 0.0005549289690919561
222.5 0.0004859377999616047
223.5 0.00045444183144557513
224.5 0.000391449894413515
225.5 0.0003254583413323094
226.5 0.0002894629487425608
227.5 0.00026996544442311376
228.5 0.0002444687080053753
229.5 0.0002504679401036667
230.5 0.000206973507391054
231.5 0.00022947062775964687
232.5 0.00016497888270301412
233.5 0.00016947830677673255
234.5 0.00016197926665386834
235.5 0.00017397773085045117
236.5 0.00016197926665386829
237.5 0.00018147677097331543
238.5 0.00015148061048185835
239.5 0.00011248560184296407
240.5 0.0001574798425801497
241.5 0.00014398157035899403
242.5 0.00016497888270301407
243.5 0.00013648253023612971
244.5 0.00014848099443271257
245.5 0.0001559800345555768
246.5 0.00016947830677673263
247.5 0.00019047561912075258
248.5 0.00018147677097331535
249.5 0.00017547753887502403
250.5 0.00019347523516989828
251.5 0.00020397389134190833
252.5 0.00022497120368592834
253.5 0.0002129727394893455
254.5 0.00022047177961220964
255.5 0.00023397005183336533
256.5 0.0002624664043002495
257.5 0.0002954621808408522
258.5 0.0003059608370128622
259.5 0.00035545450182376646
260.5 0.0003734521981186407
261.5 0.0004439431752735651
262.5 0.0004904372240353235
263.5 0.0004994360721827605
264.5 0.000559428393165675
265.5 0.0005639278172393931
266.5 0.000682412651180649
267.5 0.0007739009406795931
268.5 0.0007799001727778845
269.5 0.0008878863505471299
270.5 0.0010063711844883858
271.5 0.0010708629295450181
272.5 0.0012283427721251684
273.5 0.0013183312535995399
274.5 0.001382822998656173
275.5 0.0014728114801305428
276.5 0.0017427769245536573
277.5 0.0017952702054137078
278.5 0.0019902452486081803
279.5 0.0020097427529276258
280.5 0.002218216068343254
281.5 0.0023397005183336543
282.5 0.002507679017085814
283.5 0.002749148109042045
284.5 0.0028106402380495303
285.5 0.003014614129391439
286.5 0.0030101147053177217
287.5 0.0031106018429641015
288.5 0.0031570958917258606
289.5 0.0031945910923401803
290.5 0.0032545834133230955
291.5 0.0032590828373968146
292.5 0.0034015645997312344
293.5 0.003295078229986563
294.5 0.0032590828373968163
295.5 0.003095603762718372
296.5 0.002995116625071992
297.5 0.002971119696678827
298.5 0.002795642157803803
299.5 0.002711652908427723
300.5 0.002618664810904206
301.5 0.0024671842004223474
302.5 0.002330701670186218
303.5 0.0021042306584757157
304.5 0.002024740833173355
305.5 0.0017742728930696878
306.5 0.0017172801881359192
307.5 0.0014083197350739114
308.5 0.0013093324054521032
309.5 0.0012013462276828574
310.5 0.0011383542906507967
311.5 0.0008788875023996929
312.5 0.0008233946054904973
313.5 0.0006689143789594934
314.5 0.0005879247456325588
315.5 0.0005099347283547706
316.5 0.0004214460549049721
317.5 0.0003599539258974851
318.5 0.0003584541178729123
319.5 0.00023846947590708406
320.5 0.0001949750431944711
321.5 0.00018297657899788832
322.5 0.00013948214628527541
323.5 0.00012148444999040116
324.5 0.00011098579381839118
325.5 5.849251295834136e-05
326.5 5.2493280860049926e-05
327.5 7.049097715492417e-05
328.5 3.899500863889422e-05
329.5 2.399692839316567e-05
330.5 2.8496352466884234e-05
331.5 3.7495200614321365e-05
332.5 1.6497888270301404e-05
333.5 1.1998464196582839e-05
334.5 1.4998080245728549e-05
335.5 1.3498272221155694e-05
336.5 4.4994240737185635e-06
337.5 0.0
338.5 4.4994240737185635e-06
339.5 5.9992320982914186e-06
340.5 1.4998080245728546e-06
341.5 5.9992320982914186e-06
342.5 1.4998080245728546e-06
343.5 4.4994240737185635e-06
344.5 0.0
345.5 0.0
346.5 0.0
347.5 1.4998080245728546e-06
348.5 1.4998080245728546e-06
349.5 0.0
350.5 0.0
351.5 0.0
352.5 0.0
353.5 0.0
354.5 0.0
355.5 0.0
356.5 0.0
357.5 0.0
358.5 0.0
359.5 0.0
