0.5 4.4994240737185635e-06
1.5 0.0
2.5 0.0
3.5 1.4998080245728546e-06
4.5 1.4998080245728546e-06
5.5 0.0
6.5 0.0
7.5 1.4998080245728546e-06
8.5 0.0
9.5 0.0
10.5 1.4998080245728546e-06
11.5 2.9996160491457093e-06
12.5 0.0
13.5 1.4998080245728546e-06
14.5 2.9996160491457093e-06
15.5 2.9996160491457093e-06
16.5 1.4998080245728546e-06
17.5 7.499040122864274e-06
18.5 2.9996160491457093e-06
19.5 2.9996160491457093e-06
20.5 4.4994240737185635e-06
21.5 7.499040122864274e-06
22.5 8.998848147437129e-06
23.5 5.9992320982914186e-06
24.5 7.499040122864274e-06
25.5 1.949750431944711e-05
26.5 2.0997312344019964e-05
27.5 2.3996928393165668e-05
28.5 3.449558456517565e-05
29.5 5.549289690919564e-05
30.5 4.1994624688039935e-05
31.5 5.9992320982914196e-05
32.5 5.8492512958341326e-05
33.5 7.199078517949703e-05
34.5 6.59915530812056e-05
35.5 0.00012148444999040115
36.5 0.00014698118640813979
37.5 0.00016047945862929548
38.5 0.0001979746592436168
39.5 0.00024146909195622976
40.5 0.0003359569975043195
41.5 0.00036145373392205797
42.5 0.0004049481666346709
43.5 0.0005489297369936649
44.5 0.0005894245536571318
45.5 0.0006914114993280857
46.5 0.0007604026684584371
47.5 0.0008773876943751198
48.5 0.0009823742560952197
49.5 0.0011683504511422545
50.5 0.0013828229986561724
51.5 0.0015013078325974284
52.5 0.0017277788443079295
53.5 0.0018507631023229037
54.5 0.0019842460165098888
55.5 0.0022437128047609915
56.5 0.002443187272029181
57.5 0.0025076790170858124
58.5 0.0026021669226339032
59.5 0.0028751319831061633
60.5 0.003079105874448072
61.5 0.0031720939719715895
62.5 0.0031285995392589757
63.5 0.0033145757343060085
64.5 0.0033790674793626424
65.5 0.0034135630639278193
66.5 0.00339406555960837
67.5 0.003307076694183146
68.5 0.0033205749664043023
69.5 0.0033940655596083735
70.5 0.0033895661355346513
71.5 0.0033040770781339996
72.5 0.003023612977538876
73.5 0.003025112785563449
74.5 0.0029291250719907886
75.5 0.002803141197926667
76.5 0.0025196774812823956
77.5 0.0025661715300441565
78.5 0.0024476866961029
79.5 0.002107230274524862
80.5 0.0021657227874832025
81.5 0.0019257535035515463
82.5 0.0018087684776348632
83.5 0.0016557880591284322
84.5 0.0015448022653100416
85.5 0.0013588260702630066
86.5 0.0012748368208869267
87.5 0.0012058456517565759
88.5 0.0011038587060856215
89.5 0.0009523780956037627
90.5 0.0008533907659819542
91.5 0.0007694015166058746
92.5 0.0007064095795738145
93.5 0.0006104218660011519
94.5 0.0006209205221731621
95.5 0.0005639278172393934
96.5 0.0005039354962564794
97.5 0.0004499424073718564
98.5 0.00039444951046266075
99.5 0.00035395469379919384
100.5 0.0003404564215780381
101.5 0.00030746064503743515
102.5 0.0002744648684968325
103.5 0.0002774644845459782
104.5 0.00027596467652140516
105.5 0.0001994744672681896
106.5 0.0002264710117105011
107.5 0.00023696966788251103
108.5 0.00022647101171050112
109.5 0.0001919754271453254
110.5 0.0001409819543098483
111.5 0.00017547753887502398
112.5 0.00016047945862929542
113.5 0.00012598387406411978
114.5 0.0001349827222115569
115.5 0.00012898349011326545
116.5 0.00011698502591668261
117.5 0.00011248560184296406
118.5 0.00013498272221155688
119.5 0.0001349827222115569
120.5 0.0001079861777692455
121.5 0.00011548521789210977
122.5 8.248944135150699e-05
123.5 0.00013798233826070263
124.5 0.0001454813783835669
125.5 0.00014398157035899406
126.5 0.00016497888270301407
127.5 0.0001679784987521597
128.5 0.00020697350739105392
129.5 0.00020247408331733552
130.5 0.00021897197158763683
131.5 0.000206973507391054
132.5 0.00024446870800537527
133.5 0.00028496352466884255
134.5 0.0002969619888654252
135.5 0.0003524548857746207
136.5 0.0003899500863889422
137.5 0.0004169466308312535
138.5 0.0004754391437895948
139.5 0.0005309320406987904
140.5 0.0006809128431560761
141.5 0.0006974107314263775
142.5 0.0007709013246304474
143.5 0.0009013846227682856
144.5 0.0011473531387982338
145.5 0.001216344307928585
146.5 0.001400820694951046
147.5 0.0015073070646957197
148.5 0.0018372648301017475
149.5 0.002069735073910541
150.5 0.0023277020541370708
151.5 0.002761146573238628
152.5 0.003005615281244002
153.5 0.003494552697254755
154.5 0.003942995296602036
155.5 0.00439143789594932
156.5 0.004877375695910925
157.5 0.005520793338452683
158.5 0.00628569543098484
159.5 0.006936612113649453
160.5 0.007625023996928395
161.5 0.008775376751775773
162.5 0.009474287291226725
163.5 0.010306680744864662
164.5 0.011230562488001548
165.5 0.012472403532347865
166.5 0.013150316759454803
167.5 0.014348663371088503
168.5 0.015370032635822607
169.5 0.01613643453637933
170.5 0.017394773468995962
171.5 0.018150676713380685
172.5 0.018821090900364757
173.5 0.019476507007103096
174.5 0.020350895085429078
175.5 0.021000311960069122
176.5 0.02192419370320601
177.5 0.021592736129775403
178.5 0.021928693127279734
179.5 0.021979686600115202
180.5 0.021804209061240178
181.5 0.02195868928777119
182.5 0.021525244768669634
183.5 0.021670726147053204
184.5 0.020572866673065866
185.5 0.02033589700518335
186.5 0.019470507775004805
187.5 0.018732602226914953
188.5 0.01774122912267229
189.5 0.01709931128815511
190.5 0.016098939335765002
191.5 0.01521705221731618
192.5 0.014222679497024378
193.5 0.013085825014398167
194.5 0.012109449990401241
195.5 0.011070083029372247
196.5 0.010006719139950092
197.5 0.009441291514686118
198.5 0.008415422825878288
199.5 0.007605526492608945
200.5 0.006933612497600309
201.5 0.006095219811864085
202.5 0.005508794874256101
203.5 0.0049748632175081586
204.5 0.004217460165098867
205.5 0.003927997216356309
206.5 0.0035260486657707826
207.5 0.0030446102898828964
208.5 0.002683156555960838
209.5 0.0023247024380879254
210.5 0.0020787339220579774
211.5 0.0017322782683816481
212.5 0.0015358034171626038
213.5 0.001349827222115569
214.5 0.0012283427721251682
215.5 0.0011383542906507975
216.5 0.0009793746400460737
217.5 0.0007649020925321558
218.5 0.0006974107314263772
219.5 0.0006479170666154728
220.5 0.0005744264734114032
221.5 0.0004964364561336149
222.5 0.000419946246880399
223.5 0.0004484425993472835
224.5 0.00034645565367632955
225.5 0.0003164594931848724
226.5 0.00027146525244768665
227.5 0.0002684656363985409
228.5 0.000217472163563064
229.5 0.00024596851602994826
230.5 0.00017547753887502398
231.5 0.0001769773468995969
232.5 0.00019497504319447115
233.5 0.00016947830677673258
234.5 0.00017397773085045117
235.5 0.0001244840660395469
236.5 0.0001349827222115569
237.5 0.00015298041850643116
238.5 0.00016047945862929545
239.5 0.00014248176233442122
240.5 0.0001454813783835669
241.5 0.00017097811480130547
242.5 0.00016047945862929548
243.5 0.00014698118640813973
244.5 0.00015298041850643124
245.5 0.00017397773085045125
246.5 0.00013948214628527555
247.5 0.00018297657899788819
248.5 0.00015298041850643116
249.5 0.00016797849875215977
250.5 0.0001994744672681897
251.5 0.00020547369936648122
252.5 0.0002144725475139183
253.5 0.00024896813207909394
254.5 0.0002699654444231139
255.5 0.0002714652524476867
256.5 0.000286463332693415
257.5 0.00040194855058552504
258.5 0.00035095507775004784
259.5 0.00039594931848723337
260.5 0.0004379439431752734
261.5 0.00046494048761758493
262.5 0.00048143837588788624
263.5 0.0006149212900748701
264.5 0.0006689143789594929
265.5 0.0007109090036475328
266.5 0.0006749136110577846
267.5 0.0008848867344979846
268.5 0.0008548905740065273
269.5 0.0009988721443655209
270.5 0.0010828613937416008
271.5 0.0011008590900364757
272.5 0.001354326646189288
273.5 0.0014443151276636596
274.5 0.0014938087924745637
275.5 0.0016647869072758696
276.5 0.0017082813399884823
277.5 0.002047237953541948
278.5 0.0021807208677289323
279.5 0.0022797081973507404
280.5 0.0024176905356114425
281.5 0.00250017997696295
282.5 0.002770145421386063
283.5 0.002836136974467269
284.5 0.0029411235361873713
285.5 0.0032500839892493764
286.5 0.0031465972355538504
287.5 0.0033295738145517405
288.5 0.0033340732386254565
289.5 0.003412063255903246
290.5 0.0035440463620656573
291.5 0.0036340348435400264
292.5 0.0036625311960069118
293.5 0.0038200110385870627
294.5 0.0036760294682280687
295.5 0.003632535035515455
296.5 0.003535047513918219
297.5 0.0033655692071414877
298.5 0.0032335861009790776
299.5 0.0031046026108658095
300.5 0.0030506095219811897
301.5 0.0027656459973123436
302.5 0.002756647149164908
303.5 0.0023771957189479753
304.5 0.002284207621424459
305.5 0.0021342268189671735
306.5 0.0019212540794778272
307.5 0.0018102682856594365
308.5 0.001528304377039739
309.5 0.0013663251103858706
310.5 0.00131833125359954
311.5 0.0011608514110193896
312.5 0.001039366961028988
313.5 0.0009193823190631596
314.5 0.0007574030524092917
315.5 0.0006674145709349199
316.5 0.0005849251295834133
317.5 0.00048443799193703197
318.5 0.0004184464388558265
319.5 0.000317959301209445
320.5 0.0002699654444231137
321.5 0.0002309704357842196
322.5 0.00021597235553849105
323.5 0.00016497888270301399
324.5 0.00011848483394125547
325.5 0.00012148444999040119
326.5 0.00010948598579381833
327.5 6.299193703205993e-05
328.5 6.449174505663275e-05
329.5 3.7495200614321365e-05
330.5 4.799385678633135e-05
331.5 3.149596851602994e-05
332.5 4.499424073718565e-05
333.5 2.2497120368592814e-05
334.5 1.6497888270301404e-05
335.5 2.2497120368592818e-05
336.5 4.4994240737185635e-06
337.5 1.1998464196582839e-05
338.5 4.4994240737185635e-06
339.5 8.998848147437129e-06
340.5 5.9992320982914186e-06
341.5 2.9996160491457093e-06
342.5 1.4998080245728546e-06
343.5 2.9996160491457093e-06
344.5 2.9996160491457093e-06
345.5 1.4998080245728546e-06
346.5 2.9996160491457093e-06
347.5 2.9996160491457093e-06
348.5 1.4998080245728546e-06
349.5 0.0
350.5 1.4998080245728546e-06
351.5 2.9996160491457093e-06
352.5 0.0
353.5 0.0
354.5 0.0
355.5 0.0
356.5 1.4998080245728546e-06
357.5 0.0
358.5 0.0
359.5 0.0
