0.5 0.0
1.5 1.4998080245728546e-06
2.5 0.0
3.5 0.0
4.5 0.0
5.5 0.0
6.5 1.4998080245728546e-06
7.5 0.0
8.5 0.0
9.5 0.0
10.5 0.0
11.5 0.0
12.5 0.0
13.5 0.0
14.5 0.0
15.5 0.0
16.5 1.4998080245728546e-06
17.5 1.4998080245728546e-06
18.5 0.0
19.5 0.0
20.5 2.9996160491457093e-06
21.5 2.9996160491457093e-06
22.5 4.4994240737185635e-06
23.5 4.4994240737185635e-06
24.5 5.9992320982914186e-06
25.5 1.1998464196582839e-05
26.5 1.4998080245728549e-05
27.5 1.3498272221155694e-05
28.5 1.949750431944711e-05
29.5 2.3996928393165668e-05
30.5 3.7495200614321365e-05
31.5 3.149596851602994e-05
32.5 4.0494816663467085e-05
33.5 3.599539258974851e-05
34.5 8.548905740065268e-05
35.5 0.00011848483394125545
36.5 0.0001034867536955269
37.5 0.00019497504319447126
38.5 0.000217472163563064
39.5 0.00023397005183336533
40.5 0.0003254583413323094
41.5 0.00040644797465924344
42.5 0.000565427625263966
43.5 0.0006509166826646191
44.5 0.0008743880783259742
45.5 0.0010828613937416017
46.5 0.0012613385486657709
47.5 0.001495308600499136
48.5 0.0019647485121904416
49.5 0.0021492248992129015
50.5 0.002561672105970436
51.5 0.003248584181224804
52.5 0.003533547705893647
53.5 0.003936996064503744
54.5 0.004716896237281629
55.5 0.005334817143405648
56.5 0.005777260510654644
57.5 0.006513666250719912
58.5 0.007383554904972161
59.5 0.007890490017277787
60.5 0.008265442023421003
61.5 0.009091836244960643
62.5 0.009271813207909388
63.5 0.009736753695526977
64.5 0.010200194375119992
65.5 0.009993220867728938
66.5 0.010204693799193712
67.5 0.009981222403532355
68.5 0.009976722979458631
69.5 0.009852238913419083
70.5 0.009501283835669037
71.5 0.008994348723363407
72.5 0.008694387118448837
73.5 0.00831043626415819
74.5 0.00800297561912075
75.5 0.007200578325974277
76.5 0.0067641341908235755
77.5 0.006083221347667504
78.5 0.005522293146477253
79.5 0.00482188279900173
80.5 0.004293950374352084
81.5 0.003824510462660778
82.5 0.003239585333077367
83.5 0.002908127759646765
84.5 0.0024731834325206386
85.5 0.0021147293146477255
86.5 0.0018072686696102912
87.5 0.0016212924745632564
88.5 0.0013258302937224048
89.5 0.00107686216164331
90.5 0.0010783619696678826
91.5 0.000868388846227683
92.5 0.0007154084277212517
93.5 0.0006479170666154729
94.5 0.00048293818391245924
95.5 0.0004004487425609522
96.5 0.0003569543098483393
97.5 0.0003284579573814553
98.5 0.0002654660203493952
99.5 0.0002354698598579383
100.5 0.00021747216356306405
101.5 0.00019197542714532537
102.5 0.00014848099443271257
103.5 0.00012748368208869264
104.5 9.598771357266267e-05
105.5 0.00010348675369552696
106.5 8.848867344979839e-05
107.5 6.89911691303513e-05
108.5 7.199078517949702e-05
109.5 5.549289690919564e-05
110.5 6.899116913035132e-05
111.5 7.049097715492415e-05
112.5 5.9992320982914196e-05
113.5 3.8995008638894215e-05
114.5 4.3494432712612785e-05
115.5 5.549289690919564e-05
116.5 5.099347283547707e-05
117.5 2.9996160491457084e-05
118.5 4.4994240737185635e-05
119.5 3.899500863889423e-05
120.5 3.599539258974851e-05
121.5 4.949366481090422e-05
122.5 2.6996544442311378e-05
123.5 3.149596851602994e-05
124.5 4.199462468803994e-05
125.5 3.599539258974851e-05
126.5 4.199462468803993e-05
127.5 4.7993856786331355e-05
128.5 5.399308888462279e-05
129.5 4.049481666346707e-05
130.5 5.6992704933768496e-05
131.5 6.149212900748705e-05
132.5 5.3993088884622776e-05
133.5 8.998848147437127e-05
134.5 8.098963332693414e-05
135.5 9.898732962180837e-05
136.5 0.00011398540986753688
137.5 0.00014548137838356687
138.5 0.00015148061048185835
139.5 0.00016797849875215982
140.5 0.00019647485121904404
141.5 0.00023546985985793827
142.5 0.00025796698022653106
143.5 0.0003224587252831637
144.5 0.0003959493184872336
145.5 0.0004664402956421578
146.5 0.0005009358802073334
147.5 0.0006284195622960258
148.5 0.0007289066999424071
149.5 0.0008878863505471299
150.5 0.0010753623536187372
151.5 0.0012103450758302943
152.5 0.0014068199270493387
153.5 0.0016242920906124035
154.5 0.0019962444807064706
155.5 0.002170222211556921
156.5 0.002446186888078327
157.5 0.0029756191207525443
158.5 0.00336106978306777
159.5 0.0035650436744096756
160.5 0.00424595651756575
161.5 0.00475889086196967
162.5 0.005346815607602232
163.5 0.005957237473603387
164.5 0.006869120752543677
165.5 0.007358058168554424
166.5 0.008040470819735067
167.5 0.00859389998080245
168.5 0.009460789019005569
169.5 0.01045666154732195
170.5 0.011290554808984462
171.5 0.011771993184872351
172.5 0.012364417354578626
173.5 0.013235805816855451
174.5 0.01352076934152429
175.5 0.014207681416778653
176.5 0.014834601171050102
177.5 0.015205053753119592
178.5 0.015314539738913405
179.5 0.015584505183336516
180.5 0.015170558168554418
181.5 0.01549001727778843
182.5 0.014740113265502014
183.5 0.014705617680936834
184.5 0.014170186216164334
185.5 0.013805732866193137
186.5 0.013238805432904593
187.5 0.012373416202726065
188.5 0.01198646573238627
189.5 0.011152572470723758
190.5 0.010464160587444817
191.5 0.009579273852946825
192.5 0.008740881167210595
193.5 0.00826394221539643
194.5 0.007478042810520249
195.5 0.006812128047609908
196.5 0.005954237857554238
197.5 0.0053453157995776565
198.5 0.004818883182952583
199.5 0.004356942311384145
200.5 0.003664031004031486
201.5 0.003370068631215206
202.5 0.0028481354386638543
203.5 0.002461184968324055
204.5 0.002179221059704359
205.5 0.0018582621424457673
206.5 0.0016722859473987332
207.5 0.0014413155116145139
208.5 0.0012493400844691884
209.5 0.0010288683048569778
210.5 0.0008848867344979841
211.5 0.0007109090036475333
212.5 0.0006629151468612016
213.5 0.00045594163947014786
214.5 0.00042894509502783637
215.5 0.0003644533499712037
216.5 0.00031495968516029934
217.5 0.00031196006911115377
218.5 0.000227970819735074
219.5 0.0001784771549241697
220.5 0.0001379823382607026
221.5 0.00014998080245728549
222.5 0.00010948598579381833
223.5 0.00010198694567095408
224.5 8.998848147437126e-05
225.5 7.049097715492415e-05
226.5 5.9992320982914216e-05
227.5 6.89911691303513e-05
228.5 6.29919370320599e-05
229.5 5.549289690919564e-05
230.5 3.7495200614321365e-05
231.5 5.9992320982914196e-05
232.5 4.949366481090421e-05
233.5 4.649404876175849e-05
234.5 4.4994240737185635e-05
235.5 4.34944327126128e-05
236.5 4.499424073718564e-05
237.5 3.599539258974851e-05
238.5 4.4994240737185635e-05
239.5 3.749520061432136e-05
240.5 3.449558456517565e-05
241.5 2.5496736417738524e-05
242.5 3.449558456517565e-05
243.5 4.049481666346708e-05
244.5 4.1994624688039935e-05
245.5 5.099347283547707e-05
246.5 5.69927049337685e-05
247.5 5.8492512958341346e-05
248.5 6.59915530812056e-05
249.5 5.699270493376848e-05
250.5 6.749136110577847e-05
251.5 7.799001727778844e-05
252.5 7.799001727778844e-05
253.5 0.00010948598579381833
254.5 0.00010198694567095407
255.5 9.898732962180836e-05
256.5 0.00012598387406411975
257.5 0.00015298041850643119
258.5 0.00018747600307160686
259.5 0.00021447254751391824
260.5 0.0002204717796122096
261.5 0.0002954621808408523
262.5 0.0003299577654060279
263.5 0.0003629535419466309
264.5 0.000443943175273565
265.5 0.0005699270493376848
266.5 0.0006269197542714529
267.5 0.0007888990209253213
268.5 0.00084589172585909
269.5 0.0010093708005375311
270.5 0.0011188567863313497
271.5 0.0013993208869264734
272.5 0.0016227922825878302
273.5 0.0017412771165290848
274.5 0.002153724323286619
275.5 0.002566171530044156
276.5 0.002785143501631794
277.5 0.00319309128431561
278.5 0.0036880279324246527
279.5 0.004271453253983492
280.5 0.004908871664426956
281.5 0.005411307352658864
282.5 0.0059137430408907725
283.5 0.006566159531579962
284.5 0.007140586004991363
285.5 0.007637022461124979
286.5 0.008376427817239391
287.5 0.008718384046842007
288.5 0.008967352178921096
289.5 0.009600271165290847
290.5 0.009861237761566527
291.5 0.00973675369552698
292.5 0.01012970339796507
293.5 0.010111705701670195
294.5 0.01004721395661356
295.5 0.009753251583797275
296.5 0.009282311864081396
297.5 0.00923731762334421
298.5 0.008895361393741598
299.5 0.008443919178345168
300.5 0.007742009022845078
301.5 0.00733406124016126
302.5 0.006549661643309661
303.5 0.0057232674217700145
304.5 0.00526132655020158
305.5 0.004608910059512382
306.5 0.003972991457093491
307.5 0.0034645565367632963
308.5 0.003049109713956615
309.5 0.002536175369552699
310.5 0.002128227586868881
311.5 0.0017307784603570748
312.5 0.0014878095603762726
313.5 0.0012643381647149173
314.5 0.0009448790554808986
315.5 0.0008893861585717031
316.5 0.0006704141869840659
317.5 0.000494936648109042
318.5 0.0004334445191015548
319.5 0.0003779516221923593
320.5 0.000248968132079094
321.5 0.0001829765789978883
322.5 0.00016347907467844118
323.5 0.00012448406603954683
324.5 0.00010198694567095404
325.5 6.449174505663277e-05
326.5 5.99923209829142e-05
327.5 4.9493664810904226e-05
328.5 3.449558456517565e-05
329.5 2.9996160491457084e-05
330.5 1.6497888270301404e-05
331.5 3.1495968516029945e-05
332.5 1.6497888270301404e-05
333.5 1.3498272221155694e-05
334.5 7.499040122864274e-06
335.5 7.499040122864274e-06
336.5 2.9996160491457093e-06
337.5 2.9996160491457093e-06
338.5 5.9992320982914186e-06
339.5 4.4994240737185635e-06
340.5 1.4998080245728546e-06
341.5 1.4998080245728546e-06
342.5 1.4998080245728546e-06
343.5 0.0
344.5 0.0
345.5 0.0
346.5 1.4998080245728546e-06
347.5 1.4998080245728546e-06
348.5 0.0
349.5 0.0
350.5 0.0
351.5 1.4998080245728546e-06
352.5 0.0
353.5 0.0
354.5 0.0
355.5 0.0
356.5 0.0
357.5 0.0
358.5 0.0
359.5 0.0
