0.5 0.0
1.5 0.0
2.5 2.9996160491457093e-06
3.5 2.9996160491457093e-06
4.5 0.0
5.5 1.4998080245728546e-06
6.5 2.9996160491457093e-06
7.5 2.9996160491457093e-06
8.5 0.0
9.5 4.4994240737185635e-06
10.5 0.0
11.5 0.0
12.5 1.4998080245728546e-06
13.5 4.4994240737185635e-06
14.5 1.4998080245728546e-06
15.5 2.9996160491457093e-06
16.5 1.4998080245728546e-06
17.5 4.4994240737185635e-06
18.5 2.9996160491457093e-06
19.5 7.499040122864274e-06
20.5 1.0498656172009984e-05
21.5 8.998848147437129e-06
22.5 1.4998080245728549e-05
23.5 1.64978882703014e-05
24.5 1.1998464196582839e-05
25.5 1.7997696294874257e-05
26.5 2.0997312344019964e-05
27.5 2.399692839316567e-05
28.5 4.799385678633137e-05
29.5 5.5492896909195626e-05
30.5 5.099347283547706e-05
31.5 8.09896333269341e-05
32.5 9.148828949894416e-05
33.5 0.00010948598579381829
34.5 0.00011398540986753687
35.5 0.00016347907467844126
36.5 0.00023097043578421963
37.5 0.00022647101171050115
38.5 0.000299961604914571
39.5 0.000287963140717988
40.5 0.0004484425993472834
41.5 0.0005009358802073338
42.5 0.0006119216740257245
43.5 0.0006224203301977348
44.5 0.0008008974851219045
45.5 0.0009553777116529082
46.5 0.0010678633134958728
47.5 0.0012403412363217513
48.5 0.0013978210789019011
49.5 0.0016452894029564222
50.5 0.0017817719331925522
51.5 0.0020142421770013453
52.5 0.002270709349203303
53.5 0.0025241769053561164
54.5 0.002731150412747168
55.5 0.002983118160875411
56.5 0.003221587636782492
57.5 0.0035305480898445013
58.5 0.003611537723171435
59.5 0.0038335093108082183
60.5 0.003962492800921482
61.5 0.004083977250911884
62.5 0.0044109354002687656
63.5 0.004476926953349973
64.5 0.0045654156267997716
65.5 0.00460141101938952
66.5 0.004622408331733539
67.5 0.00469589892493761
68.5 0.004677901228642736
69.5 0.0047408931656747946
70.5 0.004595411787291228
71.5 0.004340444423113842
72.5 0.004199462468803997
73.5 0.004290950758302937
74.5 0.004095975715108467
75.5 0.003830509694759072
76.5 0.003626535803417164
77.5 0.003424061720099831
78.5 0.0032770805336916906
79.5 0.003079105874448072
80.5 0.002716152332501441
81.5 0.002647161163371091
82.5 0.0023786955269725486
83.5 0.0021957189479746594
84.5 0.002122228354770591
85.5 0.001909255615281245
86.5 0.0016002951622192366
87.5 0.0015283043770397398
88.5 0.0014278172393933587
89.5 0.0012418410443463244
90.5 0.0011608514110193898
91.5 0.0010798617776924559
92.5 0.0009298809752351696
93.5 0.0008848867344979841
94.5 0.0007813999808024576
95.5 0.0007109090036475329
96.5 0.000619420714148589
97.5 0.0005249328086004989
98.5 0.0005309320406987907
99.5 0.0005144341524284893
100.5 0.00044244336724899184
101.5 0.0003869504703397964
102.5 0.0003674529660203494
103.5 0.0003479554617009021
104.5 0.00035245488577462084
105.5 0.0003029612209637165
106.5 0.00028196390861969677
107.5 0.0002519677481282397
108.5 0.00021747216356306383
109.5 0.00020547369936648122
110.5 0.00020247408331733547
111.5 0.000185976195047034
112.5 0.0001784771549241697
113.5 0.00017097811480130533
114.5 0.00016197926665386834
115.5 0.00014848099443271268
116.5 0.00016047945862929548
117.5 0.00016047945862929548
118.5 0.0001514806104818583
119.5 0.0001274836820886926
120.5 0.00016497888270301407
121.5 0.0001679784987521597
122.5 0.00014098195430984828
123.5 0.00015747984258014972
124.5 0.00017847715492416962
125.5 0.00018747600307160686
126.5 0.0001574798425801498
127.5 0.00016797849875215969
128.5 0.000206973507391054
129.5 0.00019197542714532545
130.5 0.00020997312344019968
131.5 0.00022647101171050112
132.5 0.0002729650604722595
133.5 0.00031795930120944496
134.5 0.0003104602610865809
135.5 0.0003899500863889421
136.5 0.00039444951046266075
137.5 0.00040794778268381644
138.5 0.0005399308888462278
139.5 0.0005504295450182377
140.5 0.0006704141869840657
141.5 0.0007544034363601456
142.5 0.000815895565367633
143.5 0.0009793746400460742
144.5 0.0011488529468228065
145.5 0.0012283427721251688
146.5 0.0014143189671722023
147.5 0.0014908091764254195
148.5 0.0017232794202342117
149.5 0.001991745056632751
150.5 0.0023471995584565188
151.5 0.0025721707621424467
152.5 0.002758146957189482
153.5 0.0032590828373968133
154.5 0.0035815415626799774
155.5 0.004062979938567863
156.5 0.004772389134190824
157.5 0.00527332501439816
158.5 0.0058732482242273044
159.5 0.006348687368016898
160.5 0.006888618256863127
161.5 0.007899488865425222
162.5 0.008592400172777882
163.5 0.009223819351123055
164.5 0.010219691879439443
165.5 0.011152572470723763
166.5 0.011960968995968534
167.5 0.012764866097139576
168.5 0.013481774332885395
169.5 0.014416154732194278
170.5 0.015359533979650586
171.5 0.016070442983298124
172.5 0.0167618544826262
173.5 0.017465264446150878
174.5 0.018116181128815505
175.5 0.01862311624112114
176.5 0.019077558072566718
177.5 0.019385018717604157
178.5 0.019777968420042254
179.5 0.01955149740833174
180.5 0.019392517757727025
181.5 0.019644485505855267
182.5 0.01932052697254752
183.5 0.019058060568247263
184.5 0.01863961412939144
185.5 0.018281160011518527
186.5 0.017444267133806857
187.5 0.01673185832213474
188.5 0.0160329477826838
189.5 0.015458521309272394
190.5 0.014444651084661154
191.5 0.013868724803225183
192.5 0.012739369360721843
193.5 0.011607014302169335
194.5 0.010891605874448082
195.5 0.010215192455365724
196.5 0.009198322614705316
197.5 0.0086853882703014
198.5 0.007757007103090806
199.5 0.007101590996352471
200.5 0.0063921818007295125
201.5 0.005744264734114038
202.5 0.005093348051449417
203.5 0.004551917354578614
204.5 0.004119972643501632
205.5 0.003598039450950278
206.5 0.003104602610865811
207.5 0.002905128143597621
208.5 0.0025346755615281253
209.5 0.002231714340564408
210.5 0.001949750431944712
211.5 0.0017592748128239595
212.5 0.0015418026492608951
213.5 0.0012883350931080831
214.5 0.0011713500671914
215.5 0.0010153700326358222
216.5 0.0009193823190631598
217.5 0.0007769005567287389
218.5 0.0006869120752543673
219.5 0.0006554161067383373
220.5 0.0005654276252639661
221.5 0.000496436456133615
222.5 0.0004589412555192937
223.5 0.00042594547897869064
224.5 0.0003959493184872336
225.5 0.0003044610289882895
226.5 0.0003149596851602994
227.5 0.0002609665962756767
228.5 0.0002594667882511039
229.5 0.00023846947590708392
230.5 0.00017697734689959684
231.5 0.00019647485121904404
232.5 0.00017397773085045117
233.5 0.00017247792282587833
234.5 0.00015747984258014975
235.5 0.00017547753887502398
236.5 0.00014098195430984828
237.5 0.00014248176233442122
238.5 0.00014548137838356687
239.5 0.00014098195430984836
240.5 0.00015747984258014983
241.5 0.0001679784987521598
242.5 0.00014548137838356695
243.5 0.0001469811864081397
244.5 0.00014998080245728549
245.5 0.00017547753887502409
246.5 0.00017397773085045125
247.5 0.0001529804185064312
248.5 0.00020847331541562684
249.5 0.00019797465924361685
250.5 0.00021297273948934538
251.5 0.00023996928393165686
252.5 0.0002354698598579383
253.5 0.00024896813207909394
254.5 0.0003119600691111538
255.5 0.00029996160491457097
256.5 0.00035245488577462084
257.5 0.000341956229602611
258.5 0.00041994624688039913
259.5 0.000451442215396429
260.5 0.0004814383758878863
261.5 0.0004919370320598964
262.5 0.0006029228258782875
263.5 0.000668914378959493
264.5 0.0007169082357458245
265.5 0.0007769005567287386
266.5 0.0008833869264734117
267.5 0.0010003719523900938
268.5 0.001099359282011903
269.5 0.0011593516029948165
270.5 0.0012223435400268772
271.5 0.0013513270301401422
272.5 0.0015792978498752161
273.5 0.0017112809560376279
274.5 0.001844763870224612
275.5 0.0020217412171242097
276.5 0.0022212156843923977
277.5 0.002278208389326167
278.5 0.0026216644269533504
279.5 0.0027986417738529493
280.5 0.002890130063351893
281.5 0.0031885918602418918
282.5 0.003562044058360531
283.5 0.003638534267613747
284.5 0.003694027164522943
285.5 0.004011986465732387
286.5 0.004167966500287963
287.5 0.00435544250335957
288.5 0.004413935016317912
289.5 0.00459241217124208
290.5 0.004625407947782684
291.5 0.004647905068151277
292.5 0.004710897005183337
293.5 0.004620908523708965
294.5 0.004809884334805147
295.5 0.004517421770013438
296.5 0.004443931176809367
297.5 0.004338944615089269
298.5 0.004181464772509119
299.5 0.004010486657707816
300.5 0.003776516605874449
301.5 0.003775016797849877
302.5 0.0034240617200998287
303.5 0.0031091020349395303
304.5 0.0028946294874256104
305.5 0.0027596467652140537
306.5 0.0025271765214052613
307.5 0.0023097043578421956
308.5 0.0019947446726818977
309.5 0.0017157803801113468
310.5 0.0015972955461700906
311.5 0.0014023205029756198
312.5 0.0012223435400268766
313.5 0.0010798617776924555
314.5 0.0009058840468420044
315.5 0.0008278940295642159
316.5 0.0006854122672297945
317.5 0.0005924241697062778
318.5 0.0004949366481090422
319.5 0.00041694663083125373
320.5 0.00032995776540602786
321.5 0.0002609665962756768
322.5 0.00022197158763678253
323.5 0.00022347139566135537
324.5 0.00017397773085045122
325.5 0.00015148061048185832
326.5 0.00010948598579381833
327.5 0.0001034867536955269
328.5 7.349059320406985e-05
329.5 5.699270493376849e-05
330.5 5.2493280860049926e-05
331.5 4.499424073718564e-05
332.5 4.499424073718565e-05
333.5 3.449558456517565e-05
334.5 2.2497120368592818e-05
335.5 8.998848147437129e-06
336.5 1.0498656172009984e-05
337.5 1.0498656172009984e-05
338.5 7.499040122864274e-06
339.5 1.0498656172009982e-05
340.5 7.499040122864274e-06
341.5 1.0498656172009984e-05
342.5 5.9992320982914186e-06
343.5 5.9992320982914186e-06
344.5 5.9992320982914186e-06
345.5 1.4998080245728546e-06
346.5 2.9996160491457093e-06
347.5 2.9996160491457093e-06
348.5 0.0
349.5 1.4998080245728546e-06
350.5 1.4998080245728546e-06
351.5 2.9996160491457093e-06
352.5 2.9996160491457093e-06
353.5 0.0
354.5 0.0
355.5 0.0
356.5 0.0
357.5 2.9996160491457093e-06
358.5 2.9996160491457093e-06
359.5 4.4994240737185635e-06
