0.5 0.030510594643885537
1.5 0.03048959733154152
2.5 0.030014158187751928
3.5 0.02983868064887691
4.5 0.02931224803225185
5.5 0.028358370128623533
6.5 0.028116901036667304
7.5 0.027277008542906506
8.5 0.026078661931272812
9.5 0.024841320311000233
10.5 0.023764458149356918
11.5 0.022468624016125965
12.5 0.021349767229794606
13.5 0.01986045786139376
14.5 0.018468636014590135
15.5 0.016740857170282192
16.5 0.014950086388942204
17.5 0.013615257247072384
18.5 0.011827486081781547
19.5 0.01028418362449607
20.5 0.008602898828949893
21.5 0.00733406124016126
22.5 0.0061072182760606684
23.5 0.004824882415050874
24.5 0.003933996448454598
25.5 0.003026612593588023
26.5 0.0023591980226531015
27.5 0.0017697734689959689
28.5 0.0013213308696486846
29.5 0.0009028844307928587
30.5 0.0006599155308120559
31.5 0.00043794394317527366
32.5 0.0002774644845459782
33.5 0.00019347523516989823
34.5 0.00013648253023612974
35.5 7.499040122864273e-05
36.5 4.7993856786331355e-05
37.5 2.9996160491457084e-05
38.5 1.6497888270301404e-05
39.5 7.499040122864274e-06
40.5 4.4994240737185635e-06
41.5 5.9992320982914186e-06
42.5 0.0
43.5 1.4998080245728546e-06
44.5 1.4998080245728546e-06
45.5 0.0
46.5 0.0
47.5 0.0
48.5 0.0
49.5 0.0
50.5 0.0
51.5 0.0
52.5 0.0
53.5 0.0
54.5 0.0
55.5 0.0
56.5 0.0
57.5 0.0
58.5 0.0
59.5 0.0
60.5 0.0
61.5 0.0
62.5 0.0
63.5 0.0
64.5 0.0
65.5 0.0
66.5 0.0
67.5 0.0
68.5 0.0
69.5 0.0
70.5 0.0
71.5 0.0
72.5 0.0
73.5 0.0
74.5 0.0
75.5 0.0
76.5 0.0
77.5 0.0
78.5 0.0
79.5 0.0
80.5 0.0
81.5 0.0
82.5 0.0
83.5 0.0
84.5 0.0
85.5 0.0
86.5 0.0
87.5 0.0
88.5 0.0
89.5 0.0
90.5 0.0
91.5 0.0
92.5 0.0
93.5 0.0
94.5 0.0
95.5 0.0
96.5 0.0
97.5 0.0
98.5 0.0
99.5 0.0
100.5 0.0
101.5 0.0
102.5 0.0
103.5 0.0
104.5 0.0
105.5 0.0
106.5 0.0
107.5 0.0
108.5 0.0
109.5 0.0
110.5 0.0
111.5 0.0
112.5 0.0
113.5 0.0
114.5 0.0
115.5 0.0
116.5 0.0
117.5 0.0
118.5 0.0
119.5 0.0
120.5 0.0
121.5 0.0
122.5 0.0
123.5 0.0
124.5 0.0
125.5 0.0
126.5 0.0
127.5 0.0
128.5 0.0
129.5 0.0
130.5 0.0
131.5 0.0
132.5 0.0
133.5 0.0
134.5 0.0
135.5 0.0
136.5 0.0
137.5 0.0
138.5 0.0
139.5 0.0
140.5 0.0
141.5 0.0
142.5 0.0
143.5 0.0
144.5 0.0
145.5 0.0
146.5 0.0
147.5 0.0
148.5 0.0
149.5 0.0
150.5 0.0
151.5 0.0
152.5 0.0
153.5 0.0
154.5 0.0
155.5 0.0
156.5 0.0
157.5 0.0
158.5 0.0
159.5 0.0
160.5 0.0
161.5 0.0
162.5 0.0
163.5 0.0
164.5 0.0
165.5 0.0
166.5 0.0
167.5 0.0
168.5 0.0
169.5 0.0
170.5 0.0
171.5 0.0
172.5 0.0
173.5 0.0
174.5 0.0
175.5 0.0
176.5 0.0
177.5 0.0
178.5 0.0
179.5 0.0
180.5 0.0
181.5 0.0
182.5 0.0
183.5 0.0
184.5 0.0
185.5 0.0
186.5 0.0
187.5 0.0
188.5 0.0
189.5 0.0
190.5 0.0
191.5 0.0
192.5 0.0
193.5 0.0
194.5 0.0
195.5 0.0
196.5 0.0
197.5 0.0
198.5 0.0
199.5 0.0
200.5 0.0
201.5 0.0
202.5 0.0
203.5 0.0
204.5 0.0
205.5 0.0
206.5 0.0
207.5 0.0
208.5 0.0
209.5 0.0
210.5 0.0
211.5 0.0
212.5 0.0
213.5 0.0
214.5 0.0
215.5 0.0
216.5 0.0
217.5 0.0
218.5 0.0
219.5 0.0
220.5 0.0
221.5 0.0
222.5 0.0
223.5 0.0
224.5 0.0
225.5 0.0
226.5 0.0
227.5 0.0
228.5 0.0
229.5 0.0
230.5 0.0
231.5 0.0
232.5 0.0
233.5 0.0
234.5 0.0
235.5 0.0
236.5 0.0
237.5 0.0
238.5 0.0
239.5 0.0
240.5 0.0
241.5 0.0
242.5 0.0
243.5 0.0
244.5 0.0
245.5 0.0
246.5 0.0
247.5 0.0
248.5 0.0
249.5 0.0
250.5 0.0
251.5 0.0
252.5 0.0
253.5 0.0
254.5 0.0
255.5 0.0
256.5 0.0
257.5 0.0
258.5 0.0
259.5 0.0
260.5 0.0
261.5 0.0
262.5 0.0
263.5 0.0
264.5 0.0
265.5 0.0
266.5 0.0
267.5 0.0
268.5 0.0
269.5 0.0
270.5 0.0
271.5 0.0
272.5 0.0
273.5 0.0
274.5 0.0
275.5 0.0
276.5 0.0
277.5 0.0
278.5 0.0
279.5 0.0
280.5 0.0
281.5 0.0
282.5 0.0
283.5 0.0
284.5 0.0
285.5 0.0
286.5 0.0
287.5 0.0
288.5 0.0
289.5 0.0
290.5 0.0
291.5 0.0
292.5 0.0
293.5 0.0
294.5 0.0
295.5 0.0
296.5 0.0
297.5 0.0
298.5 0.0
299.5 0.0
300.5 0.0
301.5 0.0
302.5 0.0
303.5 0.0
304.5 0.0
305.5 0.0
306.5 0.0
307.5 0.0
308.5 0.0
309.5 0.0
310.5 0.0
311.5 0.0
312.5 0.0
313.5 0.0
314.5 0.0
315.5 0.0
316.5 1.4998080245728546e-06
317.5 7.499040122864274e-06
318.5 2.9996160491457093e-06
319.5 8.998848147437129e-06
320.5 1.1998464196582839e-05
321.5 1.4998080245728549e-05
322.5 3.899500863889423e-05
323.5 5.5492896909195626e-05
324.5 9.298809752351697e-05
325.5 0.00012148444999040112
326.5 0.00019047561912075253
327.5 0.0003044610289882896
328.5 0.0005024356882319063
329.5 0.000619420714148589
330.5 0.0008953853906699942
331.5 0.001294334325206375
332.5 0.0017757727010942602
333.5 0.002354698598579383
334.5 0.0029951166250719937
335.5 0.0039579933768477665
336.5 0.004950866289114997
337.5 0.006129715396429262
338.5 0.007446546842004223
339.5 0.008973351411019386
340.5 0.010177697254751398
341.5 0.012092952102130943
342.5 0.013558264542138612
343.5 0.01506707141485889
344.5 0.016568379247456307
345.5 0.018144677481282394
346.5 0.019833461316951444
347.5 0.0209028244384719
348.5 0.022356138414283
349.5 0.023923437799961648
350.5 0.024908811672105995
351.5 0.02626913755039358
352.5 0.026695083029372256
353.5 0.027897929065079662
354.5 0.0286913275100787
355.5 0.028985289882894977
356.5 0.029904672201958107
357.5 0.030249628047609865
358.5 0.03020463380687267
359.5 0.030575086388942185
