0.5 0.0
1.5 0.0
2.5 0.0
3.5 0.0
4.5 0.0
5.5 0.0
6.5 0.0
7.5 1.4998080245728546e-06
8.5 0.0
9.5 1.4998080245728546e-06
10.5 0.0
11.5 0.0
12.5 1.4998080245728546e-06
13.5 0.0
14.5 4.4994240737185635e-06
15.5 0.0
16.5 1.4998080245728546e-06
17.5 1.4998080245728546e-06
18.5 0.0
19.5 0.0
20.5 5.9992320982914186e-06
21.5 2.9996160491457093e-06
22.5 0.0
23.5 1.0498656172009984e-05
24.5 5.9992320982914186e-06
25.5 1.4998080245728549e-05
26.5 7.499040122864274e-06
27.5 1.0498656172009984e-05
28.5 1.0498656172009984e-05
29.5 2.849635246688423e-05
30.5 1.9497504319447107e-05
31.5 3.29957765406028e-05
32.5 4.049481666346708e-05
33.5 6.449174505663275e-05
34.5 6.449174505663275e-05
35.5 6.749136110577847e-05
36.5 8.54890574006527e-05
37.5 0.00011248560184296406
38.5 0.00010498656172009976
39.5 0.0001589796506047226
40.5 0.0001724779228258783
41.5 0.00022947062775964682
42.5 0.0002504679401036667
43.5 0.00032995776540602797
44.5 0.0003134598771357266
45.5 0.0004124472067575348
46.5 0.0005069351123056248
47.5 0.0005549289690919562
48.5 0.0007184080437703972
49.5 0.0007918986369744672
50.5 0.0008248944135150699
51.5 0.0009493784795546169
52.5 0.0011158571702822046
53.5 0.0012313423881743137
54.5 0.0013003335573046652
55.5 0.0015418026492608945
56.5 0.0016152932424649646
57.5 0.001745776540602803
58.5 0.0018732602226914968
59.5 0.0019722475523133052
60.5 0.0020187416010750644
61.5 0.002198718564023806
62.5 0.002270709349203302
63.5 0.0023097043578421974
64.5 0.002413191111537724
65.5 0.0024431872720291816
66.5 0.0024101914954885776
67.5 0.0024686840084469203
68.5 0.002480682472643503
69.5 0.0024131911115377234
70.5 0.002465684392397774
71.5 0.0024056920714148615
72.5 0.002393693607218276
73.5 0.0021477250911883287
74.5 0.002294706277596467
75.5 0.0020097427529276253
76.5 0.0020232410251487813
77.5 0.001885258686888079
78.5 0.0017982698214628527
79.5 0.0017982698214628534
80.5 0.0016617872912267244
81.5 0.001615293242464965
82.5 0.0014833101363025544
83.5 0.0013948214628527553
84.5 0.001285335477058937
85.5 0.0011623512190439627
86.5 0.0010993592820119028
87.5 0.0009148828949894412
88.5 0.0009523780956037622
89.5 0.0008593899980802452
90.5 0.0008053969091956229
91.5 0.0007379055480898445
92.5 0.0006854122672297944
93.5 0.0006284195622960263
94.5 0.0005639278172393932
95.5 0.0005174337684776347
96.5 0.0005024356882319062
97.5 0.00046494048761758493
98.5 0.0004349443271261276
99.5 0.0004079477826838165
100.5 0.00031645949318487234
101.5 0.0003884502783643694
102.5 0.00034195622960261093
103.5 0.0002999616049145708
104.5 0.00028946294874256085
105.5 0.00030296122096371654
106.5 0.00024146909195622962
107.5 0.00019347523516989828
108.5 0.00020097427529276255
109.5 0.00019497504319447118
110.5 0.00019497504319447112
111.5 0.0001694783067767326
112.5 0.0001664786907275869
113.5 0.0001844763870224611
114.5 0.00013948214628527547
115.5 0.0001484809944327126
116.5 0.00015448022653100405
117.5 0.00014398157035899403
118.5 0.0001424817623344211
119.5 0.0001409819543098483
120.5 0.0001319831061624112
121.5 0.000175477538875024
122.5 0.00015897965060472264
123.5 0.00016947830677673258
124.5 0.00014398157035899406
125.5 0.00015148061048185832
126.5 0.0001694783067767326
127.5 0.00020997312344019978
128.5 0.00020097427529276252
129.5 0.00019947446726818963
130.5 0.0002564671722019582
131.5 0.00026846563639854103
132.5 0.000277464484545978
133.5 0.00030896045306200794
134.5 0.00030896045306200794
135.5 0.00040944759070838906
136.5 0.00042144605490497224
137.5 0.000511434536379343
138.5 0.0005399308888462277
139.5 0.00056242800921482
140.5 0.0006809128431560761
141.5 0.0007364057400652715
142.5 0.0008323934536379342
143.5 0.001004871376463813
144.5 0.001106858322134767
145.5 0.0013093324054521025
146.5 0.0015807976578997894
147.5 0.0016632870992512965
148.5 0.0018582621424457681
149.5 0.0022287147245152635
150.5 0.002525676713380687
151.5 0.00280014158187752
152.5 0.003191591476291038
153.5 0.0035935400268765614
154.5 0.004098975331157612
155.5 0.004728894701478211
156.5 0.005277824438471879
157.5 0.005822254751391826
158.5 0.006854122672297947
159.5 0.007563531867920905
160.5 0.008137958341332309
161.5 0.009012346419658285
162.5 0.009987221635630645
163.5 0.011116577078134012
164.5 0.011947470723747368
165.5 0.012836856882319073
166.5 0.013877723651372631
167.5 0.01509256815127663
168.5 0.016122936264158165
169.5 0.016890837972739478
170.5 0.0181116817047418
171.5 0.018924577654060287
172.5 0.019935448262622397
173.5 0.02069585093108084
174.5 0.02157923785755425
175.5 0.02203367968899983
176.5 0.022464124592052246
177.5 0.023016053945095056
178.5 0.02306404780188138
179.5 0.023743460837012887
180.5 0.023352010942599383
181.5 0.023587480802457313
182.5 0.023323514590132485
183.5 0.022813579861777716
184.5 0.02223165434824345
185.5 0.021462252831637576
186.5 0.02094331925513536
187.5 0.020176917354578626
188.5 0.018797093971971584
189.5 0.018129679401036665
190.5 0.01696882799001727
191.5 0.01609294010366672
192.5 0.015188555864849289
193.5 0.013876223843348048
194.5 0.012953841908235756
195.5 0.012050957477442899
196.5 0.010927601267037831
197.5 0.009924229698598578
198.5 0.009151828565943558
199.5 0.008385426665386827
200.5 0.007479542618544829
201.5 0.006603654732194283
202.5 0.005991733058168555
203.5 0.00534231618352851
204.5 0.004749892013822233
205.5 0.004212960741025149
206.5 0.003646033307736613
207.5 0.00323658571702822
208.5 0.0029531220003839523
209.5 0.0024986801689383773
210.5 0.0022392133806872733
211.5 0.0020682352658859663
212.5 0.001751775772701095
213.5 0.0015373032251871767
214.5 0.0013138318295258216
215.5 0.0010828613937416008
216.5 0.0010483658091764252
217.5 0.000875887886350547
218.5 0.0007514038203110002
219.5 0.0007154084277212515
220.5 0.0006104218660011519
221.5 0.0005609282011902477
222.5 0.00048293818391245913
223.5 0.00041844643885582624
224.5 0.0003644533499712036
225.5 0.00032545834133230946
226.5 0.0003029612209637167
227.5 0.0002624664043002496
228.5 0.00026396621232482236
229.5 0.00023097043578421974
230.5 0.00020697350739105395
231.5 0.00022647101171050107
232.5 0.00018747600307160688
233.5 0.00019197542714532545
234.5 0.00020247408331733544
235.5 0.0001679784987521598
236.5 0.0001634790746784412
237.5 0.00016797849875215974
238.5 0.00016497888270301396
239.5 0.00012748368208869256
240.5 0.00016947830677673263
241.5 0.0001409819543098483
242.5 0.00014248176233442111
243.5 0.00016647869072758685
244.5 0.00016347907467844115
245.5 0.00016047945862929534
246.5 0.0001724779228258783
247.5 0.00016047945862929548
248.5 0.00018147677097331554
249.5 0.00018897581109617972
250.5 0.0002039738913419083
251.5 0.00025346755615281245
252.5 0.00028046410059512394
253.5 0.00025946678825110385
254.5 0.0003074606450374353
255.5 0.00028646333269341523
256.5 0.0003419562296026109
257.5 0.00038695047033979635
258.5 0.0004049481666346706
259.5 0.0004349443271261279
260.5 0.0005324318487233631
261.5 0.0004709397197158763
262.5 0.0004994360721827607
263.5 0.0005744264734114031
264.5 0.0006629151468612016
265.5 0.0006464172585909001
266.5 0.0007079093875983871
267.5 0.0007903988289498943
268.5 0.0008833869264734117
269.5 0.0008923857746208481
270.5 0.0010768621616433095
271.5 0.001144353522749088
272.5 0.0012523397005183348
273.5 0.0013813231906315995
274.5 0.0014338164714916507
275.5 0.0015762982338260712
276.5 0.0016047945862929553
277.5 0.0017712732770205424
278.5 0.00175477538875024
279.5 0.0020787339220579783
280.5 0.002156723939335765
281.5 0.0023172033979650623
282.5 0.0023681968708005384
283.5 0.002459685160299483
284.5 0.0026066663467076232
285.5 0.0026771573238625456
286.5 0.0028841308312536
287.5 0.0028631335189095814
288.5 0.002960621040506815
289.5 0.002954621808408525
290.5 0.0030551089460549054
291.5 0.0030551089460549054
292.5 0.0029891173929737004
293.5 0.0027881431176809373
294.5 0.0029381239201382247
295.5 0.002843636014590133
296.5 0.0027761446534843555
297.5 0.002683156555960838
298.5 0.002615665194855059
299.5 0.0023606978306776744
300.5 0.00225871088500672
301.5 0.0023067047417930507
302.5 0.002062236033787676
303.5 0.0019362521597235567
304.5 0.0017697734689959693
305.5 0.0015553009214820516
306.5 0.0014098195430984842
307.5 0.0013753239585333078
308.5 0.001105358514110194
309.5 0.0009958725283163755
310.5 0.0009463788635054711
311.5 0.0008698886542522556
312.5 0.0006869120752543672
313.5 0.0005984234018045687
314.5 0.000536931272797082
315.5 0.00044694279132271035
316.5 0.00036145373392205786
317.5 0.0003329573814551738
318.5 0.00022197158763678245
319.5 0.00018447638702246108
320.5 0.00016797849875215969
321.5 0.0001289834901132655
322.5 0.00013348291418698407
323.5 9.448790554808982e-05
324.5 7.649020925321558e-05
325.5 7.049097715492417e-05
326.5 5.5492896909195646e-05
327.5 4.0494816663467085e-05
328.5 3.2995776540602795e-05
329.5 2.849635246688423e-05
330.5 1.7997696294874257e-05
331.5 2.6996544442311378e-05
332.5 1.6497888270301404e-05
333.5 5.9992320982914186e-06
334.5 1.4998080245728549e-05
335.5 5.9992320982914186e-06
336.5 2.9996160491457093e-06
337.5 5.9992320982914186e-06
338.5 5.9992320982914186e-06
339.5 0.0
340.5 0.0
341.5 1.4998080245728546e-06
342.5 1.4998080245728546e-06
343.5 1.4998080245728546e-06
344.5 1.4998080245728546e-06
345.5 2.9996160491457093e-06
346.5 2.9996160491457093e-06
347.5 1.4998080245728546e-06
348.5 1.4998080245728546e-06
349.5 0.0
350.5 0.0
351.5 2.9996160491457093e-06
352.5 0.0
353.5 1.4998080245728546e-06
354.5 1.4998080245728546e-06
355.5 0.0
356.5 2.9996160491457093e-06
357.5 0.0
358.5 0.0
359.5 0.0
