0.5 0.0
1.5 1.4998080245728546e-06
2.5 2.9996160491457093e-06
3.5 0.0
4.5 0.0
5.5 0.0
6.5 0.0
7.5 0.0
8.5 0.0
9.5 0.0
10.5 0.0
11.5 1.4998080245728546e-06
12.5 0.0
13.5 0.0
14.5 0.0
15.5 0.0
16.5 0.0
17.5 0.0
18.5 0.0
19.5 0.0
20.5 2.9996160491457093e-06
21.5 0.0
22.5 1.4998080245728546e-06
23.5 1.4998080245728546e-06
24.5 0.0
25.5 1.4998080245728546e-06
26.5 0.0
27.5 2.9996160491457093e-06
28.5 2.9996160491457093e-06
29.5 0.0
30.5 1.4998080245728546e-06
31.5 5.9992320982914186e-06
32.5 0.0
33.5 4.4994240737185635e-06
34.5 2.9996160491457093e-06
35.5 0.0
36.5 0.0
37.5 5.9992320982914186e-06
38.5 4.4994240737185635e-06
39.5 5.9992320982914186e-06
40.5 1.4998080245728546e-06
41.5 5.9992320982914186e-06
42.5 2.9996160491457093e-06
43.5 4.4994240737185635e-06
44.5 5.9992320982914186e-06
45.5 4.4994240737185635e-06
46.5 5.9992320982914186e-06
47.5 8.998848147437129e-06
48.5 1.0498656172009984e-05
49.5 1.7997696294874257e-05
50.5 1.7997696294874257e-05
51.5 2.0997312344019964e-05
52.5 1.7997696294874257e-05
53.5 2.8496352466884234e-05
54.5 2.2497120368592814e-05
55.5 3.899500863889422e-05
56.5 3.29957765406028e-05
57.5 3.899500863889422e-05
58.5 5.99923209829142e-05
59.5 7.049097715492418e-05
60.5 7.349059320406987e-05
61.5 8.248944135150699e-05
62.5 0.00011398540986753691
63.5 0.00011998464196582836
64.5 0.00013048329813783826
65.5 0.00019047561912075258
66.5 0.00022797081973507406
67.5 0.00022497120368592823
68.5 0.0003014614129391439
69.5 0.0003494552697254753
70.5 0.0003854506623152237
71.5 0.0005054353042810522
72.5 0.0005549289690919564
73.5 0.0006119216740257243
74.5 0.0007739009406795928
75.5 0.0008518909579573815
76.5 0.0009748752159723559
77.5 0.0011938471875599928
78.5 0.001306332789402957
79.5 0.0014638126319831074
80.5 0.001610793818391246
81.5 0.0017352778844307941
82.5 0.0020052433288539075
83.5 0.0021657227874832033
84.5 0.0023981930312919953
85.5 0.002491181128815513
86.5 0.002801641389902095
87.5 0.003020613361489731
88.5 0.003259082837396815
89.5 0.0034315607602226905
90.5 0.0037825158379727413
91.5 0.004104974563255903
92.5 0.0042099611249760025
93.5 0.00449342484162027
94.5 0.004854878575542332
95.5 0.004998860145901326
96.5 0.005330317719331928
97.5 0.005604782587828761
98.5 0.006038227106930317
99.5 0.006407179880975239
100.5 0.006485169898253031
101.5 0.006734138030332121
102.5 0.007103090804377042
103.5 0.0073850547129967374
104.5 0.007710513054329047
105.5 0.007972979458629292
106.5 0.007962480802457284
107.5 0.008115461220963714
108.5 0.008173953733922058
109.5 0.008187452006143207
110.5 0.008283439719715876
111.5 0.008499412075254361
112.5 0.008505411307352655
113.5 0.008374928009214818
114.5 0.008769377519677476
115.5 0.008529408235745821
116.5 0.008550405548089838
117.5 0.008505411307352655
118.5 0.008160455461700898
119.5 0.008289438951814162
120.5 0.008124460069111147
121.5 0.008209949126511806
122.5 0.00805696870800537
123.5 0.007996976387022457
124.5 0.008026972547513915
125.5 0.008068967172201957
126.5 0.008071966788251101
127.5 0.007966980226530999
128.5 0.007818499232098292
129.5 0.007791502687655975
130.5 0.007566531483970049
131.5 0.007873992129007489
132.5 0.007398552985217892
133.5 0.0075275364753311595
134.5 0.007434548377807642
135.5 0.007218576022269148
136.5 0.0069666082741409105
137.5 0.006699642445766943
138.5 0.0066096539642925755
139.5 0.0065376631791130785
140.5 0.0060172297945862985
141.5 0.0057997576310232345
142.5 0.005564287771165294
143.5 0.005273325014398161
144.5 0.005088848627375698
145.5 0.004922369936648111
146.5 0.004652404492224997
147.5 0.004388438279900172
148.5 0.004098975331157613
149.5 0.0038545066231522396
150.5 0.0036085381071222894
151.5 0.003464556536763297
152.5 0.0030821054904972183
153.5 0.0029891173929737
154.5 0.002783643693607221
155.5 0.0026066663467076232
156.5 0.0024386878479554634
157.5 0.002356198406603957
158.5 0.0021237281627951637
159.5 0.0019617488961412946
160.5 0.001925753503551546
161.5 0.0017262790362833557
162.5 0.0016782851794970258
163.5 0.0016212924745632568
164.5 0.0015433024572854687
165.5 0.0014158187751967758
166.5 0.0013528268381647161
167.5 0.0013423281819927057
168.5 0.0013138318295258205
169.5 0.0012628383566903442
170.5 0.001169850259166827
171.5 0.0011848483394125554
172.5 0.0011458533307736605
173.5 0.0010483658091764252
174.5 0.0010858610097907464
175.5 0.0010123704165866765
176.5 0.001058864465348436
177.5 0.0010423665770781343
178.5 0.001072362737569591
179.5 0.0010378671530044156
180.5 0.0010963596659627566
181.5 0.001036367344979843
182.5 0.0010378671530044154
183.5 0.001042366577078134
184.5 0.001123356210405068
185.5 0.0011188567863313497
186.5 0.0011278556344787869
187.5 0.0011503527548473798
188.5 0.0011533523708965247
189.5 0.0012238433480514493
190.5 0.0011923473795354197
191.5 0.0013603258782875808
192.5 0.0012118448838548666
193.5 0.0013213308696486856
194.5 0.0015058072566711466
195.5 0.0015493016893837598
196.5 0.001561300153580343
197.5 0.0016992824918410456
198.5 0.0016962828757918996
199.5 0.0018222667498560198
200.5 0.0020772341140334037
201.5 0.0021252279708197357
202.5 0.0023247024380879263
203.5 0.0025076790170858146
204.5 0.002689155788059129
205.5 0.0027521477250911906
206.5 0.002990617200998274
207.5 0.003208089364561338
208.5 0.003317575350355156
209.5 0.0037105250527932443
210.5 0.003895001439815703
211.5 0.0041304712996736445
212.5 0.0043254463428681125
213.5 0.004605910443463236
214.5 0.004865377231714342
215.5 0.005096347667498561
216.5 0.005439803705125747
217.5 0.005582285467460167
218.5 0.005879247456325591
219.5 0.006125215972355542
220.5 0.006272197158763679
221.5 0.006452174121712424
222.5 0.0068151276636590555
223.5 0.007134586772893069
224.5 0.0070955917642541765
225.5 0.007308564503743522
226.5 0.007572530716068344
227.5 0.00744954645805337
228.5 0.007772005183336533
229.5 0.007622024380879249
230.5 0.007728510750623918
231.5 0.007607026300633521
232.5 0.007861993664810902
233.5 0.00789948886542522
234.5 0.00797597907467844
235.5 0.00804647005183336
236.5 0.008026972547513918
237.5 0.008038971011710501
238.5 0.008091464292570549
239.5 0.008269941447494716
240.5 0.008343432040698784
241.5 0.00835093108082165
242.5 0.00842892109809944
243.5 0.008446918794394315
244.5 0.008455917642541751
245.5 0.008451418218468034
246.5 0.00828793914378959
247.5 0.008622396333269335
248.5 0.008296937991937028
249.5 0.008419922249952
250.5 0.008502411691303509
251.5 0.008217448166634667
252.5 0.00801197446726819
253.5 0.007960980994432714
254.5 0.007739009406795932
255.5 0.007805000959877136
256.5 0.007160083509310807
257.5 0.007100091188327895
258.5 0.006890118064887697
259.5 0.0064416754655404135
260.5 0.0062541994624688065
261.5 0.0057157683816471535
262.5 0.005543290458821276
263.5 0.005274824822422736
264.5 0.004970363793434444
265.5 0.0046869000767901705
266.5 0.004521921194087157
267.5 0.004182964580533691
268.5 0.0038965012478402784
269.5 0.003800513534267614
270.5 0.0035230490497216364
271.5 0.0032185880207333483
272.5 0.0029441231522365154
273.5 0.0027896429257055102
274.5 0.002578169994240738
275.5 0.0023891941831445584
276.5 0.002119228738721445
277.5 0.0019572494720675754
278.5 0.001759274812823959
279.5 0.0015642997696294883
280.5 0.0013918218468036102
281.5 0.001252339700518334
282.5 0.0011278556344787869
283.5 0.000980874448070647
284.5 0.0008233946054904972
285.5 0.0007784003647533117
286.5 0.0006314191783451717
287.5 0.000538431080821655
288.5 0.00045444183144557475
289.5 0.0004169466308312535
290.5 0.0003674529660203495
291.5 0.00024296889998080248
292.5 0.00027896429257055083
293.5 0.0001979746592436168
294.5 0.0001619792666538683
295.5 0.00017097811480130544
296.5 0.00011998464196582827
297.5 0.00010198694567095406
298.5 9.748752159723549e-05
299.5 6.29919370320599e-05
300.5 7.499040122864274e-05
301.5 5.3993088884622776e-05
302.5 3.899500863889423e-05
303.5 4.949366481090421e-05
304.5 2.2497120368592814e-05
305.5 2.099731234401996e-05
306.5 1.1998464196582839e-05
307.5 2.2497120368592818e-05
308.5 1.64978882703014e-05
309.5 8.998848147437129e-06
310.5 7.499040122864274e-06
311.5 1.4998080245728546e-06
312.5 1.4998080245728546e-06
313.5 8.998848147437129e-06
314.5 5.9992320982914186e-06
315.5 4.4994240737185635e-06
316.5 2.9996160491457093e-06
317.5 5.9992320982914186e-06
318.5 8.998848147437129e-06
319.5 1.4998080245728546e-06
320.5 1.0498656172009984e-05
321.5 2.9996160491457093e-06
322.5 5.9992320982914186e-06
323.5 1.4998080245728546e-06
324.5 4.4994240737185635e-06
325.5 2.9996160491457093e-06
326.5 0.0
327.5 4.4994240737185635e-06
328.5 0.0
329.5 1.4998080245728546e-06
330.5 1.4998080245728546e-06
331.5 1.4998080245728546e-06
332.5 1.4998080245728546e-06
333.5 1.4998080245728546e-06
334.5 0.0
335.5 0.0
336.5 1.4998080245728546e-06
337.5 0.0
338.5 1.4998080245728546e-06
339.5 0.0
340.5 0.0
341.5 0.0
342.5 0.0
343.5 0.0
344.5 1.4998080245728546e-06
345.5 0.0
346.5 1.4998080245728546e-06
347.5 2.9996160491457093e-06
348.5 0.0
349.5 0.0
350.5 0.0
351.5 1.4998080245728546e-06
352.5 0.0
353.5 0.0
354.5 0.0
355.5 0.0
356.5 0.0
357.5 2.9996160491457093e-06
358.5 1.4998080245728546e-06
359.5 0.0
