0.5 0.0
1.5 3.90625e-06
2.5 0.0
3.5 0.0
4.5 3.90625e-06
5.5 1.953125e-06
6.5 0.0
7.5 0.0
8.5 0.0
9.5 0.0
10.5 3.90625e-06
11.5 3.90625e-06
12.5 5.859375e-06
13.5 1.953125e-06
14.5 0.0
15.5 9.765625e-06
16.5 1.953125e-06
17.5 1.953125e-06
18.5 5.859375e-06
19.5 1.171875e-05
20.5 1.171875e-05
21.5 1.3671875e-05
22.5 5.859375e-06
23.5 1.9531250000000004e-05
24.5 2.3437500000000007e-05
25.5 2.3437500000000007e-05
26.5 3.9062500000000014e-05
27.5 5.078125000000003e-05
28.5 6.054687500000003e-05
29.5 7.226562500000005e-05
30.5 6.445312500000004e-05
31.5 8.398437500000005e-05
32.5 0.0001640625000000001
33.5 0.0001210937500000001
34.5 0.00019335937500000012
35.5 0.00023632812500000018
36.5 0.0002656250000000002
37.5 0.00032421875000000023
38.5 0.00032617187500000024
39.5 0.00040039062500000025
40.5 0.0005273437500000004
41.5 0.0006152343750000004
42.5 0.0006367187500000005
43.5 0.0008105468750000006
44.5 0.0008867187500000007
45.5 0.0011113281250000008
46.5 0.001263671875000001
47.5 0.001425781250000001
48.5 0.0017089843750000013
49.5 0.0017968750000000014
50.5 0.0019804687500000013
51.5 0.002406249999999999
52.5 0.002513671874999998
53.5 0.0028652343749999984
54.5 0.002835937499999998
55.5 0.003267578124999998
56.5 0.0033886718749999967
57.5 0.003769531249999996
58.5 0.0038007812499999973
59.5 0.004203124999999997
60.5 0.004421874999999994
61.5 0.004468749999999996
62.5 0.004476562499999995
63.5 0.004666015624999995
64.5 0.004781249999999995
65.5 0.004980468749999995
66.5 0.004923828124999994
67.5 0.004939453124999995
68.5 0.004878906249999999
69.5 0.004664062499999997
70.5 0.004855468749999994
71.5 0.004650390624999995
72.5 0.004515624999999997
73.5 0.004332031249999996
74.5 0.003992187499999997
75.5 0.003990234374999996
76.5 0.003816406249999995
77.5 0.0035996093749999965
78.5 0.003287109374999996
79.5 0.003035156249999997
80.5 0.0028593749999999995
81.5 0.0028320312499999977
82.5 0.002714843749999997
83.5 0.002457031249999999
84.5 0.002097656250000001
85.5 0.001978515625000001
86.5 0.0017050781250000013
87.5 0.0017128906250000013
88.5 0.001447265625000001
89.5 0.001425781250000001
90.5 0.001275390625000001
91.5 0.0011035156250000008
92.5 0.0009726562500000008
93.5 0.0008339843750000006
94.5 0.0007910156250000006
95.5 0.0006738281250000005
96.5 0.0007324218750000005
97.5 0.0005917968750000004
98.5 0.0005234375000000004
99.5 0.0005078125000000003
100.5 0.0004550781250000003
101.5 0.0004179687500000003
102.5 0.00032812500000000024
103.5 0.00032421875000000023
104.5 0.0002890625000000002
105.5 0.0002792968750000002
106.5 0.00022656250000000015
107.5 0.00021289062500000016
108.5 0.00020312500000000015
109.5 0.00023828125000000016
110.5 0.0001816406250000001
111.5 0.00016015625000000012
112.5 0.00016992187500000012
113.5 0.00016406250000000012
114.5 0.0001523437500000001
115.5 0.00012304687500000006
116.5 0.0001464843750000001
117.5 0.00012304687500000008
118.5 0.00011132812500000006
119.5 0.0001464843750000001
120.5 0.00012695312500000009
121.5 9.570312500000006e-05
122.5 0.00011718750000000006
123.5 9.179687500000005e-05
124.5 0.00011914062500000008
125.5 0.00010156250000000006
126.5 0.0001308593750000001
127.5 0.00013671875000000007
128.5 0.00013085937500000006
129.5 0.00013085937500000006
130.5 0.0001425781250000001
131.5 0.00020117187500000015
132.5 0.0001816406250000001
133.5 0.00016601562500000012
134.5 0.00023242187500000015
135.5 0.00023242187500000015
136.5 0.00025000000000000017
137.5 0.00030078125000000016
138.5 0.00033789062500000025
139.5 0.0003828125000000003
140.5 0.00040234375000000025
141.5 0.00045312500000000035
142.5 0.0005351562500000004
143.5 0.0006328125000000005
144.5 0.0007265625000000005
145.5 0.0008222656250000006
146.5 0.0009707031250000008
147.5 0.0011425781250000008
148.5 0.0012128906250000009
149.5 0.0015195312500000011
150.5 0.0016582031250000013
151.5 0.0018964843750000015
152.5 0.002125
153.5 0.002486328124999999
154.5 0.0029042968749999985
155.5 0.0033417968749999975
156.5 0.003900390624999995
157.5 0.004441406249999997
158.5 0.0049160156249999955
159.5 0.0055585937499999976
160.5 0.0062988281249999984
161.5 0.006837890624999995
162.5 0.007537109374999997
163.5 0.008443359374999996
164.5 0.009476562499999995
165.5 0.01056249999999999
166.5 0.0111015625
167.5 0.012341796874999998
168.5 0.013216796874999994
169.5 0.014687499999999996
170.5 0.015447265624999994
171.5 0.016511718749999998
172.5 0.017539062500000004
173.5 0.01813085937500001
174.5 0.01897070312500001
175.5 0.019460937500000004
176.5 0.020474609374999998
177.5 0.020791015625000003
178.5 0.021068359374999995
179.5 0.021398437500000006
180.5 0.021173828124999988
181.5 0.020916015625000006
182.5 0.020607421874999997
183.5 0.020056640625000007
184.5 0.019927734375000006
185.5 0.019099609375
186.5 0.018156249999999992
187.5 0.01698828125
188.5 0.01634375
189.5 0.015365234374999995
190.5 0.014412109375000004
191.5 0.013394531249999998
192.5 0.012427734374999999
193.5 0.011390625000000001
194.5 0.01046484374999999
195.5 0.009548828124999995
196.5 0.008572265624999995
197.5 0.007691406249999994
198.5 0.006609374999999997
199.5 0.006048828124999994
200.5 0.005466796874999994
201.5 0.004771484374999994
202.5 0.004222656249999997
203.5 0.0038847656249999967
204.5 0.003058593749999997
205.5 0.0028222656249999975
206.5 0.002548828124999997
207.5 0.0021640625
208.5 0.0019238281250000013
209.5 0.0016972656250000013
210.5 0.001464843750000001
211.5 0.001248046875000001
212.5 0.0011484375000000008
213.5 0.0009960937500000007
214.5 0.0007929687500000006
215.5 0.0006328125000000005
216.5 0.0006542968750000005
217.5 0.0005410156250000004
218.5 0.0004726562500000003
219.5 0.0003867187500000003
220.5 0.00034570312500000025
221.5 0.00033789062500000025
222.5 0.0003085937500000002
223.5 0.00023046875000000015
224.5 0.00022070312500000014
225.5 0.00020703125000000013
226.5 0.00023437500000000015
227.5 0.00020312500000000015
228.5 0.0001699218750000001
229.5 0.00013085937500000006
230.5 0.00012304687500000008
231.5 0.0001308593750000001
232.5 0.0001484375000000001
233.5 0.00012695312500000009
234.5 0.00011328125000000007
235.5 0.0001406250000000001
236.5 0.00011328125000000007
237.5 0.00011132812500000007
238.5 9.960937500000005e-05
239.5 0.0001445312500000001
240.5 9.570312500000006e-05
241.5 0.00011523437500000008
242.5 0.00012695312500000009
243.5 0.00011523437500000009
244.5 0.00010937500000000007
245.5 0.0001445312500000001
246.5 0.00012500000000000008
247.5 0.00016015625000000012
248.5 0.00021484375000000014
249.5 0.00018750000000000014
250.5 0.00019726562500000012
251.5 0.00024218750000000016
252.5 0.00023828125000000016
253.5 0.00021875000000000014
254.5 0.00023632812500000016
255.5 0.0003125000000000002
256.5 0.0002988281250000002
257.5 0.0003085937500000002
258.5 0.0004121093750000003
259.5 0.00043750000000000033
260.5 0.0005039062500000003
261.5 0.0005000000000000003
262.5 0.0005917968750000004
263.5 0.0006367187500000005
264.5 0.0007539062500000006
265.5 0.0007910156250000006
266.5 0.0008984375000000007
267.5 0.0010312500000000007
268.5 0.0010625000000000007
269.5 0.0011679687500000008
270.5 0.0012265625000000009
271.5 0.001464843750000001
272.5 0.0016738281250000013
273.5 0.0018085937500000014
274.5 0.002025390625000001
275.5 0.00213671875
276.5 0.0022460937499999994
277.5 0.0025156249999999975
278.5 0.002873046874999997
279.5 0.0030488281249999977
280.5 0.003189453124999997
281.5 0.003492187499999996
282.5 0.003683593749999996
283.5 0.003769531249999995
284.5 0.003775390624999997
285.5 0.004306640624999996
286.5 0.0043749999999999935
287.5 0.004580078124999995
288.5 0.004605468749999996
289.5 0.004789062499999994
290.5 0.004814453124999998
291.5 0.004738281249999996
292.5 0.004777343749999995
293.5 0.005062499999999995
294.5 0.005007812499999996
295.5 0.004824218749999998
296.5 0.0046699218749999966
297.5 0.004658203124999996
298.5 0.004437499999999995
299.5 0.004310546874999996
300.5 0.0039316406249999955
301.5 0.004031249999999996
302.5 0.003751953124999996
303.5 0.0034199218749999954
304.5 0.003201171874999997
305.5 0.002845703124999998
306.5 0.002787109374999998
307.5 0.002593749999999999
308.5 0.002294921875
309.5 0.002062500000000001
310.5 0.0018085937500000014
311.5 0.0016386718750000012
312.5 0.0015410156250000012
313.5 0.0012167968750000009
314.5 0.0010996093750000008
315.5 0.0009218750000000007
316.5 0.0008515625000000006
317.5 0.0007402343750000005
318.5 0.0005683593750000004
319.5 0.0004863281250000004
320.5 0.00041015625000000026
321.5 0.0003886718750000003
322.5 0.0002910156250000002
323.5 0.00025390625000000017
324.5 0.00019921875000000015
325.5 0.0001601562500000001
326.5 0.0001386718750000001
327.5 9.179687500000004e-05
328.5 8.593750000000005e-05
329.5 8.203125000000005e-05
330.5 5.664062500000002e-05
331.5 4.4921875000000026e-05
332.5 3.515625000000002e-05
333.5 2.7343750000000004e-05
334.5 3.7109375000000006e-05
335.5 2.9296875000000012e-05
336.5 1.7578125000000002e-05
337.5 1.5625e-05
338.5 9.765625e-06
339.5 1.5625e-05
340.5 5.859375e-06
341.5 9.765625e-06
342.5 9.765625e-06
343.5 9.765625e-06
344.5 9.765625e-06
345.5 0.0
346.5 1.953125e-06
347.5 1.953125e-06
348.5 5.859375e-06
349.5 0.0
350.5 1.953125e-06
351.5 7.8125e-06
352.5 0.0
353.5 0.0
354.5 0.0
355.5 1.953125e-06
356.5 0.0
357.5 3.90625e-06
358.5 0.0
359.5 1.953125e-06
