0.5 1.953125e-06
1.5 0.0
2.5 1.953125e-06
3.5 1.953125e-06
4.5 3.90625e-06
5.5 0.0
6.5 1.953125e-06
7.5 0.0
8.5 0.0
9.5 0.0
10.5 1.953125e-06
11.5 0.0
12.5 3.90625e-06
13.5 0.0
14.5 1.953125e-06
15.5 1.953125e-06
16.5 1.953125e-06
17.5 9.765625e-06
18.5 7.8125e-06
19.5 1.5625e-05
20.5 7.8125e-06
21.5 2.1484375000000006e-05
22.5 9.765625e-06
23.5 2.1484375000000006e-05
24.5 1.3671875e-05
25.5 2.1484375000000006e-05
26.5 4.101562500000002e-05
27.5 2.734375000000001e-05
28.5 4.296875000000001e-05
29.5 4.8828125000000016e-05
30.5 5.4687500000000035e-05
31.5 8.007812500000004e-05
32.5 7.617187500000005e-05
33.5 0.00016210937500000012
34.5 0.0001425781250000001
35.5 0.0001835937500000001
36.5 0.00019335937500000012
37.5 0.00022851562500000018
38.5 0.0002890625000000002
39.5 0.0003359375000000002
40.5 0.0004121093750000003
41.5 0.00044921875000000034
42.5 0.0005195312500000004
43.5 0.0006582031250000005
44.5 0.0008281250000000006
45.5 0.0010000000000000007
46.5 0.0011269531250000008
47.5 0.0011699218750000008
48.5 0.001414062500000001
49.5 0.0016679687500000013
50.5 0.0018281250000000014
51.5 0.0018847656250000015
52.5 0.002333984375
53.5 0.0024121093749999993
54.5 0.0026289062499999984
55.5 0.0029453124999999974
56.5 0.0030878906249999973
57.5 0.003421874999999997
58.5 0.0034570312499999966
59.5 0.0037148437499999977
60.5 0.004003906249999995
61.5 0.004099609374999996
62.5 0.004220703124999996
63.5 0.004445312499999996
64.5 0.004541015624999993
65.5 0.004621093749999996
66.5 0.004712890624999994
67.5 0.004630859374999997
68.5 0.004695312499999995
69.5 0.004550781249999997
70.5 0.004667968749999998
71.5 0.004376953124999996
72.5 0.004291015624999997
73.5 0.004212890624999994
74.5 0.004013671874999994
75.5 0.003667968749999996
76.5 0.003691406249999997
77.5 0.003371093749999996
78.5 0.0031757812499999963
79.5 0.002978515624999997
80.5 0.0027460937499999977
81.5 0.0025781249999999984
82.5 0.0024023437499999995
83.5 0.0021386718750000004
84.5 0.0019882812500000013
85.5 0.0019316406250000015
86.5 0.0017089843750000013
87.5 0.001419921875000001
88.5 0.001291015625000001
89.5 0.0011875000000000008
90.5 0.0010976562500000008
91.5 0.0009609375000000007
92.5 0.0009101562500000007
93.5 0.0008847656250000007
94.5 0.0007519531250000006
95.5 0.0006679687500000005
96.5 0.0005449218750000004
97.5 0.0005507812500000004
98.5 0.00045898437500000035
99.5 0.00045898437500000035
100.5 0.0004062500000000003
101.5 0.0004003906250000003
102.5 0.0002871093750000002
103.5 0.0002871093750000002
104.5 0.0002695312500000002
105.5 0.0003007812500000002
106.5 0.00020703125000000016
107.5 0.00020312500000000013
108.5 0.00021484375000000016
109.5 0.00017382812500000013
110.5 0.00017773437500000013
111.5 0.00018750000000000014
112.5 0.0001757812500000001
113.5 0.0001308593750000001
114.5 0.0001445312500000001
115.5 0.0001464843750000001
116.5 0.00015234375000000008
117.5 0.00012500000000000008
118.5 0.0001503906250000001
119.5 0.0001601562500000001
120.5 0.0001367187500000001
121.5 0.00012695312500000006
122.5 0.0001347656250000001
123.5 0.0001347656250000001
124.5 0.0001816406250000001
125.5 0.00016601562500000012
126.5 0.00016796875000000012
127.5 0.0001855468750000001
128.5 0.0001796875000000001
129.5 0.00021289062500000016
130.5 0.00022851562500000018
131.5 0.00021093750000000013
132.5 0.00028125000000000014
133.5 0.0002714843750000002
134.5 0.0003085937500000002
135.5 0.00035546875000000026
136.5 0.0004062500000000003
137.5 0.0005019531250000003
138.5 0.0004960937500000003
139.5 0.0005722656250000004
140.5 0.0006523437500000005
141.5 0.0007519531250000006
142.5 0.0007460937500000006
143.5 0.0009023437500000007
144.5 0.0010917968750000008
145.5 0.0012031250000000009
146.5 0.0012109375000000009
147.5 0.0015703125000000012
148.5 0.0018437500000000014
149.5 0.002011718750000001
150.5 0.0023281249999999995
151.5 0.0025351562499999988
152.5 0.002824218749999997
153.5 0.003259765624999997
154.5 0.003730468749999996
155.5 0.004128906249999998
156.5 0.004666015624999996
157.5 0.005283203124999994
158.5 0.005744140624999994
159.5 0.0063808593749999955
160.5 0.006966796874999995
161.5 0.007794921874999992
162.5 0.008537109374999999
163.5 0.009326171874999999
164.5 0.010130859374999995
165.5 0.010876953124999998
166.5 0.011906250000000004
167.5 0.012437499999999997
168.5 0.01350390625
169.5 0.014576171875000005
170.5 0.015580078124999999
171.5 0.016142578124999994
172.5 0.016810546875000002
173.5 0.017539062499999997
174.5 0.017679687500000006
175.5 0.018455078125000007
176.5 0.018529296875
177.5 0.019703125000000002
178.5 0.01924023437499999
179.5 0.019746093750000013
180.5 0.019556640625000003
181.5 0.020074218750000004
182.5 0.019273437500000008
183.5 0.018966796875
184.5 0.018789062499999995
185.5 0.018148437500000014
186.5 0.01745898437500001
187.5 0.016720703125000003
188.5 0.016025390624999993
189.5 0.01558203125
190.5 0.014291015625000002
191.5 0.013421875000000005
192.5 0.012748046875000005
193.5 0.011986328124999996
194.5 0.011039062499999997
195.5 0.010326171874999996
196.5 0.009414062499999994
197.5 0.008746093749999994
198.5 0.008199218749999996
199.5 0.007064453124999993
200.5 0.006494140624999997
201.5 0.005880859374999995
202.5 0.005201171874999996
203.5 0.004771484374999994
204.5 0.004347656249999996
205.5 0.003748046874999996
206.5 0.003355468749999995
207.5 0.002923828124999998
208.5 0.0025898437499999975
209.5 0.0023671874999999986
210.5 0.0020878906250000008
211.5 0.0017421875000000013
212.5 0.0016718750000000013
213.5 0.001462890625000001
214.5 0.0011210937500000008
215.5 0.0011210937500000008
216.5 0.0009980468750000007
217.5 0.0008828125000000007
218.5 0.0006757812500000005
219.5 0.0006152343750000004
220.5 0.0005644531250000004
221.5 0.0005175781250000004
222.5 0.00041796875000000026
223.5 0.00041015625000000026
224.5 0.00034960937500000026
225.5 0.0003183593750000002
226.5 0.0002832031250000002
227.5 0.00027343750000000013
228.5 0.00020703125000000013
229.5 0.00022070312500000014
230.5 0.00019726562500000015
231.5 0.00018945312500000014
232.5 0.00016992187500000012
233.5 0.0001738281250000001
234.5 0.0001425781250000001
235.5 0.0001621093750000001
236.5 0.0001582031250000001
237.5 0.00012304687500000008
238.5 0.0001523437500000001
239.5 0.00012695312500000009
240.5 0.0001503906250000001
241.5 0.0001660156250000001
242.5 0.00014648437500000008
243.5 0.00014648437500000008
244.5 0.00012109375000000007
245.5 0.0001757812500000001
246.5 0.00017773437500000013
247.5 0.00017578125000000013
248.5 0.00017773437500000013
249.5 0.00017187500000000013
250.5 0.00016992187500000012
251.5 0.0001738281250000001
252.5 0.00022070312500000011
253.5 0.00023828125000000016
254.5 0.00023242187500000018
255.5 0.0002773437500000002
256.5 0.0002988281250000002
257.5 0.0003417968750000002
258.5 0.0004023437500000003
259.5 0.00036523437500000027
260.5 0.00044921875000000034
261.5 0.0004726562500000003
262.5 0.0005253906250000004
263.5 0.0005781250000000004
264.5 0.0006835937500000005
265.5 0.0007363281250000005
266.5 0.0008750000000000007
267.5 0.0008984375000000007
268.5 0.0010136718750000007
269.5 0.0011484375000000008
270.5 0.0011894531250000008
271.5 0.001406250000000001
272.5 0.0015078125000000011
273.5 0.0016562500000000013
274.5 0.0018183593750000014
275.5 0.0021210937500000006
276.5 0.0021835937500000006
277.5 0.0024316406249999993
278.5 0.0026621093749999982
279.5 0.0028027343749999997
280.5 0.003001953124999998
281.5 0.0032636718749999975
282.5 0.003554687499999997
283.5 0.0037949218749999945
284.5 0.003966796874999998
285.5 0.004124999999999997
286.5 0.004199218749999996
287.5 0.004404296874999998
288.5 0.004406249999999999
289.5 0.004613281249999997
290.5 0.004759765624999994
291.5 0.004749999999999996
292.5 0.004687499999999998
293.5 0.004628906249999995
294.5 0.004992187499999998
295.5 0.004677734374999995
296.5 0.004615234374999995
297.5 0.004398437499999996
298.5 0.004205078124999994
299.5 0.0042871093749999945
300.5 0.003927734374999997
301.5 0.003621093749999995
302.5 0.003392578124999997
303.5 0.0032187499999999964
304.5 0.002853515624999996
305.5 0.0026621093749999987
306.5 0.0023964843749999997
307.5 0.002216796875
308.5 0.0020878906250000008
309.5 0.0018574218750000014
310.5 0.0015234375000000011
311.5 0.0015371093750000011
312.5 0.0012460937500000009
313.5 0.0010644531250000007
314.5 0.0009902343750000007
315.5 0.0007988281250000006
316.5 0.0007636718750000006
317.5 0.0005507812500000004
318.5 0.0004785156250000003
319.5 0.0004082031250000003
320.5 0.0003046875000000002
321.5 0.0002812500000000002
322.5 0.00024218750000000016
323.5 0.00021679687500000014
324.5 0.0001816406250000001
325.5 0.0001289062500000001
326.5 0.00010156250000000006
327.5 8.203125000000005e-05
328.5 6.835937500000005e-05
329.5 6.445312500000003e-05
330.5 4.882812500000003e-05
331.5 3.710937500000001e-05
332.5 4.6875000000000015e-05
333.5 2.1484375000000006e-05
334.5 1.171875e-05
335.5 2.734375000000001e-05
336.5 1.3671875e-05
337.5 1.3671875e-05
338.5 5.859375e-06
339.5 1.3671875e-05
340.5 7.8125e-06
341.5 3.90625e-06
342.5 1.953125e-06
343.5 1.953125e-06
344.5 3.90625e-06
345.5 1.953125e-06
346.5 0.0
347.5 1.953125e-06
348.5 1.953125e-06
349.5 0.0
350.5 1.953125e-06
351.5 0.0
352.5 0.0
353.5 3.90625e-06
354.5 1.953125e-06
355.5 1.953125e-06
356.5 1.953125e-06
357.5 1.953125e-06
358.5 1.953125e-06
359.5 3.90625e-06
