0.5 1.953125e-06
1.5 1.953125e-06
2.5 1.953125e-06
3.5 1.953125e-06
4.5 1.953125e-06
5.5 1.953125e-06
6.5 1.953125e-06
7.5 1.953125e-06
8.5 0.0
9.5 0.0
10.5 5.859375e-06
11.5 0.0
12.5 1.953125e-06
13.5 0.0
14.5 5.859375e-06
15.5 1.953125e-06
16.5 3.90625e-06
17.5 3.90625e-06
18.5 7.8125e-06
19.5 3.90625e-06
20.5 7.8125e-06
21.5 5.859375e-06
22.5 9.765625e-06
23.5 1.171875e-05
24.5 1.7578125000000002e-05
25.5 9.765625e-06
26.5 2.1484375000000006e-05
27.5 2.3437500000000007e-05
28.5 2.9296875000000012e-05
29.5 3.7109375000000006e-05
30.5 4.882812500000003e-05
31.5 6.250000000000004e-05
32.5 8.593750000000005e-05
33.5 8.984375000000005e-05
34.5 0.00012500000000000008
35.5 0.0001523437500000001
36.5 0.00020507812500000013
37.5 0.0002988281250000002
38.5 0.00033789062500000025
39.5 0.00034375000000000025
40.5 0.0004140625000000003
41.5 0.0005273437500000004
42.5 0.0005722656250000004
43.5 0.0006601562500000005
44.5 0.0008320312500000006
45.5 0.0009394531250000007
46.5 0.0010781250000000007
47.5 0.001275390625000001
48.5 0.001462890625000001
49.5 0.0017031250000000013
50.5 0.0019023437500000015
51.5 0.002166015625
52.5 0.0023828125
53.5 0.002652343749999997
54.5 0.0028691406249999963
55.5 0.0031230468749999987
56.5 0.003179687499999998
57.5 0.0034433593749999968
58.5 0.0037226562499999964
59.5 0.0037792968749999953
60.5 0.004267578124999996
61.5 0.004324218749999996
62.5 0.004503906249999995
63.5 0.004626953124999995
64.5 0.004761718749999997
65.5 0.004730468749999992
66.5 0.004916015624999994
67.5 0.004498046874999996
68.5 0.004523437499999997
69.5 0.004714843749999996
70.5 0.0046640624999999955
71.5 0.004470703124999995
72.5 0.004201171874999996
73.5 0.004328124999999996
74.5 0.0037792968749999945
75.5 0.003937499999999996
76.5 0.0034570312499999996
77.5 0.003378906249999998
78.5 0.003115234374999996
79.5 0.002988281249999998
80.5 0.002675781249999998
81.5 0.0025175781249999972
82.5 0.0023593749999999986
83.5 0.0022246093750000005
84.5 0.0021093750000000006
85.5 0.0017910156250000014
86.5 0.0017558593750000013
87.5 0.0015078125000000011
88.5 0.001398437500000001
89.5 0.001345703125000001
90.5 0.0011113281250000008
91.5 0.0009765625000000007
92.5 0.0008593750000000007
93.5 0.0007832031250000006
94.5 0.0007363281250000005
95.5 0.0006132812500000004
96.5 0.0006367187500000005
97.5 0.0005429687500000004
98.5 0.00047460937500000037
99.5 0.0005078125000000003
100.5 0.0003769531250000003
101.5 0.0003808593750000003
102.5 0.00036328125000000027
103.5 0.00033007812500000024
104.5 0.0002968750000000002
105.5 0.00025195312500000017
106.5 0.00020703125000000013
107.5 0.00023046875000000018
108.5 0.00023437500000000018
109.5 0.00020117187500000012
110.5 0.00020507812500000016
111.5 0.0001347656250000001
112.5 0.00015625000000000008
113.5 0.0001679687500000001
114.5 0.0001640625000000001
115.5 0.0001386718750000001
116.5 0.00021093750000000016
117.5 0.0001484375000000001
118.5 0.0001367187500000001
119.5 0.00013867187500000007
120.5 0.0001464843750000001
121.5 0.0001367187500000001
122.5 0.0001464843750000001
123.5 0.0001660156250000001
124.5 0.0001679687500000001
125.5 0.00014257812500000007
126.5 0.00019335937500000014
127.5 0.00016796875000000012
128.5 0.00018750000000000014
129.5 0.00022070312500000014
130.5 0.00021289062500000013
131.5 0.00022460937500000017
132.5 0.0002734375000000002
133.5 0.00032031250000000023
134.5 0.0003261718750000002
135.5 0.00034765625000000025
136.5 0.0003945312500000003
137.5 0.00046679687500000036
138.5 0.0004863281250000004
139.5 0.0006035156250000004
140.5 0.0006152343750000004
141.5 0.0007539062500000006
142.5 0.0007988281250000006
143.5 0.0009218750000000007
144.5 0.0010937500000000008
145.5 0.0012441406250000009
146.5 0.001341796875000001
147.5 0.001488281250000001
148.5 0.0017304687500000013
149.5 0.001970703125000001
150.5 0.002396484374999998
151.5 0.002582031249999998
152.5 0.0030449218749999973
153.5 0.0033339843749999975
154.5 0.0035742187499999962
155.5 0.0040957031249999965
156.5 0.004689453124999996
157.5 0.005306640624999995
158.5 0.005865234374999995
159.5 0.006783203124999995
160.5 0.006970703124999995
161.5 0.007892578124999994
162.5 0.008292968749999999
163.5 0.009589843749999999
164.5 0.010158203125000001
165.5 0.010904296875
166.5 0.011874999999999997
167.5 0.0125078125
168.5 0.013605468749999992
169.5 0.014414062499999998
170.5 0.015072265624999994
171.5 0.016082031249999993
172.5 0.016783203125
173.5 0.01746679687500001
174.5 0.01808593750000001
175.5 0.018394531250000005
176.5 0.019099609375
177.5 0.019121093750000002
178.5 0.019378906250000005
179.5 0.01941406250000001
180.5 0.01917187500000001
181.5 0.019443359375000004
182.5 0.019154296875
183.5 0.01887304687499999
184.5 0.01853320312500001
185.5 0.01800390625
186.5 0.017550781250000005
187.5 0.016617187499999995
188.5 0.0158515625
189.5 0.01498242187500001
190.5 0.014632812500000009
191.5 0.013742187500000003
192.5 0.012531249999999994
193.5 0.011949218750000002
194.5 0.011220703125000002
195.5 0.010158203124999996
196.5 0.00948828125
197.5 0.008374999999999997
198.5 0.007816406249999998
199.5 0.007259765624999996
200.5 0.006603515624999999
201.5 0.005830078124999993
202.5 0.004976562499999994
203.5 0.004498046874999997
204.5 0.004119140624999995
205.5 0.003759765624999996
206.5 0.003333984374999999
207.5 0.002939453124999997
208.5 0.002613281249999999
209.5 0.002296875
210.5 0.001998046875000001
211.5 0.0018222656250000014
212.5 0.0016093750000000012
213.5 0.001294921875000001
214.5 0.0011953125000000008
215.5 0.0010468750000000007
216.5 0.0009160156250000007
217.5 0.0007656250000000006
218.5 0.0006972656250000005
219.5 0.0006660156250000005
220.5 0.0005117187500000003
221.5 0.0004296875000000003
222.5 0.00041601562500000026
223.5 0.00035351562500000026
224.5 0.00039843750000000025
225.5 0.0003007812500000002
226.5 0.0003046875000000002
227.5 0.00023437500000000018
228.5 0.00021679687500000014
229.5 0.00021679687500000014
230.5 0.00017187500000000013
231.5 0.0001777343750000001
232.5 0.00018945312500000011
233.5 0.0001562500000000001
234.5 0.00019335937500000014
235.5 0.0001425781250000001
236.5 0.0001582031250000001
237.5 0.00017968750000000013
238.5 0.00014648437500000008
239.5 0.00012500000000000008
240.5 0.00011718750000000008
241.5 0.0001445312500000001
242.5 0.00014257812500000007
243.5 0.0001757812500000001
244.5 0.00014843750000000008
245.5 0.00016406250000000012
246.5 0.00018554687500000014
247.5 0.00017968750000000013
248.5 0.00020117187500000012
249.5 0.00018164062500000013
250.5 0.00023242187500000018
251.5 0.00022265625000000017
252.5 0.00024218750000000016
253.5 0.00025195312500000017
254.5 0.00025000000000000017
255.5 0.0003085937500000002
256.5 0.0003320312500000002
257.5 0.00032617187500000024
258.5 0.00036132812500000027
259.5 0.0004179687500000003
260.5 0.00046093750000000036
261.5 0.00045117187500000035
262.5 0.0005175781250000004
263.5 0.0005566406250000004
264.5 0.0006406250000000005
265.5 0.0007734375000000006
266.5 0.0007597656250000006
267.5 0.0009082031250000007
268.5 0.0008867187500000007
269.5 0.0010507812500000007
270.5 0.001287109375000001
271.5 0.001384765625000001
272.5 0.001443359375000001
273.5 0.0017792968750000014
274.5 0.0017167968750000013
275.5 0.0019843750000000013
276.5 0.0021718749999999998
277.5 0.0025019531249999994
278.5 0.0025624999999999992
279.5 0.002755859374999998
280.5 0.0029941406249999964
281.5 0.0032929687499999964
282.5 0.0033789062499999943
283.5 0.003603515624999996
284.5 0.0037382812499999964
285.5 0.003984374999999997
286.5 0.004246093749999996
287.5 0.004373046874999995
288.5 0.004521484374999994
289.5 0.004646484374999996
290.5 0.004660156249999996
291.5 0.004746093749999995
292.5 0.0047675781249999945
293.5 0.004767578124999994
294.5 0.004685546874999996
295.5 0.004654296874999994
296.5 0.004570312499999994
297.5 0.004574218749999992
298.5 0.004078124999999995
299.5 0.004101562499999996
300.5 0.004029296874999996
301.5 0.0037011718749999953
302.5 0.003503906249999996
303.5 0.003199218749999996
304.5 0.0030624999999999966
305.5 0.002904296874999998
306.5 0.0027070312499999985
307.5 0.002251953125
308.5 0.0021035156249999995
309.5 0.0018496093750000014
310.5 0.0016445312500000012
311.5 0.001335937500000001
312.5 0.001337890625000001
313.5 0.0010957031250000008
314.5 0.0008574218750000007
315.5 0.0008378906250000006
316.5 0.0006914062500000005
317.5 0.0005644531250000004
318.5 0.0005585937500000004
319.5 0.00047656250000000037
320.5 0.00036718750000000027
321.5 0.0003085937500000002
322.5 0.00023046875000000015
323.5 0.00021875000000000017
324.5 0.0001679687500000001
325.5 0.00012695312500000006
326.5 0.00011914062500000008
327.5 7.812500000000003e-05
328.5 9.570312500000006e-05
329.5 6.835937500000005e-05
330.5 2.9296875000000006e-05
331.5 2.734375000000001e-05
332.5 3.3203125000000016e-05
333.5 2.539062500000001e-05
334.5 1.5625e-05
335.5 2.1484375000000002e-05
336.5 1.171875e-05
337.5 1.9531250000000004e-05
338.5 1.171875e-05
339.5 1.171875e-05
340.5 7.8125e-06
341.5 5.859375e-06
342.5 7.8125e-06
343.5 1.953125e-06
344.5 7.8125e-06
345.5 3.90625e-06
346.5 0.0
347.5 1.953125e-06
348.5 1.953125e-06
349.5 0.0
350.5 3.90625e-06
351.5 0.0
352.5 0.0
353.5 0.0
354.5 3.90625e-06
355.5 1.953125e-06
356.5 0.0
357.5 0.0
358.5 0.0
359.5 1.953125e-06
