0.5 1.953125e-06
1.5 0.0
2.5 0.0
3.5 0.0
4.5 1.953125e-06
5.5 0.0
6.5 0.0
7.5 0.0
8.5 3.90625e-06
9.5 3.90625e-06
10.5 1.953125e-06
11.5 1.953125e-06
12.5 1.953125e-06
13.5 5.859375e-06
14.5 7.8125e-06
15.5 5.859375e-06
16.5 3.90625e-06
17.5 5.859375e-06
18.5 1.3671875e-05
19.5 9.765625e-06
20.5 1.171875e-05
21.5 7.8125e-06
22.5 1.5625e-05
23.5 2.539062500000001e-05
24.5 3.320312500000001e-05
25.5 2.1484375000000006e-05
26.5 3.1250000000000014e-05
27.5 5.468750000000002e-05
28.5 5.664062500000002e-05
29.5 5.078125000000003e-05
30.5 7.031250000000004e-05
31.5 0.00011132812500000007
32.5 9.570312500000006e-05
33.5 0.0001445312500000001
34.5 0.0001464843750000001
35.5 0.00020507812500000013
36.5 0.00023828125000000016
37.5 0.00025390625000000017
38.5 0.0003417968750000002
39.5 0.00045312500000000035
40.5 0.00047265625000000037
41.5 0.0005781250000000004
42.5 0.0006562500000000005
43.5 0.0007792968750000006
44.5 0.0008535156250000006
45.5 0.0010957031250000008
46.5 0.001281250000000001
47.5 0.001425781250000001
48.5 0.0015800781250000012
49.5 0.0016835937500000013
50.5 0.0019199218750000015
51.5 0.0021914062499999998
52.5 0.002453124999999998
53.5 0.002675781249999999
54.5 0.0028339843749999962
55.5 0.0030390624999999975
56.5 0.003429687499999998
57.5 0.0034062499999999957
58.5 0.0036738281249999957
59.5 0.004017578124999996
60.5 0.004179687499999997
61.5 0.004314453124999995
62.5 0.004478515624999996
63.5 0.004499999999999994
64.5 0.004849609374999997
65.5 0.004650390624999998
66.5 0.004792968749999997
67.5 0.0049648437499999944
68.5 0.004775390624999993
69.5 0.004521484374999996
70.5 0.004615234374999995
71.5 0.004591796874999996
72.5 0.004490234374999994
73.5 0.004326171874999996
74.5 0.0042324218749999944
75.5 0.0038378906249999954
76.5 0.0036894531249999966
77.5 0.0034765624999999966
78.5 0.003324218749999996
79.5 0.003228515624999996
80.5 0.0028398437499999965
81.5 0.0027324218749999996
82.5 0.0025195312499999983
83.5 0.0022890625
84.5 0.0020761718750000008
85.5 0.0019003906250000015
86.5 0.0017421875000000013
87.5 0.0015917968750000012
88.5 0.0015234375000000011
89.5 0.001365234375000001
90.5 0.0012304687500000009
91.5 0.0011269531250000008
92.5 0.0009589843750000007
93.5 0.0009199218750000007
94.5 0.0007597656250000006
95.5 0.0006796875000000005
96.5 0.0007871093750000006
97.5 0.0005371093750000004
98.5 0.0005917968750000004
99.5 0.0004746093750000003
100.5 0.0004980468750000003
101.5 0.00035546875000000026
102.5 0.0004023437500000003
103.5 0.0002929687500000002
104.5 0.00033007812500000024
105.5 0.00024804687500000017
106.5 0.00022460937500000015
107.5 0.00023437500000000015
108.5 0.0002656250000000002
109.5 0.00017187500000000013
110.5 0.0001718750000000001
111.5 0.0001777343750000001
112.5 0.0001660156250000001
113.5 0.00011523437500000008
114.5 0.00016210937500000012
115.5 0.0001347656250000001
116.5 0.00012304687500000008
117.5 0.0001445312500000001
118.5 0.0001289062500000001
119.5 0.00011914062500000008
120.5 0.00011132812500000009
121.5 0.00012304687500000008
122.5 0.0001445312500000001
123.5 0.00012500000000000006
124.5 0.00013085937500000006
125.5 0.00012500000000000008
126.5 0.0001367187500000001
127.5 0.00012304687500000008
128.5 0.0001289062500000001
129.5 0.00014453125000000007
130.5 0.0001718750000000001
131.5 0.00016601562500000012
132.5 0.00021484375000000016
133.5 0.00021093750000000013
134.5 0.0002773437500000002
135.5 0.00025195312500000017
136.5 0.00024609375000000016
137.5 0.0003046875000000002
138.5 0.0003164062500000002
139.5 0.0003730468750000002
140.5 0.0004277343750000003
141.5 0.0005156250000000003
142.5 0.0005566406250000004
143.5 0.0006250000000000004
144.5 0.0006992187500000005
145.5 0.0008183593750000006
146.5 0.0009023437500000006
147.5 0.0011347656250000008
148.5 0.0011757812500000008
149.5 0.001460937500000001
150.5 0.0017617187500000013
151.5 0.0020273437500000014
152.5 0.0022441406250000005
153.5 0.002601562499999999
154.5 0.0029238281249999976
155.5 0.003230468749999997
156.5 0.003921874999999997
157.5 0.004287109374999996
158.5 0.004990234374999996
159.5 0.005554687499999997
160.5 0.006367187499999995
161.5 0.006871093749999995
162.5 0.007587890624999996
163.5 0.00855859375
164.5 0.009453124999999996
165.5 0.010623046874999998
166.5 0.011564453124999999
167.5 0.01278515625
168.5 0.013374999999999995
169.5 0.014732421874999999
170.5 0.01567773437499999
171.5 0.016460937500000005
172.5 0.017558593750000004
173.5 0.018197265624999997
174.5 0.01884375000000001
175.5 0.01978906250000001
176.5 0.020601562500000007
177.5 0.02086718750000001
178.5 0.02130468750000001
179.5 0.02166015625
180.5 0.021419921874999994
181.5 0.021419921874999998
182.5 0.020857421875000004
183.5 0.020777343750000003
184.5 0.020007812500000006
185.5 0.019160156249999998
186.5 0.018138671875
187.5 0.017677734375
188.5 0.016779296875000006
189.5 0.015626953124999995
190.5 0.014505859375000001
191.5 0.013591796875000008
192.5 0.012597656249999993
193.5 0.011544921874999996
194.5 0.010556640625
195.5 0.0095
196.5 0.008494140624999999
197.5 0.007812499999999997
198.5 0.007031249999999994
199.5 0.006492187499999996
200.5 0.005421874999999997
201.5 0.005013671874999995
202.5 0.004203124999999993
203.5 0.0037421874999999973
204.5 0.003263671874999998
205.5 0.0028183593749999984
206.5 0.0025449218749999994
207.5 0.00217578125
208.5 0.0018554687500000014
209.5 0.0016816406250000013
210.5 0.0015019531250000011
211.5 0.001248046875000001
212.5 0.0011562500000000008
213.5 0.0009238281250000007
214.5 0.0008300781250000006
215.5 0.0006835937500000005
216.5 0.0005644531250000004
217.5 0.0005800781250000004
218.5 0.0004980468750000003
219.5 0.00046093750000000036
220.5 0.00035937500000000026
221.5 0.00033789062500000025
222.5 0.0002871093750000002
223.5 0.0002792968750000002
224.5 0.00023046875000000015
225.5 0.00023828125000000016
226.5 0.00021484375000000014
227.5 0.00018750000000000014
228.5 0.0001875000000000001
229.5 0.00018554687500000014
230.5 0.00014648437500000008
231.5 0.0001386718750000001
232.5 0.00013085937500000006
233.5 0.00015039062500000008
234.5 0.0001289062500000001
235.5 0.00011914062500000008
236.5 0.00011132812500000009
237.5 0.00012304687500000008
238.5 0.00011914062500000009
239.5 0.00011328125000000007
240.5 0.00011523437500000008
241.5 0.00011718750000000008
242.5 0.00012109375000000008
243.5 0.0001289062500000001
244.5 0.0001425781250000001
245.5 0.00016601562500000012
246.5 0.00012500000000000006
247.5 0.00016210937500000012
248.5 0.0001796875000000001
249.5 0.00016992187500000012
250.5 0.00022851562500000018
251.5 0.00020703125000000013
252.5 0.00024414062500000016
253.5 0.00024218750000000016
254.5 0.0002949218750000002
255.5 0.0003125000000000002
256.5 0.00033007812500000024
257.5 0.00033789062500000025
258.5 0.0003906250000000003
259.5 0.0004765625000000003
260.5 0.0004882812500000003
261.5 0.0005332031250000004
262.5 0.0005351562500000004
263.5 0.0005761718750000004
264.5 0.0006640625000000005
265.5 0.0008476562500000006
266.5 0.0008437500000000006
267.5 0.0010312500000000007
268.5 0.0010976562500000008
269.5 0.0011191406250000008
270.5 0.001308593750000001
271.5 0.001470703125000001
272.5 0.0017070312500000013
273.5 0.0017851562500000014
274.5 0.0021308593750000012
275.5 0.0020878906250000008
276.5 0.0023222656249999992
277.5 0.002433593749999999
278.5 0.002708984374999998
279.5 0.0031035156249999965
280.5 0.0031054687499999976
281.5 0.003230468749999998
282.5 0.0035488281249999964
283.5 0.003794921874999995
284.5 0.004007812499999996
285.5 0.004085937499999996
286.5 0.004160156249999997
287.5 0.004439453124999996
288.5 0.004580078124999997
289.5 0.004607421874999994
290.5 0.004763671874999993
291.5 0.004628906249999995
292.5 0.004761718749999997
293.5 0.004642578124999995
294.5 0.004787109374999994
295.5 0.004705078124999997
296.5 0.004490234374999996
297.5 0.004552734374999996
298.5 0.0043574218749999945
299.5 0.004130859374999997
300.5 0.0038886718749999967
301.5 0.0037714843749999975
302.5 0.0037187499999999964
303.5 0.003224609374999997
304.5 0.0030117187499999975
305.5 0.0028789062499999974
306.5 0.002498046874999999
307.5 0.0023632812499999995
308.5 0.002185546875
309.5 0.0018378906250000014
310.5 0.0018417968750000014
311.5 0.0015175781250000011
312.5 0.001484375000000001
313.5 0.0012402343750000009
314.5 0.0010800781250000007
315.5 0.0009199218750000006
316.5 0.0007988281250000005
317.5 0.0006894531250000005
318.5 0.0005683593750000004
319.5 0.00044140625000000034
320.5 0.0003828125000000003
321.5 0.0003183593750000002
322.5 0.00035351562500000026
323.5 0.00025000000000000017
324.5 0.00022265625000000017
325.5 0.00017382812500000013
326.5 0.00012500000000000008
327.5 0.00010937500000000008
328.5 8.984375000000005e-05
329.5 8.398437500000005e-05
330.5 4.2968750000000025e-05
331.5 5.664062500000003e-05
332.5 3.515625000000002e-05
333.5 2.9296875000000006e-05
334.5 2.734375000000001e-05
335.5 1.7578125000000002e-05
336.5 1.5625e-05
337.5 7.8125e-06
338.5 1.171875e-05
339.5 1.171875e-05
340.5 7.8125e-06
341.5 1.171875e-05
342.5 7.8125e-06
343.5 1.953125e-06
344.5 0.0
345.5 1.953125e-06
346.5 0.0
347.5 0.0
348.5 3.90625e-06
349.5 3.90625e-06
350.5 0.0
351.5 1.953125e-06
352.5 0.0
353.5 3.90625e-06
354.5 0.0
355.5 0.0
356.5 3.90625e-06
357.5 1.953125e-06
358.5 1.953125e-06
359.5 0.0
