0.5 4.296875000000001e-05
1.5 4.296875000000002e-05
2.5 4.8828125000000016e-05
3.5 5.273437500000002e-05
4.5 8.789062500000004e-05
5.5 7.617187500000003e-05
6.5 9.375000000000003e-05
7.5 0.00013281250000000004
8.5 0.00017187500000000007
9.5 0.00018164062500000008
10.5 0.00019921875000000012
11.5 0.00027734375000000014
12.5 0.00035546875000000015
13.5 0.00042773437500000016
14.5 0.0005234375000000002
15.5 0.0005917968750000003
16.5 0.0007363281250000004
17.5 0.0008925781250000006
18.5 0.0009921875000000007
19.5 0.0011777343750000006
20.5 0.0013789062500000008
21.5 0.001742187500000001
22.5 0.0020000000000000005
23.5 0.00219921875
24.5 0.0023945312499999987
25.5 0.0027363281249999983
26.5 0.003097656249999998
27.5 0.003394531249999997
28.5 0.0037011718749999953
29.5 0.004099609374999996
30.5 0.004419921874999996
31.5 0.004992187499999997
32.5 0.005095703124999994
33.5 0.005503906249999993
34.5 0.005666015624999996
35.5 0.005898437499999994
36.5 0.0059609374999999975
37.5 0.006302734374999995
38.5 0.006476562499999997
39.5 0.0062851562499999965
40.5 0.006287109374999996
41.5 0.006527343749999995
42.5 0.006181640624999997
43.5 0.005931640624999995
44.5 0.005681640624999997
45.5 0.005337890624999995
46.5 0.005130859374999998
47.5 0.005109374999999997
48.5 0.004703124999999992
49.5 0.004255859374999996
50.5 0.004158203124999995
51.5 0.003966796874999997
52.5 0.0032812499999999986
53.5 0.0031308593749999974
54.5 0.0029218749999999987
55.5 0.0025449218749999977
56.5 0.0021757812499999998
57.5 0.0019335937500000013
58.5 0.0017597656250000013
59.5 0.0015898437500000012
60.5 0.001359375000000001
61.5 0.001255859375000001
62.5 0.0011074218750000005
63.5 0.0009511718750000006
64.5 0.0008808593750000006
65.5 0.0007363281250000005
66.5 0.0006054687500000004
67.5 0.0005312500000000004
68.5 0.0005078125000000003
69.5 0.0004394531250000003
70.5 0.0003808593750000003
71.5 0.00032812500000000024
72.5 0.0004042968750000003
73.5 0.0003457031250000002
74.5 0.00032421875000000023
75.5 0.0003203125000000002
76.5 0.0002753906250000002
77.5 0.0003339843750000002
78.5 0.0003300781250000002
79.5 0.00031445312500000017
80.5 0.0003554687500000002
81.5 0.0003378906250000002
82.5 0.0003457031250000002
83.5 0.00039843750000000025
84.5 0.0003515625000000002
85.5 0.0003789062500000003
86.5 0.0003593750000000002
87.5 0.00038085937500000023
88.5 0.0004375000000000002
89.5 0.0004609375000000003
90.5 0.00041992187500000016
91.5 0.0004550781250000003
92.5 0.0004531250000000002
93.5 0.0005234375000000002
94.5 0.00043750000000000017
95.5 0.0005546875000000002
96.5 0.0004960937500000001
97.5 0.0005000000000000001
98.5 0.0005761718750000002
99.5 0.0005214843750000001
100.5 0.0005546875000000003
101.5 0.0005937500000000003
102.5 0.0005917968750000002
103.5 0.0005605468750000002
104.5 0.0005371093750000003
105.5 0.0005351562500000003
106.5 0.0004882812500000002
107.5 0.0005644531250000004
108.5 0.00048046875000000026
109.5 0.0004941406250000001
110.5 0.0005078125000000002
111.5 0.0004335937500000002
112.5 0.0004687500000000002
113.5 0.0004394531250000003
114.5 0.00048632812500000027
115.5 0.0005820312500000003
116.5 0.00045898437500000025
117.5 0.0005214843750000004
118.5 0.0005527343750000004
119.5 0.0005878906250000004
120.5 0.0006386718750000005
121.5 0.0007050781250000004
122.5 0.0007460937500000004
123.5 0.0008593750000000005
124.5 0.0010742187500000007
125.5 0.0010917968750000008
126.5 0.0012832031250000007
127.5 0.0014843750000000009
128.5 0.0017187500000000013
129.5 0.0018554687500000012
130.5 0.002312499999999999
131.5 0.0024707031249999985
132.5 0.002906249999999997
133.5 0.0031953124999999963
134.5 0.0036367187499999954
135.5 0.003998046874999995
136.5 0.004449218749999995
137.5 0.005064453124999994
138.5 0.005533203124999993
139.5 0.006111328124999995
140.5 0.006552734374999994
141.5 0.007228515624999995
142.5 0.007681640624999998
143.5 0.008279296874999995
144.5 0.009068359374999994
145.5 0.009427734374999993
146.5 0.009988281249999998
147.5 0.010492187499999996
148.5 0.011066406249999994
149.5 0.011265624999999994
150.5 0.011335937499999995
151.5 0.011859374999999998
152.5 0.0121171875
153.5 0.012162109374999995
154.5 0.012025390624999998
155.5 0.01194140625
156.5 0.012378906250000002
157.5 0.011966796874999996
158.5 0.0117265625
159.5 0.011343749999999988
160.5 0.011173828124999993
161.5 0.010355468749999996
162.5 0.010169921875
163.5 0.009679687499999994
164.5 0.009128906249999994
165.5 0.008671874999999994
166.5 0.007785156249999996
167.5 0.007421874999999994
168.5 0.0071230468750000005
169.5 0.006529296874999995
170.5 0.006124999999999993
171.5 0.005585937499999995
172.5 0.005083984374999996
173.5 0.004796874999999993
174.5 0.004345703124999996
175.5 0.004042968749999996
176.5 0.003906249999999996
177.5 0.003773437499999997
178.5 0.003623046874999996
179.5 0.0034648437499999957
180.5 0.0033847656249999976
181.5 0.003220703124999997
182.5 0.003486328124999997
183.5 0.0034003906249999963
184.5 0.0036035156249999965
185.5 0.003726562499999997
186.5 0.0037734374999999973
187.5 0.004234374999999996
188.5 0.0043710937499999965
189.5 0.004658203124999994
190.5 0.004988281249999999
191.5 0.0053515624999999935
192.5 0.005593749999999992
193.5 0.0059199218749999925
194.5 0.006457031249999994
195.5 0.006527343749999994
196.5 0.007048828124999997
197.5 0.007177734374999996
198.5 0.007572265624999991
199.5 0.007484374999999996
200.5 0.007779296874999993
201.5 0.007902343749999995
202.5 0.008232421874999998
203.5 0.008037109374999993
204.5 0.008337890624999995
205.5 0.008132812499999994
206.5 0.007986328124999994
207.5 0.007695312499999994
208.5 0.007755859374999995
209.5 0.007365234374999996
210.5 0.007195312499999995
211.5 0.0069589843749999925
212.5 0.006761718749999994
213.5 0.006478515624999994
214.5 0.005646484374999996
215.5 0.0055566406249999934
216.5 0.005171874999999994
217.5 0.004789062499999995
218.5 0.004429687499999995
219.5 0.003970703124999996
220.5 0.003744140624999995
221.5 0.0033457031249999967
222.5 0.0030410156249999973
223.5 0.0027675781249999988
224.5 0.0025624999999999975
225.5 0.0022109375000000007
226.5 0.002019531250000001
227.5 0.0017988281250000014
228.5 0.0014882812500000009
229.5 0.001380859375000001
230.5 0.0012285156250000007
231.5 0.0011230468750000008
232.5 0.0009648437500000007
233.5 0.0008593750000000007
234.5 0.0007851562500000005
235.5 0.0006542968750000004
236.5 0.0006171875000000004
237.5 0.0005371093750000004
238.5 0.0005332031250000004
239.5 0.0005410156250000003
240.5 0.00047070312500000036
241.5 0.0005078125000000003
242.5 0.0004843750000000003
243.5 0.0003906250000000003
244.5 0.0004570312500000003
245.5 0.0004375000000000003
246.5 0.0004394531250000003
247.5 0.0004902343750000003
248.5 0.0004902343750000002
249.5 0.0004433593750000003
250.5 0.0004667968750000003
251.5 0.0004589843750000003
252.5 0.0005390625000000003
253.5 0.0004765625000000003
254.5 0.0005468750000000003
255.5 0.0005644531250000003
256.5 0.0005527343750000003
257.5 0.0005429687500000004
258.5 0.0006171875000000003
259.5 0.0005410156250000004
260.5 0.0005878906250000004
261.5 0.0005878906250000002
262.5 0.0006035156250000002
263.5 0.0005175781250000002
264.5 0.0006093750000000002
265.5 0.0005839843750000002
266.5 0.0006035156250000003
267.5 0.0006289062500000003
268.5 0.0005839843750000002
269.5 0.0006132812500000003
270.5 0.0005761718750000003
271.5 0.0005898437500000003
272.5 0.0005351562500000003
273.5 0.0005468750000000003
274.5 0.0005097656250000003
275.5 0.0005390625000000003
276.5 0.0005273437500000003
277.5 0.0004863281250000003
278.5 0.0004589843750000003
279.5 0.00045898437500000025
280.5 0.0004921875000000003
281.5 0.0005117187500000002
282.5 0.00044531250000000023
283.5 0.0004316406250000002
284.5 0.0003750000000000002
285.5 0.0004335937500000003
286.5 0.0003769531250000002
287.5 0.0003730468750000002
288.5 0.00039062500000000024
289.5 0.00038671875000000024
290.5 0.00040625000000000025
291.5 0.0004316406250000002
292.5 0.0003730468750000002
293.5 0.00038671875000000024
294.5 0.0005097656250000003
295.5 0.0005078125000000003
296.5 0.0005078125000000003
297.5 0.0006191406250000003
298.5 0.0006660156250000004
299.5 0.0008183593750000005
300.5 0.0008496093750000005
301.5 0.0008867187500000006
302.5 0.0010683593750000007
303.5 0.0010898437500000008
304.5 0.0011562500000000008
305.5 0.0013964843750000008
306.5 0.0016699218750000013
307.5 0.001658203125000001
308.5 0.0020761718750000008
309.5 0.0020820312500000005
310.5 0.002349609375
311.5 0.0024121093749999993
312.5 0.002587890624999999
313.5 0.002710937499999999
314.5 0.0029003906249999993
315.5 0.003267578124999998
316.5 0.0033203124999999973
317.5 0.0035605468749999964
318.5 0.003443359374999998
319.5 0.003669921874999998
320.5 0.003763671874999998
321.5 0.003697265624999997
322.5 0.0035136718749999973
323.5 0.0034589843749999977
324.5 0.003523437499999997
325.5 0.003603515624999999
326.5 0.0033906249999999982
327.5 0.003169921874999999
328.5 0.0030351562499999984
329.5 0.0028144531249999992
330.5 0.0027558593749999975
331.5 0.002460937499999999
332.5 0.0023925781249999993
333.5 0.002056640625
334.5 0.001847656250000001
335.5 0.0016621093750000008
336.5 0.0015546875000000007
337.5 0.0011738281250000004
338.5 0.0011542968750000006
339.5 0.0010078125000000005
340.5 0.0008359375000000004
341.5 0.0006816406250000003
342.5 0.0006113281250000003
343.5 0.0004746093750000002
344.5 0.0005058593750000002
345.5 0.0003535156250000002
346.5 0.0003320312500000002
347.5 0.00025390625000000006
348.5 0.00019726562500000007
349.5 0.00017187500000000007
350.5 0.00013867187500000007
351.5 0.00011328125000000007
352.5 0.00010351562500000005
353.5 8.398437500000002e-05
354.5 6.054687500000003e-05
355.5 3.5156250000000004e-05
356.5 4.1015625000000016e-05
357.5 4.6875000000000015e-05
358.5 4.882812500000001e-05
359.5 3.3203125000000016e-05
