0.5 0.0
1.5 7.8125e-06
2.5 0.0
3.5 0.0
4.5 1.953125e-06
5.5 0.0
6.5 0.0
7.5 1.953125e-06
8.5 1.953125e-06
9.5 0.0
10.5 0.0
11.5 7.8125e-06
12.5 1.953125e-06
13.5 1.953125e-06
14.5 7.8125e-06
15.5 1.953125e-06
16.5 1.953125e-06
17.5 3.90625e-06
18.5 5.859375e-06
19.5 3.90625e-06
20.5 7.8125e-06
21.5 9.765625e-06
22.5 1.9531250000000004e-05
23.5 5.859375e-06
24.5 1.5625e-05
25.5 3.5156250000000004e-05
26.5 3.1250000000000014e-05
27.5 2.9296875000000006e-05
28.5 5.2734375000000027e-05
29.5 4.687500000000003e-05
30.5 6.640625000000002e-05
31.5 8.789062500000005e-05
32.5 8.984375000000005e-05
33.5 0.00010742187500000007
34.5 0.0001464843750000001
35.5 0.0001757812500000001
36.5 0.00021484375000000016
37.5 0.00024023437500000019
38.5 0.00033789062500000025
39.5 0.00038281250000000023
40.5 0.00043164062500000033
41.5 0.0004980468750000003
42.5 0.0006523437500000005
43.5 0.0007324218750000005
44.5 0.0009648437500000007
45.5 0.0009667968750000008
46.5 0.0011992187500000008
47.5 0.001367187500000001
48.5 0.001455078125000001
49.5 0.0017207031250000013
50.5 0.0018339843750000014
51.5 0.002125
52.5 0.0023710937499999995
53.5 0.002490234374999998
54.5 0.0028632812499999973
55.5 0.003085937499999997
56.5 0.0035078124999999953
57.5 0.0035664062499999967
58.5 0.0036992187499999976
59.5 0.004044921874999995
60.5 0.004238281249999995
61.5 0.004587890624999996
62.5 0.0045449218749999964
63.5 0.004779296874999997
64.5 0.004716796874999996
65.5 0.004896484374999996
66.5 0.004994140624999994
67.5 0.004871093749999997
68.5 0.0049179687499999935
69.5 0.004779296874999995
70.5 0.004691406249999997
71.5 0.004673828124999997
72.5 0.004572265624999996
73.5 0.004207031249999997
74.5 0.004154296874999996
75.5 0.003958984374999998
76.5 0.003718749999999996
77.5 0.003429687499999998
78.5 0.003320312499999997
79.5 0.0029921874999999983
80.5 0.0026972656249999987
81.5 0.0026035156249999986
82.5 0.0024003906249999993
83.5 0.0021894531250000004
84.5 0.001982421875000001
85.5 0.0018769531250000012
86.5 0.0017050781250000013
87.5 0.0015332031250000011
88.5 0.001388671875000001
89.5 0.0012050781250000009
90.5 0.0011406250000000008
91.5 0.0010800781250000007
92.5 0.0008828125000000007
93.5 0.0008261718750000006
94.5 0.0007617187500000006
95.5 0.0006132812500000004
96.5 0.0006347656250000005
97.5 0.0005917968750000004
98.5 0.0005019531250000003
99.5 0.0004824218750000004
100.5 0.0003808593750000003
101.5 0.0003867187500000003
102.5 0.0003906250000000003
103.5 0.0003144531250000002
104.5 0.00031835937500000023
105.5 0.0002636718750000002
106.5 0.00024023437500000016
107.5 0.00020507812500000016
108.5 0.00024023437500000016
109.5 0.00022070312500000014
110.5 0.00018359375000000014
111.5 0.00017578125000000013
112.5 0.00018750000000000014
113.5 0.00016601562500000012
114.5 0.00016601562500000012
115.5 0.0001562500000000001
116.5 0.0001367187500000001
117.5 0.0001464843750000001
118.5 0.00019531250000000012
119.5 0.0001660156250000001
120.5 0.0001621093750000001
121.5 0.0001425781250000001
122.5 0.00013281250000000006
123.5 0.0001542968750000001
124.5 0.00016406250000000012
125.5 0.00015820312500000009
126.5 0.00016601562500000012
127.5 0.0001738281250000001
128.5 0.00017578125000000013
129.5 0.00022265625000000014
130.5 0.00021093750000000013
131.5 0.0002617187500000002
132.5 0.00024804687500000017
133.5 0.00034375000000000025
134.5 0.0002656250000000002
135.5 0.00034179687500000025
136.5 0.0004101562500000003
137.5 0.0004179687500000003
138.5 0.00046875000000000036
139.5 0.0005566406250000004
140.5 0.0005878906250000004
141.5 0.0007597656250000006
142.5 0.0008925781250000007
143.5 0.0008906250000000007
144.5 0.0010468750000000007
145.5 0.001298828125000001
146.5 0.001275390625000001
147.5 0.0015097656250000011
148.5 0.0017617187500000013
149.5 0.0019121093750000015
150.5 0.0022539062499999994
151.5 0.0026621093749999995
152.5 0.0028046874999999977
153.5 0.0033496093749999976
154.5 0.003662109374999997
155.5 0.004224609374999998
156.5 0.004630859374999993
157.5 0.005052734374999998
158.5 0.0057636718749999975
159.5 0.006388671874999997
160.5 0.006984374999999995
161.5 0.007843749999999991
162.5 0.008365234374999997
163.5 0.009443359374999995
164.5 0.010166015624999997
165.5 0.010486328124999994
166.5 0.011630859374999991
167.5 0.012474609375000001
168.5 0.013501953125000004
169.5 0.014369140625000002
170.5 0.015130859375000005
171.5 0.015654296874999994
172.5 0.016498046875
173.5 0.016953125000000003
174.5 0.017671875000000004
175.5 0.018150390625000005
176.5 0.018941406250000004
177.5 0.0190546875
178.5 0.01908007812500001
179.5 0.01918164062500001
180.5 0.01926171875
181.5 0.018921875000000015
182.5 0.019308593750000005
183.5 0.01825585937500001
184.5 0.018275390624999995
185.5 0.017794921874999994
186.5 0.017246093750000004
187.5 0.015886718750000008
188.5 0.015785156249999998
189.5 0.015337890625000003
190.5 0.0140390625
191.5 0.013419921874999994
192.5 0.01259765625
193.5 0.011849609375000004
194.5 0.010855468749999993
195.5 0.010031249999999999
196.5 0.009519531249999998
197.5 0.008582031249999993
198.5 0.007982421874999996
199.5 0.006871093749999997
200.5 0.006394531249999997
201.5 0.005753906249999996
202.5 0.005099609374999994
203.5 0.0046874999999999955
204.5 0.0040722656249999965
205.5 0.0035624999999999967
206.5 0.0030800781249999995
207.5 0.0028964843749999963
208.5 0.002656249999999997
209.5 0.0022304687500000002
210.5 0.0020351562500000005
211.5 0.0017363281250000013
212.5 0.001464843750000001
213.5 0.001365234375000001
214.5 0.0012441406250000009
215.5 0.0010976562500000008
216.5 0.0009667968750000008
217.5 0.0008203125000000006
218.5 0.0007597656250000006
219.5 0.0006093750000000004
220.5 0.0005898437500000004
221.5 0.0005117187500000003
222.5 0.00045898437500000035
223.5 0.0003984375000000003
224.5 0.00033203125000000024
225.5 0.00032617187500000024
226.5 0.0002714843750000002
227.5 0.00023632812500000018
228.5 0.0002597656250000002
229.5 0.00024804687500000017
230.5 0.00021679687500000017
231.5 0.00022656250000000015
232.5 0.00018750000000000014
233.5 0.00018750000000000014
234.5 0.00015625000000000008
235.5 0.00018554687500000014
236.5 0.0001464843750000001
237.5 0.00018750000000000014
238.5 0.00016015625000000012
239.5 0.0001738281250000001
240.5 0.00015429687500000008
241.5 0.0001367187500000001
242.5 0.0001464843750000001
243.5 0.00015039062500000008
244.5 0.0001660156250000001
245.5 0.00018164062500000013
246.5 0.0001640625000000001
247.5 0.0001601562500000001
248.5 0.00020507812500000013
249.5 0.00021093750000000013
250.5 0.00023242187500000015
251.5 0.00022070312500000014
252.5 0.0002500000000000001
253.5 0.0002871093750000002
254.5 0.0002910156250000002
255.5 0.0002910156250000002
256.5 0.00033203125000000024
257.5 0.00031835937500000023
258.5 0.0004082031250000003
259.5 0.0005175781250000004
260.5 0.0004394531250000003
261.5 0.0005390625000000004
262.5 0.0005371093750000004
263.5 0.0006230468750000004
264.5 0.0006484375000000005
265.5 0.0007773437500000006
266.5 0.0007402343750000005
267.5 0.0008652343750000007
268.5 0.0010156250000000007
269.5 0.0011269531250000008
270.5 0.0011953125000000008
271.5 0.001400390625000001
272.5 0.0015253906250000011
273.5 0.0016640625000000013
274.5 0.0017851562500000014
275.5 0.0020468750000000014
276.5 0.002240234375
277.5 0.0025273437499999988
278.5 0.002595703124999999
279.5 0.002791015624999998
280.5 0.0029257812499999983
281.5 0.0032929687499999973
282.5 0.0034628906249999985
283.5 0.0036542968749999965
284.5 0.004111328124999993
285.5 0.004048828124999997
286.5 0.004388671874999996
287.5 0.004310546874999996
288.5 0.004634765624999996
289.5 0.004687499999999997
290.5 0.004794921874999996
291.5 0.004861328124999993
292.5 0.0047421874999999955
293.5 0.004896484374999996
294.5 0.004753906249999994
295.5 0.004679687499999997
296.5 0.004550781249999996
297.5 0.0044902343749999955
298.5 0.004249999999999996
299.5 0.0044414062499999974
300.5 0.004103515624999996
301.5 0.0040019531249999955
302.5 0.003517578124999997
303.5 0.0033925781249999967
304.5 0.003068359374999997
305.5 0.0029707031249999972
306.5 0.0026152343749999978
307.5 0.0024003906249999993
308.5 0.002201171875
309.5 0.001990234375000001
310.5 0.0017246093750000013
311.5 0.001474609375000001
312.5 0.001363281250000001
313.5 0.0011562500000000008
314.5 0.0009941406250000007
315.5 0.0008378906250000006
316.5 0.0007187500000000005
317.5 0.0006464843750000005
318.5 0.0005488281250000004
319.5 0.00047851562500000037
320.5 0.0003574218750000002
321.5 0.00032812500000000024
322.5 0.0002558593750000002
323.5 0.00023632812500000016
324.5 0.0001464843750000001
325.5 0.00012695312500000006
326.5 0.0001367187500000001
327.5 9.375000000000007e-05
328.5 7.421875000000004e-05
329.5 4.492187500000001e-05
330.5 5.859375000000004e-05
331.5 3.906250000000002e-05
332.5 3.906250000000002e-05
333.5 2.734375000000001e-05
334.5 2.734375000000001e-05
335.5 1.171875e-05
336.5 2.539062500000001e-05
337.5 9.765625e-06
338.5 1.953125e-06
339.5 9.765625e-06
340.5 1.953125e-06
341.5 3.90625e-06
342.5 7.8125e-06
343.5 0.0
344.5 1.953125e-06
345.5 5.859375e-06
346.5 3.90625e-06
347.5 0.0
348.5 1.953125e-06
349.5 1.953125e-06
350.5 5.859375e-06
351.5 0.0
352.5 0.0
353.5 0.0
354.5 0.0
355.5 1.953125e-06
356.5 1.953125e-06
357.5 0.0
358.5 0.0
359.5 0.0
