0.5 0.00011132812500000004
1.5 0.00010937500000000006
2.5 0.0002050781250000001
3.5 0.0002578125000000001
4.5 0.00028125000000000014
5.5 0.00029296875000000015
6.5 0.0002968750000000002
7.5 0.0003710937500000002
8.5 0.0003085937500000001
9.5 0.0002890625000000002
10.5 0.0002167968750000001
11.5 0.0002089843750000001
12.5 0.0001679687500000001
13.5 9.570312500000003e-05
14.5 8.398437500000003e-05
15.5 5.468750000000002e-05
16.5 4.687500000000003e-05
17.5 3.7109375000000006e-05
18.5 1.5625e-05
19.5 7.8125e-06
20.5 7.8125e-06
21.5 5.859375e-06
22.5 3.90625e-06
23.5 5.859375e-06
24.5 1.171875e-05
25.5 0.0
26.5 1.953125e-06
27.5 1.953125e-06
28.5 0.0
29.5 0.0
30.5 0.0
31.5 0.0
32.5 0.0
33.5 0.0
34.5 0.0
35.5 0.0
36.5 0.0
37.5 0.0
38.5 0.0
39.5 0.0
40.5 0.0
41.5 0.0
42.5 1.953125e-06
43.5 0.0
44.5 0.0
45.5 1.953125e-06
46.5 5.859375e-06
47.5 5.859375e-06
48.5 1.3671875e-05
49.5 1.9531250000000004e-05
50.5 4.492187500000001e-05
51.5 5.468750000000001e-05
52.5 8.984375000000001e-05
53.5 0.00016992187500000004
54.5 0.00021093750000000002
55.5 0.00032421875000000007
56.5 0.0004101562500000001
57.5 0.0006621093750000002
58.5 0.0008378906250000002
59.5 0.0009921875000000002
60.5 0.0011953125000000002
61.5 0.0015742187500000005
62.5 0.0015371093750000005
63.5 0.0015527343750000005
64.5 0.0015625
65.5 0.0013398437500000003
66.5 0.0013398437500000003
67.5 0.0013984375000000008
68.5 0.001574218750000001
69.5 0.002537109374999999
70.5 0.004019531249999997
71.5 0.005945312499999996
72.5 0.008962890624999994
73.5 0.0126328125
74.5 0.016669921875
75.5 0.020345703124999996
76.5 0.023513671875
77.5 0.024832031250000008
78.5 0.024958984375000007
79.5 0.02382617187500001
80.5 0.021304687500000002
81.5 0.018277343749999998
82.5 0.015029296875
83.5 0.011423828124999997
84.5 0.008681640624999995
85.5 0.006191406249999995
86.5 0.004470703124999997
87.5 0.003113281249999997
88.5 0.002031250000000001
89.5 0.001294921875000001
90.5 0.0008984375000000006
91.5 0.0005605468750000004
92.5 0.00041015625000000026
93.5 0.00023242187500000015
94.5 0.00015234375000000008
95.5 8.203125000000005e-05
96.5 7.031250000000004e-05
97.5 4.4921875000000026e-05
98.5 1.3671875e-05
99.5 2.9296875000000006e-05
100.5 1.9531250000000004e-05
101.5 1.3671875e-05
102.5 7.8125e-06
103.5 1.171875e-05
104.5 9.765625e-06
105.5 1.953125e-06
106.5 7.8125e-06
107.5 0.0
108.5 0.0
109.5 0.0
110.5 5.859375e-06
111.5 3.90625e-06
112.5 1.953125e-06
113.5 9.765625e-06
114.5 7.8125e-06
115.5 3.90625e-06
116.5 1.953125e-06
117.5 1.953125e-06
118.5 7.8125e-06
119.5 5.859375e-06
120.5 5.859375e-06
121.5 1.3671875e-05
122.5 0.0
123.5 1.3671875e-05
124.5 1.171875e-05
125.5 2.1484375000000006e-05
126.5 1.3671875e-05
127.5 2.5390625000000002e-05
128.5 2.734375000000001e-05
129.5 4.8828125000000016e-05
130.5 3.906250000000001e-05
131.5 5.0781250000000025e-05
132.5 5.859375000000003e-05
133.5 2.9296875000000006e-05
134.5 5.8593750000000025e-05
135.5 8.398437500000005e-05
136.5 4.101562500000001e-05
137.5 5.0781250000000025e-05
138.5 7.226562500000004e-05
139.5 4.101562500000001e-05
140.5 5.078125000000002e-05
141.5 7.031250000000005e-05
142.5 6.835937500000002e-05
143.5 4.101562500000001e-05
144.5 5.859375000000003e-05
145.5 4.4921875000000026e-05
146.5 5.078125000000002e-05
147.5 5.468750000000002e-05
148.5 5.664062500000002e-05
149.5 4.296875000000001e-05
150.5 7.226562500000004e-05
151.5 5.078125000000002e-05
152.5 5.664062500000002e-05
153.5 7.421875000000003e-05
154.5 0.00010351562500000006
155.5 8.984375000000005e-05
156.5 0.00010156250000000005
157.5 9.570312500000003e-05
158.5 0.00010351562500000005
159.5 9.375000000000004e-05
160.5 0.00010546875000000004
161.5 9.765625000000003e-05
162.5 9.960937500000005e-05
163.5 7.421875000000001e-05
164.5 7.421875000000004e-05
165.5 7.421875000000004e-05
166.5 9.960937500000003e-05
167.5 7.812500000000004e-05
168.5 6.25e-05
169.5 6.445312500000003e-05
170.5 5.078125000000001e-05
171.5 5.078125000000002e-05
172.5 4.687500000000001e-05
173.5 4.492187500000002e-05
174.5 5.273437500000001e-05
175.5 3.710937500000001e-05
176.5 4.296875000000001e-05
177.5 3.3203125e-05
178.5 3.9062500000000014e-05
179.5 2.7343749999999997e-05
180.5 3.125e-05
181.5 4.492187500000001e-05
182.5 5.273437500000002e-05
183.5 2.9296875000000006e-05
184.5 2.9296875000000006e-05
185.5 3.5156250000000004e-05
186.5 4.1015625000000016e-05
187.5 3.125e-05
188.5 2.7343750000000004e-05
189.5 3.125000000000001e-05
190.5 2.9296875000000006e-05
191.5 5.078125000000002e-05
192.5 3.1250000000000014e-05
193.5 3.320312500000001e-05
194.5 2.1484375000000006e-05
195.5 2.9296875000000006e-05
196.5 5.078125000000001e-05
197.5 3.320312500000001e-05
198.5 3.5156250000000004e-05
199.5 3.9062500000000014e-05
200.5 4.296875000000002e-05
201.5 3.710937500000001e-05
202.5 3.3203125e-05
203.5 5.078125000000003e-05
204.5 3.710937500000001e-05
205.5 6.640625000000003e-05
206.5 7.421875000000004e-05
207.5 5.859375000000001e-05
208.5 0.00013867187500000007
209.5 0.00017382812500000005
210.5 0.00017773437500000008
211.5 0.0002675781250000001
212.5 0.00040234375000000025
213.5 0.00043945312500000023
214.5 0.0005253906250000002
215.5 0.0006972656250000004
216.5 0.0007871093750000003
217.5 0.0009609375000000006
218.5 0.0010742187500000005
219.5 0.0010917968750000005
220.5 0.0011308593750000006
221.5 0.0012636718750000007
222.5 0.0012890625000000007
223.5 0.0013632812500000008
224.5 0.0011191406250000006
225.5 0.0011191406250000006
226.5 0.0009843750000000007
227.5 0.0008652343750000006
228.5 0.0006894531250000004
229.5 0.0005878906250000003
230.5 0.0004726562500000003
231.5 0.00038671875000000024
232.5 0.00031054687500000017
233.5 0.00020703125000000013
234.5 0.00017773437500000008
235.5 0.00011914062500000008
236.5 0.00010156250000000005
237.5 8.789062500000005e-05
238.5 5.273437500000002e-05
239.5 3.5156250000000004e-05
240.5 1.7578125000000002e-05
241.5 1.953125e-05
242.5 3.125000000000001e-05
243.5 7.8125e-06
244.5 9.765625e-06
245.5 1.953125e-06
246.5 9.765625e-06
247.5 5.859375e-06
248.5 7.8125e-06
249.5 1.953125e-06
250.5 1.953125e-06
251.5 1.953125e-06
252.5 0.0
253.5 0.0
254.5 1.953125e-06
255.5 5.859375e-06
256.5 7.8125e-06
257.5 1.5625e-05
258.5 1.9531250000000004e-05
259.5 1.171875e-05
260.5 2.734375000000001e-05
261.5 3.3203125000000016e-05
262.5 2.9296875000000012e-05
263.5 4.8828125000000016e-05
264.5 7.031250000000004e-05
265.5 0.00015429687500000008
266.5 0.00020703125000000013
267.5 0.00026953125000000013
268.5 0.0004335937500000003
269.5 0.0006328125000000003
270.5 0.0009218750000000006
271.5 0.001460937500000001
272.5 0.002382812499999998
273.5 0.0034804687499999953
274.5 0.004724609374999995
275.5 0.0069609374999999914
276.5 0.009757812499999997
277.5 0.012765624999999996
278.5 0.016044921875000003
279.5 0.019361328124999994
280.5 0.022505859375000003
281.5 0.024283203124999996
282.5 0.02529101562500001
283.5 0.02462109375
284.5 0.022611328124999996
285.5 0.019999999999999993
286.5 0.016617187499999995
287.5 0.013802734375
288.5 0.012234374999999994
289.5 0.012630859374999998
290.5 0.015351562500000004
291.5 0.02000781250000001
292.5 0.02608789062499999
293.5 0.03274999999999998
294.5 0.038779296875000015
295.5 0.042814453125
296.5 0.043554687500000015
297.5 0.04229101562500001
298.5 0.038615234375
299.5 0.03216015625
300.5 0.025572265624999993
301.5 0.019445312500000006
302.5 0.014095703125
303.5 0.009632812499999996
304.5 0.006435546874999996
305.5 0.0042207031249999975
306.5 0.0024726562499999996
307.5 0.0014980468750000011
308.5 0.0008925781250000007
309.5 0.0005312500000000004
310.5 0.0002910156250000002
311.5 0.0001660156250000001
312.5 0.00012109375000000008
313.5 5.664062500000004e-05
314.5 2.9296875000000012e-05
315.5 2.9296875000000012e-05
316.5 1.7578125000000002e-05
317.5 7.8125e-06
318.5 3.90625e-06
319.5 0.0
320.5 0.0
321.5 0.0
322.5 0.0
323.5 0.0
324.5 0.0
325.5 0.0
326.5 0.0
327.5 0.0
328.5 0.0
329.5 0.0
330.5 1.953125e-06
331.5 0.0
332.5 0.0
333.5 0.0
334.5 0.0
335.5 1.953125e-06
336.5 3.90625e-06
337.5 0.0
338.5 5.859375e-06
339.5 1.953125e-06
340.5 5.859375e-06
341.5 1.953125e-06
342.5 5.859375e-06
343.5 2.1484375000000006e-05
344.5 1.5625e-05
345.5 2.3437500000000007e-05
346.5 1.9531250000000004e-05
347.5 4.101562500000001e-05
348.5 6.054687500000002e-05
349.5 6.835937500000002e-05
350.5 5.664062500000002e-05
351.5 5.664062500000002e-05
352.5 7.421875000000003e-05
353.5 6.640625000000002e-05
354.5 7.812500000000004e-05
355.5 3.125000000000001e-05
356.5 5.2734375000000027e-05
357.5 6.250000000000004e-05
358.5 5.468750000000002e-05
359.5 6.25e-05
