0.5 0.0
1.5 0.0
2.5 5.859375e-06
3.5 3.90625e-06
4.5 3.90625e-06
5.5 1.953125e-06
6.5 3.90625e-06
7.5 5.859375e-06
8.5 3.90625e-06
9.5 3.90625e-06
10.5 1.953125e-06
11.5 0.0
12.5 1.953125e-06
13.5 3.90625e-06
14.5 1.953125e-06
15.5 5.859375e-06
16.5 5.859375e-06
17.5 1.171875e-05
18.5 9.765625e-06
19.5 5.859375e-06
20.5 7.8125e-06
21.5 1.953125e-06
22.5 9.765625e-06
23.5 9.765625e-06
24.5 1.171875e-05
25.5 2.734375000000001e-05
26.5 7.8125e-06
27.5 2.9296875000000012e-05
28.5 2.3437500000000007e-05
29.5 2.9296875000000006e-05
30.5 3.515625000000001e-05
31.5 3.515625000000002e-05
32.5 7.031250000000002e-05
33.5 6.250000000000003e-05
34.5 7.031250000000002e-05
35.5 0.00010156250000000004
36.5 6.054687500000001e-05
37.5 0.00013281250000000004
38.5 0.00016992187500000004
39.5 0.00016992187500000007
40.5 0.0002304687500000001
41.5 0.0002187500000000001
42.5 0.0002636718750000001
43.5 0.00036328125000000016
44.5 0.0003906250000000002
45.5 0.0004628906250000002
46.5 0.0004941406250000002
47.5 0.0005605468750000003
48.5 0.0006542968750000004
49.5 0.0007460937500000002
50.5 0.0007695312500000004
51.5 0.0009062500000000005
52.5 0.0009628906250000005
53.5 0.0009746093750000004
54.5 0.0011328125000000006
55.5 0.0011269531250000006
56.5 0.0012695312500000007
57.5 0.0012753906250000007
58.5 0.0013496093750000008
59.5 0.0014531250000000009
60.5 0.0015019531250000011
61.5 0.0014296875000000008
62.5 0.001498046875000001
63.5 0.0015917968750000012
64.5 0.0016250000000000008
65.5 0.001632812500000001
66.5 0.001689453125000001
67.5 0.001632812500000001
68.5 0.001630859375000001
69.5 0.0016699218750000013
70.5 0.0015703125000000012
71.5 0.0016250000000000012
72.5 0.001634765625000001
73.5 0.0015898437500000012
74.5 0.001501953125000001
75.5 0.001447265625000001
76.5 0.0014902343750000009
77.5 0.0013105468750000007
78.5 0.0012246093750000009
79.5 0.0012070312500000009
80.5 0.0011835937500000008
81.5 0.0011328125000000008
82.5 0.0010078125000000007
83.5 0.0008593750000000005
84.5 0.0009003906250000006
85.5 0.0008066406250000005
86.5 0.0006250000000000004
87.5 0.0006054687500000004
88.5 0.0006464843750000005
89.5 0.0005683593750000004
90.5 0.0005312500000000004
91.5 0.0004921875000000003
92.5 0.00041015625000000026
93.5 0.00038867187500000024
94.5 0.0002968750000000002
95.5 0.0003046875000000002
96.5 0.0002558593750000002
97.5 0.00023828125000000016
98.5 0.0002128906250000001
99.5 0.00020703125000000013
100.5 0.0001738281250000001
101.5 0.00015820312500000009
102.5 0.0001445312500000001
103.5 0.00011914062500000005
104.5 0.00011132812500000006
105.5 0.00010156250000000006
106.5 0.00010156250000000006
107.5 9.375000000000006e-05
108.5 8.984375000000004e-05
109.5 6.835937500000002e-05
110.5 5.4687500000000035e-05
111.5 5.468750000000002e-05
112.5 5.273437500000002e-05
113.5 4.101562500000001e-05
114.5 6.445312500000003e-05
115.5 3.710937500000002e-05
116.5 5.468750000000002e-05
117.5 4.6875000000000015e-05
118.5 5.273437500000002e-05
119.5 3.320312500000001e-05
120.5 3.906250000000001e-05
121.5 4.8828125000000016e-05
122.5 5.664062500000004e-05
123.5 5.468750000000002e-05
124.5 4.8828125000000016e-05
125.5 4.101562500000002e-05
126.5 5.273437500000002e-05
127.5 5.664062500000004e-05
128.5 6.835937500000003e-05
129.5 8.398437500000005e-05
130.5 9.179687500000007e-05
131.5 0.00011132812500000006
132.5 9.570312500000006e-05
133.5 0.00012304687500000008
134.5 0.00011523437500000008
135.5 0.00016015625000000012
136.5 0.0001757812500000001
137.5 0.00019921875000000012
138.5 0.00021093750000000016
139.5 0.00023632812500000018
140.5 0.0002714843750000002
141.5 0.00032031250000000023
142.5 0.00040234375000000025
143.5 0.0004589843750000003
144.5 0.0004941406250000003
145.5 0.0006171875000000004
146.5 0.0008007812500000005
147.5 0.0008398437500000005
148.5 0.0010644531250000007
149.5 0.0011406250000000008
150.5 0.001375000000000001
151.5 0.001476562500000001
152.5 0.0017968750000000012
153.5 0.0021835937499999993
154.5 0.0024121093749999985
155.5 0.002812499999999998
156.5 0.0031230468749999974
157.5 0.003681640624999996
158.5 0.004164062499999995
159.5 0.004707031249999998
160.5 0.005248046874999996
161.5 0.005830078124999996
162.5 0.0069472656249999955
163.5 0.007664062499999995
164.5 0.008390624999999994
165.5 0.009416015624999998
166.5 0.010203124999999999
167.5 0.011062499999999992
168.5 0.012351562499999996
169.5 0.012912109374999994
170.5 0.014175781249999998
171.5 0.014781250000000003
172.5 0.01571484375000001
173.5 0.01649609375
174.5 0.017412109375000002
175.5 0.018009765625000014
176.5 0.01833203125
177.5 0.01898828125000001
178.5 0.01931640625000001
179.5 0.019283203124999992
180.5 0.01970117187500001
181.5 0.01950585937499999
182.5 0.019369140624999996
183.5 0.01869726562499999
184.5 0.018453124999999997
185.5 0.018230468749999996
186.5 0.017378906250000003
187.5 0.016933593749999993
188.5 0.016029296875000005
189.5 0.01530078124999999
190.5 0.014291015625000004
191.5 0.013328125000000001
192.5 0.012546874999999999
193.5 0.011787109374999997
194.5 0.010363281250000002
195.5 0.010021484374999994
196.5 0.008740234374999998
197.5 0.0079140625
198.5 0.007214843749999997
199.5 0.006468749999999997
200.5 0.0058027343749999976
201.5 0.005105468749999995
202.5 0.004630859374999994
203.5 0.003998046874999995
204.5 0.0035703124999999962
205.5 0.003191406249999998
206.5 0.0026523437499999985
207.5 0.002330078124999999
208.5 0.002107421875000001
209.5 0.0017363281250000013
210.5 0.0015820312500000012
211.5 0.001275390625000001
212.5 0.0010722656250000007
213.5 0.0009238281250000006
214.5 0.0008378906250000006
215.5 0.0007343750000000005
216.5 0.0006582031250000005
217.5 0.0005761718750000004
218.5 0.0005156250000000003
219.5 0.00044726562500000034
220.5 0.0003906250000000003
221.5 0.00032617187500000024
222.5 0.0003027343750000002
223.5 0.00024023437500000019
224.5 0.00030078125000000016
225.5 0.00019531250000000012
226.5 0.00019921875000000012
227.5 0.00019921875000000012
228.5 0.00011132812500000007
229.5 0.00012890625000000006
230.5 0.00012890625000000006
231.5 0.00012890625000000006
232.5 0.00011132812500000007
233.5 0.00013085937500000006
234.5 0.0001289062500000001
235.5 0.00010937500000000007
236.5 0.00010351562500000006
237.5 8.984375000000005e-05
238.5 8.593750000000004e-05
239.5 9.570312500000006e-05
240.5 7.421875000000005e-05
241.5 0.00010156250000000006
242.5 8.789062500000006e-05
243.5 9.570312500000006e-05
244.5 7.421875000000004e-05
245.5 0.00010156250000000006
246.5 0.00010351562500000006
247.5 0.00011523437500000006
248.5 0.00011328125000000007
249.5 0.00011328125000000007
250.5 0.00012695312500000006
251.5 0.00014257812500000007
252.5 0.00016601562500000012
253.5 0.0001699218750000001
254.5 0.0002089843750000001
255.5 0.00022070312500000014
256.5 0.00025390625000000017
257.5 0.0002578125000000001
258.5 0.0003828125000000003
259.5 0.00035937500000000026
260.5 0.0004492187500000003
261.5 0.0004921875000000002
262.5 0.0004980468750000003
263.5 0.0005996093750000004
264.5 0.0006757812500000004
265.5 0.0007929687500000005
266.5 0.0009296875000000007
267.5 0.0010937500000000008
268.5 0.0010742187500000005
269.5 0.001328125000000001
270.5 0.0015605468750000012
271.5 0.0017480468750000011
272.5 0.0019511718750000013
273.5 0.0022578124999999994
274.5 0.0024746093749999985
275.5 0.002904296874999997
276.5 0.003246093749999996
277.5 0.0036523437499999954
278.5 0.003978515624999996
279.5 0.004427734374999993
280.5 0.004962890624999996
281.5 0.0054121093749999955
282.5 0.005857421874999995
283.5 0.0064453124999999944
284.5 0.007015624999999993
285.5 0.007392578124999992
286.5 0.007820312499999996
287.5 0.008470703124999996
288.5 0.008855468749999993
289.5 0.00935742187499999
290.5 0.009640624999999996
291.5 0.010183593749999997
292.5 0.010455078124999996
293.5 0.010531249999999995
294.5 0.010478515624999999
295.5 0.010472656250000002
296.5 0.010376953124999993
297.5 0.010291015624999992
298.5 0.010033203124999994
299.5 0.009593749999999993
300.5 0.009191406249999994
301.5 0.008884765624999996
302.5 0.008447265624999995
303.5 0.007851562499999996
304.5 0.007265624999999995
305.5 0.006693359374999996
306.5 0.006210937499999995
307.5 0.005634765624999997
308.5 0.005255859374999996
309.5 0.004462890624999993
310.5 0.003999999999999996
311.5 0.003478515624999997
312.5 0.002998046874999999
313.5 0.002607421874999998
314.5 0.00233984375
315.5 0.0019140625000000013
316.5 0.001628906250000001
317.5 0.0015058593750000011
318.5 0.001255859375000001
319.5 0.0010410156250000005
320.5 0.0008789062500000006
321.5 0.0007792968750000005
322.5 0.0006191406250000002
323.5 0.0005429687500000003
324.5 0.00037695312500000017
325.5 0.00033007812500000013
326.5 0.00031054687500000017
327.5 0.0002500000000000001
328.5 0.0002167968750000001
329.5 0.00019140625000000006
330.5 0.00014062500000000004
331.5 0.00014062500000000007
332.5 9.179687500000003e-05
333.5 9.179687500000005e-05
334.5 7.617187500000003e-05
335.5 6.0546875000000006e-05
336.5 5.664062500000003e-05
337.5 3.320312500000001e-05
338.5 2.1484375000000006e-05
339.5 3.125000000000001e-05
340.5 2.3437500000000004e-05
341.5 1.9531250000000004e-05
342.5 1.953125e-05
343.5 7.8125e-06
344.5 5.859375e-06
345.5 5.859375e-06
346.5 1.3671875e-05
347.5 9.765625e-06
348.5 7.8125e-06
349.5 9.765625e-06
350.5 1.5625e-05
351.5 3.90625e-06
352.5 7.8125e-06
353.5 3.90625e-06
354.5 0.0
355.5 0.0
356.5 3.90625e-06
357.5 3.90625e-06
358.5 3.90625e-06
359.5 9.765625e-06
