0.5 5.859375e-06
1.5 0.0
2.5 0.0
3.5 0.0
4.5 5.859375e-06
5.5 1.953125e-06
6.5 0.0
7.5 1.953125e-06
8.5 3.90625e-06
9.5 0.0
10.5 3.90625e-06
11.5 3.90625e-06
12.5 1.953125e-06
13.5 1.953125e-06
14.5 1.953125e-06
15.5 5.859375e-06
16.5 0.0
17.5 3.90625e-06
18.5 7.8125e-06
19.5 7.8125e-06
20.5 1.3671875e-05
21.5 5.859375e-06
22.5 1.171875e-05
23.5 9.765625e-06
24.5 2.3437500000000007e-05
25.5 1.3671875e-05
26.5 1.9531250000000004e-05
27.5 3.515625000000002e-05
28.5 5.0781250000000025e-05
29.5 7.226562500000005e-05
30.5 7.421875000000004e-05
31.5 6.835937500000003e-05
32.5 0.00011132812500000006
33.5 0.00011328125000000007
34.5 0.0001484375000000001
35.5 0.0001406250000000001
36.5 0.00019531250000000012
37.5 0.00023632812500000018
38.5 0.0002910156250000002
39.5 0.00032226562500000023
40.5 0.00041992187500000026
41.5 0.00045507812500000035
42.5 0.0005742187500000004
43.5 0.0006816406250000005
44.5 0.0007187500000000005
45.5 0.0009804687500000007
46.5 0.0009648437500000007
47.5 0.0011875000000000008
48.5 0.001369140625000001
49.5 0.0016347656250000012
50.5 0.0018125000000000014
51.5 0.0020625000000000005
52.5 0.0023535156249999993
53.5 0.002533203124999999
54.5 0.002626953124999998
55.5 0.0029316406249999976
56.5 0.0031601562499999967
57.5 0.0034277343749999976
58.5 0.0036542968749999974
59.5 0.0038691406249999963
60.5 0.004033203124999996
61.5 0.004031249999999996
62.5 0.004298828124999996
63.5 0.004457031249999996
64.5 0.004453124999999995
65.5 0.0046503906249999935
66.5 0.004652343749999997
67.5 0.004470703124999995
68.5 0.004656249999999995
69.5 0.004572265624999996
70.5 0.004431640624999995
71.5 0.004279296874999998
72.5 0.004085937499999995
73.5 0.004138671874999997
74.5 0.003935546874999996
75.5 0.0038046874999999973
76.5 0.0035488281249999977
77.5 0.003507812499999996
78.5 0.002982421874999997
79.5 0.0029414062499999974
80.5 0.002660156249999998
81.5 0.002449218749999999
82.5 0.002330078125
83.5 0.0021289062500000006
84.5 0.0019140625000000015
85.5 0.0017851562500000014
86.5 0.0016171875000000012
87.5 0.001462890625000001
88.5 0.001285156250000001
89.5 0.0012031250000000009
90.5 0.0010683593750000007
91.5 0.0010332031250000007
92.5 0.0008535156250000006
93.5 0.0007812500000000006
94.5 0.0006757812500000005
95.5 0.0006386718750000005
96.5 0.0005683593750000004
97.5 0.0004882812500000003
98.5 0.00048046875000000037
99.5 0.00047851562500000037
100.5 0.0004121093750000003
101.5 0.0003769531250000003
102.5 0.0003535156250000002
103.5 0.00032812500000000024
104.5 0.00025000000000000017
105.5 0.00024804687500000017
106.5 0.0002714843750000002
107.5 0.00019531250000000012
108.5 0.00021289062500000016
109.5 0.00019726562500000015
110.5 0.00017578125000000013
111.5 0.0001562500000000001
112.5 0.0001757812500000001
113.5 0.0001542968750000001
114.5 0.00013867187500000007
115.5 0.0001484375000000001
116.5 0.0001445312500000001
117.5 0.00014453125000000007
118.5 0.00011523437500000009
119.5 0.0001289062500000001
120.5 0.0001308593750000001
121.5 0.00014453125000000007
122.5 0.00010156250000000008
123.5 0.00010546875000000008
124.5 0.0001542968750000001
125.5 0.0001445312500000001
126.5 0.0001699218750000001
127.5 0.00016796875000000012
128.5 0.00020507812500000016
129.5 0.00019335937500000012
130.5 0.00023437500000000015
131.5 0.00024218750000000016
132.5 0.0002636718750000002
133.5 0.00035351562500000026
134.5 0.0003730468750000002
135.5 0.0003710937500000002
136.5 0.0003984375000000003
137.5 0.00046679687500000036
138.5 0.00047851562500000037
139.5 0.0005781250000000004
140.5 0.0006523437500000005
141.5 0.0007597656250000006
142.5 0.0008261718750000006
143.5 0.0008964843750000007
144.5 0.0009921875000000007
145.5 0.001289062500000001
146.5 0.001435546875000001
147.5 0.0015761718750000012
148.5 0.0017617187500000013
149.5 0.0019765625000000013
150.5 0.0023320312499999995
151.5 0.0027285156249999987
152.5 0.0030410156249999973
153.5 0.0033046874999999964
154.5 0.003607421874999996
155.5 0.004148437499999993
156.5 0.004572265624999995
157.5 0.005115234374999996
158.5 0.005919921874999998
159.5 0.006261718749999994
160.5 0.007343749999999994
161.5 0.00784765625
162.5 0.008728515624999999
163.5 0.009287109374999996
164.5 0.010347656249999998
165.5 0.01113671875
166.5 0.012042968749999997
167.5 0.012888671875000002
168.5 0.013689453125000004
169.5 0.014457031249999993
170.5 0.015597656249999996
171.5 0.016128906249999995
172.5 0.016759765625000006
173.5 0.017697265625000003
174.5 0.018218750000000006
175.5 0.018835937500000004
176.5 0.018861328125000017
177.5 0.019316406250000005
178.5 0.019576171874999996
179.5 0.01952734375
180.5 0.01985351562499999
181.5 0.019820312500000003
182.5 0.019257812500000002
183.5 0.01916796875
184.5 0.018638671875000005
185.5 0.01813085937500001
186.5 0.017267578125000006
187.5 0.017039062500000004
188.5 0.016046875000000002
189.5 0.015402343749999997
190.5 0.014570312499999998
191.5 0.013996093750000002
192.5 0.013087890624999996
193.5 0.012214843749999997
194.5 0.011085937499999993
195.5 0.010099609375
196.5 0.009544921874999997
197.5 0.008759765624999997
198.5 0.007916015624999996
199.5 0.007371093749999995
200.5 0.006515624999999995
201.5 0.006066406249999994
202.5 0.005316406249999997
203.5 0.004859374999999997
204.5 0.004320312499999996
205.5 0.003718749999999996
206.5 0.0033749999999999982
207.5 0.0031249999999999963
208.5 0.0026230468749999986
209.5 0.002306640625
210.5 0.0019921875000000013
211.5 0.0018554687500000014
212.5 0.0016191406250000012
213.5 0.001376953125000001
214.5 0.001279296875000001
215.5 0.0010605468750000007
216.5 0.0008730468750000007
217.5 0.0008691406250000007
218.5 0.0006757812500000005
219.5 0.0006562500000000005
220.5 0.0005234375000000004
221.5 0.0005683593750000004
222.5 0.00047656250000000037
223.5 0.0004160156250000003
224.5 0.00035742187500000026
225.5 0.0002890625000000002
226.5 0.0002753906250000002
227.5 0.00023828125000000016
228.5 0.00021484375000000014
229.5 0.00024414062500000016
230.5 0.00019921875000000015
231.5 0.00022851562500000018
232.5 0.00019140625000000012
233.5 0.00018164062500000013
234.5 0.0001347656250000001
235.5 0.0001699218750000001
236.5 0.0001425781250000001
237.5 0.0001445312500000001
238.5 0.00013085937500000006
239.5 0.0001484375000000001
240.5 0.00016210937500000012
241.5 0.00015820312500000009
242.5 0.0001406250000000001
243.5 0.00014648437500000008
244.5 0.00014453125000000007
245.5 0.00017578125000000013
246.5 0.00016406250000000012
247.5 0.00015820312500000009
248.5 0.0001523437500000001
249.5 0.0001621093750000001
250.5 0.00021875000000000017
251.5 0.00022460937500000015
252.5 0.00022656250000000015
253.5 0.0002851562500000002
254.5 0.0002695312500000002
255.5 0.0003125000000000002
256.5 0.0003046875000000002
257.5 0.0003339843750000002
258.5 0.0003964843750000003
259.5 0.0004238281250000003
260.5 0.0004375000000000003
261.5 0.0004765625000000003
262.5 0.0005214843750000004
263.5 0.0006484375000000005
264.5 0.0006699218750000005
265.5 0.0007109375000000005
266.5 0.0007597656250000006
267.5 0.0008437500000000006
268.5 0.0010117187500000007
269.5 0.0011269531250000008
270.5 0.0012031250000000009
271.5 0.001304687500000001
272.5 0.001472656250000001
273.5 0.0016582031250000013
274.5 0.0017519531250000013
275.5 0.0018964843750000015
276.5 0.002132812500000001
277.5 0.0023964843749999993
278.5 0.00246875
279.5 0.0026542968749999987
280.5 0.0028867187499999995
281.5 0.003138671874999998
282.5 0.003287109374999998
283.5 0.0037246093749999957
284.5 0.0037304687499999964
285.5 0.003853515624999998
286.5 0.0041835937499999955
287.5 0.004361328124999997
288.5 0.004419921874999998
289.5 0.0042285156249999975
290.5 0.004613281249999996
291.5 0.004791015624999994
292.5 0.004580078124999996
293.5 0.004556640624999995
294.5 0.004621093749999997
295.5 0.004482421874999996
296.5 0.004560546874999995
297.5 0.004142578124999995
298.5 0.004140624999999996
299.5 0.004115234374999996
300.5 0.003796874999999996
301.5 0.0037285156249999966
302.5 0.0035019531249999964
303.5 0.0030624999999999984
304.5 0.0028554687499999973
305.5 0.0027324218749999974
306.5 0.00240625
307.5 0.0024238281249999993
308.5 0.0019628906250000015
309.5 0.0017695312500000014
310.5 0.0017070312500000013
311.5 0.001357421875000001
312.5 0.0011816406250000008
313.5 0.0010410156250000007
314.5 0.0009140625000000006
315.5 0.0008046875000000006
316.5 0.0006933593750000005
317.5 0.0006425781250000005
318.5 0.0005019531250000003
319.5 0.0003925781250000003
320.5 0.00034179687500000025
321.5 0.0003164062500000002
322.5 0.00024804687500000017
323.5 0.00022460937500000015
324.5 0.0001542968750000001
325.5 0.00012695312500000009
326.5 0.00010156250000000008
327.5 8.203125000000005e-05
328.5 8.007812500000004e-05
329.5 5.273437500000003e-05
330.5 4.687500000000003e-05
331.5 2.9296875000000012e-05
332.5 3.125000000000001e-05
333.5 3.1250000000000014e-05
334.5 1.5625e-05
335.5 1.3671875e-05
336.5 1.7578125000000002e-05
337.5 1.5625e-05
338.5 1.5625e-05
339.5 7.8125e-06
340.5 3.90625e-06
341.5 5.859375e-06
342.5 1.953125e-06
343.5 1.953125e-06
344.5 0.0
345.5 3.90625e-06
346.5 3.90625e-06
347.5 1.953125e-06
348.5 3.90625e-06
349.5 0.0
350.5 5.859375e-06
351.5 1.171875e-05
352.5 1.953125e-06
353.5 1.953125e-06
354.5 1.953125e-06
355.5 0.0
356.5 1.953125e-06
357.5 1.953125e-06
358.5 0.0
359.5 0.0
