0.5 1.953125e-06
1.5 0.0
2.5 3.90625e-06
3.5 7.8125e-06
4.5 1.953125e-06
5.5 0.0
6.5 0.0
7.5 1.953125e-06
8.5 3.90625e-06
9.5 7.8125e-06
10.5 0.0
11.5 1.953125e-06
12.5 1.953125e-06
13.5 0.0
14.5 3.90625e-06
15.5 0.0
16.5 5.859375e-06
17.5 1.3671875e-05
18.5 1.171875e-05
19.5 9.765625e-06
20.5 2.1484375000000002e-05
21.5 1.5625e-05
22.5 4.6875000000000015e-05
23.5 6.640625000000002e-05
24.5 8.593750000000002e-05
25.5 0.00010937500000000003
26.5 0.00016601562500000007
27.5 0.0001914062500000001
28.5 0.00023437500000000007
29.5 0.0003222656250000001
30.5 0.00041796875000000026
31.5 0.0006093750000000004
32.5 0.0007500000000000004
33.5 0.0009980468750000007
34.5 0.001439453125000001
35.5 0.0018164062500000012
36.5 0.002267578125
37.5 0.0030253906249999977
38.5 0.0036542968749999996
39.5 0.004607421874999998
40.5 0.005705078124999996
41.5 0.007249999999999998
42.5 0.0086953125
43.5 0.010462890625
44.5 0.012361328124999993
45.5 0.014470703124999996
46.5 0.016646484375000003
47.5 0.01899023437500001
48.5 0.02112109375000001
49.5 0.024103515625
50.5 0.02636718749999999
51.5 0.028951171875000004
52.5 0.030974609374999986
53.5 0.033218749999999984
54.5 0.034185546875000014
55.5 0.03529101562500001
56.5 0.03565625000000002
57.5 0.03633203125
58.5 0.03604687500000002
59.5 0.03481640624999999
60.5 0.03358593749999998
61.5 0.03187304687499999
62.5 0.029804687500000007
63.5 0.027023437500000008
64.5 0.02437890625
65.5 0.02210546875
66.5 0.019734375000000002
67.5 0.017007812499999993
68.5 0.014394531250000004
69.5 0.012484375
70.5 0.010484374999999995
71.5 0.008494140624999999
72.5 0.006900390624999997
73.5 0.005732421874999999
74.5 0.004285156249999998
75.5 0.0036015624999999984
76.5 0.002710937499999998
77.5 0.0020742187500000005
78.5 0.0016132812500000012
79.5 0.0011796875000000006
80.5 0.0008847656250000007
81.5 0.0006054687500000004
82.5 0.0004511718750000003
83.5 0.0003574218750000002
84.5 0.00022851562500000012
85.5 0.00014453125000000007
86.5 0.00012304687500000003
87.5 8.789062500000005e-05
88.5 5.273437500000003e-05
89.5 2.1484375000000002e-05
90.5 1.5625e-05
91.5 1.7578125000000002e-05
92.5 1.9531250000000004e-05
93.5 5.859375e-06
94.5 3.90625e-06
95.5 1.953125e-06
96.5 0.0
97.5 3.90625e-06
98.5 0.0
99.5 0.0
100.5 0.0
101.5 0.0
102.5 0.0
103.5 0.0
104.5 0.0
105.5 0.0
106.5 0.0
107.5 0.0
108.5 0.0
109.5 0.0
110.5 0.0
111.5 0.0
112.5 0.0
113.5 0.0
114.5 0.0
115.5 0.0
116.5 0.0
117.5 0.0
118.5 0.0
119.5 0.0
120.5 0.0
121.5 0.0
122.5 0.0
123.5 0.0
124.5 0.0
125.5 0.0
126.5 0.0
127.5 0.0
128.5 0.0
129.5 0.0
130.5 0.0
131.5 0.0
132.5 0.0
133.5 0.0
134.5 0.0
135.5 0.0
136.5 0.0
137.5 0.0
138.5 0.0
139.5 0.0
140.5 1.953125e-06
141.5 0.0
142.5 0.0
143.5 0.0
144.5 1.953125e-06
145.5 1.953125e-06
146.5 1.953125e-06
147.5 3.90625e-06
148.5 1.953125e-06
149.5 1.953125e-06
150.5 1.953125e-06
151.5 0.0
152.5 7.8125e-06
153.5 1.953125e-06
154.5 1.171875e-05
155.5 7.8125e-06
156.5 1.7578125e-05
157.5 2.5390625e-05
158.5 2.34375e-05
159.5 1.7578125000000002e-05
160.5 2.9296875e-05
161.5 3.125e-05
162.5 4.6875e-05
163.5 6.640625e-05
164.5 7.8125e-05
165.5 8.7890625e-05
166.5 0.000111328125
167.5 0.00013671875
168.5 0.00013476562499999998
169.5 0.00018359375
170.5 0.00019921875000000001
171.5 0.00023046875000000001
172.5 0.000314453125
173.5 0.00044726562499999996
174.5 0.00044921874999999997
175.5 0.000568359375
176.5 0.000654296875
177.5 0.00084765625
178.5 0.0008984374999999999
179.5 0.00099609375
180.5 0.0011015625000000001
181.5 0.0012949218749999998
182.5 0.00144921875
183.5 0.0016015625000000001
184.5 0.0016757812500000002
185.5 0.001875
186.5 0.001822265625
187.5 0.0020000000000000005
188.5 0.0019023437500000002
189.5 0.0019179687499999998
190.5 0.0018847656250000002
191.5 0.0017929687500000003
192.5 0.0017050781250000002
193.5 0.001548828125
194.5 0.0015625
195.5 0.001361328125
196.5 0.0011992187499999998
197.5 0.001009765625
198.5 0.0009199218750000001
199.5 0.0007949218750000001
200.5 0.000625
201.5 0.000529296875
202.5 0.0005078125
203.5 0.00042187500000000005
204.5 0.000361328125
205.5 0.000248046875
206.5 0.0001875
207.5 0.00018554687500000003
208.5 0.00014257812500000002
209.5 8.398437500000002e-05
210.5 6.640625e-05
211.5 6.640625e-05
212.5 3.5156250000000004e-05
213.5 3.90625e-05
214.5 1.9531250000000004e-05
215.5 1.171875e-05
216.5 3.90625e-06
217.5 3.90625e-06
218.5 1.953125e-06
219.5 1.953125e-06
220.5 7.8125e-06
221.5 0.0
222.5 0.0
223.5 1.953125e-06
224.5 0.0
225.5 0.0
226.5 0.0
227.5 0.0
228.5 0.0
229.5 0.0
230.5 0.0
231.5 0.0
232.5 0.0
233.5 0.0
234.5 0.0
235.5 0.0
236.5 0.0
237.5 0.0
238.5 0.0
239.5 0.0
240.5 1.953125e-06
241.5 0.0
242.5 3.90625e-06
243.5 1.953125e-06
244.5 1.953125e-06
245.5 3.90625e-06
246.5 3.90625e-06
247.5 1.953125e-06
248.5 5.859375e-06
249.5 3.90625e-06
250.5 1.5625e-05
251.5 1.3671875e-05
252.5 2.734375e-05
253.5 3.515625e-05
254.5 2.9296875e-05
255.5 4.1015625e-05
256.5 5.2734375e-05
257.5 4.2968750000000004e-05
258.5 7.421875e-05
259.5 8.3984375e-05
260.5 0.000119140625
261.5 0.0001328125
262.5 0.00015234375
263.5 0.000166015625
264.5 0.0001640625
265.5 0.000197265625
266.5 0.000240234375
267.5 0.000259765625
268.5 0.0003203125
269.5 0.000318359375
270.5 0.000333984375
271.5 0.00036132812500000005
272.5 0.0003828125
273.5 0.0004296875
274.5 0.00046093750000000003
275.5 0.0005078125
276.5 0.00050390625
277.5 0.000517578125
278.5 0.0006542968750000001
279.5 0.0006914062500000002
280.5 0.0007011718750000002
281.5 0.0009042968750000002
282.5 0.0010878906250000003
283.5 0.0013125000000000003
284.5 0.0015937500000000005
285.5 0.0019140625000000004
286.5 0.002404296875
287.5 0.002748046875
288.5 0.003240234375000001
289.5 0.003744140625
290.5 0.004230468749999999
291.5 0.004921875000000001
292.5 0.005673828125
293.5 0.006001953124999999
294.5 0.0065175781249999995
295.5 0.007201171875
296.5 0.007498046874999999
297.5 0.0076953125
298.5 0.007927734375
299.5 0.008251953125
300.5 0.00826171875
301.5 0.00821484375
302.5 0.007871093749999999
303.5 0.007626953124999999
304.5 0.007214843750000001
305.5 0.006804687499999998
306.5 0.00623828125
307.5 0.005679687500000001
308.5 0.005095703125000002
309.5 0.004576171875
310.5 0.003982421874999999
311.5 0.003447265624999999
312.5 0.0030371093749999986
313.5 0.0024648437499999996
314.5 0.0020839843750000003
315.5 0.0018105468750000005
316.5 0.0013066406250000003
317.5 0.0011503906250000002
318.5 0.0009257812500000002
319.5 0.0007402343750000001
320.5 0.0005839843750000001
321.5 0.0004921875000000001
322.5 0.00039648437500000014
323.5 0.0002656250000000001
324.5 0.00020507812500000005
325.5 0.00016406250000000006
326.5 0.00012890625
327.5 0.00011328125000000002
328.5 7.812500000000002e-05
329.5 4.101562500000001e-05
330.5 5.46875e-05
331.5 3.3203125e-05
332.5 2.5390625000000002e-05
333.5 2.1484375e-05
334.5 7.8125e-06
335.5 2.1484375e-05
336.5 9.765625e-06
337.5 7.8125e-06
338.5 9.765625e-06
339.5 1.9531249999999997e-05
340.5 1.171875e-05
341.5 7.8125e-06
342.5 1.7578125000000002e-05
343.5 1.3671875e-05
344.5 1.5625e-05
345.5 5.859375e-06
346.5 1.171875e-05
347.5 9.765625e-06
348.5 1.171875e-05
349.5 1.3671875e-05
350.5 9.765625e-06
351.5 3.90625e-06
352.5 7.8125e-06
353.5 1.171875e-05
354.5 0.0
355.5 7.8125e-06
356.5 7.8125e-06
357.5 3.90625e-06
358.5 3.90625e-06
359.5 1.953125e-06
