0.5 0.0
1.5 1.953125e-06
2.5 0.0
3.5 0.0
4.5 5.859375e-06
5.5 0.0
6.5 0.0
7.5 0.0
8.5 1.953125e-06
9.5 1.953125e-06
10.5 1.953125e-06
11.5 7.8125e-06
12.5 0.0
13.5 0.0
14.5 3.90625e-06
15.5 3.90625e-06
16.5 3.90625e-06
17.5 7.8125e-06
18.5 9.765625e-06
19.5 1.171875e-05
20.5 1.9531250000000004e-05
21.5 1.3671875e-05
22.5 3.3203125000000016e-05
23.5 3.710937500000001e-05
24.5 4.6875000000000015e-05
25.5 5.4687500000000015e-05
26.5 7.617187500000003e-05
27.5 8.398437500000002e-05
28.5 0.00013085937500000006
29.5 0.00011132812500000004
30.5 0.00015625000000000003
31.5 0.0001953125000000001
32.5 0.0002773437500000001
33.5 0.00028320312500000014
34.5 0.00040820312500000025
35.5 0.0004882812500000001
36.5 0.0006191406250000002
37.5 0.0007207031250000005
38.5 0.0009648437500000005
39.5 0.0010585937500000007
40.5 0.001263671875000001
41.5 0.001556640625000001
42.5 0.0017363281250000011
43.5 0.0020156250000000005
44.5 0.0022851562499999986
45.5 0.0026953124999999985
46.5 0.0028691406249999984
47.5 0.003195312499999997
48.5 0.0035468749999999966
49.5 0.003808593749999997
50.5 0.004302734374999995
51.5 0.004667968749999996
52.5 0.005226562499999997
53.5 0.005351562499999998
54.5 0.005558593749999996
55.5 0.0059433593749999925
56.5 0.006185546874999996
57.5 0.0064082031249999925
58.5 0.006630859374999995
59.5 0.006619140624999997
60.5 0.006736328124999997
61.5 0.006675781249999997
62.5 0.006480468749999996
63.5 0.006410156249999995
64.5 0.0061347656249999966
65.5 0.005910156249999994
66.5 0.005947265624999997
67.5 0.0054667968749999955
68.5 0.005341796874999994
69.5 0.005085937499999997
70.5 0.004929687499999997
71.5 0.004570312499999995
72.5 0.004263671874999998
73.5 0.003796874999999995
74.5 0.0035800781249999973
75.5 0.003380859374999998
76.5 0.0030410156249999977
77.5 0.0027656249999999986
78.5 0.0025820312499999997
79.5 0.0022167968749999987
80.5 0.002222656249999999
81.5 0.0018984375000000015
82.5 0.0016757812500000013
83.5 0.0015917968750000012
84.5 0.001326171875000001
85.5 0.001271484375000001
86.5 0.0010742187500000007
87.5 0.0009843750000000007
88.5 0.0008417968750000006
89.5 0.0007714843750000005
90.5 0.0007128906250000005
91.5 0.0005507812500000004
92.5 0.0005605468750000004
93.5 0.0004921875000000003
94.5 0.0004492187500000003
95.5 0.0003750000000000003
96.5 0.0002968750000000002
97.5 0.0003046875000000002
98.5 0.00027148437500000013
99.5 0.00025390625000000017
100.5 0.00019726562500000015
101.5 0.00019531250000000012
102.5 0.00019531250000000012
103.5 0.00015429687500000008
104.5 0.00013476562500000007
105.5 0.00011914062500000008
106.5 0.00011914062500000007
107.5 8.984375000000007e-05
108.5 0.00010546875000000007
109.5 8.007812500000003e-05
110.5 7.617187500000004e-05
111.5 7.617187500000004e-05
112.5 5.468750000000002e-05
113.5 6.0546875000000033e-05
114.5 8.007812500000004e-05
115.5 6.054687500000003e-05
116.5 5.468750000000002e-05
117.5 4.8828125000000016e-05
118.5 4.2968750000000025e-05
119.5 8.203125000000005e-05
120.5 4.4921875000000026e-05
121.5 4.101562500000002e-05
122.5 5.664062500000003e-05
123.5 6.640625000000003e-05
124.5 5.664062500000002e-05
125.5 6.054687500000003e-05
126.5 6.250000000000003e-05
127.5 6.640625000000005e-05
128.5 9.570312500000006e-05
129.5 6.835937500000003e-05
130.5 7.031250000000004e-05
131.5 9.375000000000006e-05
132.5 0.00013476562500000007
133.5 0.00011914062500000007
134.5 0.0001621093750000001
135.5 0.00019726562500000012
136.5 0.0001738281250000001
137.5 0.00020703125000000013
138.5 0.00031640625000000017
139.5 0.00029882812500000016
140.5 0.0004023437500000003
141.5 0.00045507812500000035
142.5 0.0005156250000000003
143.5 0.0005781250000000004
144.5 0.0007246093750000005
145.5 0.0008144531250000005
146.5 0.0009472656250000007
147.5 0.0011035156250000008
148.5 0.001429687500000001
149.5 0.0015683593750000012
150.5 0.0017363281250000013
151.5 0.0019687500000000013
152.5 0.002484374999999999
153.5 0.0027656249999999964
154.5 0.003142578124999997
155.5 0.003529296874999997
156.5 0.004171874999999997
157.5 0.004923828124999998
158.5 0.005455078124999996
159.5 0.005923828124999996
160.5 0.006851562499999996
161.5 0.007482421874999997
162.5 0.008406249999999988
163.5 0.009298828124999997
164.5 0.010171875
165.5 0.011203124999999993
166.5 0.012216796875
167.5 0.013181640625000001
168.5 0.014388671874999993
169.5 0.014929687499999999
170.5 0.015689453125
171.5 0.01683593750000001
172.5 0.0176484375
173.5 0.018474609375000006
174.5 0.01907421875000001
175.5 0.019519531249999996
176.5 0.02018750000000001
177.5 0.020037109375000015
178.5 0.02053710937500001
179.5 0.020324218749999998
180.5 0.020039062500000003
181.5 0.020142578124999998
182.5 0.019806640625
183.5 0.019312500000000003
184.5 0.018865234375000005
185.5 0.017998046875000007
186.5 0.017279296875000003
187.5 0.01641015625
188.5 0.015699218749999997
189.5 0.014902343750000003
190.5 0.013621093749999999
191.5 0.012841796874999993
192.5 0.011900390625
193.5 0.011052734374999991
194.5 0.010095703124999997
195.5 0.009173828124999998
196.5 0.008007812499999992
197.5 0.007529296874999996
198.5 0.006685546874999997
199.5 0.006050781249999993
200.5 0.005390624999999993
201.5 0.004818359374999995
202.5 0.004070312499999995
203.5 0.0037460937499999942
204.5 0.003374999999999998
205.5 0.0028203124999999973
206.5 0.0025468749999999992
207.5 0.0022050781250000004
208.5 0.0018203125000000014
209.5 0.0015820312500000012
210.5 0.001365234375000001
211.5 0.0011660156250000008
212.5 0.0011015625000000008
213.5 0.0009687500000000008
214.5 0.0007597656250000006
215.5 0.0007460937500000006
216.5 0.0005429687500000004
217.5 0.0005019531250000003
218.5 0.0004023437500000003
219.5 0.0003945312500000003
220.5 0.00032421875000000023
221.5 0.00033984375000000025
222.5 0.0002773437500000002
223.5 0.00021093750000000013
224.5 0.00023046875000000015
225.5 0.00016406250000000012
226.5 0.0001367187500000001
227.5 0.00016796875000000012
228.5 0.00010742187500000004
229.5 0.00010742187500000007
230.5 0.00013476562500000007
231.5 9.375000000000006e-05
232.5 8.398437500000005e-05
233.5 9.375000000000006e-05
234.5 8.984375000000005e-05
235.5 5.664062500000002e-05
236.5 7.226562500000004e-05
237.5 8.007812500000006e-05
238.5 7.617187500000005e-05
239.5 7.812500000000004e-05
240.5 6.445312500000003e-05
241.5 8.398437500000006e-05
242.5 7.812500000000004e-05
243.5 7.617187500000004e-05
244.5 8.203125000000005e-05
245.5 8.789062500000005e-05
246.5 8.203125000000005e-05
247.5 6.640625000000003e-05
248.5 0.00012109375000000007
249.5 9.179687500000005e-05
250.5 0.00011523437500000008
251.5 0.00010742187500000007
252.5 0.00013476562500000007
253.5 0.00012500000000000008
254.5 0.00012109375000000008
255.5 0.0001875000000000001
256.5 0.00016601562500000012
257.5 0.0001855468750000001
258.5 0.00018554687500000014
259.5 0.00023828125000000016
260.5 0.00024609375000000016
261.5 0.00023242187500000018
262.5 0.0003164062500000002
263.5 0.0003007812500000002
264.5 0.0003320312500000002
265.5 0.0003964843750000003
266.5 0.00044921875000000024
267.5 0.0004316406250000003
268.5 0.00048046875000000037
269.5 0.0005449218750000004
270.5 0.0005898437500000004
271.5 0.0006250000000000004
272.5 0.0006875000000000004
273.5 0.0008105468750000006
274.5 0.0008242187500000006
275.5 0.0008710937500000006
276.5 0.0010312500000000007
277.5 0.0011855468750000008
278.5 0.0011796875000000008
279.5 0.001326171875000001
280.5 0.0014531250000000009
281.5 0.0015859375000000012
282.5 0.0016992187500000013
283.5 0.0018027343750000014
284.5 0.002035156250000001
285.5 0.002103515625000001
286.5 0.0021796875
287.5 0.0023808593749999993
288.5 0.002488281249999999
289.5 0.002759765624999998
290.5 0.0029941406249999977
291.5 0.0032460937499999964
292.5 0.003259765624999997
293.5 0.003347656249999997
294.5 0.003605468749999997
295.5 0.003800781249999997
296.5 0.003833984374999997
297.5 0.003986328124999996
298.5 0.004140624999999997
299.5 0.004068359374999997
300.5 0.004236328124999997
301.5 0.004099609374999996
302.5 0.004023437499999996
303.5 0.003974609374999996
304.5 0.0038242187499999965
305.5 0.003787109374999995
306.5 0.003656249999999996
307.5 0.003503906249999996
308.5 0.0033066406249999975
309.5 0.003009765624999998
310.5 0.0029648437499999974
311.5 0.002548828124999999
312.5 0.0024492187499999987
313.5 0.0021953124999999998
314.5 0.0019511718750000009
315.5 0.001703125000000001
316.5 0.001546875000000001
317.5 0.0012832031250000007
318.5 0.0011328125000000006
319.5 0.0009843750000000004
320.5 0.0008378906250000003
321.5 0.0007109375000000004
322.5 0.0005761718750000002
323.5 0.00045507812500000024
324.5 0.0003964843750000002
325.5 0.00031445312500000017
326.5 0.0002617187500000001
327.5 0.00023437500000000007
328.5 0.0001875000000000001
329.5 0.00015625000000000006
330.5 0.00010351562500000004
331.5 8.398437500000003e-05
332.5 5.8593750000000025e-05
333.5 5.078125000000002e-05
334.5 5.6640625000000016e-05
335.5 2.9296875000000006e-05
336.5 2.5390625000000006e-05
337.5 1.5625e-05
338.5 1.7578125000000002e-05
339.5 5.859375e-06
340.5 9.765625e-06
341.5 1.953125e-06
342.5 9.765625e-06
343.5 5.859375e-06
344.5 5.859375e-06
345.5 9.765625e-06
346.5 5.859375e-06
347.5 3.90625e-06
348.5 0.0
349.5 1.953125e-06
350.5 1.953125e-06
351.5 0.0
352.5 1.953125e-06
353.5 1.953125e-06
354.5 5.859375e-06
355.5 0.0
356.5 0.0
357.5 0.0
358.5 3.90625e-06
359.5 1.953125e-06
