0.5 1.953125e-06
1.5 1.953125e-06
2.5 1.953125e-06
3.5 1.953125e-06
4.5 1.953125e-06
5.5 0.0
6.5 0.0
7.5 1.953125e-06
8.5 1.953125e-06
9.5 0.0
10.5 3.90625e-06
11.5 0.0
12.5 7.8125e-06
13.5 1.953125e-06
14.5 0.0
15.5 1.953125e-06
16.5 1.953125e-06
17.5 5.859375e-06
18.5 5.859375e-06
19.5 1.171875e-05
20.5 1.3671875e-05
21.5 2.1484375000000002e-05
22.5 5.859375e-06
23.5 2.1484375000000006e-05
24.5 9.765625e-06
25.5 2.9296875000000006e-05
26.5 3.1250000000000014e-05
27.5 2.539062500000001e-05
28.5 3.515625000000002e-05
29.5 4.687500000000003e-05
30.5 5.664062500000002e-05
31.5 7.617187500000004e-05
32.5 9.179687500000005e-05
33.5 0.00011132812500000007
34.5 0.0001406250000000001
35.5 0.0001738281250000001
36.5 0.00019921875000000015
37.5 0.0002695312500000002
38.5 0.0002871093750000002
39.5 0.0003105468750000002
40.5 0.0003984375000000003
41.5 0.0005371093750000004
42.5 0.0005937500000000004
43.5 0.0007382812500000005
44.5 0.0007812500000000006
45.5 0.0008886718750000007
46.5 0.0010859375000000007
47.5 0.0011914062500000008
48.5 0.001433593750000001
49.5 0.0015156250000000011
50.5 0.0019199218750000015
51.5 0.00214453125
52.5 0.0023027343749999984
53.5 0.002648437499999998
54.5 0.002796874999999998
55.5 0.0030039062499999983
56.5 0.003109374999999998
57.5 0.0034921874999999975
58.5 0.003701171874999996
59.5 0.003876953124999996
60.5 0.004220703124999994
61.5 0.0041835937499999955
62.5 0.0044843749999999944
63.5 0.004453124999999994
64.5 0.0045449218749999964
65.5 0.004574218749999994
66.5 0.004919921874999996
67.5 0.004695312499999997
68.5 0.004593749999999995
69.5 0.004576171874999995
70.5 0.004437499999999995
71.5 0.004414062499999995
72.5 0.004398437499999994
73.5 0.004177734374999996
74.5 0.004039062499999995
75.5 0.003874999999999996
76.5 0.003511718749999996
77.5 0.003376953124999997
78.5 0.003150390624999997
79.5 0.0029160156249999967
80.5 0.002810546874999998
81.5 0.0024394531249999998
82.5 0.00232421875
83.5 0.0022148437500000007
84.5 0.0019941406250000016
85.5 0.0017890625000000014
86.5 0.0015507812500000012
87.5 0.001435546875000001
88.5 0.001287109375000001
89.5 0.0011718750000000008
90.5 0.0010214843750000007
91.5 0.0010234375000000007
92.5 0.0008300781250000006
93.5 0.0008222656250000006
94.5 0.0008339843750000006
95.5 0.0006464843750000005
96.5 0.0005898437500000004
97.5 0.0005156250000000003
98.5 0.0004765625000000003
99.5 0.0003945312500000003
100.5 0.00038085937500000023
101.5 0.0003710937500000003
102.5 0.00033984375000000025
103.5 0.0002695312500000002
104.5 0.0002871093750000002
105.5 0.0002656250000000002
106.5 0.0003144531250000002
107.5 0.00020703125000000016
108.5 0.0001835937500000001
109.5 0.0001484375000000001
110.5 0.0001816406250000001
111.5 0.00017968750000000013
112.5 0.00016796875000000012
113.5 0.00019335937500000014
114.5 0.0001562500000000001
115.5 0.0001289062500000001
116.5 0.0001660156250000001
117.5 0.0001425781250000001
118.5 0.0001289062500000001
119.5 0.00014257812500000007
120.5 0.00010351562500000008
121.5 0.00016796875000000012
122.5 0.00016015625000000012
123.5 0.0001445312500000001
124.5 0.0001386718750000001
125.5 0.00016210937500000012
126.5 0.00016015625000000012
127.5 0.00019335937500000014
128.5 0.00020898437500000013
129.5 0.00017578125000000013
130.5 0.00020117187500000012
131.5 0.00021875000000000014
132.5 0.0002597656250000002
133.5 0.0003359375000000002
134.5 0.00030468750000000016
135.5 0.00036132812500000027
136.5 0.0003789062500000003
137.5 0.00041992187500000026
138.5 0.00047656250000000037
139.5 0.0005761718750000004
140.5 0.0006230468750000004
141.5 0.0006718750000000005
142.5 0.0008789062500000007
143.5 0.0009453125000000006
144.5 0.0010898437500000008
145.5 0.0011738281250000008
146.5 0.001484375000000001
147.5 0.0015800781250000012
148.5 0.0017050781250000013
149.5 0.0019277343750000015
150.5 0.0023984374999999987
151.5 0.002660156249999998
152.5 0.002869140624999998
153.5 0.0034511718749999968
154.5 0.0037285156249999975
155.5 0.0042695312499999956
156.5 0.004812499999999995
157.5 0.005218749999999997
158.5 0.005861328124999996
159.5 0.006480468749999995
160.5 0.0071992187499999956
161.5 0.007880859374999997
162.5 0.008480468749999996
163.5 0.009160156249999997
164.5 0.01019921875
165.5 0.011048828125
166.5 0.012064453125
167.5 0.012865234375000003
168.5 0.013560546874999998
169.5 0.014400390625000002
170.5 0.015339843749999998
171.5 0.015634765625
172.5 0.016726562499999997
173.5 0.017455078125000002
174.5 0.01795898437500001
175.5 0.018462890625000002
176.5 0.019064453124999995
177.5 0.019197265625000005
178.5 0.01953710937499999
179.5 0.019642578125000004
180.5 0.019976562500000017
181.5 0.019585937500000008
182.5 0.01918164062500001
183.5 0.01914453125000001
184.5 0.018722656250000004
185.5 0.017876953125000004
186.5 0.017634765625000003
187.5 0.016683593750000007
188.5 0.0161875
189.5 0.015283203125000004
190.5 0.01455859375
191.5 0.013730468749999997
192.5 0.012478515624999994
193.5 0.011667968750000004
194.5 0.010917968749999995
195.5 0.010017578124999996
196.5 0.009464843749999993
197.5 0.008720703124999995
198.5 0.007873046874999994
199.5 0.007193359374999997
200.5 0.006486328124999996
201.5 0.005882812499999995
202.5 0.005025390624999996
203.5 0.004619140624999996
204.5 0.004179687499999995
205.5 0.0036992187499999955
206.5 0.0032187499999999972
207.5 0.0029140624999999965
208.5 0.0025292968749999994
209.5 0.0022773437499999986
210.5 0.0021035156250000004
211.5 0.0017792968750000014
212.5 0.0016191406250000012
213.5 0.001400390625000001
214.5 0.001265625000000001
215.5 0.0010937500000000008
216.5 0.0009453125000000007
217.5 0.0008085937500000006
218.5 0.0006855468750000005
219.5 0.0006464843750000005
220.5 0.0005683593750000004
221.5 0.0005253906250000004
222.5 0.00043945312500000034
223.5 0.0003945312500000003
224.5 0.00034765625000000025
225.5 0.0003085937500000002
226.5 0.00032226562500000023
227.5 0.0002890625000000002
228.5 0.00022851562500000015
229.5 0.00022656250000000015
230.5 0.00021875000000000014
231.5 0.0002558593750000001
232.5 0.00018554687500000014
233.5 0.00017968750000000013
234.5 0.0001699218750000001
235.5 0.0001679687500000001
236.5 0.0001562500000000001
237.5 0.00017578125000000013
238.5 0.0001699218750000001
239.5 0.00010546875000000007
240.5 0.00016015625000000012
241.5 0.0001445312500000001
242.5 0.00011914062500000007
243.5 0.00017773437500000013
244.5 0.0001542968750000001
245.5 0.00016406250000000012
246.5 0.0001640625000000001
247.5 0.00018945312500000014
248.5 0.0001718750000000001
249.5 0.00019335937500000012
250.5 0.00017968750000000013
251.5 0.00025195312500000017
252.5 0.0002617187500000002
253.5 0.0002890625000000002
254.5 0.0002871093750000002
255.5 0.00022656250000000015
256.5 0.00033203125000000024
257.5 0.00033007812500000024
258.5 0.00036328125000000027
259.5 0.0004492187500000003
260.5 0.00044531250000000034
261.5 0.00044335937500000034
262.5 0.0005546875000000004
263.5 0.0005761718750000004
264.5 0.0006875000000000005
265.5 0.0007441406250000006
266.5 0.0008496093750000006
267.5 0.0009316406250000007
268.5 0.0010156250000000007
269.5 0.0010761718750000007
270.5 0.0012187500000000009
271.5 0.001404296875000001
272.5 0.001421875000000001
273.5 0.0016445312500000012
274.5 0.0018300781250000014
275.5 0.0019492187500000015
276.5 0.0022128906249999996
277.5 0.0023300781250000006
278.5 0.002458984374999999
279.5 0.002779296874999998
280.5 0.0030234374999999983
281.5 0.0031523437499999967
282.5 0.0033164062499999956
283.5 0.0036367187499999967
284.5 0.003800781249999996
285.5 0.003966796874999996
286.5 0.004107421874999996
287.5 0.0043300781249999976
288.5 0.004410156249999997
289.5 0.004595703124999996
290.5 0.004779296874999997
291.5 0.004521484374999998
292.5 0.004732421874999995
293.5 0.004732421874999995
294.5 0.004691406249999995
295.5 0.0046660156249999935
296.5 0.004628906249999995
297.5 0.004496093749999998
298.5 0.004273437499999996
299.5 0.003968749999999996
300.5 0.003984374999999994
301.5 0.003687499999999998
302.5 0.003560546874999997
303.5 0.0033496093749999967
304.5 0.0030351562499999984
305.5 0.0026914062499999985
306.5 0.0025742187499999984
307.5 0.002212890625000001
308.5 0.0018847656250000015
309.5 0.0018730468750000014
310.5 0.0015488281250000012
311.5 0.001406250000000001
312.5 0.001279296875000001
313.5 0.0010683593750000007
314.5 0.0010195312500000007
315.5 0.0007929687500000006
316.5 0.0007382812500000005
317.5 0.0006464843750000005
318.5 0.0005371093750000004
319.5 0.00044921875000000034
320.5 0.00034375000000000025
321.5 0.0002968750000000002
322.5 0.00021484375000000016
323.5 0.00023242187500000015
324.5 0.0001835937500000001
325.5 0.0001367187500000001
326.5 0.00012304687500000006
327.5 7.421875000000005e-05
328.5 6.640625000000003e-05
329.5 7.617187500000004e-05
330.5 6.250000000000004e-05
331.5 4.101562500000002e-05
332.5 3.710937500000002e-05
333.5 2.3437500000000007e-05
334.5 2.1484375000000006e-05
335.5 1.3671875e-05
336.5 1.171875e-05
337.5 1.171875e-05
338.5 1.171875e-05
339.5 1.3671875e-05
340.5 3.90625e-06
341.5 1.953125e-06
342.5 0.0
343.5 3.90625e-06
344.5 0.0
345.5 3.90625e-06
346.5 1.953125e-06
347.5 3.90625e-06
348.5 1.953125e-06
349.5 0.0
350.5 0.0
351.5 0.0
352.5 1.953125e-06
353.5 3.90625e-06
354.5 0.0
355.5 0.0
356.5 3.90625e-06
357.5 0.0
358.5 0.0
359.5 3.90625e-06
