0.5 0.0
1.5 0.0
2.5 1.953125e-06
3.5 0.0
4.5 1.953125e-06
5.5 0.0
6.5 1.953125e-06
7.5 3.90625e-06
8.5 0.0
9.5 0.0
10.5 7.8125e-06
11.5 1.953125e-06
12.5 3.90625e-06
13.5 3.90625e-06
14.5 3.90625e-06
15.5 3.90625e-06
16.5 3.90625e-06
17.5 5.859375e-06
18.5 7.8125e-06
19.5 7.8125e-06
20.5 5.859375e-06
21.5 3.90625e-06
22.5 1.5625e-05
23.5 1.3671875e-05
24.5 1.9531250000000004e-05
25.5 2.9296875000000012e-05
26.5 3.906250000000002e-05
27.5 4.296875000000001e-05
28.5 6.445312500000004e-05
29.5 5.273437500000003e-05
30.5 7.031250000000004e-05
31.5 8.789062500000005e-05
32.5 0.00010742187500000007
33.5 9.765625000000006e-05
34.5 0.00015039062500000008
35.5 0.00015625000000000008
36.5 0.00019531250000000012
37.5 0.0002695312500000002
38.5 0.0003105468750000002
39.5 0.0003750000000000003
40.5 0.00040625000000000025
41.5 0.0005253906250000004
42.5 0.0006015625000000004
43.5 0.0007539062500000006
44.5 0.0008066406250000006
45.5 0.0010546875000000007
46.5 0.0011171875000000008
47.5 0.001423828125000001
48.5 0.001457031250000001
49.5 0.0017207031250000013
50.5 0.001980468750000001
51.5 0.0021308593750000004
52.5 0.002376953125
53.5 0.002578124999999998
54.5 0.0029160156249999963
55.5 0.0030937499999999967
56.5 0.0034082031249999954
57.5 0.0035214843749999964
58.5 0.003777343749999997
59.5 0.004066406249999995
60.5 0.0040078124999999975
61.5 0.004601562499999996
62.5 0.004519531249999996
63.5 0.004785156249999998
64.5 0.0049550781249999955
65.5 0.004978515624999993
66.5 0.005072265624999993
67.5 0.005062499999999996
68.5 0.004943359374999998
69.5 0.0049785156249999955
70.5 0.004863281249999995
71.5 0.004732421874999995
72.5 0.004613281249999998
73.5 0.004470703124999996
74.5 0.004240234374999996
75.5 0.004126953124999997
76.5 0.004021484374999996
77.5 0.003593749999999997
78.5 0.003498046874999997
79.5 0.0033085937499999964
80.5 0.002978515624999998
81.5 0.002832031249999998
82.5 0.0025976562499999984
83.5 0.0023828125
84.5 0.0021425781250000004
85.5 0.001978515625000001
86.5 0.0019082031250000013
87.5 0.0016113281250000012
88.5 0.001447265625000001
89.5 0.001281250000000001
90.5 0.0011796875000000008
91.5 0.0011035156250000008
92.5 0.0009511718750000007
93.5 0.0009277343750000007
94.5 0.0008105468750000006
95.5 0.0006992187500000005
96.5 0.0006093750000000004
97.5 0.0005820312500000004
98.5 0.0005371093750000004
99.5 0.0005058593750000003
100.5 0.0004296875000000003
101.5 0.0003984375000000003
102.5 0.00036328125000000027
103.5 0.00033398437500000024
104.5 0.0003007812500000002
105.5 0.00021679687500000014
106.5 0.00024023437500000016
107.5 0.00023828125000000016
108.5 0.00021679687500000017
109.5 0.00019726562500000015
110.5 0.00017773437500000013
111.5 0.00018945312500000014
112.5 0.0001855468750000001
113.5 0.00017578125000000013
114.5 0.0001347656250000001
115.5 0.0001601562500000001
116.5 0.00013476562500000007
117.5 0.00015429687500000008
118.5 0.00013281250000000006
119.5 0.0001386718750000001
120.5 0.00014062500000000007
121.5 0.00013085937500000006
122.5 0.0001503906250000001
123.5 0.00012695312500000009
124.5 0.00014257812500000007
125.5 0.00016601562500000012
126.5 0.00018164062500000013
127.5 0.00016992187500000012
128.5 0.00019140625000000012
129.5 0.00017578125000000013
130.5 0.00021484375000000016
131.5 0.00024023437500000016
132.5 0.0002597656250000002
133.5 0.0002675781250000002
134.5 0.0002949218750000002
135.5 0.00035351562500000026
136.5 0.0004140625000000003
137.5 0.00043945312500000034
138.5 0.00043164062500000033
139.5 0.0004960937500000003
140.5 0.0006230468750000004
141.5 0.0007187500000000005
142.5 0.0008085937500000005
143.5 0.0008164062500000006
144.5 0.0009199218750000007
145.5 0.0011542968750000008
146.5 0.001259765625000001
147.5 0.001371093750000001
148.5 0.0016406250000000012
149.5 0.0018652343750000014
150.5 0.00209375
151.5 0.0024374999999999987
152.5 0.0027441406249999983
153.5 0.003007812499999997
154.5 0.0033515624999999973
155.5 0.003925781249999998
156.5 0.0043242187499999965
157.5 0.004859374999999993
158.5 0.005376953124999997
159.5 0.006015624999999992
160.5 0.006876953124999996
161.5 0.007365234374999997
162.5 0.008152343749999996
163.5 0.008757812499999991
164.5 0.00993359375
165.5 0.010548828125000001
166.5 0.011269531249999994
167.5 0.012222656250000005
168.5 0.012849609374999996
169.5 0.013855468750000004
170.5 0.014361328124999996
171.5 0.014978515625000001
172.5 0.01606054687499999
173.5 0.016632812500000003
174.5 0.01720507812500001
175.5 0.017847656249999986
176.5 0.018160156250000007
177.5 0.01848437499999999
178.5 0.018380859375
179.5 0.018876953125000002
180.5 0.018955078125000004
181.5 0.018839843749999995
182.5 0.018917968750000003
183.5 0.018197265625000014
184.5 0.018025390625000005
185.5 0.017156249999999994
186.5 0.017134765625
187.5 0.016355468749999998
188.5 0.015535156250000006
189.5 0.01498828125
190.5 0.014249999999999997
191.5 0.013021484374999996
192.5 0.012406249999999999
193.5 0.011636718749999992
194.5 0.01060546875
195.5 0.009935546874999996
196.5 0.009205078124999995
197.5 0.008394531249999997
198.5 0.007490234374999994
199.5 0.0069199218749999986
200.5 0.006136718749999997
201.5 0.005525390624999994
202.5 0.005148437499999994
203.5 0.004343749999999997
204.5 0.0041269531249999965
205.5 0.003683593749999996
206.5 0.003181640624999997
207.5 0.0028398437499999978
208.5 0.002521484374999998
209.5 0.0021914062500000006
210.5 0.0019257812500000015
211.5 0.0017792968750000014
212.5 0.0015234375000000011
213.5 0.001390625000000001
214.5 0.0011953125000000008
215.5 0.0010390625000000007
216.5 0.0008437500000000006
217.5 0.0008320312500000006
218.5 0.0007128906250000005
219.5 0.0006718750000000005
220.5 0.0005410156250000004
221.5 0.0004843750000000003
222.5 0.0003457031250000002
223.5 0.0003769531250000003
224.5 0.00034765625000000025
225.5 0.0003164062500000002
226.5 0.0002734375000000002
227.5 0.0002636718750000002
228.5 0.00021679687500000017
229.5 0.0001816406250000001
230.5 0.00023046875000000018
231.5 0.0001835937500000001
232.5 0.0001738281250000001
233.5 0.00019140625000000012
234.5 0.0001875000000000001
235.5 0.00017382812500000013
236.5 0.0001542968750000001
237.5 0.0001425781250000001
238.5 0.00014648437500000008
239.5 0.00015429687500000008
240.5 0.00012500000000000006
241.5 0.00012304687500000008
242.5 0.0001406250000000001
243.5 0.0001367187500000001
244.5 0.0001523437500000001
245.5 0.00017968750000000013
246.5 0.00013867187500000007
247.5 0.00016406250000000012
248.5 0.00019531250000000015
249.5 0.00020507812500000013
250.5 0.00022460937500000015
251.5 0.00024023437500000016
252.5 0.00024804687500000017
253.5 0.0002695312500000002
254.5 0.0002792968750000002
255.5 0.0002773437500000002
256.5 0.0003710937500000003
257.5 0.00035351562500000026
258.5 0.00035156250000000026
259.5 0.0003984375000000003
260.5 0.00044531250000000034
261.5 0.0005820312500000004
262.5 0.0005937500000000004
263.5 0.0007109375000000005
264.5 0.0007832031250000006
265.5 0.0008164062500000006
266.5 0.0008750000000000007
267.5 0.0009316406250000007
268.5 0.0010937500000000008
269.5 0.0011679687500000008
270.5 0.001414062500000001
271.5 0.0014960937500000011
272.5 0.0016171875000000012
273.5 0.001998046875000001
274.5 0.0020253906250000007
275.5 0.0023613281249999993
276.5 0.0024433593749999994
277.5 0.002798828124999998
278.5 0.002828124999999997
279.5 0.003144531249999998
280.5 0.0034980468749999977
281.5 0.0035878906249999947
282.5 0.0038535156249999963
283.5 0.004187499999999997
284.5 0.004429687499999995
285.5 0.004693359374999997
286.5 0.004753906249999998
287.5 0.004804687499999995
288.5 0.0050898437499999945
289.5 0.005048828124999998
290.5 0.005054687499999999
291.5 0.005224609374999997
292.5 0.005193359374999994
293.5 0.005150390624999992
294.5 0.005316406249999993
295.5 0.005093749999999997
296.5 0.005066406249999996
297.5 0.004947265624999995
298.5 0.004726562499999995
299.5 0.0044101562499999965
300.5 0.004296874999999996
301.5 0.003947265624999996
302.5 0.0036992187499999976
303.5 0.0035273437499999975
304.5 0.0032363281249999975
305.5 0.003062499999999997
306.5 0.0028066406249999975
307.5 0.002460937499999999
308.5 0.0023378906249999993
309.5 0.002089843750000001
310.5 0.0018222656250000014
311.5 0.0015878906250000012
312.5 0.0014921875000000011
313.5 0.001296875000000001
314.5 0.0011503906250000008
315.5 0.0008730468750000006
316.5 0.0007246093750000005
317.5 0.0006914062500000005
318.5 0.0005703125000000004
319.5 0.0004628906250000003
320.5 0.00038476562500000023
321.5 0.0003691406250000003
322.5 0.0002988281250000002
323.5 0.0002656250000000002
324.5 0.00019335937500000012
325.5 0.00013085937500000006
326.5 0.00012109375000000007
327.5 0.00010937500000000007
328.5 9.179687500000005e-05
329.5 6.835937500000002e-05
330.5 7.226562500000004e-05
331.5 3.320312500000001e-05
332.5 4.101562500000001e-05
333.5 3.906250000000002e-05
334.5 3.5156250000000004e-05
335.5 1.5625e-05
336.5 1.9531250000000004e-05
337.5 1.9531250000000004e-05
338.5 2.3437500000000007e-05
339.5 9.765625e-06
340.5 7.8125e-06
341.5 3.90625e-06
342.5 3.90625e-06
343.5 5.859375e-06
344.5 1.953125e-06
345.5 3.90625e-06
346.5 3.90625e-06
347.5 5.859375e-06
348.5 1.953125e-06
349.5 0.0
350.5 1.953125e-06
351.5 0.0
352.5 1.953125e-06
353.5 1.953125e-06
354.5 1.953125e-06
355.5 0.0
356.5 1.953125e-06
357.5 0.0
358.5 1.953125e-06
359.5 1.953125e-06
