0.5 0.0
1.5 0.0
2.5 0.0
3.5 0.0
4.5 0.0
5.5 0.0
6.5 0.0
7.5 0.0
8.5 0.0
9.5 1.953125e-06
10.5 0.0
11.5 0.0
12.5 0.0
13.5 0.0
14.5 0.0
15.5 0.0
16.5 0.0
17.5 0.0
18.5 0.0
19.5 0.0
20.5 1.953125e-06
21.5 0.0
22.5 3.90625e-06
23.5 0.0
24.5 0.0
25.5 1.953125e-06
26.5 3.90625e-06
27.5 7.8125e-06
28.5 1.953125e-06
29.5 3.90625e-06
30.5 7.8125e-06
31.5 3.90625e-06
32.5 5.859375e-06
33.5 3.90625e-06
34.5 1.9531249999999997e-05
35.5 3.90625e-06
36.5 7.8125e-06
37.5 1.5625e-05
38.5 3.5156250000000004e-05
39.5 1.171875e-05
40.5 2.34375e-05
41.5 3.7109375000000006e-05
42.5 3.125e-05
43.5 2.5390625000000002e-05
44.5 3.515625e-05
45.5 2.34375e-05
46.5 2.5390625000000002e-05
47.5 3.90625e-05
48.5 2.5390625e-05
49.5 2.34375e-05
50.5 2.1484375e-05
51.5 2.34375e-05
52.5 2.1484375e-05
53.5 1.171875e-05
54.5 9.765625e-06
55.5 7.8125e-06
56.5 1.5625e-05
57.5 3.90625e-06
58.5 3.90625e-06
59.5 0.0
60.5 1.953125e-06
61.5 1.171875e-05
62.5 3.90625e-06
63.5 1.953125e-06
64.5 5.859375e-06
65.5 3.90625e-06
66.5 1.953125e-06
67.5 1.953125e-06
68.5 3.90625e-06
69.5 3.90625e-06
70.5 3.90625e-06
71.5 5.859375e-06
72.5 0.0
73.5 3.90625e-06
74.5 1.171875e-05
75.5 7.8125e-06
76.5 2.5390625e-05
77.5 2.34375e-05
78.5 3.7109375e-05
79.5 2.34375e-05
80.5 4.4921875e-05
81.5 7.226562500000001e-05
82.5 7.8125e-05
83.5 0.00012890625
84.5 0.000123046875
85.5 0.000171875
86.5 0.000255859375
87.5 0.000236328125
88.5 0.000322265625
89.5 0.000296875
90.5 0.000345703125
91.5 0.000388671875
92.5 0.00044335937499999996
93.5 0.000455078125
94.5 0.00047656250000000004
95.5 0.000509765625
96.5 0.00045117187499999997
97.5 0.000482421875
98.5 0.00044140624999999996
99.5 0.00043359375
100.5 0.00042578125
101.5 0.000361328125
102.5 0.0003671875
103.5 0.00028906250000000004
104.5 0.00026171875
105.5 0.00024609375
106.5 0.00022265624999999998
107.5 0.00018359375
108.5 0.0002109375
109.5 0.0001484375
110.5 0.000119140625
111.5 0.00011523437500000001
112.5 9.375e-05
113.5 8.0078125e-05
114.5 5.859375e-05
115.5 5.2734375000000006e-05
116.5 5.2734375000000006e-05
117.5 3.5156250000000004e-05
118.5 4.1015624999999996e-05
119.5 1.7578125000000002e-05
120.5 3.125e-05
121.5 1.171875e-05
122.5 1.171875e-05
123.5 1.3671875e-05
124.5 9.765625e-06
125.5 9.765625e-06
126.5 3.90625e-06
127.5 0.0
128.5 5.859375e-06
129.5 5.859375e-06
130.5 0.0
131.5 0.0
132.5 1.953125e-06
133.5 0.0
134.5 5.859375e-06
135.5 0.0
136.5 0.0
137.5 0.0
138.5 0.0
139.5 0.0
140.5 1.953125e-06
141.5 0.0
142.5 0.0
143.5 0.0
144.5 0.0
145.5 0.0
146.5 0.0
147.5 0.0
148.5 0.0
149.5 0.0
150.5 0.0
151.5 0.0
152.5 0.0
153.5 0.0
154.5 0.0
155.5 0.0
156.5 0.0
157.5 3.90625e-06
158.5 1.953125e-06
159.5 1.953125e-06
160.5 0.0
161.5 1.953125e-06
162.5 0.0
163.5 3.90625e-06
164.5 1.953125e-06
165.5 1.953125e-06
166.5 1.953125e-06
167.5 0.0
168.5 3.90625e-06
169.5 1.953125e-06
170.5 3.90625e-06
171.5 3.90625e-06
172.5 7.8125e-06
173.5 5.859375e-06
174.5 9.765625e-06
175.5 1.171875e-05
176.5 5.859375e-06
177.5 1.3671875e-05
178.5 1.7578125000000002e-05
179.5 1.171875e-05
180.5 1.5625e-05
181.5 1.5625e-05
182.5 1.7578125000000002e-05
183.5 1.9531250000000004e-05
184.5 1.5625e-05
185.5 1.5625e-05
186.5 3.125000000000001e-05
187.5 2.7343750000000004e-05
188.5 2.539062500000001e-05
189.5 1.3671875e-05
190.5 2.929687500000001e-05
191.5 2.3437500000000007e-05
192.5 2.1484375000000006e-05
193.5 2.9296875000000002e-05
194.5 3.125000000000001e-05
195.5 1.3671875e-05
196.5 9.765625e-06
197.5 2.9296875000000012e-05
198.5 1.5625e-05
199.5 1.7578125000000002e-05
200.5 9.765625e-06
201.5 7.8125e-06
202.5 1.7578125000000002e-05
203.5 5.859375e-06
204.5 1.7578125000000002e-05
205.5 1.3671875e-05
206.5 2.1484375000000006e-05
207.5 1.7578125000000002e-05
208.5 1.9531250000000004e-05
209.5 1.7578125000000002e-05
210.5 4.1015625000000016e-05
211.5 2.539062500000001e-05
212.5 2.734375000000001e-05
213.5 4.1015625000000016e-05
214.5 4.1015625000000016e-05
215.5 5.664062500000002e-05
216.5 4.6875000000000015e-05
217.5 6.054687500000003e-05
218.5 8.007812500000003e-05
219.5 8.789062500000002e-05
220.5 0.00011132812500000004
221.5 0.00011328125000000002
222.5 0.00013476562500000007
223.5 0.00016210937500000004
224.5 0.00020117187500000015
225.5 0.00022265625000000012
226.5 0.00029492187500000015
227.5 0.0003183593750000001
228.5 0.0003457031250000002
229.5 0.0004355468750000002
230.5 0.0004746093750000002
231.5 0.0004941406250000002
232.5 0.0006757812500000004
233.5 0.0007890625000000005
234.5 0.0009511718750000006
235.5 0.0010761718750000007
236.5 0.0012460937500000009
237.5 0.001507812500000001
238.5 0.0018730468750000012
239.5 0.002126953125
240.5 0.0025664062499999966
241.5 0.0031230468749999948
242.5 0.003642578124999996
243.5 0.004351562499999996
244.5 0.005224609374999995
245.5 0.006353515624999993
246.5 0.007470703124999995
247.5 0.008683593749999998
248.5 0.010013671874999998
249.5 0.011683593749999999
250.5 0.013070312499999992
251.5 0.0148125
252.5 0.016294921874999996
253.5 0.017779296874999996
254.5 0.01966406250000001
255.5 0.021556640625000005
256.5 0.02272070312500001
257.5 0.02355859375
258.5 0.024707031250000004
259.5 0.025390625000000007
260.5 0.026693359375000014
261.5 0.027164062500000013
262.5 0.02731835937500001
263.5 0.028056640625000014
264.5 0.028265625000000006
265.5 0.028916015625000003
266.5 0.029078125000000014
267.5 0.029189453125000018
268.5 0.029250000000000016
269.5 0.028937500000000012
270.5 0.028406250000000004
271.5 0.02805078125
272.5 0.027333984374999995
273.5 0.027076171875000003
274.5 0.025787109375000016
275.5 0.02497070312499999
276.5 0.02385937500000001
277.5 0.022794921875000013
278.5 0.02157812500000001
279.5 0.02044140625000001
280.5 0.018912109375000007
281.5 0.017400390624999994
282.5 0.016412109374999997
283.5 0.014757812499999997
284.5 0.013712890624999996
285.5 0.0124296875
286.5 0.011597656250000005
287.5 0.009853515624999995
288.5 0.008677734374999996
289.5 0.007908203124999996
290.5 0.0068281249999999965
291.5 0.0061328124999999985
292.5 0.005265624999999996
293.5 0.004527343749999994
294.5 0.004082031249999996
295.5 0.0034042968749999954
296.5 0.002998046874999996
297.5 0.002560546874999999
298.5 0.0021464843749999995
299.5 0.001853515625000001
300.5 0.0015351562500000007
301.5 0.0012617187500000007
302.5 0.0009453125000000004
303.5 0.0008730468750000003
304.5 0.0006542968750000003
305.5 0.0005195312500000001
306.5 0.00043750000000000017
307.5 0.00033203125000000013
308.5 0.0002773437500000001
309.5 0.00019531250000000007
310.5 0.00011914062500000005
311.5 0.00011523437500000002
312.5 9.765625000000002e-05
313.5 7.8125e-05
314.5 2.7343750000000004e-05
315.5 4.101562500000001e-05
316.5 2.1484375000000002e-05
317.5 1.3671875e-05
318.5 5.859375e-06
319.5 0.0
320.5 3.90625e-06
321.5 3.90625e-06
322.5 5.859375e-06
323.5 1.953125e-06
324.5 0.0
325.5 0.0
326.5 0.0
327.5 0.0
328.5 0.0
329.5 0.0
330.5 1.953125e-06
331.5 0.0
332.5 0.0
333.5 0.0
334.5 0.0
335.5 0.0
336.5 0.0
337.5 0.0
338.5 0.0
339.5 0.0
340.5 0.0
341.5 0.0
342.5 0.0
343.5 0.0
344.5 0.0
345.5 0.0
346.5 0.0
347.5 0.0
348.5 0.0
349.5 0.0
350.5 0.0
351.5 0.0
352.5 0.0
353.5 0.0
354.5 0.0
355.5 0.0
356.5 0.0
357.5 0.0
358.5 0.0
359.5 0.0
