0.5 1.953125e-06
1.5 1.953125e-06
2.5 0.0
3.5 0.0
4.5 5.859375e-06
5.5 0.0
6.5 1.953125e-06
7.5 0.0
8.5 1.953125e-06
9.5 3.90625e-06
10.5 0.0
11.5 0.0
12.5 3.90625e-06
13.5 1.953125e-06
14.5 9.765625e-06
15.5 3.90625e-06
16.5 0.0
17.5 3.90625e-06
18.5 1.3671875e-05
19.5 3.90625e-06
20.5 1.171875e-05
21.5 1.3671875e-05
22.5 1.5625e-05
23.5 2.1484375000000006e-05
24.5 1.5625e-05
25.5 2.1484375000000006e-05
26.5 1.7578125000000002e-05
27.5 2.1484375000000006e-05
28.5 4.492187500000002e-05
29.5 4.296875000000001e-05
30.5 5.664062500000001e-05
31.5 6.835937500000003e-05
32.5 7.617187500000005e-05
33.5 0.00010156250000000006
34.5 0.00011914062500000008
35.5 0.0001562500000000001
36.5 0.00022656250000000015
37.5 0.00022460937500000015
38.5 0.0003046875000000002
39.5 0.00033203125000000024
40.5 0.0004140625000000003
41.5 0.0005136718750000003
42.5 0.0005546875000000004
43.5 0.0006796875000000005
44.5 0.0008730468750000007
45.5 0.0009238281250000007
46.5 0.0012246093750000009
47.5 0.0012050781250000009
48.5 0.0015039062500000011
49.5 0.0017031250000000013
50.5 0.0017949218750000014
51.5 0.0020234375000000005
52.5 0.002353515624999999
53.5 0.002566406249999999
54.5 0.0028476562499999978
55.5 0.0030136718749999973
56.5 0.003134765624999996
57.5 0.003533203124999996
58.5 0.003666015624999997
59.5 0.003898437499999997
60.5 0.004021484374999996
61.5 0.004214843749999997
62.5 0.004367187499999995
63.5 0.004527343749999994
64.5 0.004697265624999994
65.5 0.004714843749999996
66.5 0.004814453124999995
67.5 0.004644531249999995
68.5 0.004867187499999998
69.5 0.004486328124999995
70.5 0.004437499999999998
71.5 0.004478515624999998
72.5 0.004382812499999997
73.5 0.004193359374999997
74.5 0.004042968749999996
75.5 0.0039394531249999955
76.5 0.0036074218749999965
77.5 0.0035507812499999975
78.5 0.003255859374999996
79.5 0.0030292968749999977
80.5 0.0029570312499999983
81.5 0.0025527343749999994
82.5 0.00234375
83.5 0.002259765624999999
84.5 0.0019667968750000015
85.5 0.0017910156250000014
86.5 0.0016679687500000013
87.5 0.0015742187500000012
88.5 0.0015429687500000012
89.5 0.001310546875000001
90.5 0.0011738281250000008
91.5 0.0009902343750000007
92.5 0.0009687500000000006
93.5 0.0009179687500000007
94.5 0.0007929687500000006
95.5 0.0007167968750000005
96.5 0.0006855468750000005
97.5 0.0006093750000000004
98.5 0.0005312500000000004
99.5 0.00044531250000000034
100.5 0.0004843750000000004
101.5 0.0004277343750000003
102.5 0.0003535156250000002
103.5 0.0003710937500000002
104.5 0.0002890625000000002
105.5 0.00033007812500000024
106.5 0.0003027343750000002
107.5 0.00025390625000000017
108.5 0.00020898437500000016
109.5 0.00021289062500000013
110.5 0.00021093750000000016
111.5 0.00019140625000000012
112.5 0.00018750000000000014
113.5 0.00019921875000000015
114.5 0.00018945312500000014
115.5 0.0001621093750000001
116.5 0.00017187500000000013
117.5 0.0001523437500000001
118.5 0.0001386718750000001
119.5 0.0001464843750000001
120.5 0.0001328125000000001
121.5 0.0001406250000000001
122.5 0.00015820312500000009
123.5 0.0001621093750000001
124.5 0.00016796875000000012
125.5 0.00016210937500000012
126.5 0.0001582031250000001
127.5 0.0001855468750000001
128.5 0.00023046875000000018
129.5 0.0001875000000000001
130.5 0.00018554687500000014
131.5 0.0002636718750000002
132.5 0.0002812500000000002
133.5 0.0003144531250000002
134.5 0.00032812500000000024
135.5 0.00032617187500000024
136.5 0.00043164062500000033
137.5 0.00042187500000000027
138.5 0.0004902343750000003
139.5 0.0005371093750000004
140.5 0.0006210937500000004
141.5 0.0007246093750000004
142.5 0.0008027343750000006
143.5 0.0009707031250000008
144.5 0.0010703125000000007
145.5 0.001281250000000001
146.5 0.001248046875000001
147.5 0.0014960937500000011
148.5 0.0018085937500000014
149.5 0.0019765625000000013
150.5 0.002240234374999999
151.5 0.0027675781249999975
152.5 0.002878906249999997
153.5 0.003224609374999996
154.5 0.003749999999999995
155.5 0.004097656249999996
156.5 0.0046503906249999935
157.5 0.005220703124999992
158.5 0.005656249999999996
159.5 0.006484374999999993
160.5 0.006874999999999998
161.5 0.007828124999999998
162.5 0.008550781249999997
163.5 0.009228515624999992
164.5 0.010210937499999989
165.5 0.010904296875
166.5 0.011982421874999996
167.5 0.012478515625000004
168.5 0.013652343749999997
169.5 0.014517578125000003
170.5 0.015062499999999994
171.5 0.016027343749999996
172.5 0.016919921874999994
173.5 0.017431640625
174.5 0.018072265625
175.5 0.018964843749999998
176.5 0.01886328125000001
177.5 0.019164062500000006
178.5 0.019466796874999994
179.5 0.019513671875000006
180.5 0.01952539062500001
181.5 0.01937109375
182.5 0.01963671875000001
183.5 0.019138671875
184.5 0.018224609374999996
185.5 0.017949218750000006
186.5 0.017279296874999992
187.5 0.016378906249999995
188.5 0.016044921875000003
189.5 0.014908203125000002
190.5 0.014507812499999998
191.5 0.013546874999999996
192.5 0.012728515625000002
193.5 0.012205078124999994
194.5 0.010980468749999998
195.5 0.010201171875000003
196.5 0.009423828125
197.5 0.008525390624999997
198.5 0.0076874999999999956
199.5 0.00687890625
200.5 0.006457031249999996
201.5 0.005832031249999995
202.5 0.005185546874999996
203.5 0.004544921874999995
204.5 0.0040664062499999945
205.5 0.003601562499999997
206.5 0.0032089843749999966
207.5 0.002910156249999998
208.5 0.0025117187499999988
209.5 0.0023886718749999976
210.5 0.0019453125000000015
211.5 0.0017773437500000014
212.5 0.0015214843750000011
213.5 0.001283203125000001
214.5 0.0011933593750000008
215.5 0.0010410156250000007
216.5 0.0009101562500000007
217.5 0.0007949218750000006
218.5 0.0007285156250000005
219.5 0.0006152343750000004
220.5 0.0005332031250000004
221.5 0.0004414062500000003
222.5 0.00042578125000000027
223.5 0.0003808593750000003
224.5 0.00032226562500000023
225.5 0.00033203125000000024
226.5 0.0002714843750000002
227.5 0.0002871093750000002
228.5 0.00024609375000000016
229.5 0.00020507812500000016
230.5 0.00022070312500000017
231.5 0.0001601562500000001
232.5 0.00021289062500000016
233.5 0.00020117187500000012
234.5 0.0001621093750000001
235.5 0.00016210937500000012
236.5 0.0001445312500000001
237.5 0.00015234375000000008
238.5 0.0001523437500000001
239.5 0.0001582031250000001
240.5 0.0001503906250000001
241.5 0.00016015625000000012
242.5 0.00014062500000000007
243.5 0.0001464843750000001
244.5 0.00016015625000000012
245.5 0.0001367187500000001
246.5 0.00016992187500000012
247.5 0.0001503906250000001
248.5 0.00022656250000000015
249.5 0.00021289062500000013
250.5 0.00022460937500000015
251.5 0.0002773437500000002
252.5 0.00023242187500000018
253.5 0.00024609375000000016
254.5 0.0002792968750000002
255.5 0.0003164062500000002
256.5 0.00034960937500000026
257.5 0.00035742187500000026
258.5 0.0004082031250000003
259.5 0.0004316406250000003
260.5 0.0004609375000000003
261.5 0.0005000000000000003
262.5 0.0005722656250000004
263.5 0.0006503906250000005
264.5 0.0007304687500000005
265.5 0.0007519531250000006
266.5 0.0008671875000000006
267.5 0.0009257812500000007
268.5 0.0009902343750000007
269.5 0.0011269531250000008
270.5 0.001324218750000001
271.5 0.001441406250000001
272.5 0.0014980468750000011
273.5 0.0016796875000000013
274.5 0.0018652343750000014
275.5 0.002037109375000001
276.5 0.0022246093749999996
277.5 0.0023945312499999987
278.5 0.002462890624999999
279.5 0.0027031249999999976
280.5 0.0031074218749999965
281.5 0.0032187499999999977
282.5 0.003476562499999997
283.5 0.003671874999999996
284.5 0.003746093749999995
285.5 0.004078124999999996
286.5 0.004132812499999994
287.5 0.004347656249999996
288.5 0.004394531249999994
289.5 0.004484374999999995
290.5 0.004654296874999996
291.5 0.004597656249999996
292.5 0.004541015624999993
293.5 0.004832031249999995
294.5 0.004847656249999994
295.5 0.0044921874999999944
296.5 0.0046152343749999965
297.5 0.004509765624999994
298.5 0.004287109374999996
299.5 0.0042753906249999975
300.5 0.003851562499999996
301.5 0.003638671874999998
302.5 0.0033027343749999958
303.5 0.003124999999999998
304.5 0.0029335937499999974
305.5 0.0027265624999999972
306.5 0.0024609374999999996
307.5 0.002212890624999999
308.5 0.001978515625000001
309.5 0.0018574218750000014
310.5 0.0016015625000000012
311.5 0.001365234375000001
312.5 0.0011796875000000008
313.5 0.0012324218750000009
314.5 0.0009082031250000007
315.5 0.0008574218750000007
316.5 0.0007031250000000005
317.5 0.0006152343750000004
318.5 0.0004843750000000003
319.5 0.00038671875000000024
320.5 0.00034960937500000026
321.5 0.00031835937500000023
322.5 0.0002636718750000002
323.5 0.00020312500000000013
324.5 0.0001640625000000001
325.5 9.570312500000004e-05
326.5 9.570312500000007e-05
327.5 0.00011132812500000007
328.5 7.812500000000003e-05
329.5 7.812500000000004e-05
330.5 5.664062500000003e-05
331.5 3.7109375000000006e-05
332.5 4.101562500000002e-05
333.5 3.1250000000000014e-05
334.5 2.7343750000000004e-05
335.5 1.9531250000000004e-05
336.5 9.765625e-06
337.5 2.5390625000000002e-05
338.5 1.3671875e-05
339.5 7.8125e-06
340.5 1.953125e-06
341.5 0.0
342.5 7.8125e-06
343.5 1.953125e-06
344.5 0.0
345.5 5.859375e-06
346.5 1.953125e-06
347.5 3.90625e-06
348.5 1.953125e-06
349.5 0.0
350.5 0.0
351.5 0.0
352.5 1.953125e-06
353.5 0.0
354.5 1.953125e-06
355.5 0.0
356.5 0.0
357.5 5.859375e-06
358.5 1.953125e-06
359.5 0.0
