0.5 1.953125e-06
1.5 0.0
2.5 1.953125e-06
3.5 0.0
4.5 1.953125e-06
5.5 1.953125e-06
6.5 1.953125e-06
7.5 0.0
8.5 0.0
9.5 0.0
10.5 3.90625e-06
11.5 1.953125e-06
12.5 1.953125e-06
13.5 0.0
14.5 1.953125e-06
15.5 3.90625e-06
16.5 5.859375e-06
17.5 7.8125e-06
18.5 3.90625e-06
19.5 5.859375e-06
20.5 1.171875e-05
21.5 1.171875e-05
22.5 2.1484375000000006e-05
23.5 1.171875e-05
24.5 2.9296875000000006e-05
25.5 2.539062500000001e-05
26.5 3.710937500000001e-05
27.5 1.9531250000000004e-05
28.5 5.468750000000003e-05
29.5 3.906250000000002e-05
30.5 6.054687500000003e-05
31.5 7.812500000000004e-05
32.5 9.375000000000006e-05
33.5 0.00012500000000000006
34.5 0.00014062500000000007
35.5 0.00019726562500000015
36.5 0.00019921875000000012
37.5 0.0002578125000000002
38.5 0.00035742187500000026
39.5 0.0003925781250000003
40.5 0.0004492187500000003
41.5 0.0005019531250000003
42.5 0.0006542968750000005
43.5 0.0007968750000000006
44.5 0.0008964843750000007
45.5 0.0009785156250000007
46.5 0.0010878906250000007
47.5 0.001345703125000001
48.5 0.0015097656250000011
49.5 0.0017519531250000013
50.5 0.0018886718750000015
51.5 0.002181640625
52.5 0.0024726562499999996
53.5 0.0025761718749999973
54.5 0.0029062499999999974
55.5 0.0031171874999999976
56.5 0.0034707031249999964
57.5 0.003736328124999996
58.5 0.003990234374999997
59.5 0.003990234374999997
60.5 0.004423828124999995
61.5 0.004396484374999994
62.5 0.004519531249999995
63.5 0.004757812499999997
64.5 0.004785156249999995
65.5 0.004931640624999996
66.5 0.004890624999999997
67.5 0.004935546874999994
68.5 0.005042968749999999
69.5 0.004908203124999997
70.5 0.004669921874999996
71.5 0.004744140624999995
72.5 0.004390624999999996
73.5 0.004417968749999996
74.5 0.004234374999999996
75.5 0.0041269531249999965
76.5 0.0037128906249999966
77.5 0.0035312499999999953
78.5 0.003390624999999995
79.5 0.0030683593749999964
80.5 0.002929687499999998
81.5 0.0027421874999999985
82.5 0.002527343749999999
83.5 0.00233984375
84.5 0.0020625000000000005
85.5 0.0018476562500000014
86.5 0.0017617187500000013
87.5 0.0015878906250000012
88.5 0.001390625000000001
89.5 0.001257812500000001
90.5 0.0011425781250000008
91.5 0.0010273437500000007
92.5 0.0009609375000000007
93.5 0.0008144531250000006
94.5 0.0007363281250000005
95.5 0.0007089843750000005
96.5 0.0006640625000000005
97.5 0.0005644531250000004
98.5 0.00046289062500000036
99.5 0.0004003906250000003
100.5 0.0004062500000000003
101.5 0.0004179687500000003
102.5 0.0003828125000000003
103.5 0.00038085937500000023
104.5 0.0002871093750000002
105.5 0.00033398437500000024
106.5 0.0002734375000000002
107.5 0.00023242187500000015
108.5 0.00021093750000000013
109.5 0.00021093750000000016
110.5 0.0001425781250000001
111.5 0.00018945312500000014
112.5 0.00019921875000000015
113.5 0.0001445312500000001
114.5 0.0001542968750000001
115.5 0.0001328125000000001
116.5 0.0001367187500000001
117.5 0.00012695312500000009
118.5 0.00016406250000000012
119.5 0.0001445312500000001
120.5 0.0001308593750000001
121.5 0.00011328125000000007
122.5 0.0001562500000000001
123.5 0.0001484375000000001
124.5 0.0001484375000000001
125.5 0.0001718750000000001
126.5 0.0001406250000000001
127.5 0.00021679687500000017
128.5 0.00016015625000000012
129.5 0.0001816406250000001
130.5 0.00023242187500000015
131.5 0.00022851562500000018
132.5 0.0002734375000000002
133.5 0.0002675781250000002
134.5 0.00032421875000000023
135.5 0.00033007812500000024
136.5 0.0004101562500000003
137.5 0.00043750000000000033
138.5 0.0005039062500000003
139.5 0.0004941406250000003
140.5 0.0006621093750000005
141.5 0.0006367187500000005
142.5 0.0007539062500000006
143.5 0.0008945312500000007
144.5 0.0010253906250000007
145.5 0.001250000000000001
146.5 0.001339843750000001
147.5 0.0015449218750000012
148.5 0.0018320312500000014
149.5 0.0019941406250000016
150.5 0.00226953125
151.5 0.0025253906249999977
152.5 0.0028164062499999973
153.5 0.0030468749999999975
154.5 0.003585937499999997
155.5 0.003992187499999996
156.5 0.004652343749999996
157.5 0.005066406249999996
158.5 0.0055898437499999985
159.5 0.006298828124999996
160.5 0.0066601562499999925
161.5 0.007642578124999992
162.5 0.008291015624999993
163.5 0.009357421874999997
164.5 0.010177734375000002
165.5 0.0106171875
166.5 0.011548828124999999
167.5 0.012388671875
168.5 0.013548828125000002
169.5 0.014517578124999996
170.5 0.014728515625
171.5 0.015845703125
172.5 0.01633593749999999
173.5 0.017224609374999998
174.5 0.017867187500000013
175.5 0.017978515625000004
176.5 0.018427734375000004
177.5 0.01894531250000001
178.5 0.019156249999999996
179.5 0.019505859375
180.5 0.019089843749999995
181.5 0.018843750000000006
182.5 0.018728515625
183.5 0.018378906250000004
184.5 0.018017578124999992
185.5 0.01763085937499999
186.5 0.016972656250000006
187.5 0.016779296875000006
188.5 0.015744140624999996
189.5 0.014642578125000005
190.5 0.014097656249999996
191.5 0.013578124999999995
192.5 0.012562500000000002
193.5 0.011802734375000002
194.5 0.010923828124999996
195.5 0.010386718749999989
196.5 0.009025390624999996
197.5 0.008076171874999996
198.5 0.007701171874999996
199.5 0.006736328124999995
200.5 0.006287109374999993
201.5 0.005761718749999999
202.5 0.0050820312499999945
203.5 0.004541015624999997
204.5 0.004093749999999997
205.5 0.003662109374999997
206.5 0.003244140624999997
207.5 0.0028457031249999984
208.5 0.0025527343749999994
209.5 0.0021875
210.5 0.002111328125000001
211.5 0.0017226562500000013
212.5 0.0016289062500000012
213.5 0.001298828125000001
214.5 0.0011914062500000008
215.5 0.0010039062500000007
216.5 0.0008945312500000007
217.5 0.0007539062500000006
218.5 0.0007460937500000006
219.5 0.0006308593750000005
220.5 0.0005644531250000004
221.5 0.00042968750000000033
222.5 0.0004296875000000003
223.5 0.00039257812500000024
224.5 0.00035742187500000026
225.5 0.0003007812500000002
226.5 0.00024218750000000013
227.5 0.00025000000000000017
228.5 0.00023046875000000015
229.5 0.00022265625000000014
230.5 0.00022460937500000017
231.5 0.0001640625000000001
232.5 0.00016210937500000012
233.5 0.00017773437500000013
234.5 0.0001484375000000001
235.5 0.00014257812500000007
236.5 0.00012109375000000008
237.5 0.00015234375000000008
238.5 0.0001367187500000001
239.5 0.00014257812500000007
240.5 0.0001425781250000001
241.5 0.0001464843750000001
242.5 0.00013476562500000007
243.5 0.0001718750000000001
244.5 0.00015820312500000009
245.5 0.0001503906250000001
246.5 0.00012500000000000008
247.5 0.0001757812500000001
248.5 0.00015429687500000008
249.5 0.00021875000000000014
250.5 0.00020898437500000016
251.5 0.00023632812500000016
252.5 0.00024023437500000016
253.5 0.00024609375000000016
254.5 0.0003046875000000002
255.5 0.0003125000000000002
256.5 0.00034960937500000026
257.5 0.0003789062500000003
258.5 0.0003886718750000003
259.5 0.0003828125000000003
260.5 0.00046289062500000036
261.5 0.0005351562500000004
262.5 0.0005722656250000004
263.5 0.0005839843750000004
264.5 0.0007011718750000005
265.5 0.0007226562500000005
266.5 0.0008300781250000006
267.5 0.0008925781250000007
268.5 0.0010644531250000007
269.5 0.0011132812500000008
270.5 0.0012187500000000009
271.5 0.001339843750000001
272.5 0.0015625000000000012
273.5 0.0018085937500000014
274.5 0.0018867187500000015
275.5 0.002146484375000001
276.5 0.002240234375
277.5 0.0023515625000000004
278.5 0.0026562499999999967
279.5 0.0029843749999999983
280.5 0.003093749999999996
281.5 0.0033632812499999965
282.5 0.003564453124999996
283.5 0.003906249999999998
284.5 0.003957031249999997
285.5 0.004128906249999996
286.5 0.004337890624999996
287.5 0.004613281249999996
288.5 0.004746093749999999
289.5 0.004779296874999995
290.5 0.004833984374999995
291.5 0.004884765624999996
292.5 0.005093749999999994
293.5 0.004931640624999994
294.5 0.005078124999999995
295.5 0.004812499999999996
296.5 0.004671874999999996
297.5 0.0046132812499999985
298.5 0.004427734374999997
299.5 0.004220703124999999
300.5 0.004115234374999996
301.5 0.0038105468749999962
302.5 0.003720703124999996
303.5 0.0033164062499999977
304.5 0.0031367187499999976
305.5 0.0028066406249999975
306.5 0.0025644531249999995
307.5 0.002382812499999998
308.5 0.0022070312500000002
309.5 0.0019179687500000015
310.5 0.0017109375000000013
311.5 0.0015527343750000012
312.5 0.001337890625000001
313.5 0.0011718750000000008
314.5 0.0010000000000000007
315.5 0.0007890625000000006
316.5 0.0007480468750000006
317.5 0.0006113281250000004
318.5 0.0005488281250000004
319.5 0.00046289062500000036
320.5 0.00038085937500000023
321.5 0.0003085937500000002
322.5 0.00026562500000000013
323.5 0.00021093750000000013
324.5 0.00020507812500000016
325.5 0.0001523437500000001
326.5 0.0001289062500000001
327.5 8.984375000000007e-05
328.5 8.203125000000005e-05
329.5 6.640625000000003e-05
330.5 5.078125000000003e-05
331.5 3.320312500000001e-05
332.5 2.3437500000000007e-05
333.5 2.734375000000001e-05
334.5 2.734375000000001e-05
335.5 2.3437500000000007e-05
336.5 9.765625e-06
337.5 1.5625e-05
338.5 1.3671875e-05
339.5 1.3671875e-05
340.5 5.859375e-06
341.5 1.953125e-06
342.5 3.90625e-06
343.5 1.953125e-06
344.5 5.859375e-06
345.5 1.953125e-06
346.5 7.8125e-06
347.5 3.90625e-06
348.5 0.0
349.5 0.0
350.5 1.953125e-06
351.5 0.0
352.5 0.0
353.5 1.953125e-06
354.5 1.953125e-06
355.5 0.0
356.5 0.0
357.5 1.953125e-06
358.5 0.0
359.5 0.0
