0.5 6.0546875e-05
1.5 7.031250000000001e-05
2.5 6.8359375e-05
3.5 6.0546875e-05
4.5 5.46875e-05
5.5 6.640625e-05
6.5 5.273437499999999e-05
7.5 4.6875e-05
8.5 3.7109375e-05
9.5 4.4921875e-05
10.5 5.6640624999999996e-05
11.5 3.7109375e-05
12.5 3.5156250000000004e-05
13.5 3.125e-05
14.5 2.34375e-05
15.5 2.34375e-05
16.5 3.515625e-05
17.5 2.9296875e-05
18.5 2.5390625000000002e-05
19.5 1.953125e-05
20.5 3.3203125e-05
21.5 2.5390625000000002e-05
22.5 2.1484375e-05
23.5 2.34375e-05
24.5 2.5390625e-05
25.5 2.7343749999999997e-05
26.5 1.5625e-05
27.5 1.9531249999999997e-05
28.5 3.3203124999999996e-05
29.5 3.3203125e-05
30.5 1.7578125000000002e-05
31.5 1.5625e-05
32.5 2.34375e-05
33.5 1.5625e-05
34.5 1.3671875e-05
35.5 2.9296875000000002e-05
36.5 2.1484375e-05
37.5 2.34375e-05
38.5 2.34375e-05
39.5 2.7343749999999997e-05
40.5 1.953125e-05
41.5 2.5390625000000002e-05
42.5 1.7578125000000002e-05
43.5 2.34375e-05
44.5 1.7578125000000002e-05
45.5 2.1484375e-05
46.5 2.5390625e-05
47.5 1.3671875e-05
48.5 1.5625e-05
49.5 2.1484375e-05
50.5 1.171875e-05
51.5 1.171875e-05
52.5 1.7578125000000002e-05
53.5 1.7578125000000002e-05
54.5 1.171875e-05
55.5 1.171875e-05
56.5 1.5625e-05
57.5 5.859375e-06
58.5 1.5625e-05
59.5 5.859375e-06
60.5 7.8125e-06
61.5 5.859375e-06
62.5 1.953125e-06
63.5 7.8125e-06
64.5 9.765625e-06
65.5 9.765625e-06
66.5 9.765625e-06
67.5 0.0
68.5 7.8125e-06
69.5 5.859375e-06
70.5 3.90625e-06
71.5 0.0
72.5 7.8125e-06
73.5 1.3671875e-05
74.5 7.8125e-06
75.5 3.90625e-06
76.5 1.953125e-06
77.5 5.859375e-06
78.5 0.0
79.5 3.90625e-06
80.5 9.765625e-06
81.5 7.8125e-06
82.5 2.1484375e-05
83.5 1.5625e-05
84.5 1.3671875e-05
85.5 2.9296875e-05
86.5 2.5390625000000002e-05
87.5 3.7109375e-05
88.5 3.7109375000000006e-05
89.5 4.296875e-05
90.5 6.8359375e-05
91.5 8.3984375e-05
92.5 8.007812499999999e-05
93.5 9.960937500000001e-05
94.5 0.000125
95.5 0.000123046875
96.5 0.00015039062500000003
97.5 0.000171875
98.5 0.000171875
99.5 0.0001953125
100.5 0.00020312500000000002
101.5 0.000197265625
102.5 0.0001875
103.5 0.00018750000000000003
104.5 0.00023242187500000002
105.5 0.00025976562500000007
106.5 0.0002578125
107.5 0.00028906250000000004
108.5 0.0003183593750000001
109.5 0.0003984375000000002
110.5 0.0004609375000000002
111.5 0.0005996093750000002
112.5 0.0007089843750000002
113.5 0.0007832031250000004
114.5 0.0009199218750000004
115.5 0.0011464843750000006
116.5 0.0013730468750000008
117.5 0.001496093750000001
118.5 0.0017226562500000009
119.5 0.00207421875
120.5 0.0023515624999999995
121.5 0.0025742187499999993
122.5 0.002759765624999997
123.5 0.0031386718749999956
124.5 0.0035097656249999977
125.5 0.003689453124999997
126.5 0.004039062499999996
127.5 0.004353515624999995
128.5 0.004656249999999998
129.5 0.004689453124999994
130.5 0.005072265624999993
131.5 0.005205078124999995
132.5 0.005630859374999992
133.5 0.005583984374999996
134.5 0.006160156249999993
135.5 0.006257812499999998
136.5 0.0066152343749999966
137.5 0.0069101562499999936
138.5 0.006906249999999993
139.5 0.007279296874999992
140.5 0.007560546874999997
141.5 0.007951171874999994
142.5 0.008679687499999995
143.5 0.008636718749999998
144.5 0.009435546874999999
145.5 0.009578125
146.5 0.009929687499999996
147.5 0.010617187499999998
148.5 0.010996093749999995
149.5 0.011710937499999997
150.5 0.012499999999999994
151.5 0.012958984374999994
152.5 0.01401953125
153.5 0.014460937500000003
154.5 0.014833984375000003
155.5 0.015361328125000002
156.5 0.016101562500000003
157.5 0.016417968750000005
158.5 0.017232421874999997
159.5 0.01782226562499999
160.5 0.017974609374999992
161.5 0.018351562499999998
162.5 0.018302734375000008
163.5 0.0185
164.5 0.01881640625
165.5 0.01917187500000001
166.5 0.0191484375
167.5 0.019025390625000003
168.5 0.018736328124999993
169.5 0.018664062500000012
170.5 0.018734375000000004
171.5 0.018089843750000004
172.5 0.017937499999999995
173.5 0.017525390625000005
174.5 0.017205078125000002
175.5 0.016857421874999997
176.5 0.016566406249999995
177.5 0.016382812500000003
178.5 0.01590234374999999
179.5 0.015603515624999998
180.5 0.015082031249999999
181.5 0.014851562499999995
182.5 0.014025390625
183.5 0.013703125
184.5 0.013195312499999994
185.5 0.012593750000000011
186.5 0.011929687499999994
187.5 0.011638671875
188.5 0.010595703124999996
189.5 0.009935546874999993
190.5 0.009533203124999995
191.5 0.008896484374999996
192.5 0.00847070312499999
193.5 0.0081171875
194.5 0.007195312499999996
195.5 0.006712890624999994
196.5 0.0063281249999999935
197.5 0.005982421874999997
198.5 0.005347656249999996
199.5 0.004910156249999997
200.5 0.004509765624999993
201.5 0.004111328124999996
202.5 0.003646484374999995
203.5 0.0034277343749999968
204.5 0.0030624999999999953
205.5 0.0027304687499999985
206.5 0.0026523437499999976
207.5 0.0025175781249999972
208.5 0.002134765625
209.5 0.0019707031250000007
210.5 0.001851562500000001
211.5 0.0017304687500000007
212.5 0.0015859375000000005
213.5 0.0014023437500000004
214.5 0.0012714843750000005
215.5 0.0012363281250000002
216.5 0.0010859375000000003
217.5 0.0009687500000000002
218.5 0.0010332031250000003
219.5 0.0008554687500000002
220.5 0.0008105468750000002
221.5 0.0007968750000000002
222.5 0.0007011718750000001
223.5 0.0006445312500000001
224.5 0.0006015625000000001
225.5 0.0005507812500000001
226.5 0.0004785156250000001
227.5 0.0004785156250000001
228.5 0.00041992187500000005
229.5 0.00031835937500000007
230.5 0.00030664062500000006
231.5 0.000267578125
232.5 0.00027734375000000003
233.5 0.00026171875
234.5 0.00019335937500000004
235.5 0.00015429687500000003
236.5 0.000154296875
237.5 0.000154296875
238.5 0.000126953125
239.5 9.960937500000001e-05
240.5 9.1796875e-05
241.5 7.617187500000001e-05
242.5 8.984375e-05
243.5 6.25e-05
244.5 6.054687500000001e-05
245.5 4.687500000000001e-05
246.5 4.296875e-05
247.5 1.7578125000000002e-05
248.5 4.296875e-05
249.5 2.9296875000000006e-05
250.5 3.320312500000001e-05
251.5 1.7578125000000002e-05
252.5 1.7578125000000002e-05
253.5 1.9531250000000004e-05
254.5 1.5625e-05
255.5 2.1484375000000006e-05
256.5 1.7578125000000002e-05
257.5 9.765625e-06
258.5 1.3671875e-05
259.5 5.859375e-06
260.5 7.8125e-06
261.5 3.90625e-06
262.5 7.8125e-06
263.5 1.953125e-06
264.5 5.859375e-06
265.5 1.3671875e-05
266.5 7.8125e-06
267.5 1.7578125000000002e-05
268.5 1.7578125000000002e-05
269.5 2.5390625000000002e-05
270.5 2.7343750000000004e-05
271.5 3.5156250000000004e-05
272.5 4.6875e-05
273.5 6.0546875e-05
274.5 8.59375e-05
275.5 0.00010156250000000001
276.5 0.000119140625
277.5 0.0001484375
278.5 0.000177734375
279.5 0.00019921875000000001
280.5 0.00023828125
281.5 0.0003046875
282.5 0.00034375
283.5 0.00037109375
284.5 0.000455078125
285.5 0.0004921875
286.5 0.0005625000000000001
287.5 0.0006171875
288.5 0.0006445312499999999
289.5 0.0006699218749999999
290.5 0.000775390625
291.5 0.00076953125
292.5 0.0008320312500000001
293.5 0.0008222656250000001
294.5 0.00078515625
295.5 0.00082421875
296.5 0.0008828124999999999
297.5 0.0008847656249999999
298.5 0.0008925781249999999
299.5 0.0008242187499999999
300.5 0.0009062499999999999
301.5 0.0008339843750000001
302.5 0.0008046874999999998
303.5 0.0008281249999999999
304.5 0.0007656250000000001
305.5 0.0007265625
306.5 0.00062109375
307.5 0.00058984375
308.5 0.0005546875
309.5 0.000541015625
310.5 0.0005234374999999999
311.5 0.00047851562500000005
312.5 0.00039843750000000003
313.5 0.000423828125
314.5 0.00034765625
315.5 0.000326171875
316.5 0.00031640624999999996
317.5 0.00031054687499999995
318.5 0.00028710937500000004
319.5 0.00025390625
320.5 0.000216796875
321.5 0.0002578125
322.5 0.0002109375
323.5 0.000220703125
324.5 0.00019335937499999998
325.5 0.000181640625
326.5 0.000150390625
327.5 0.000181640625
328.5 0.00018750000000000003
329.5 0.00015625
330.5 0.00010546875000000001
331.5 0.000130859375
332.5 0.000154296875
333.5 0.00014453125000000002
334.5 0.000154296875
335.5 0.000123046875
336.5 0.00011718750000000001
337.5 0.00011718750000000001
338.5 0.0001328125
339.5 0.000111328125
340.5 0.00014257812500000002
341.5 0.000126953125
342.5 0.00011328125
343.5 8.3984375e-05
344.5 9.1796875e-05
345.5 0.00010546875
346.5 0.000103515625
347.5 7.226562500000001e-05
348.5 8.789062500000001e-05
349.5 7.421875e-05
350.5 6.25e-05
351.5 8.398437500000001e-05
352.5 7.8125e-05
353.5 7.226562500000001e-05
354.5 7.2265625e-05
355.5 6.0546875e-05
356.5 5.4687499999999994e-05
357.5 6.8359375e-05
358.5 5.2734375e-05
359.5 4.4921875e-05
