0.5 1.953125e-06
1.5 0.0
2.5 1.953125e-06
3.5 5.859375e-06
4.5 3.90625e-06
5.5 1.953125e-06
6.5 1.953125e-06
7.5 7.8125e-06
8.5 5.859375e-06
9.5 3.90625e-06
10.5 3.90625e-06
11.5 9.765625e-06
12.5 0.0
13.5 3.90625e-06
14.5 3.90625e-06
15.5 1.171875e-05
16.5 9.765625e-06
17.5 3.90625e-06
18.5 1.3671875e-05
19.5 1.171875e-05
20.5 1.171875e-05
21.5 3.710937500000001e-05
22.5 2.734375000000001e-05
23.5 2.9296875000000012e-05
24.5 5.273437500000002e-05
25.5 5.664062500000002e-05
26.5 8.789062500000004e-05
27.5 6.640625000000003e-05
28.5 0.00011328125000000006
29.5 0.00010351562500000006
30.5 0.00014843750000000008
31.5 0.0001503906250000001
32.5 0.00021679687500000014
33.5 0.00023437500000000015
34.5 0.0003125000000000002
35.5 0.0003710937500000003
36.5 0.0003847656250000003
37.5 0.0004335937500000003
38.5 0.0005429687500000004
39.5 0.0007363281250000005
40.5 0.0007031250000000005
41.5 0.0008281250000000005
42.5 0.0009589843750000006
43.5 0.0010566406250000007
44.5 0.001257812500000001
45.5 0.001453125000000001
46.5 0.001558593750000001
47.5 0.0017050781250000013
48.5 0.0018613281250000012
49.5 0.0019687500000000013
50.5 0.002248046874999999
51.5 0.0023925781249999993
52.5 0.002716796874999997
53.5 0.002806640624999998
54.5 0.0028886718749999976
55.5 0.0030253906249999973
56.5 0.0034199218749999963
57.5 0.0033515624999999965
58.5 0.0034863281249999977
59.5 0.0036699218749999957
60.5 0.0037636718749999953
61.5 0.003951171874999996
62.5 0.003990234374999994
63.5 0.0038496093749999967
64.5 0.0038300781249999954
65.5 0.004164062499999997
66.5 0.004074218749999996
67.5 0.0038300781249999954
68.5 0.003980468749999995
69.5 0.0038730468749999967
70.5 0.003914062499999996
71.5 0.0037246093749999944
72.5 0.0037363281249999953
73.5 0.003462890624999996
74.5 0.003429687499999998
75.5 0.0031777343749999974
76.5 0.003121093749999998
77.5 0.003083984374999996
78.5 0.002812499999999998
79.5 0.002673828124999998
80.5 0.0024257812499999983
81.5 0.0023554687499999986
82.5 0.0023300781249999993
83.5 0.0020605468750000003
84.5 0.002056640625000001
85.5 0.0018359375000000014
86.5 0.0017187500000000013
87.5 0.0015253906250000011
88.5 0.001468750000000001
89.5 0.001285156250000001
90.5 0.001277343750000001
91.5 0.0012070312500000009
92.5 0.0010019531250000007
93.5 0.0009687500000000008
94.5 0.0009296875000000007
95.5 0.0007949218750000006
96.5 0.0007285156250000005
97.5 0.0007480468750000006
98.5 0.0006093750000000004
99.5 0.0005878906250000004
100.5 0.0004863281250000003
101.5 0.0004902343750000003
102.5 0.00045898437500000035
103.5 0.0004042968750000003
104.5 0.00038281250000000023
105.5 0.0003886718750000003
106.5 0.0003242187500000002
107.5 0.00032031250000000023
108.5 0.0002597656250000001
109.5 0.0003027343750000002
110.5 0.0002500000000000001
111.5 0.00023046875000000012
112.5 0.00022265625000000012
113.5 0.00022070312500000014
114.5 0.00021484375000000016
115.5 0.00021289062500000013
116.5 0.0001621093750000001
117.5 0.00017578125000000013
118.5 0.0001738281250000001
119.5 0.0001425781250000001
120.5 0.00020117187500000015
121.5 0.0001757812500000001
122.5 0.0001835937500000001
123.5 0.0001875000000000001
124.5 0.00015820312500000009
125.5 0.00019726562500000015
126.5 0.00018750000000000009
127.5 0.0001640625000000001
128.5 0.00017773437500000013
129.5 0.00019140625000000012
130.5 0.00017968750000000013
131.5 0.0002617187500000002
132.5 0.00023046875000000018
133.5 0.00026562500000000013
134.5 0.0002910156250000002
135.5 0.0002949218750000002
136.5 0.00032617187500000024
137.5 0.00046875000000000036
138.5 0.00042187500000000027
139.5 0.0005058593750000003
140.5 0.0005546875000000004
141.5 0.0005546875000000004
142.5 0.0006582031250000005
143.5 0.0007226562500000005
144.5 0.0008613281250000007
145.5 0.0009472656250000007
146.5 0.0010371093750000007
147.5 0.0011562500000000008
148.5 0.001402343750000001
149.5 0.0015371093750000011
150.5 0.0017910156250000014
151.5 0.00212109375
152.5 0.0022890624999999994
153.5 0.002714843749999998
154.5 0.0031249999999999967
155.5 0.0033457031249999967
156.5 0.003749999999999997
157.5 0.0041679687499999955
158.5 0.004878906249999996
159.5 0.005466796874999993
160.5 0.005767578124999996
161.5 0.006601562499999996
162.5 0.007384765624999996
163.5 0.0079921875
164.5 0.008929687499999997
165.5 0.009841796874999998
166.5 0.010923828125
167.5 0.011587890625
168.5 0.012554687499999995
169.5 0.013550781250000008
170.5 0.014474609374999992
171.5 0.015251953124999997
172.5 0.016093750000000007
173.5 0.016890625000000006
174.5 0.017533203125
175.5 0.018408203125
176.5 0.019109374999999998
177.5 0.019388671875000003
178.5 0.019951171875
179.5 0.019941406249999998
180.5 0.020398437500000005
181.5 0.020001953124999996
182.5 0.020052734375000013
183.5 0.019904296875000005
184.5 0.019000000000000003
185.5 0.018699218750000007
186.5 0.01833789062499999
187.5 0.017804687500000003
188.5 0.016894531249999994
189.5 0.015775390625
190.5 0.014753906249999997
191.5 0.014136718749999999
192.5 0.013228515624999994
193.5 0.012281249999999997
194.5 0.011402343749999993
195.5 0.01035546875
196.5 0.009464843749999998
197.5 0.008703124999999996
198.5 0.007880859374999995
199.5 0.007216796874999996
200.5 0.006505859374999996
201.5 0.005726562499999995
202.5 0.0053203124999999934
203.5 0.004624999999999995
204.5 0.004199218749999995
205.5 0.0036992187499999946
206.5 0.003169921874999997
207.5 0.0029492187499999983
208.5 0.002572265624999998
209.5 0.002244140625
210.5 0.0020664062500000005
211.5 0.0018457031250000014
212.5 0.0016347656250000012
213.5 0.0013984375000000008
214.5 0.001308593750000001
215.5 0.0011015625000000008
216.5 0.0009746093750000008
217.5 0.0008496093750000006
218.5 0.0007734375000000006
219.5 0.0007558593750000006
220.5 0.0006542968750000005
221.5 0.0005507812500000004
222.5 0.0005468750000000004
223.5 0.0005156250000000003
224.5 0.00043164062500000033
225.5 0.00039453125000000024
226.5 0.00034570312500000025
227.5 0.0003320312500000002
228.5 0.00032421875000000023
229.5 0.0003144531250000002
230.5 0.0002792968750000002
231.5 0.0002832031250000002
232.5 0.0002597656250000002
233.5 0.00022070312500000014
234.5 0.0002617187500000002
235.5 0.0002578125000000002
236.5 0.00021093750000000013
237.5 0.00023828125000000016
238.5 0.00023437500000000015
239.5 0.0002734375000000002
240.5 0.00020703125000000013
241.5 0.00021093750000000013
242.5 0.0002558593750000002
243.5 0.0002714843750000002
244.5 0.00022851562500000018
245.5 0.0002832031250000002
246.5 0.0002734375000000002
247.5 0.0002832031250000002
248.5 0.0002988281250000002
249.5 0.00035156250000000026
250.5 0.00030273437500000016
251.5 0.00034179687500000025
252.5 0.0003730468750000003
253.5 0.0003710937500000002
254.5 0.00045703125000000035
255.5 0.00044726562500000034
256.5 0.0004785156250000003
257.5 0.0005507812500000004
258.5 0.0005312500000000004
259.5 0.0007148437500000005
260.5 0.0006875000000000005
261.5 0.0006933593750000005
262.5 0.0007480468750000006
263.5 0.0008867187500000007
264.5 0.0009921875000000007
265.5 0.0010410156250000007
266.5 0.0010820312500000007
267.5 0.0012167968750000009
268.5 0.001308593750000001
269.5 0.001416015625000001
270.5 0.001451171875000001
271.5 0.0016425781250000012
272.5 0.0016757812500000013
273.5 0.0018652343750000014
274.5 0.002013671875000001
275.5 0.0021113281250000004
276.5 0.0023183593749999992
277.5 0.0022968749999999994
278.5 0.0026171874999999984
279.5 0.0028632812499999978
280.5 0.002767578124999997
281.5 0.0030214843749999955
282.5 0.0032128906249999974
283.5 0.003226562499999996
284.5 0.0034941406249999955
285.5 0.0037109374999999972
286.5 0.0038847656249999954
287.5 0.0036093749999999967
288.5 0.004021484374999995
289.5 0.004058593749999996
290.5 0.004183593749999996
291.5 0.004347656249999996
292.5 0.004246093749999995
293.5 0.004310546874999996
294.5 0.004374999999999995
295.5 0.004345703124999997
296.5 0.004205078124999995
297.5 0.004339843749999995
298.5 0.004089843749999995
299.5 0.003943359374999995
300.5 0.0041757812499999955
301.5 0.003851562499999997
302.5 0.0036152343749999956
303.5 0.0035429687499999953
304.5 0.003525390624999995
305.5 0.003374999999999996
306.5 0.003076171874999997
307.5 0.002927734374999997
308.5 0.0026699218749999987
309.5 0.002462890624999999
310.5 0.002347656249999998
311.5 0.002146484375
312.5 0.0019531250000000013
313.5 0.0018125000000000014
314.5 0.0015605468750000012
315.5 0.001482421875000001
316.5 0.001304687500000001
317.5 0.0010996093750000008
318.5 0.0009199218750000007
319.5 0.0008906250000000007
320.5 0.0007031250000000005
321.5 0.0006523437500000005
322.5 0.00047460937500000037
323.5 0.0004824218750000004
324.5 0.0004179687500000003
325.5 0.00033398437500000024
326.5 0.0002910156250000002
327.5 0.00019140625000000012
328.5 0.00020312500000000015
329.5 0.0001406250000000001
330.5 0.0001347656250000001
331.5 0.00010546875000000007
332.5 8.398437500000003e-05
333.5 7.421875000000004e-05
334.5 6.054687500000003e-05
335.5 5.664062500000003e-05
336.5 3.710937500000001e-05
337.5 3.1250000000000014e-05
338.5 1.7578125000000002e-05
339.5 2.9296875000000012e-05
340.5 1.171875e-05
341.5 9.765625e-06
342.5 2.1484375000000006e-05
343.5 1.171875e-05
344.5 1.9531250000000004e-05
345.5 9.765625e-06
346.5 1.171875e-05
347.5 1.171875e-05
348.5 3.90625e-06
349.5 3.90625e-06
350.5 3.90625e-06
351.5 1.953125e-06
352.5 5.859375e-06
353.5 1.953125e-06
354.5 0.0
355.5 0.0
356.5 9.765625e-06
357.5 1.953125e-06
358.5 1.953125e-06
359.5 1.953125e-06
