0.5 0.0
1.5 0.0
2.5 0.0
3.5 0.0
4.5 1.953125e-06
5.5 0.0
6.5 0.0
7.5 0.0
8.5 3.90625e-06
9.5 0.0
10.5 0.0
11.5 0.0
12.5 0.0
13.5 1.953125e-06
14.5 0.0
15.5 5.859375e-06
16.5 5.859375e-06
17.5 5.859375e-06
18.5 7.8125e-06
19.5 9.765625e-06
20.5 2.1484375000000006e-05
21.5 7.8125e-06
22.5 1.7578125000000002e-05
23.5 1.171875e-05
24.5 1.5625e-05
25.5 1.7578125000000002e-05
26.5 2.929687500000001e-05
27.5 3.710937500000002e-05
28.5 5.273437500000002e-05
29.5 6.250000000000003e-05
30.5 6.835937500000005e-05
31.5 6.835937500000003e-05
32.5 9.765625000000006e-05
33.5 0.0001347656250000001
34.5 0.0001445312500000001
35.5 0.0001308593750000001
36.5 0.0001855468750000001
37.5 0.0002558593750000002
38.5 0.0003085937500000002
39.5 0.0003945312500000003
40.5 0.0004589843750000003
41.5 0.0004863281250000003
42.5 0.0005996093750000004
43.5 0.0006679687500000005
44.5 0.0007949218750000006
45.5 0.0009160156250000007
46.5 0.0011542968750000008
47.5 0.0012441406250000009
48.5 0.0014980468750000011
49.5 0.0017011718750000013
50.5 0.0019042968750000015
51.5 0.0019570312500000013
52.5 0.002263671875
53.5 0.0025664062499999992
54.5 0.0028554687499999986
55.5 0.0030195312499999975
56.5 0.0033183593749999967
57.5 0.003476562499999996
58.5 0.0037285156249999953
59.5 0.0039003906249999963
60.5 0.003927734374999996
61.5 0.004421874999999996
62.5 0.004513671874999998
63.5 0.004644531249999995
64.5 0.004677734374999995
65.5 0.004722656249999993
66.5 0.0047714843749999975
67.5 0.004582031249999996
68.5 0.004751953124999996
69.5 0.004691406249999994
70.5 0.004650390624999996
71.5 0.004488281249999995
72.5 0.004302734374999996
73.5 0.004175781249999994
74.5 0.004007812499999996
75.5 0.0038515624999999947
76.5 0.0034882812499999966
77.5 0.0034999999999999975
78.5 0.0033105468749999967
79.5 0.0029824218749999964
80.5 0.0026796874999999967
81.5 0.002656249999999999
82.5 0.0024121093749999998
83.5 0.0021855468750000004
84.5 0.0019335937500000015
85.5 0.0017539062500000013
86.5 0.0015761718750000012
87.5 0.0015527343750000012
88.5 0.001404296875000001
89.5 0.0012285156250000009
90.5 0.0011523437500000008
91.5 0.0010605468750000007
92.5 0.0009394531250000007
93.5 0.0007949218750000006
94.5 0.0006640625000000005
95.5 0.0006484375000000005
96.5 0.0006464843750000005
97.5 0.0005410156250000004
98.5 0.0004824218750000004
99.5 0.0004628906250000003
100.5 0.00036523437500000027
101.5 0.0003750000000000003
102.5 0.00032421875000000023
103.5 0.0003496093750000002
104.5 0.0002675781250000002
105.5 0.0002734375000000002
106.5 0.0002421875000000002
107.5 0.00023828125000000018
108.5 0.00022656250000000015
109.5 0.0001601562500000001
110.5 0.00017968750000000013
111.5 0.00015820312500000009
112.5 0.0001738281250000001
113.5 0.0001347656250000001
114.5 0.00014453125000000007
115.5 0.0001386718750000001
116.5 0.0001582031250000001
117.5 0.0001347656250000001
118.5 0.0001523437500000001
119.5 0.0001640625000000001
120.5 0.00017968750000000013
121.5 0.0001308593750000001
122.5 0.0001562500000000001
123.5 0.00015234375000000008
124.5 0.0001503906250000001
125.5 0.0001601562500000001
126.5 0.0001562500000000001
127.5 0.0001855468750000001
128.5 0.00020898437500000016
129.5 0.00023242187500000018
130.5 0.00021093750000000013
131.5 0.0002578125000000002
132.5 0.0002558593750000002
133.5 0.00034375000000000025
134.5 0.00032031250000000023
135.5 0.00034179687500000025
136.5 0.00042187500000000027
137.5 0.00043359375000000033
138.5 0.0005097656250000003
139.5 0.0005351562500000004
140.5 0.0006152343750000004
141.5 0.0006679687500000005
142.5 0.0008222656250000006
143.5 0.0009003906250000006
144.5 0.0010136718750000007
145.5 0.001250000000000001
146.5 0.001310546875000001
147.5 0.0016132812500000012
148.5 0.0017265625000000013
149.5 0.001996093750000001
150.5 0.00224609375
151.5 0.0025390624999999975
152.5 0.0028691406249999984
153.5 0.0033320312499999965
154.5 0.0036796874999999968
155.5 0.004169921874999994
156.5 0.004376953124999996
157.5 0.005175781249999993
158.5 0.005824218749999997
159.5 0.006361328124999997
160.5 0.006982421874999994
161.5 0.007664062499999993
162.5 0.008517578125000003
163.5 0.009554687499999994
164.5 0.010146484374999997
165.5 0.010990234374999993
166.5 0.012124999999999995
167.5 0.012509765624999999
168.5 0.013804687499999996
169.5 0.014351562500000003
170.5 0.01523828125
171.5 0.0159453125
172.5 0.01697460937500001
173.5 0.017529296875
174.5 0.017878906249999996
175.5 0.018478515625
176.5 0.018914062500000006
177.5 0.019185546875000004
178.5 0.01972265625
179.5 0.01964453124999999
180.5 0.019443359374999997
181.5 0.019693359375
182.5 0.019160156250000004
183.5 0.019076171875
184.5 0.018890625000000005
185.5 0.017849609375
186.5 0.017498046875000006
187.5 0.016705078125000005
188.5 0.01589453125
189.5 0.015427734374999998
190.5 0.014109375000000002
191.5 0.013673828124999994
192.5 0.012876953124999991
193.5 0.011826171875
194.5 0.010974609374999998
195.5 0.010074218749999997
196.5 0.009523437499999994
197.5 0.008693359375
198.5 0.007998046874999994
199.5 0.0072539062499999965
200.5 0.006339843749999996
201.5 0.005716796874999996
202.5 0.005234374999999998
203.5 0.004634765624999994
204.5 0.004072265624999997
205.5 0.003843749999999997
206.5 0.0032812499999999973
207.5 0.0027812499999999986
208.5 0.002568359374999999
209.5 0.0023320312499999995
210.5 0.0019570312500000013
211.5 0.0017500000000000013
212.5 0.001457031250000001
213.5 0.001367187500000001
214.5 0.001363281250000001
215.5 0.0009843750000000007
216.5 0.0009414062500000007
217.5 0.0008320312500000006
218.5 0.0007246093750000005
219.5 0.0006210937500000004
220.5 0.0005585937500000004
221.5 0.0004882812500000003
222.5 0.0004296875000000003
223.5 0.0003730468750000003
224.5 0.00036718750000000027
225.5 0.00032421875000000023
226.5 0.0002890625000000002
227.5 0.00024023437500000019
228.5 0.0002597656250000002
229.5 0.00020703125000000016
230.5 0.00020117187500000015
231.5 0.00020507812500000013
232.5 0.0001796875000000001
233.5 0.00020703125000000013
234.5 0.0001367187500000001
235.5 0.00017773437500000013
236.5 0.00013281250000000006
237.5 0.0001835937500000001
238.5 0.0001328125000000001
239.5 0.00012500000000000008
240.5 0.0001464843750000001
241.5 0.0001503906250000001
242.5 0.00011328125000000009
243.5 0.00015625000000000008
244.5 0.00015039062500000008
245.5 0.00014843750000000008
246.5 0.0001582031250000001
247.5 0.0001660156250000001
248.5 0.00019921875000000012
249.5 0.00017578125000000013
250.5 0.00016406250000000012
251.5 0.00021093750000000013
252.5 0.00024023437500000016
253.5 0.00024414062500000016
254.5 0.00025390625000000017
255.5 0.0003144531250000002
256.5 0.0003046875000000002
257.5 0.0003339843750000002
258.5 0.0003750000000000003
259.5 0.0003847656250000003
260.5 0.0004394531250000003
261.5 0.0005058593750000003
262.5 0.0005585937500000004
263.5 0.0006171875000000004
264.5 0.0006679687500000005
265.5 0.0007519531250000006
266.5 0.0007851562500000006
267.5 0.0008652343750000007
268.5 0.0010117187500000007
269.5 0.0010820312500000007
270.5 0.001298828125000001
271.5 0.001304687500000001
272.5 0.0015214843750000011
273.5 0.0016582031250000013
274.5 0.0017578125000000013
275.5 0.0019335937500000015
276.5 0.0021660156250000004
277.5 0.002310546874999999
278.5 0.0026816406249999983
279.5 0.0027617187499999985
280.5 0.002949218749999997
281.5 0.0031621093749999983
282.5 0.003367187499999998
283.5 0.003542968749999995
284.5 0.003882812499999997
285.5 0.004121093749999997
286.5 0.004187499999999995
287.5 0.004255859374999997
288.5 0.004410156249999995
289.5 0.004578124999999994
290.5 0.004667968749999998
291.5 0.004695312499999995
292.5 0.0046035156249999935
293.5 0.004755859374999997
294.5 0.004738281249999998
295.5 0.004541015624999994
296.5 0.004517578124999997
297.5 0.004474609374999994
298.5 0.004207031249999997
299.5 0.004019531249999996
300.5 0.0038359374999999973
301.5 0.0036816406249999957
302.5 0.003466796874999996
303.5 0.0033945312499999956
304.5 0.002923828124999998
305.5 0.002777343749999998
306.5 0.0025859374999999984
307.5 0.0022578125
308.5 0.0020644531250000007
309.5 0.0018417968750000014
310.5 0.0016660156250000013
311.5 0.001406250000000001
312.5 0.001296875000000001
313.5 0.0011152343750000008
314.5 0.0009257812500000007
315.5 0.0008300781250000006
316.5 0.0007167968750000005
317.5 0.0005761718750000004
318.5 0.0005507812500000004
319.5 0.0004179687500000003
320.5 0.00035351562500000026
321.5 0.0003261718750000002
322.5 0.0002636718750000002
323.5 0.00017578125000000013
324.5 0.00017578125000000013
325.5 0.00012304687500000008
326.5 0.0001328125000000001
327.5 9.570312500000006e-05
328.5 7.617187500000005e-05
329.5 5.8593750000000025e-05
330.5 4.296875000000002e-05
331.5 3.9062500000000014e-05
332.5 2.539062500000001e-05
333.5 2.734375000000001e-05
334.5 3.515625000000002e-05
335.5 2.1484375000000006e-05
336.5 3.90625e-06
337.5 1.5625e-05
338.5 1.171875e-05
339.5 1.953125e-06
340.5 3.90625e-06
341.5 3.90625e-06
342.5 0.0
343.5 3.90625e-06
344.5 3.90625e-06
345.5 1.953125e-06
346.5 3.90625e-06
347.5 3.90625e-06
348.5 1.953125e-06
349.5 1.953125e-06
350.5 3.90625e-06
351.5 1.953125e-06
352.5 0.0
353.5 0.0
354.5 1.953125e-06
355.5 0.0
356.5 1.953125e-06
357.5 0.0
358.5 1.953125e-06
359.5 0.0
