0.5 1.953125e-06
1.5 1.953125e-06
2.5 1.953125e-06
3.5 1.953125e-06
4.5 0.0
5.5 0.0
6.5 0.0
7.5 1.953125e-06
8.5 1.953125e-06
9.5 0.0
10.5 0.0
11.5 0.0
12.5 1.953125e-06
13.5 0.0
14.5 5.859375e-06
15.5 1.953125e-06
16.5 1.953125e-06
17.5 1.953125e-06
18.5 7.8125e-06
19.5 3.90625e-06
20.5 1.7578125000000002e-05
21.5 7.8125e-06
22.5 3.90625e-06
23.5 5.859375e-06
24.5 2.1484375000000006e-05
25.5 2.539062500000001e-05
26.5 2.1484375000000006e-05
27.5 2.734375000000001e-05
28.5 4.101562500000002e-05
29.5 3.9062500000000014e-05
30.5 6.0546875000000033e-05
31.5 6.250000000000003e-05
32.5 6.250000000000004e-05
33.5 6.835937500000005e-05
34.5 0.00011718750000000008
35.5 0.0001328125000000001
36.5 0.0001621093750000001
37.5 0.00019726562500000015
38.5 0.0002675781250000002
39.5 0.0003046875000000002
40.5 0.0003984375000000003
41.5 0.0003808593750000003
42.5 0.0005273437500000004
43.5 0.0005625000000000004
44.5 0.0006699218750000005
45.5 0.0007753906250000006
46.5 0.0009394531250000007
47.5 0.0010117187500000007
48.5 0.0012285156250000009
49.5 0.001351562500000001
50.5 0.0015292968750000011
51.5 0.0017480468750000013
52.5 0.0018730468750000014
53.5 0.00216796875
54.5 0.002296874999999999
55.5 0.002503906249999999
56.5 0.002621093749999999
57.5 0.0027480468749999975
58.5 0.003001953124999997
59.5 0.0032382812499999964
60.5 0.0033046874999999964
61.5 0.003398437499999997
62.5 0.003611328124999997
63.5 0.0036601562499999976
64.5 0.0036777343749999957
65.5 0.003873046874999996
66.5 0.004005859374999997
67.5 0.0038945312499999965
68.5 0.0037265624999999964
69.5 0.003894531249999997
70.5 0.0037031249999999964
71.5 0.003851562499999995
72.5 0.0034316406249999976
73.5 0.0033964843749999967
74.5 0.0033203124999999973
75.5 0.0029550781249999976
76.5 0.002968749999999998
77.5 0.0028457031249999967
78.5 0.002494140624999998
79.5 0.0024238281249999993
80.5 0.0024199218749999985
81.5 0.0021015625
82.5 0.0020546875000000005
83.5 0.0017343750000000013
84.5 0.0017343750000000013
85.5 0.0015292968750000011
86.5 0.001318359375000001
87.5 0.001333984375000001
88.5 0.0011562500000000008
89.5 0.0011113281250000008
90.5 0.0010097656250000007
91.5 0.0008496093750000006
92.5 0.0007929687500000006
93.5 0.0007851562500000006
94.5 0.0006992187500000005
95.5 0.0006054687500000004
96.5 0.0006054687500000004
97.5 0.0004335937500000003
98.5 0.0004980468750000003
99.5 0.00041210937500000026
100.5 0.0004394531250000003
101.5 0.00035546875000000026
102.5 0.0003750000000000003
103.5 0.0002617187500000002
104.5 0.00027148437500000013
105.5 0.00024609375000000016
106.5 0.00022265625000000014
107.5 0.00023046875000000015
108.5 0.00018164062500000013
109.5 0.0001542968750000001
110.5 0.0001777343750000001
111.5 0.00017968750000000013
112.5 0.0001582031250000001
113.5 0.0001816406250000001
114.5 0.00016601562500000012
115.5 0.0001347656250000001
116.5 0.00012109375000000008
117.5 0.00012695312500000006
118.5 0.00019335937500000012
119.5 0.0001464843750000001
120.5 0.00015429687500000008
121.5 0.00016406250000000012
122.5 0.00014648437500000008
123.5 0.0001367187500000001
124.5 0.0001699218750000001
125.5 0.0001582031250000001
126.5 0.00017578125000000013
127.5 0.0001621093750000001
128.5 0.00016796875000000012
129.5 0.00019921875000000012
130.5 0.00023437500000000015
131.5 0.00024609375000000016
132.5 0.00031640625000000017
133.5 0.0003085937500000002
134.5 0.0003398437500000002
135.5 0.00035156250000000026
136.5 0.00031835937500000023
137.5 0.00042382812500000027
138.5 0.0004667968750000003
139.5 0.0005781250000000004
140.5 0.0005839843750000004
141.5 0.0007246093750000005
142.5 0.0007675781250000006
143.5 0.0009492187500000006
144.5 0.0010917968750000008
145.5 0.0011777343750000008
146.5 0.001357421875000001
147.5 0.0015292968750000011
148.5 0.0018886718750000015
149.5 0.002035156250000001
150.5 0.0022109375000000002
151.5 0.0026249999999999984
152.5 0.003056640624999997
153.5 0.0035371093749999964
154.5 0.003794921874999995
155.5 0.004369140624999994
156.5 0.004802734374999993
157.5 0.0054023437499999966
158.5 0.006095703124999993
159.5 0.006785156249999993
160.5 0.007759765624999999
161.5 0.008398437499999998
162.5 0.009072265624999989
163.5 0.009949218749999994
164.5 0.010980468749999998
165.5 0.011882812499999998
166.5 0.012841796875
167.5 0.013660156249999996
168.5 0.014521484374999998
169.5 0.015656250000000003
170.5 0.016466796875000002
171.5 0.017343749999999995
172.5 0.01816210937500001
173.5 0.018671875
174.5 0.019970703125
175.5 0.020208984375000006
176.5 0.02049023437500001
177.5 0.021142578124999995
178.5 0.020882812499999997
179.5 0.021408203125000004
180.5 0.021087890625000015
181.5 0.021236328125000013
182.5 0.02085546875
183.5 0.020345703125000007
184.5 0.020212890625000004
185.5 0.019095703125000005
186.5 0.018830078125
187.5 0.018482421874999995
188.5 0.016990234375
189.5 0.016599609374999994
190.5 0.015417968750000002
191.5 0.014486328124999998
192.5 0.013263671874999994
193.5 0.012423828124999998
194.5 0.011720703125
195.5 0.010791015624999994
196.5 0.010005859374999997
197.5 0.008970703124999996
198.5 0.008291015624999995
199.5 0.007445312499999997
200.5 0.006578124999999992
201.5 0.005832031249999998
202.5 0.005365234374999999
203.5 0.004763671874999996
204.5 0.004285156249999994
205.5 0.003816406249999996
206.5 0.0033261718749999975
207.5 0.0030703124999999967
208.5 0.002603515624999998
209.5 0.0021816406250000004
210.5 0.0020156250000000014
211.5 0.0018164062500000014
212.5 0.0016230468750000012
213.5 0.001486328125000001
214.5 0.0011933593750000008
215.5 0.0010781250000000007
216.5 0.0009257812500000007
217.5 0.0007558593750000006
218.5 0.0006757812500000005
219.5 0.0006425781250000005
220.5 0.0006093750000000004
221.5 0.0005156250000000003
222.5 0.0004121093750000003
223.5 0.0003730468750000003
224.5 0.0003398437500000002
225.5 0.00033593750000000024
226.5 0.0002910156250000002
227.5 0.00024414062500000016
228.5 0.0002695312500000002
229.5 0.00022265625000000014
230.5 0.00019140625000000012
231.5 0.00022070312500000014
232.5 0.00016015625000000012
233.5 0.00018750000000000014
234.5 0.00016406250000000012
235.5 0.0001582031250000001
236.5 0.0001738281250000001
237.5 0.0001542968750000001
238.5 0.00013085937500000006
239.5 0.0001347656250000001
240.5 0.0001484375000000001
241.5 0.00014062500000000007
242.5 0.0001582031250000001
243.5 0.0001503906250000001
244.5 0.00015234375000000008
245.5 0.00019921875000000015
246.5 0.00018359375000000014
247.5 0.00017773437500000013
248.5 0.00021679687500000014
249.5 0.0001777343750000001
250.5 0.00019531250000000012
251.5 0.00020703125000000013
252.5 0.00023828125000000016
253.5 0.00023828125000000016
254.5 0.0002734375000000002
255.5 0.0003066406250000002
256.5 0.0003281250000000002
257.5 0.00035937500000000026
258.5 0.0004140625000000003
259.5 0.0004160156250000003
260.5 0.0005605468750000004
261.5 0.0005410156250000004
262.5 0.0005800781250000004
263.5 0.0006523437500000005
264.5 0.0007089843750000005
265.5 0.0007578125000000006
266.5 0.0007968750000000005
267.5 0.0007734375000000006
268.5 0.0009960937500000007
269.5 0.0010136718750000007
270.5 0.0011523437500000008
271.5 0.001369140625000001
272.5 0.001306640625000001
273.5 0.001378906250000001
274.5 0.0015937500000000012
275.5 0.0018164062500000012
276.5 0.0018789062500000015
277.5 0.0019179687500000015
278.5 0.002292968749999999
279.5 0.0024316406249999985
280.5 0.002570312499999998
281.5 0.0026269531249999995
282.5 0.0029843749999999974
283.5 0.0029433593749999976
284.5 0.0032109374999999963
285.5 0.003345703124999997
286.5 0.0036464843749999956
287.5 0.003580078124999997
288.5 0.0037753906249999953
289.5 0.0037871093749999975
290.5 0.004093749999999997
291.5 0.0039453124999999966
292.5 0.003980468749999996
293.5 0.004169921874999998
294.5 0.003921874999999997
295.5 0.0039609374999999974
296.5 0.003902343749999996
297.5 0.0037734374999999973
298.5 0.003603515624999997
299.5 0.003394531249999996
300.5 0.0033222656249999962
301.5 0.0032519531249999975
302.5 0.0029101562499999982
303.5 0.0028496093749999975
304.5 0.0026093749999999975
305.5 0.002451171874999999
306.5 0.00223828125
307.5 0.0019843750000000013
308.5 0.0018144531250000014
309.5 0.0015703125000000012
310.5 0.001421875000000001
311.5 0.001287109375000001
312.5 0.0011347656250000008
313.5 0.0009160156250000006
314.5 0.0008378906250000005
315.5 0.0006796875000000005
316.5 0.0006132812500000004
317.5 0.0005058593750000003
318.5 0.0004726562500000003
319.5 0.0003242187500000002
320.5 0.00032617187500000024
321.5 0.00025195312500000017
322.5 0.00021093750000000013
323.5 0.00020898437500000016
324.5 0.0001386718750000001
325.5 0.00012890625000000006
326.5 0.00010546875000000007
327.5 7.226562500000005e-05
328.5 6.250000000000003e-05
329.5 4.296875000000002e-05
330.5 4.492187500000002e-05
331.5 4.492187500000001e-05
332.5 2.7343750000000004e-05
333.5 3.3203125e-05
334.5 2.3437500000000007e-05
335.5 1.171875e-05
336.5 2.3437500000000007e-05
337.5 1.9531250000000004e-05
338.5 1.171875e-05
339.5 3.90625e-06
340.5 0.0
341.5 5.859375e-06
342.5 3.90625e-06
343.5 7.8125e-06
344.5 5.859375e-06
345.5 3.90625e-06
346.5 0.0
347.5 0.0
348.5 1.953125e-06
349.5 1.953125e-06
350.5 1.953125e-06
351.5 0.0
352.5 0.0
353.5 0.0
354.5 1.953125e-06
355.5 0.0
356.5 0.0
357.5 1.953125e-06
358.5 0.0
359.5 0.0
