0.5 0.0
1.5 0.0
2.5 0.0
3.5 0.0
4.5 0.0
5.5 1.953125e-06
6.5 3.90625e-06
7.5 0.0
8.5 0.0
9.5 0.0
10.5 3.90625e-06
11.5 3.90625e-06
12.5 0.0
13.5 0.0
14.5 1.953125e-06
15.5 0.0
16.5 1.953125e-06
17.5 0.0
18.5 3.90625e-06
19.5 5.859375e-06
20.5 3.90625e-06
21.5 5.859375e-06
22.5 1.953125e-06
23.5 5.859375e-06
24.5 3.90625e-06
25.5 1.171875e-05
26.5 7.8125e-06
27.5 1.171875e-05
28.5 1.3671875e-05
29.5 2.3437500000000007e-05
30.5 3.1250000000000014e-05
31.5 3.906250000000002e-05
32.5 4.8828125000000016e-05
33.5 4.492187500000001e-05
34.5 6.835937500000003e-05
35.5 9.570312500000006e-05
36.5 0.00011328125000000007
37.5 0.0001328125000000001
38.5 0.00014453125000000007
39.5 0.00021679687500000014
40.5 0.00022460937500000015
41.5 0.00027343750000000013
42.5 0.0003828125000000003
43.5 0.0004238281250000003
44.5 0.0004902343750000003
45.5 0.0005351562500000004
46.5 0.0006269531250000004
47.5 0.0006933593750000005
48.5 0.0009218750000000007
49.5 0.0009570312500000007
50.5 0.0010507812500000007
51.5 0.0012382812500000009
52.5 0.001296875000000001
53.5 0.001462890625000001
54.5 0.0016699218750000013
55.5 0.001708984375000001
56.5 0.0018710937500000014
57.5 0.001962890625000001
58.5 0.00217578125
59.5 0.0023496093749999997
60.5 0.002498046874999999
61.5 0.002464843749999998
62.5 0.002572265624999998
63.5 0.002812499999999998
64.5 0.0028378906249999967
65.5 0.0028574218749999967
66.5 0.002865234374999997
67.5 0.002917968749999997
68.5 0.0028593749999999973
69.5 0.0028320312499999973
70.5 0.002814453124999999
71.5 0.0026171874999999976
72.5 0.002664062499999998
73.5 0.0025468749999999975
74.5 0.0024999999999999983
75.5 0.0025058593749999985
76.5 0.0023476562499999995
77.5 0.00216796875
78.5 0.0020136718750000007
79.5 0.0020390625000000005
80.5 0.0018398437500000014
81.5 0.0017617187500000013
82.5 0.0016191406250000012
83.5 0.001476562500000001
84.5 0.001382812500000001
85.5 0.001337890625000001
86.5 0.0011503906250000008
87.5 0.0010507812500000007
88.5 0.0010195312500000007
89.5 0.0009238281250000007
90.5 0.0009375000000000007
91.5 0.0006855468750000005
92.5 0.0007500000000000006
93.5 0.0006425781250000005
94.5 0.0005800781250000004
95.5 0.0005996093750000004
96.5 0.0005917968750000004
97.5 0.0004667968750000003
98.5 0.0004042968750000003
99.5 0.0004179687500000003
100.5 0.0003554687500000002
101.5 0.00035546875000000026
102.5 0.00031640625000000017
103.5 0.00033593750000000024
104.5 0.0003144531250000002
105.5 0.00021484375000000014
106.5 0.00023437500000000015
107.5 0.00022070312500000017
108.5 0.00020507812500000013
109.5 0.00023046875000000015
110.5 0.0001816406250000001
111.5 0.00017968750000000013
112.5 0.00019335937500000012
113.5 0.0001855468750000001
114.5 0.00017382812500000013
115.5 0.00012890625000000006
116.5 0.0001621093750000001
117.5 0.0001582031250000001
118.5 0.0001562500000000001
119.5 0.0001328125000000001
120.5 0.00013281250000000006
121.5 0.00016796875000000012
122.5 0.00012695312500000009
123.5 0.00016015625000000012
124.5 0.00016992187500000012
125.5 0.00018554687500000014
126.5 0.00017578125000000013
127.5 0.0001679687500000001
128.5 0.00020117187500000012
129.5 0.00022460937500000015
130.5 0.00025000000000000017
131.5 0.0002558593750000002
132.5 0.0002753906250000002
133.5 0.0002949218750000002
134.5 0.00035156250000000026
135.5 0.00033398437500000024
136.5 0.00036328125000000027
137.5 0.0004355468750000003
138.5 0.0005566406250000004
139.5 0.0005468750000000004
140.5 0.0007460937500000006
141.5 0.0007617187500000006
142.5 0.0008496093750000006
143.5 0.0009726562500000008
144.5 0.0010996093750000008
145.5 0.001316406250000001
146.5 0.001367187500000001
147.5 0.0015957031250000012
148.5 0.0018945312500000015
149.5 0.0021210937500000006
150.5 0.002345703125
151.5 0.0026601562499999976
152.5 0.003150390624999998
153.5 0.0035449218749999964
154.5 0.003873046874999996
155.5 0.0045761718749999965
156.5 0.005181640624999995
157.5 0.0055839843749999965
158.5 0.006408203124999996
159.5 0.0069726562499999945
160.5 0.0076093749999999955
161.5 0.008724609374999996
162.5 0.009193359374999991
163.5 0.010496093749999998
164.5 0.011464843749999995
165.5 0.012337890624999995
166.5 0.013351562499999997
167.5 0.014324218750000004
168.5 0.015181640624999998
169.5 0.016271484374999996
170.5 0.017414062500000008
171.5 0.018365234375
172.5 0.019246093750000005
173.5 0.020144531250000007
174.5 0.020501953125000003
175.5 0.021644531249999988
176.5 0.02185742187500001
177.5 0.02238476562499999
178.5 0.022269531250000012
179.5 0.02256054687500001
180.5 0.02282226562500002
181.5 0.02240429687499999
182.5 0.022435546875
183.5 0.02181445312500001
184.5 0.02173828124999999
185.5 0.020957031250000004
186.5 0.02018359375
187.5 0.01982031250000001
188.5 0.018833984375000005
189.5 0.017828124999999997
190.5 0.016820312500000004
191.5 0.015320312499999994
192.5 0.014652343750000001
193.5 0.013749999999999993
194.5 0.012671874999999997
195.5 0.011537109375000004
196.5 0.010638671874999995
197.5 0.009800781249999993
198.5 0.009093749999999996
199.5 0.007832031249999994
200.5 0.007406249999999999
201.5 0.0065703124999999946
202.5 0.005814453124999997
203.5 0.005248046874999995
204.5 0.004519531249999997
205.5 0.004152343749999993
206.5 0.0037988281249999967
207.5 0.0033632812499999978
208.5 0.002910156249999997
209.5 0.002550781249999999
210.5 0.0021718750000000006
211.5 0.0019375000000000015
212.5 0.0018046875000000014
213.5 0.0015722656250000012
214.5 0.001373046875000001
215.5 0.0010585937500000007
216.5 0.0009667968750000008
217.5 0.0008847656250000007
218.5 0.0007773437500000006
219.5 0.0006425781250000005
220.5 0.0005937500000000004
221.5 0.0005703125000000004
222.5 0.00045117187500000035
223.5 0.00041601562500000026
224.5 0.0003964843750000003
225.5 0.0002929687500000002
226.5 0.0003105468750000002
227.5 0.00036718750000000027
228.5 0.0002832031250000002
229.5 0.0002773437500000002
230.5 0.00022265625000000017
231.5 0.00021093750000000016
232.5 0.00019140625000000012
233.5 0.00022070312500000014
234.5 0.0001757812500000001
235.5 0.00017187500000000013
236.5 0.0001738281250000001
237.5 0.0001835937500000001
238.5 0.0001875000000000001
239.5 0.0001601562500000001
240.5 0.0001425781250000001
241.5 0.0001660156250000001
242.5 0.0001386718750000001
243.5 0.0001777343750000001
244.5 0.0001542968750000001
245.5 0.00016015625000000012
246.5 0.0001757812500000001
247.5 0.0001757812500000001
248.5 0.00019726562500000012
249.5 0.00024414062500000016
250.5 0.00020703125000000013
251.5 0.00022656250000000015
252.5 0.0002773437500000002
253.5 0.0002558593750000002
254.5 0.0003105468750000002
255.5 0.0002910156250000002
256.5 0.00033984375000000025
257.5 0.0003925781250000003
258.5 0.0003769531250000003
259.5 0.0004355468750000003
260.5 0.0004980468750000003
261.5 0.0005371093750000004
262.5 0.0005644531250000004
263.5 0.0006445312500000005
264.5 0.0006386718750000005
265.5 0.0007207031250000005
266.5 0.0008046875000000006
267.5 0.0007851562500000005
268.5 0.0009335937500000007
269.5 0.0010917968750000008
270.5 0.0010957031250000008
271.5 0.0011796875000000008
272.5 0.001300781250000001
273.5 0.001390625000000001
274.5 0.0015859375000000012
275.5 0.0016972656250000013
276.5 0.0018554687500000014
277.5 0.0018867187500000015
278.5 0.0020410156250000007
279.5 0.002185546875000001
280.5 0.0023847656249999997
281.5 0.0026249999999999984
282.5 0.002707031249999998
283.5 0.0028222656249999975
284.5 0.003062499999999998
285.5 0.003134765624999997
286.5 0.0032402343749999975
287.5 0.003160156249999998
288.5 0.003183593749999997
289.5 0.0033867187499999956
290.5 0.0034511718749999963
291.5 0.003525390624999997
292.5 0.003474609374999997
293.5 0.003296874999999997
294.5 0.0033066406249999975
295.5 0.0032441406249999957
296.5 0.0031660156249999952
297.5 0.002855468749999996
298.5 0.0031855468749999952
299.5 0.0028339843749999975
300.5 0.0027519531249999988
301.5 0.002429687499999999
302.5 0.002271484374999999
303.5 0.0021386718750000004
304.5 0.0020800781250000008
305.5 0.0018554687500000012
306.5 0.0017011718750000013
307.5 0.0015097656250000011
308.5 0.001330078125000001
309.5 0.0012109375000000009
310.5 0.0010371093750000007
311.5 0.0009316406250000007
312.5 0.0007382812500000005
313.5 0.0006972656250000004
314.5 0.0006191406250000004
315.5 0.0004960937500000003
316.5 0.00047070312500000036
317.5 0.0003867187500000003
318.5 0.0002871093750000002
319.5 0.0002617187500000002
320.5 0.00023242187500000018
321.5 0.0001640625000000001
322.5 0.00015820312500000009
323.5 0.00011523437500000005
324.5 0.00011132812500000006
325.5 7.812500000000003e-05
326.5 7.812500000000004e-05
327.5 4.101562500000002e-05
328.5 5.078125000000003e-05
329.5 2.7343750000000004e-05
330.5 3.3203125000000016e-05
331.5 1.9531250000000004e-05
332.5 1.5625e-05
333.5 1.171875e-05
334.5 5.859375e-06
335.5 5.859375e-06
336.5 2.1484375000000006e-05
337.5 1.953125e-06
338.5 1.3671875e-05
339.5 5.859375e-06
340.5 3.90625e-06
341.5 1.953125e-06
342.5 3.90625e-06
343.5 0.0
344.5 0.0
345.5 1.953125e-06
346.5 0.0
347.5 0.0
348.5 0.0
349.5 0.0
350.5 0.0
351.5 1.953125e-06
352.5 0.0
353.5 0.0
354.5 0.0
355.5 0.0
356.5 0.0
357.5 3.90625e-06
358.5 0.0
359.5 0.0
