0.5 0.0
1.5 1.953125e-06
2.5 1.953125e-06
3.5 0.0
4.5 0.0
5.5 0.0
6.5 0.0
7.5 3.90625e-06
8.5 0.0
9.5 0.0
10.5 1.953125e-06
11.5 0.0
12.5 9.765625e-06
13.5 5.859375e-06
14.5 0.0
15.5 3.90625e-06
16.5 5.859375e-06
17.5 1.3671875e-05
18.5 7.8125e-06
19.5 7.8125e-06
20.5 1.953125e-06
21.5 1.171875e-05
22.5 5.859375e-06
23.5 1.3671875e-05
24.5 9.765625e-06
25.5 1.5625e-05
26.5 1.9531250000000004e-05
27.5 3.3203125000000016e-05
28.5 3.5156250000000004e-05
29.5 4.6875000000000015e-05
30.5 4.492187500000001e-05
31.5 6.835937500000005e-05
32.5 9.960937500000006e-05
33.5 0.00011132812500000007
34.5 0.00012304687500000008
35.5 0.00014843750000000008
36.5 0.00020507812500000016
37.5 0.0002617187500000002
38.5 0.0002851562500000002
39.5 0.00034960937500000026
40.5 0.00036132812500000027
41.5 0.0005019531250000003
42.5 0.0005820312500000004
43.5 0.0006406250000000005
44.5 0.0008457031250000006
45.5 0.0008281250000000006
46.5 0.0010292968750000007
47.5 0.001275390625000001
48.5 0.001427734375000001
49.5 0.0015449218750000012
50.5 0.0018281250000000014
51.5 0.002037109375000001
52.5 0.0021757812499999998
53.5 0.002523437499999998
54.5 0.0027109374999999985
55.5 0.002988281249999998
56.5 0.0031621093749999983
57.5 0.0033300781249999967
58.5 0.0033828124999999965
59.5 0.0039160156249999955
60.5 0.004046874999999996
61.5 0.004259765624999996
62.5 0.004392578124999996
63.5 0.004488281249999995
64.5 0.004548828124999995
65.5 0.004568359374999995
66.5 0.004632812499999998
67.5 0.004568359374999994
68.5 0.004769531249999997
69.5 0.004585937499999995
70.5 0.004496093749999996
71.5 0.004328124999999996
72.5 0.004371093749999996
73.5 0.004312499999999996
74.5 0.003990234374999997
75.5 0.003863281249999995
76.5 0.0036699218749999952
77.5 0.0033574218749999967
78.5 0.0032304687499999977
79.5 0.0031445312499999985
80.5 0.0027207031249999983
81.5 0.002710937499999997
82.5 0.0024707031249999994
83.5 0.002115234375000001
84.5 0.002068359375000001
85.5 0.0020078125000000013
86.5 0.0016601562500000013
87.5 0.0015273437500000011
88.5 0.0014160156250000008
89.5 0.001281250000000001
90.5 0.0012070312500000009
91.5 0.0010195312500000007
92.5 0.0010625000000000007
93.5 0.0007988281250000006
94.5 0.0007792968750000006
95.5 0.0006835937500000005
96.5 0.0006308593750000005
97.5 0.0006093750000000004
98.5 0.0004843750000000004
99.5 0.00047851562500000037
100.5 0.0004472656250000003
101.5 0.00040234375000000025
102.5 0.00035156250000000026
103.5 0.0002988281250000002
104.5 0.00032617187500000024
105.5 0.00032812500000000024
106.5 0.0002597656250000002
107.5 0.00024023437500000019
108.5 0.00021289062500000013
109.5 0.00022070312500000014
110.5 0.00024609375000000016
111.5 0.0001777343750000001
112.5 0.00017773437500000013
113.5 0.00018945312500000014
114.5 0.0001582031250000001
115.5 0.0001503906250000001
116.5 0.00015429687500000008
117.5 0.00015820312500000009
118.5 0.0001738281250000001
119.5 0.00016210937500000012
120.5 0.0001484375000000001
121.5 0.0001523437500000001
122.5 0.0001679687500000001
123.5 0.0001328125000000001
124.5 0.00016406250000000012
125.5 0.00016796875000000012
126.5 0.0001835937500000001
127.5 0.00020117187500000012
128.5 0.00020898437500000013
129.5 0.00022265625000000014
130.5 0.00022460937500000017
131.5 0.0002812500000000002
132.5 0.00031445312500000017
133.5 0.0003046875000000002
134.5 0.00033398437500000024
135.5 0.00032421875000000023
136.5 0.0003710937500000002
137.5 0.0003925781250000003
138.5 0.0005039062500000003
139.5 0.0005351562500000004
140.5 0.0006093750000000004
141.5 0.0007500000000000006
142.5 0.0008554687500000007
143.5 0.0009628906250000007
144.5 0.0010664062500000007
145.5 0.0012382812500000009
146.5 0.001349609375000001
147.5 0.0015703125000000012
148.5 0.0017519531250000013
149.5 0.001990234375000001
150.5 0.0022148437500000002
151.5 0.002650390624999998
152.5 0.002794921874999998
153.5 0.003197265624999997
154.5 0.003640624999999996
155.5 0.004167968749999996
156.5 0.004609374999999996
157.5 0.005115234374999993
158.5 0.005675781249999997
159.5 0.006365234374999996
160.5 0.007324218749999995
161.5 0.007734374999999996
162.5 0.008664062499999996
163.5 0.00936328125
164.5 0.010214843749999992
165.5 0.010958984374999998
166.5 0.011863281250000001
167.5 0.012707031249999992
168.5 0.013523437499999997
169.5 0.014296875000000004
170.5 0.015585937499999997
171.5 0.01582421875
172.5 0.016949218749999995
173.5 0.017591796875000006
174.5 0.017998046874999993
175.5 0.018576171874999995
176.5 0.018958984375000012
177.5 0.019257812500000013
178.5 0.019423828124999997
179.5 0.019449218749999993
180.5 0.019978515625000005
181.5 0.019867187499999998
182.5 0.019207031249999996
183.5 0.0188984375
184.5 0.018583984374999994
185.5 0.018210937500000007
186.5 0.01765234375
187.5 0.016904296875
188.5 0.016044921874999996
189.5 0.015273437499999995
190.5 0.014542968749999996
191.5 0.0136796875
192.5 0.012587890624999999
193.5 0.011841796874999996
194.5 0.011126953124999991
195.5 0.010169921874999995
196.5 0.009312500000000001
197.5 0.008490234374999994
198.5 0.007808593749999998
199.5 0.0070703124999999915
200.5 0.006333984374999994
201.5 0.005648437499999996
202.5 0.004982421874999995
203.5 0.004523437499999995
204.5 0.004052734374999995
205.5 0.0035996093749999965
206.5 0.0032910156249999975
207.5 0.0027792968749999988
208.5 0.0024296874999999983
209.5 0.0023828125
210.5 0.0019335937500000015
211.5 0.0016875000000000013
212.5 0.001453125000000001
213.5 0.001429687500000001
214.5 0.0011933593750000008
215.5 0.0010722656250000007
216.5 0.0009257812500000007
217.5 0.0007519531250000006
218.5 0.0007109375000000005
219.5 0.0006308593750000005
220.5 0.0005351562500000004
221.5 0.0004941406250000003
222.5 0.0004218750000000003
223.5 0.0004218750000000003
224.5 0.0002949218750000002
225.5 0.00034765625000000025
226.5 0.00032031250000000023
227.5 0.00022460937500000017
228.5 0.0002773437500000002
229.5 0.00019531250000000012
230.5 0.00018359375000000014
231.5 0.00020117187500000012
232.5 0.0001660156250000001
233.5 0.00019335937500000014
234.5 0.00016406250000000012
235.5 0.0001582031250000001
236.5 0.0001542968750000001
237.5 0.0001660156250000001
238.5 0.0001718750000000001
239.5 0.0001562500000000001
240.5 0.0001347656250000001
241.5 0.0001601562500000001
242.5 0.00013476562500000007
243.5 0.00012695312500000009
244.5 0.0001445312500000001
245.5 0.00016210937500000012
246.5 0.0001679687500000001
247.5 0.0001757812500000001
248.5 0.00020117187500000012
249.5 0.00018359375000000014
250.5 0.00021875000000000017
251.5 0.0002812500000000002
252.5 0.0002832031250000002
253.5 0.00022656250000000015
254.5 0.0002968750000000002
255.5 0.0003007812500000002
256.5 0.00035156250000000026
257.5 0.00034179687500000025
258.5 0.0003964843750000003
259.5 0.0004160156250000003
260.5 0.0005039062500000003
261.5 0.0005136718750000003
262.5 0.0005878906250000004
263.5 0.0006308593750000005
264.5 0.0007148437500000005
265.5 0.0007675781250000006
266.5 0.0008515625000000006
267.5 0.0008886718750000007
268.5 0.0010351562500000007
269.5 0.0012167968750000009
270.5 0.0012285156250000009
271.5 0.001394531250000001
272.5 0.0016152343750000012
273.5 0.0017285156250000013
274.5 0.0017988281250000014
275.5 0.0020644531250000007
276.5 0.0022382812500000003
277.5 0.0024179687499999995
278.5 0.0026249999999999984
279.5 0.0029238281249999967
280.5 0.003083984374999996
281.5 0.0032031249999999955
282.5 0.003431640624999997
283.5 0.0036503906249999957
284.5 0.0037324218749999944
285.5 0.004031249999999996
286.5 0.004332031249999996
287.5 0.004277343749999995
288.5 0.004632812499999996
289.5 0.0046464843749999965
290.5 0.004744140624999997
291.5 0.004583984374999994
292.5 0.004714843749999993
293.5 0.004765624999999995
294.5 0.004699218749999996
295.5 0.004679687499999996
296.5 0.004554687499999998
297.5 0.004468749999999995
298.5 0.004160156249999995
299.5 0.004119140624999996
300.5 0.0037812499999999986
301.5 0.0036718749999999968
302.5 0.0033984374999999974
303.5 0.0031953124999999963
304.5 0.002990234374999997
305.5 0.0026367187499999976
306.5 0.002419921874999998
307.5 0.0023613281249999993
308.5 0.0019707031250000015
309.5 0.0018847656250000015
310.5 0.0015273437500000011
311.5 0.001447265625000001
312.5 0.0012011718750000009
313.5 0.0011132812500000008
314.5 0.0009550781250000007
315.5 0.0007656250000000006
316.5 0.0006875000000000005
317.5 0.0006035156250000004
318.5 0.0004707031250000003
319.5 0.0003808593750000003
320.5 0.0002988281250000002
321.5 0.0002871093750000002
322.5 0.00022851562500000015
323.5 0.00019335937500000012
324.5 0.0001464843750000001
325.5 0.00011132812500000007
326.5 8.984375000000005e-05
327.5 9.179687500000005e-05
328.5 7.226562500000005e-05
329.5 4.2968750000000025e-05
330.5 4.296875000000002e-05
331.5 4.296875000000001e-05
332.5 3.906250000000002e-05
333.5 2.539062500000001e-05
334.5 2.734375000000001e-05
335.5 1.3671875e-05
336.5 1.3671875e-05
337.5 1.171875e-05
338.5 1.171875e-05
339.5 7.8125e-06
340.5 1.3671875e-05
341.5 7.8125e-06
342.5 3.90625e-06
343.5 3.90625e-06
344.5 0.0
345.5 3.90625e-06
346.5 1.953125e-06
347.5 3.90625e-06
348.5 3.90625e-06
349.5 0.0
350.5 0.0
351.5 0.0
352.5 0.0
353.5 0.0
354.5 0.0
355.5 0.0
356.5 1.953125e-06
357.5 0.0
358.5 0.0
359.5 0.0
