0.5 0.03261523437500001
1.5 0.03202343749999998
2.5 0.030744140624999985
3.5 0.0292890625
4.5 0.027654296874999998
5.5 0.025714843750000004
6.5 0.02430078125
7.5 0.022658203125000005
8.5 0.020939453124999997
9.5 0.018794921874999992
10.5 0.016740234374999993
11.5 0.015074218749999995
12.5 0.01338281249999999
13.5 0.011794921874999998
14.5 0.009941406249999998
15.5 0.008810546874999997
16.5 0.007460937499999998
17.5 0.0062246093749999945
18.5 0.005195312499999994
19.5 0.004343749999999996
20.5 0.003544921874999997
21.5 0.0029550781249999955
22.5 0.0023417968749999984
23.5 0.0019375000000000013
24.5 0.001583984375000001
25.5 0.0012304687500000007
26.5 0.0009726562500000005
27.5 0.0008437500000000004
28.5 0.0006210937500000003
29.5 0.0005175781250000002
30.5 0.0003320312500000002
31.5 0.00030078125000000016
32.5 0.00019921875000000007
33.5 0.00014843750000000008
34.5 0.00015625000000000006
35.5 0.00011328125000000007
36.5 0.00011328125000000005
37.5 7.421875000000003e-05
38.5 5.859375000000002e-05
39.5 6.054687500000001e-05
40.5 4.8828125000000016e-05
41.5 4.101562500000001e-05
42.5 3.125e-05
43.5 1.9531250000000004e-05
44.5 9.765625e-06
45.5 2.1484375e-05
46.5 9.765625e-06
47.5 1.3671875e-05
48.5 5.859375e-06
49.5 1.953125e-06
50.5 3.90625e-06
51.5 7.8125e-06
52.5 3.90625e-06
53.5 5.859375e-06
54.5 7.8125e-06
55.5 3.90625e-06
56.5 3.90625e-06
57.5 0.0
58.5 1.953125e-06
59.5 0.0
60.5 0.0
61.5 1.953125e-06
62.5 1.953125e-06
63.5 0.0
64.5 0.0
65.5 0.0
66.5 3.90625e-06
67.5 0.0
68.5 1.953125e-06
69.5 1.953125e-06
70.5 0.0
71.5 0.0
72.5 1.953125e-06
73.5 0.0
74.5 0.0
75.5 0.0
76.5 0.0
77.5 0.0
78.5 0.0
79.5 0.0
80.5 0.0
81.5 0.0
82.5 0.0
83.5 0.0
84.5 0.0
85.5 0.0
86.5 0.0
87.5 0.0
88.5 0.0
89.5 0.0
90.5 0.0
91.5 0.0
92.5 0.0
93.5 0.0
94.5 0.0
95.5 0.0
96.5 0.0
97.5 0.0
98.5 0.0
99.5 0.0
100.5 0.0
101.5 0.0
102.5 0.0
103.5 0.0
104.5 0.0
105.5 0.0
106.5 0.0
107.5 0.0
108.5 0.0
109.5 0.0
110.5 0.0
111.5 0.0
112.5 0.0
113.5 0.0
114.5 0.0
115.5 0.0
116.5 0.0
117.5 0.0
118.5 0.0
119.5 0.0
120.5 0.0
121.5 0.0
122.5 0.0
123.5 0.0
124.5 0.0
125.5 0.0
126.5 0.0
127.5 0.0
128.5 0.0
129.5 0.0
130.5 0.0
131.5 0.0
132.5 0.0
133.5 0.0
134.5 0.0
135.5 0.0
136.5 0.0
137.5 0.0
138.5 0.0
139.5 0.0
140.5 0.0
141.5 0.0
142.5 0.0
143.5 0.0
144.5 0.0
145.5 0.0
146.5 0.0
147.5 0.0
148.5 0.0
149.5 0.0
150.5 0.0
151.5 0.0
152.5 0.0
153.5 0.0
154.5 0.0
155.5 0.0
156.5 0.0
157.5 0.0
158.5 0.0
159.5 0.0
160.5 0.0
161.5 0.0
162.5 0.0
163.5 0.0
164.5 0.0
165.5 0.0
166.5 0.0
167.5 0.0
168.5 0.0
169.5 0.0
170.5 0.0
171.5 0.0
172.5 0.0
173.5 0.0
174.5 0.0
175.5 0.0
176.5 0.0
177.5 0.0
178.5 0.0
179.5 0.0
180.5 0.0
181.5 0.0
182.5 0.0
183.5 0.0
184.5 0.0
185.5 0.0
186.5 0.0
187.5 0.0
188.5 0.0
189.5 0.0
190.5 0.0
191.5 0.0
192.5 0.0
193.5 0.0
194.5 0.0
195.5 0.0
196.5 0.0
197.5 0.0
198.5 0.0
199.5 0.0
200.5 0.0
201.5 0.0
202.5 0.0
203.5 0.0
204.5 0.0
205.5 0.0
206.5 0.0
207.5 0.0
208.5 0.0
209.5 0.0
210.5 0.0
211.5 0.0
212.5 0.0
213.5 0.0
214.5 0.0
215.5 0.0
216.5 0.0
217.5 0.0
218.5 0.0
219.5 0.0
220.5 0.0
221.5 0.0
222.5 0.0
223.5 0.0
224.5 0.0
225.5 0.0
226.5 0.0
227.5 0.0
228.5 0.0
229.5 0.0
230.5 0.0
231.5 0.0
232.5 0.0
233.5 0.0
234.5 0.0
235.5 0.0
236.5 0.0
237.5 0.0
238.5 0.0
239.5 0.0
240.5 0.0
241.5 0.0
242.5 0.0
243.5 0.0
244.5 0.0
245.5 0.0
246.5 0.0
247.5 0.0
248.5 0.0
249.5 0.0
250.5 0.0
251.5 0.0
252.5 0.0
253.5 0.0
254.5 0.0
255.5 0.0
256.5 0.0
257.5 0.0
258.5 0.0
259.5 0.0
260.5 0.0
261.5 0.0
262.5 0.0
263.5 0.0
264.5 0.0
265.5 0.0
266.5 0.0
267.5 0.0
268.5 0.0
269.5 0.0
270.5 0.0
271.5 0.0
272.5 0.0
273.5 0.0
274.5 0.0
275.5 0.0
276.5 0.0
277.5 0.0
278.5 0.0
279.5 0.0
280.5 0.0
281.5 0.0
282.5 0.0
283.5 0.0
284.5 0.0
285.5 0.0
286.5 0.0
287.5 0.0
288.5 1.953125e-06
289.5 1.953125e-06
290.5 0.0
291.5 0.0
292.5 1.953125e-06
293.5 0.0
294.5 0.0
295.5 0.0
296.5 1.953125e-06
297.5 1.953125e-06
298.5 1.953125e-06
299.5 0.0
300.5 1.953125e-06
301.5 0.0
302.5 1.953125e-06
303.5 7.8125e-06
304.5 9.765625e-06
305.5 7.8125e-06
306.5 9.765625e-06
307.5 1.7578125000000002e-05
308.5 1.5625e-05
309.5 1.5625e-05
310.5 1.3671875e-05
311.5 3.515625000000002e-05
312.5 2.9296875000000012e-05
313.5 4.8828125000000016e-05
314.5 6.445312500000002e-05
315.5 6.445312500000002e-05
316.5 6.835937500000002e-05
317.5 0.00011523437500000005
318.5 0.00015234375000000005
319.5 0.00019531250000000012
320.5 0.00018164062500000008
321.5 0.00028125000000000014
322.5 0.00040820312500000025
323.5 0.00044921875000000024
324.5 0.0006132812500000004
325.5 0.0007617187500000005
326.5 0.0009316406250000006
327.5 0.0011816406250000008
328.5 0.001572265625000001
329.5 0.001734375000000001
330.5 0.0024023437499999987
331.5 0.002775390624999998
332.5 0.0033144531249999975
333.5 0.004115234374999994
334.5 0.0051152343749999935
335.5 0.006214843749999995
336.5 0.007246093749999995
337.5 0.008412109374999996
338.5 0.009806640624999996
339.5 0.011499999999999998
340.5 0.013179687500000002
341.5 0.015154296874999999
342.5 0.016728515625
343.5 0.018451171875000005
344.5 0.020347656250000002
345.5 0.022806640624999996
346.5 0.023962890624999997
347.5 0.025833984375000008
348.5 0.02728125000000002
349.5 0.029486328124999996
350.5 0.030593750000000003
351.5 0.03187500000000001
352.5 0.03279296875
353.5 0.033482421875
354.5 0.03408593750000001
355.5 0.034298828125000014
356.5 0.03455664062499999
357.5 0.034986328124999994
358.5 0.034226562499999995
359.5 0.033900390625
