0 1.5208292777885927e-06
1 0.0
2 1.5208292777885927e-06
3 1.5208292777885927e-06
4 1.5208292777885927e-06
5 3.0416585555771853e-06
6 1.5208292777885927e-06
7 0.0
8 1.5208292777885927e-06
9 1.5208292777885927e-06
10 0.0
11 4.562487833365778e-06
12 0.0
13 0.0
14 1.5208292777885927e-06
15 0.0
16 3.0416585555771853e-06
17 4.562487833365778e-06
18 7.6041463889429636e-06
19 3.0416585555771853e-06
20 1.3687463500097332e-05
21 7.6041463889429636e-06
22 1.8249951333463108e-05
23 1.9770780611251703e-05
24 1.3687463500097332e-05
25 1.824995133346311e-05
26 2.433326844461748e-05
27 2.737492700019466e-05
28 4.562487833365778e-05
29 3.345824411134903e-05
30 6.539565894490951e-05
31 8.212478100058406e-05
32 0.00010341639088962437
33 0.00010341639088962437
34 0.00012166634222308751
35 0.00013839546427876203
36 0.00020227029394588274
37 0.00021899941600155733
38 0.0002935200506131982
39 0.0003300199532801244
40 0.0003862906365583025
41 0.000454727954058789
42 0.00048210288105898357
43 0.0005809567841152422
44 0.0007482480046719875
45 0.0008957684446174807
46 0.0009459558107845038
47 0.0011938509830640444
48 0.0012987882032314566
49 0.0014113295697878129
50 0.0016881204983453366
51 0.0018234743040685213
52 0.002036390402958924
53 0.0022614731360716366
54 0.0024242018687950155
55 0.002620388845629742
56 0.0029990753357991037
57 0.0032439288495230666
58 0.0033184494841347074
59 0.0035237614366361654
60 0.0038659480241386005
61 0.003859864707027445
62 0.0041914054895853614
63 0.00422334290441892
64 0.004299384368308349
65 0.004249197002141324
66 0.004442342320420477
67 0.004430175686198165
68 0.004544237882032314
69 0.004296342709752771
70 0.004392154954253453
71 0.004291780221919408
72 0.004101676562195833
73 0.004007385146972937
74 0.0038629063655830215
75 0.0036545527545259852
76 0.0033975326065797127
77 0.003377761825968463
78 0.003135949970800076
79 0.0028439507494646666
80 0.002653847089741093
81 0.0024454934786840568
82 0.002416597722406072
83 0.0021367651352929714
84 0.001923849036402568
85 0.001793057718512749
86 0.0017550369865680345
87 0.0014265378625656995
88 0.001283579910453572
89 0.0012105801051197186
90 0.0010737054701187453
91 0.0009657265913957559
92 0.0008775184932840176
93 0.0007664979560054499
94 0.0007345605411718898
95 0.0007026231263383299
96 0.0005794359548374534
97 0.0005292485886704299
98 0.0004668945882810975
99 0.00044256131983648017
100 0.00039845727078061116
101 0.0003695615145026279
102 0.00033610327039127917
103 0.00026158263577963787
104 0.0002631034650574264
105 0.00027831175783531235
106 0.00020531195250146
107 0.0002159577574459801
108 0.00016424956200116806
109 0.00016577039127895656
110 0.0002098744403348258
111 0.00014904126922328222
112 0.00015664541561222507
113 0.00015512458633443646
114 0.00014295795211212778
115 0.0001429579521121277
116 0.00013839546427876193
117 0.00017489536694568813
118 0.00011862468366751033
119 0.00012774965933424188
120 0.00013231214716760763
121 0.00014599961066770497
122 0.0001596870741678022
123 0.00015816624489001363
124 0.00015968707416780226
125 0.0001505620985010707
126 0.00013687463500097337
127 0.00020227029394588283
128 0.00019466614755693975
129 0.00018402034261241963
130 0.0002113952696126143
131 0.00027070761144636947
132 0.0002554993186684834
133 0.0002935200506131982
134 0.00033001995328012457
135 0.00032849912400233585
136 0.00039389478294724533
137 0.00047449873467004047
138 0.0005855192719486076
139 0.0005627068327817789
140 0.0006083317111154364
141 0.0006965398092271749
142 0.0007406438582830438
143 0.0009292266887288294
144 0.0009854973720070076
145 0.001196892641619622
146 0.0012622883005645321
147 0.001592308253844655
148 0.0016637872299007188
149 0.0019770780611251698
150 0.002357285380572317
151 0.002632555479852053
152 0.002901742262020633
153 0.00332605363052365
154 0.0038537813899162904
155 0.004332842612419699
156 0.004661341736422036
157 0.005412631399649598
158 0.005846067743819351
159 0.006627773992602687
160 0.007248272337940432
161 0.00808016595289079
162 0.008655039419894876
163 0.009856494549347866
164 0.01034163908896243
165 0.011719510414638893
166 0.012323279637920957
167 0.012828194958146778
168 0.013932317013821291
169 0.014884356141716954
170 0.01561587502433326
171 0.016663726396729608
172 0.017150391765621963
173 0.018059847673739537
174 0.018525221432742843
175 0.018996678508857317
176 0.019731239050029204
177 0.0202118211018104
178 0.019796634708974113
179 0.01996240510025307
180 0.020035404905586907
181 0.020126654662254245
182 0.019781426416196228
183 0.0194894271948608
184 0.01888261631302316
185 0.01868034601907729
186 0.01800966030757252
187 0.0174636825968464
188 0.016383893809616506
189 0.015933728343391077
190 0.015030355752384662
191 0.014145233112711693
192 0.013287485400038929
193 0.012330883784309906
194 0.011270865777691262
195 0.010463305431185517
196 0.009496058010511968
197 0.008816247323340468
198 0.00798435370839011
199 0.007433813509830639
200 0.006703815456492117
201 0.0058050053533190565
202 0.005192111154370252
203 0.004746508175978193
204 0.004322196807475182
205 0.003719948413470896
206 0.003332136947634805
207 0.002996033677243526
208 0.002669055382518978
209 0.0022873272337940423
210 0.0021671817208487438
211 0.0017322245474012058
212 0.001616641522289274
213 0.0013383297644539612
214 0.0012257883978976048
215 0.0010143931282849909
216 0.0009809348841736413
217 0.0008090811757835308
218 0.0007847479073389132
219 0.0006767690286159232
220 0.0005961650768931279
221 0.0005307694179482188
222 0.00042887385633638307
223 0.00039085312439166806
224 0.0003726031730582051
225 0.000336103270391279
226 0.00030416585555771843
227 0.0002661451236130036
228 0.0002372493673350204
229 0.00021291609889040293
230 0.00020835361105703713
231 0.00018249951333463107
232 0.00019618697683472833
233 0.00016272873272337943
234 0.00014904126922328205
235 0.00014447878138991628
236 0.00014752043994549353
237 0.00015056209850107072
238 0.00016120790344559082
239 0.0001581662448900136
240 0.0001414371228343392
241 0.0001368746350009734
242 0.00014143712283433914
243 0.0001262288300564533
244 0.0001368746350009734
245 0.00017337453766789955
246 0.00013079131788981904
247 0.00017185370839011092
248 0.000164249562001168
249 0.00019618697683472833
250 0.00017337453766789953
251 0.00017945785477905383
252 0.0001916244890013626
253 0.0002189994160015573
254 0.0002752700992797352
255 0.00025397848939069477
256 0.0002889575627798325
257 0.000364999026669262
258 0.0003771656608915709
259 0.0003726031730582053
260 0.00046537375900330914
261 0.0004760195639478292
262 0.0005049153202258122
263 0.0005277277593926413
264 0.0006539565894490946
265 0.0007345605411718897
266 0.0007026231263383294
267 0.0009079350788397889
268 0.0010128722990072026
269 0.0011345386412302892
270 0.0012105801051197186
271 0.0013170381545649197
272 0.0014523919602881053
273 0.0016409747907338906
274 0.001747432840179093
275 0.0020303070858477697
276 0.002059202842125754
277 0.0023375145999610636
278 0.002425722698072804
279 0.0026538470897410926
280 0.0031146583609110356
281 0.0030553460190772793
282 0.003361032703912787
283 0.003359511874635
284 0.003662156900914928
285 0.003937427000194664
286 0.0040286767568619795
287 0.004168593050418529
288 0.004268967782752577
289 0.004272009441308154
290 0.004422571539809227
291 0.004384550807864509
292 0.004361738368697681
293 0.004405842417753549
294 0.004360217539419893
295 0.004305467685419506
296 0.004059093342417751
297 0.003998260171306207
298 0.003884197975472062
299 0.0035541780221919382
300 0.003581552949192133
301 0.00339144928946856
302 0.003172449873467002
303 0.0029869087015767953
304 0.002766388456297448
305 0.002567159820907143
306 0.0023177438193498134
307 0.002167181720848743
308 0.0017763285964570747
309 0.00163032898578937
310 0.0014919335215106085
311 0.0013246423009538638
312 0.0011588719096749067
313 0.0010128722990072013
314 0.0008106020050613194
315 0.0007786645902277588
316 0.000594644247615339
317 0.0005262069301148525
318 0.0004197488806696514
319 0.000366519855947051
320 0.00033001995328012446
321 0.0002752700992797351
322 0.00022660356239050027
323 0.00021443692816819153
324 0.00016424956200116803
325 9.429141522289281e-05
326 8.972892738952703e-05
327 7.604146388942969e-05
328 6.995814677827531e-05
329 5.779151255596655e-05
330 3.8020731944714825e-05
331 3.345824411134903e-05
332 2.433326844461748e-05
333 3.0416585555771844e-05
334 1.8249951333463108e-05
335 1.8249951333463108e-05
336 1.97707806112517e-05
337 1.216663422230874e-05
338 7.6041463889429636e-06
339 1.6729122055674516e-05
340 7.6041463889429636e-06
341 7.6041463889429636e-06
342 0.0
343 3.0416585555771853e-06
344 7.6041463889429636e-06
345 6.083317111154371e-06
346 1.5208292777885927e-06
347 0.0
348 3.0416585555771853e-06
349 4.562487833365778e-06
350 3.0416585555771853e-06
351 3.0416585555771853e-06
352 1.5208292777885927e-06
353 3.0416585555771853e-06
354 1.5208292777885927e-06
355 3.0416585555771853e-06
356 0.0
357 3.0416585555771853e-06
358 1.5208292777885927e-06
