0 1.5208292777885927e-06
1 1.5208292777885927e-06
2 3.0416585555771853e-06
3 0.0
4 1.5208292777885927e-06
5 4.562487833365778e-06
6 1.5208292777885927e-06
7 0.0
8 1.5208292777885927e-06
9 3.0416585555771853e-06
10 0.0
11 3.0416585555771853e-06
12 4.562487833365778e-06
13 3.0416585555771853e-06
14 0.0
15 0.0
16 4.562487833365778e-06
17 1.216663422230874e-05
18 1.5208292777885927e-06
19 9.124975666731556e-06
20 1.5208292777885925e-05
21 1.0645804944520148e-05
22 1.5208292777885924e-05
23 2.4333564556236984e-05
24 2.2812439166828884e-05
25 1.5208292777885924e-05
26 3.649990266692623e-05
27 3.193771094517995e-05
28 5.627068327817795e-05
29 3.649990266692622e-05
30 6.235400038933233e-05
31 6.539595505652903e-05
32 0.00010037502844566671
33 0.0001216663422230875
34 0.0001307913178898191
35 0.00017337453766789963
36 0.00024029161811383654
37 0.00024333298055779424
38 0.0003102494687804924
39 0.00036347878961471257
40 0.00045472884239364746
41 0.0005246863969486835
42 0.0006281030839499274
43 0.0007269578753410445
44 0.0007969163182309389
45 0.0009672486051200225
46 0.0010980414035679385
47 0.00129118672184709
48 0.0015603729117924312
49 0.0017170195118511335
50 0.0019603527885205473
51 0.0021048306815756052
52 0.0023405618846374134
53 0.0026036626846902633
54 0.0027846416648587267
55 0.0031633299316978013
56 0.0032880373402532285
57 0.003643912279590617
58 0.0037001829628687945
59 0.003920703800371379
60 0.004256805886316181
61 0.0043632677852124355
62 0.00434045475382237
63 0.0045807451874897275
64 0.004693286257934464
65 0.004787577080934121
66 0.004821034732822226
67 0.004860578959049307
68 0.0049335778760483
69 0.0047647664184370065
70 0.004591391288545866
71 0.00462028586037737
72 0.004358702040151253
73 0.004157952871594781
74 0.004107767282097472
75 0.0037990365698134334
76 0.0036910568027555854
77 0.0036545604534280927
78 0.0032606609326949355
79 0.002945850160527556
80 0.0028606831287481538
81 0.002582372555359322
82 0.00247743444685705
83 0.002173268295187712
84 0.0020500811236868356
85 0.0018432474535727288
86 0.001669873212016449
87 0.0015071438870698306
88 0.0013307270986231154
89 0.0012090613486232667
90 0.0010600197832883655
91 0.0009520397201188976
92 0.0009277067477858992
93 0.0008759979601178483
94 0.0007923520537278559
95 0.0006737297389533017
96 0.0006326655717832934
97 0.0005885615227274238
98 0.0004957915290055591
99 0.0004486452291708738
100 0.0003741245945592328
101 0.0003452288382812494
102 0.0003224158068911816
103 0.00037260376528144406
104 0.00032089527372501257
105 0.00028287483789191716
106 0.00026766624900241163
107 0.00024181274350324464
108 0.0001992292276135446
109 0.00016272873272337945
110 0.0001885834226690244
111 0.0001901039558351935
112 0.0001672918127799842
113 0.00017945815089067337
114 0.00014904156533490163
115 0.0001520829277788593
116 0.00018097927628008155
117 0.00013231214716760763
118 0.0001779370255012653
119 0.00017641649233509615
120 0.00016272902883499886
121 0.00013991658966817003
122 0.00013383327255701575
123 0.00014447878138991628
124 0.00013231214716760763
125 0.00016120790344559076
126 0.00017185370839011092
127 0.00018402034261241963
128 0.00016577039127895653
129 0.00020987503255806463
130 0.00021139556572423375
131 0.00025854097722406065
132 0.000255499614780103
133 0.0003208958659482514
134 0.00033762587633878445
135 0.00038324986633758376
136 0.000410624497226159
137 0.00042126970994743986
138 0.00047449903078166023
139 0.0005885621149506629
140 0.0006919779136170478
141 0.0007269569870061857
142 0.0008197281651745288
143 0.0008714369528425804
144 0.001060020079399985
145 0.001230352070177449
146 0.0013565832691268575
147 0.0014949778450707605
148 0.0018006645299062675
149 0.0018949577217988775
150 0.002378579951577552
151 0.0025519553775803106
152 0.002877414619696786
153 0.0031998316110344446
154 0.0036925811853728073
155 0.004121454153374334
156 0.004687206198051124
157 0.005201242940604237
158 0.0058065347698338125
159 0.006279511786891203
160 0.006915219313341699
161 0.007888555677247167
162 0.008600304667587079
163 0.00925121663736441
164 0.01025192585548874
165 0.010968237333662026
166 0.011746901331666544
167 0.012709591594515865
168 0.013816754124299484
169 0.014420526308697754
170 0.015060792177418937
171 0.015923106523487746
172 0.016548172390556382
173 0.017240144974164283
174 0.017953413313223896
175 0.018300163869117796
176 0.01889328699134373
177 0.01902560298796239
178 0.019303912969127982
179 0.019720625521251207
180 0.01950162640136128
181 0.019297831428686536
182 0.01860129576502204
183 0.018957166262685135
184 0.018184584397345303
185 0.018059873139338812
186 0.017189968564127186
187 0.01637783477365815
188 0.01599002360393368
189 0.01513987855709176
190 0.014508729965135202
191 0.013263170786626336
192 0.01261073324978532
193 0.011789487512560816
194 0.01090132025321608
195 0.01020173789709847
196 0.009264906173645839
197 0.008635282852641363
198 0.007701486865511921
199 0.0069547679812430666
200 0.006116785423060781
201 0.005823261226884911
202 0.0051814724561046015
203 0.004551849135100123
204 0.004127536286039008
205 0.003636309317648153
206 0.00331541404392314
207 0.002979308996862144
208 0.0025078498479663438
209 0.002232580933133087
210 0.002024226729852811
211 0.0017291873305199214
212 0.001590789497348203
213 0.0014371863325147954
214 0.0011482281775117233
215 0.001003749396121807
216 0.0008881648904517766
217 0.0008197278690629091
218 0.0007011049620651164
219 0.000661561031949657
220 0.0006022486901159018
221 0.0005444580658947939
222 0.00046689488439271713
223 0.00040149922544780776
224 0.0003437080090034609
225 0.0003482702007252072
226 0.00029656230139201437
227 0.0003087289356143232
228 0.00023116634633548537
229 0.0002189994160015572
230 0.00020835390716865667
231 0.0001733751298911385
232 0.00018858283044578543
233 0.00018858312655740494
234 0.00015056209850107074
235 0.00019922893150192513
236 0.00017033287911232233
237 0.00016120819955721036
238 0.00014447878138991636
239 0.00013535439794642377
240 0.0001536037570566479
241 0.00014447907750153585
242 0.00013383297644539626
243 0.00017489625528054655
244 0.00016424985811278753
245 0.0001581668371132526
246 0.00016881264205777273
247 0.00013991688577978957
248 0.00018402063872403917
249 0.00018706229727961636
250 0.00020074976077971363
251 0.00022660385850211965
252 0.00023116605022386593
253 0.00022356219994654252
254 0.00027070820366960834
255 0.00032241669522604005
256 0.00033306190794732095
257 0.0003528335768934313
258 0.0003665204481702896
259 0.0003954165005598924
260 0.0004516868877264507
261 0.0004699365429482945
262 0.000565749675783834
263 0.00056118629961561
264 0.0006387488888944478
265 0.0007147906488954962
266 0.0007497709067311119
267 0.0008866452456204658
268 0.0009824574901211474
269 0.0011603948117340323
270 0.0011984149514555073
271 0.0014493520784022447
272 0.0014965001549066468
273 0.0016774788389634892
274 0.0018082686762952097
275 0.0019481846737401417
276 0.002186957239245907
277 0.0023542478675794127
278 0.0026492884513587803
279 0.0027390161943018306
280 0.003069036739805191
281 0.003208955402254701
282 0.0034036212537000184
283 0.003648475063535601
284 0.004063661456371888
285 0.004101684557209559
286 0.004270496607044091
287 0.0043434943395966085
288 0.004498619222042664
289 0.004580741634150294
290 0.004813429994210046
291 0.004681119327600535
292 0.004789098206323526
293 0.004852975700995218
294 0.0048119115338252135
295 0.004571618731264897
296 0.0047206582238184655
297 0.0045031834865457455
298 0.004288745373931078
299 0.004129056523093555
300 0.0038735563160902154
301 0.0037701414057586882
302 0.0035633083278678213
303 0.0032865168070870584
304 0.0030948929103089343
305 0.002790727943086075
306 0.0025367467886908044
307 0.0024485380983558266
308 0.0021002678976306207
309 0.0018341242545757146
310 0.0016850818009059533
311 0.0014432687612910902
312 0.0013413731996792546
313 0.0011010818776770379
314 0.0010113535425107494
315 0.0008379781165079925
316 0.0006463530352833905
317 0.0006646038749517121
318 0.00045777020483760524
319 0.000463854410283618
320 0.0003589160056697273
321 0.0003102491726688728
322 0.00027070820366960845
323 0.00017793702550126533
324 0.00017337453766789953
325 0.00012774965933424188
326 0.00012774995544586137
327 0.00010949970800077878
328 8.668756494556935e-05
329 5.779151255596656e-05
330 5.170819544481216e-05
331 4.86668330008545e-05
332 4.714570761144639e-05
333 3.345824411134904e-05
334 2.5854097722406068e-05
335 1.6729122055674516e-05
336 4.562487833365778e-06
337 7.6041463889429636e-06
338 1.3687463500097333e-05
339 6.083317111154371e-06
340 3.0416585555771853e-06
341 9.124975666731556e-06
342 4.562487833365778e-06
343 0.0
344 7.6041463889429636e-06
345 6.083317111154371e-06
346 1.5208292777885927e-06
347 1.5208292777885927e-06
348 3.0416585555771853e-06
349 0.0
350 0.0
351 0.0
352 0.0
353 4.562487833365778e-06
354 0.0
355 4.562487833365778e-06
356 0.0
357 0.0
358 1.5208292777885927e-06
