0 0.0
1 0.0
2 0.0
3 0.0
4 0.0
5 0.0
6 0.0
7 0.0
8 0.0
9 0.0
10 0.0
11 0.0
12 0.0
13 0.0
14 0.0
15 0.0
16 0.0
17 0.0
18 0.0
19 0.0
20 0.0
21 0.0
22 0.0
23 0.0
24 0.0
25 0.0
26 0.0
27 0.0
28 0.0
29 0.0
30 0.0
31 0.0
32 0.0
33 0.0
34 0.0
35 0.0
36 0.0
37 0.0
38 0.0
39 0.0
40 0.0
41 0.0
42 0.0
43 0.0
44 0.0
45 0.0
46 0.0
47 0.0
48 0.0
49 0.0
50 0.0
51 0.0
52 0.0
53 0.0
54 0.0
55 0.0
56 0.0
57 0.0
58 0.0
59 0.0
60 0.0
61 0.0
62 0.0
63 0.0
64 0.0
65 0.0
66 0.0
67 0.0
68 0.0
69 0.0
70 0.0
71 0.0
72 0.0
73 0.0
74 0.0
75 0.0
76 0.0
77 0.0
78 0.0
79 0.0
80 0.0
81 0.0
82 0.0
83 0.0
84 0.0
85 0.0
86 0.0
87 0.0
88 0.0
89 0.0
90 0.0
91 0.0
92 0.0
93 0.0
94 0.0
95 0.0
96 0.0
97 0.0
98 0.0
99 0.0
100 0.0
101 0.0
102 0.0
103 0.0
104 0.0
105 0.0
106 0.0
107 0.0
108 0.0
109 0.0
110 0.0
111 0.0
112 0.0
113 0.0
114 0.0
115 0.0
116 0.0
117 0.0
118 0.0
119 0.0
120 1.5208292777885927e-06
121 1.5208292777885927e-06
122 0.0
123 1.5208292777885927e-06
124 0.0
125 3.0416585555771853e-06
126 1.5208292777885927e-06
127 1.5208292777885927e-06
128 1.0645804944520148e-05
129 9.124975666731556e-06
130 1.97707806112517e-05
131 2.1291609889040292e-05
132 2.5854097722406068e-05
133 4.2583219778080604e-05
134 6.235400038933233e-05
135 8.972892738952701e-05
136 8.820809811173841e-05
137 0.0001992286353903055
138 0.00025549931866848343
139 0.00029504087989098683
140 0.0003938947829472454
141 0.0005520610278372586
142 0.0007284772240607353
143 0.0009581224450068127
144 0.0013124756667315543
145 0.0016348914736227366
146 0.0018964741094023739
147 0.002453097625072997
148 0.002929117189020826
149 0.003744281681915513
150 0.004507737979365389
151 0.005397423106871714
152 0.006160879404321588
153 0.007286293069885145
154 0.008425394198948801
155 0.009398724936733506
156 0.010394868113685028
157 0.011488344364415029
158 0.012656341249756665
159 0.01359925540198559
160 0.014484378041658549
161 0.015234146875608328
162 0.0161846651742262
163 0.01680060103173058
164 0.01713518347284407
165 0.018202805625851654
166 0.01805072269807281
167 0.018187597333073777
168 0.018461346603075728
169 0.018122201674128875
170 0.0184385341639089
171 0.01847199240802025
172 0.018514575627798326
173 0.018541950554798528
174 0.018526742262020637
175 0.01942859402374926
176 0.019767738952696127
177 0.020324362468366754
178 0.021498442670819535
179 0.02230600301732528
180 0.02328541707222113
181 0.02401997761339304
182 0.02450360132372979
183 0.025957514113295686
184 0.026663178898189595
185 0.026877615826357806
186 0.026812220167412887
187 0.026959740607358385
188 0.02640463792096555
189 0.02623734670040881
190 0.025478452890792296
191 0.02443212234767373
192 0.02294475131399648
193 0.02207939945493479
194 0.020605715884757646
195 0.01920503211991435
196 0.01725837064434495
197 0.016131436149503603
198 0.014612127700992796
199 0.013146048277204588
200 0.011505073486470703
201 0.010159139575627793
202 0.008721955908117578
203 0.007477917558886511
204 0.006323608137044965
205 0.005265110959704109
206 0.004472758905976246
207 0.0038355314385828294
208 0.003082720946077475
209 0.00247286840568425
210 0.0020713694763480625
211 0.0017398286937901496
212 0.0012288300564531815
213 0.001025038933229511
214 0.0007649771267276618
215 0.0006204983453377453
216 0.00045472795405878904
217 0.0003497907338913762
218 0.0002828742456686782
219 0.0002174785867237687
220 0.0001596870741678022
221 0.00010949970800077872
222 8.060395172279544e-05
223 6.99581467782753e-05
224 5.0187366167023554e-05
225 3.345824411134904e-05
226 1.824995133346311e-05
227 1.9770780611251703e-05
228 9.124975666731556e-06
229 1.3687463500097333e-05
230 4.562487833365778e-06
231 6.083317111154371e-06
232 0.0
233 0.0
234 0.0
235 3.0416585555771853e-06
236 3.0416585555771853e-06
237 0.0
238 0.0
239 1.5208292777885927e-06
240 0.0
241 0.0
242 0.0
243 0.0
244 0.0
245 0.0
246 0.0
247 0.0
248 0.0
249 0.0
250 0.0
251 0.0
252 0.0
253 0.0
254 0.0
255 0.0
256 0.0
257 0.0
258 0.0
259 0.0
260 0.0
261 0.0
262 0.0
263 0.0
264 0.0
265 0.0
266 0.0
267 0.0
268 0.0
269 0.0
270 0.0
271 0.0
272 0.0
273 0.0
274 0.0
275 0.0
276 0.0
277 0.0
278 0.0
279 0.0
280 0.0
281 0.0
282 0.0
283 0.0
284 0.0
285 0.0
286 0.0
287 0.0
288 0.0
289 0.0
290 0.0
291 0.0
292 0.0
293 0.0
294 0.0
295 0.0
296 0.0
297 0.0
298 0.0
299 0.0
300 0.0
301 0.0
302 0.0
303 0.0
304 0.0
305 0.0
306 0.0
307 0.0
308 0.0
309 0.0
310 0.0
311 0.0
312 0.0
313 0.0
314 0.0
315 0.0
316 0.0
317 0.0
318 0.0
319 0.0
320 0.0
321 0.0
322 0.0
323 0.0
324 0.0
325 0.0
326 0.0
327 0.0
328 0.0
329 0.0
330 0.0
331 0.0
332 0.0
333 0.0
334 0.0
335 0.0
336 0.0
337 0.0
338 0.0
339 0.0
340 0.0
341 0.0
342 0.0
343 0.0
344 0.0
345 0.0
346 0.0
347 0.0
348 0.0
349 0.0
350 0.0
351 0.0
352 0.0
353 0.0
354 0.0
355 0.0
356 0.0
357 0.0
358 0.0
