0 2.5856171195996555e-05
1 3.19391916186082e-05
2 3.0417473890630368e-05
3 3.4981146285804904e-05
4 3.802428574547178e-05
5 6.539773195690749e-05
6 6.387690279444961e-05
7 9.429644958174728e-05
8 8.973544265247118e-05
9 0.0001581742404803939
10 0.00016425637326040093
11 0.0001779426519680281
12 0.00022661037307307962
13 0.00028440662410694257
14 0.00036045104945855956
15 0.0004364916246671384
16 0.000541435952090073
17 0.0006357264788627763
18 0.000787815329220018
19 0.0008790716021887933
20 0.0010539669671733194
21 0.001242561939464143
22 0.001309469839988553
23 0.0017003398442418309
24 0.00192998950663181
25 0.002129229395070702
26 0.0024592517166671275
27 0.002772553800133119
28 0.003012859338030889
29 0.003437180479370657
30 0.003396124305945198
31 0.003936030841290125
32 0.004220419698008179
33 0.00447137903424903
34 0.004614330768363408
35 0.0050584155819055985
36 0.0052211579359938655
37 0.005482750938563729
38 0.005323039283555715
39 0.005619609874804167
40 0.00561657502831568
41 0.005646998424900022
42 0.005382348958193338
43 0.005324562775646524
44 0.005301762183828554
45 0.0050781875453478915
46 0.00471774449113399
47 0.004643220599871455
48 0.004431808747085504
49 0.00412460686128426
50 0.003799120669319557
51 0.0035694763360163547
52 0.003140593893596313
53 0.0029383212298345588
54 0.0025550574465971173
55 0.0023467008739628337
56 0.002117052988819767
57 0.0017900655124429216
58 0.0017140169414133015
59 0.0014904609615412677
60 0.0011908413053706886
61 0.0010782960897092718
62 0.0010037781229868229
63 0.0008273639978136436
64 0.0007543544196430397
65 0.000725464291908581
66 0.000576415321129777
67 0.0004790798803041817
68 0.0004471406874163963
69 0.00039847296688826783
70 0.00039391048055501026
71 0.0002965738520525985
72 0.00028897533466877264
73 0.0002828846103829456
74 0.0002570391056661981
75 0.0002904911283185296
76 0.0002327022830745618
77 0.00022813446165544457
78 0.00024639033925949076
79 0.0002281371286214512
80 0.0002615941882863221
81 0.00023117700981505732
82 0.0002585554916545248
83 0.0002676869859304091
84 0.0002463879690973575
85 0.00031787286946257336
86 0.0002889667451243838
87 0.0002828902413494937
88 0.0002615930031475902
89 0.0003133059384550764
90 0.0003422088055654515
91 0.0003102719830704607
92 0.0003954366451493203
93 0.0003376380211840386
94 0.00030722380717490783
95 0.00035588826724461343
96 0.0003726203544546761
97 0.0003193913297320753
98 0.00039391700101026335
99 0.0003726224279282665
100 0.00041369518671942606
101 0.00039239824589831936
102 0.0004045633981780227
103 0.00039695451146481335
104 0.00039999291117740675
105 0.0003847852099305056
106 0.0003939128519863207
107 0.000387833091098947
108 0.0003954333865369976
109 0.00039544493927434353
110 0.000383274750212762
111 0.00041063812401401857
112 0.0003756640852146663
113 0.0003741376271624221
114 0.00043649784854944896
115 0.0004091178849980378
116 0.000488199525500439
117 0.00046995638808016354
118 0.0005748897560275073
119 0.0006144304284535594
120 0.0006980775195206912
121 0.0007543523500923115
122 0.0008684130640991812
123 0.0009748693357208192
124 0.0011102261009450296
125 0.0013368426954771264
126 0.001405277347857707
127 0.001750504704311682
128 0.0020835763850960234
129 0.002214373330260459
130 0.0025307099653724976
131 0.0029717646675578853
132 0.003481243068647889
133 0.003765642289964612
134 0.004518488023790344
135 0.004834807483390472
136 0.005554179571031784
137 0.006030199428207155
138 0.0066461663848149085
139 0.007421787535087194
140 0.007881098707561188
141 0.00859590327808672
142 0.009362424922098546
143 0.010233887344463538
144 0.010735752417396703
145 0.011458180083723781
146 0.012358504794254557
147 0.012718961768368266
148 0.013438310461923255
149 0.013629957755095385
150 0.014350828458452604
151 0.014367572686468643
152 0.01481471159583055
153 0.014931833522835673
154 0.014848167773391922
155 0.014829915154861264
156 0.014811668459140698
157 0.014162253921668897
158 0.014213965967719148
159 0.013660381447098554
160 0.013442908782722234
161 0.012638366409881781
162 0.012308312987682419
163 0.011509882060709515
164 0.011062752329422514
165 0.01044223266024143
166 0.009675707167932404
167 0.008938101121753557
168 0.0082354578509414
169 0.007814189328786107
170 0.007052245867792927
171 0.0065625112981571275
172 0.0060530189768216005
173 0.005476613432336373
174 0.00512226465517
175 0.005012759906811015
176 0.004513905400828983
177 0.004275134613723702
178 0.004024194522083899
179 0.003730668850195709
180 0.003724592348728781
181 0.003630303598279531
182 0.0034888652915756393
183 0.003604458093447456
184 0.0037169861301351546
185 0.003713947138084261
186 0.003882766293443816
187 0.004106336496826734
188 0.0042523485453360346
189 0.004586931874669052
190 0.004739028129547553
191 0.005239369705083612
192 0.0054979311269313155
193 0.005516172782293653
194 0.006130589875225469
195 0.0063769736993370746
196 0.006564061176026564
197 0.007055282812908433
198 0.0071085210172065665
199 0.007297086664063796
200 0.007383805342304609
201 0.007799003873640536
202 0.007847664483336268
203 0.007646893396981919
204 0.007683399816873492
205 0.007733585700174999
206 0.0077214258792889495
207 0.007636252326938969
208 0.007402050550429729
209 0.006840844403836147
210 0.006980752402344492
211 0.006588387633673271
212 0.006579247548583821
213 0.005970905468946586
214 0.005570913740600487
215 0.005365592017223169
216 0.004901746493864732
217 0.0045747462782273025
218 0.004148905788859561
219 0.003885799066920578
220 0.0035709844461097313
221 0.003309395587832558
222 0.0029489454249778187
223 0.002588504740117657
224 0.002308662081632893
225 0.00206989573666323
226 0.001793097109088268
227 0.0016121119069991959
228 0.0013702902783012654
229 0.001371814662764589
230 0.0011360796082902976
231 0.0009322917436786783
232 0.0009049117812813833
233 0.0007649895649155193
234 0.0007817252021190773
235 0.0006661442507113961
236 0.0006509318107553982
237 0.0005733632987828478
238 0.0005764105838051875
239 0.0005459931092223031
240 0.0005246973531939365
241 0.000498847106306822
242 0.0005201375305958077
243 0.00048668491525864446
244 0.0005429561907600613
245 0.0005064488827645626
246 0.0005505668513737027
247 0.0005429547089330564
248 0.0005855408891348084
249 0.0005612052513359122
250 0.0005794623128092433
251 0.0005444779075651241
252 0.0006372508619415915
253 0.0005596850153196084
254 0.0005520823486811783
255 0.0006205244046598308
256 0.000615961028145345
257 0.0006296514526463072
258 0.0006022785984274487
259 0.0006418160148948634
260 0.0005840301286900597
261 0.0006114068324753015
262 0.0006448606346819664
263 0.0006220446407914656
264 0.0006007554006026959
265 0.0006387814630178849
266 0.0006007533274753673
267 0.0006570287496933042
268 0.0006326960725487402
269 0.0006190074258710727
270 0.0005688168022455731
271 0.0006098780072611411
272 0.0005460043626171517
273 0.0006281338817499095
274 0.0005262329897826608
275 0.000520142268958373
276 0.0005125475995254929
277 0.0005034161082495551
278 0.0004988551017818716
279 0.0004912539182396239
280 0.00043801956154644096
281 0.00040456368805854794
282 0.0003939137355901931
283 0.0003543701019326149
284 0.0003254719763003527
285 0.0003498025788174793
286 0.0003209136352985678
287 0.0003087378202318159
288 0.0002889747402531715
289 0.00030874433630261446
290 0.00030418185077694146
291 0.0003087425583637202
292 0.0002600715813003009
293 0.00030266398319227125
294 0.00033308116304804397
295 0.00034676625465550787
296 0.0003847869872924767
297 0.000415197351619623
298 0.0004441040686426441
299 0.0005277561979917617
300 0.00046996172178124623
301 0.000653996284097018
302 0.0007604463329904606
303 0.000801525906733324
304 0.0008152050762237287
305 0.0008699549282626871
306 0.001047899952123618
307 0.001087450994340646
308 0.0011817438880448751
309 0.0012060973053477741
310 0.0014600746082152297
311 0.0015284994799130655
312 0.001703421212561206
313 0.001701905716061585
314 0.001819013421979122
315 0.0018691886427239675
316 0.0019589377147029223
317 0.002176429636833377
318 0.0020350016934592434
319 0.002088224793872692
320 0.0021764151162879594
321 0.0022707328985978117
322 0.002097347402146306
323 0.002203807524949767
324 0.0021292791867055716
325 0.002057802581503896
326 0.0019756706869019035
327 0.0018463812402236869
328 0.0018083696953539695
329 0.0016730040382434658
330 0.0014996280220942301
331 0.001492014689322543
332 0.0012715009647291111
333 0.0011407004639178173
334 0.0010844315559248494
335 0.0009946925579712434
336 0.0008197758606051414
337 0.0007376564116904707
338 0.0006540081370997766
339 0.000577951562518451
340 0.00048214168967974165
341 0.00040151522101329276
342 0.00038479824576430355
343 0.00027832419798460125
344 0.0002311814549506197
345 0.0001612206418985918
346 0.0001627423607804161
347 0.00013080109441904026
348 0.00010646930722477428
349 9.126160736238127e-05
350 7.148341980711827e-05
351 4.4107604472065084e-05
352 5.6273645086626946e-05
353 3.8024582780276274e-05
354 3.1941562472995336e-05
355 2.129457238974323e-05
356 2.433386066785649e-05
357 2.4334156779476003e-05
358 4.106772281686636e-05
