0 0.03223174615824368
1 0.030772812066674985
2 0.029291649687561518
3 0.02801327229697678
4 0.026427505245029622
5 0.02457007339434868
6 0.022814599128678986
7 0.020901407589947893
8 0.01925627610881533
9 0.017680214047434785
10 0.015891975695011253
11 0.013987634757460909
12 0.012496879755643436
13 0.010510265288963086
14 0.009379147201906995
15 0.008199751125769178
16 0.006609847198197355
17 0.0057691979121923965
18 0.00475074474078221
19 0.00401206946477014
20 0.003216913878140125
21 0.0027887509809076745
22 0.002193191303246617
23 0.0018286987339394083
24 0.0014120079590859208
25 0.0011277605929472321
26 0.0009128270686442401
27 0.0008140307669663757
28 0.0005576216382546638
29 0.00046496733675532734
30 0.0003407566689374981
31 0.0002749526330103301
32 0.00021827505484900103
33 0.00017267246637769933
34 0.0001255993930288652
35 9.742556972996249e-05
36 8.46833109839023e-05
37 8.802934064244763e-05
38 5.0247916131602826e-05
39 4.2365685051919114e-05
40 3.7730793560026034e-05
41 1.2530724332688615e-05
42 1.875387746657194e-05
43 2.1998020574891768e-05
44 1.412462959278512e-05
45 6.243191102261219e-06
46 3.130641301464406e-06
47 4.727282398879909e-06
48 4.757832603837114e-06
49 4.693886111130886e-06
50 6.257756703073685e-06
51 4.664575665401657e-06
52 4.710277518347949e-06
53 4.712761813688482e-06
54 0.0
55 0.0
56 0.0
57 1.5882293149014026e-06
58 1.584364226323261e-06
59 0.0
60 0.0
61 0.0
62 1.5500992063492063e-06
63 0.0
64 0.0
65 0.0
66 0.0
67 0.0
68 0.0
69 1.5706674708484117e-06
70 3.1573613912097057e-06
71 0.0
72 0.0
73 0.0
74 0.0
75 0.0
76 0.0
77 0.0
78 0.0
79 0.0
80 0.0
81 0.0
82 0.0
83 0.0
84 0.0
85 0.0
86 0.0
87 0.0
88 0.0
89 0.0
90 0.0
91 0.0
92 0.0
93 0.0
94 0.0
95 0.0
96 0.0
97 0.0
98 0.0
99 0.0
100 0.0
101 0.0
102 0.0
103 0.0
104 0.0
105 0.0
106 0.0
107 0.0
108 0.0
109 0.0
110 0.0
111 0.0
112 0.0
113 0.0
114 0.0
115 0.0
116 0.0
117 0.0
118 0.0
119 0.0
120 0.0
121 0.0
122 0.0
123 0.0
124 0.0
125 0.0
126 0.0
127 0.0
128 0.0
129 0.0
130 0.0
131 0.0
132 0.0
133 0.0
134 0.0
135 0.0
136 0.0
137 0.0
138 0.0
139 0.0
140 0.0
141 0.0
142 0.0
143 0.0
144 0.0
145 0.0
146 0.0
147 0.0
148 0.0
149 0.0
150 0.0
151 0.0
152 0.0
153 0.0
154 0.0
155 0.0
156 0.0
157 0.0
158 0.0
159 0.0
160 0.0
161 0.0
162 0.0
163 0.0
164 0.0
165 0.0
166 0.0
167 0.0
168 0.0
169 0.0
170 0.0
171 0.0
172 0.0
173 0.0
174 0.0
175 0.0
176 0.0
177 0.0
178 0.0
179 0.0
180 0.0
181 0.0
182 0.0
183 0.0
184 0.0
185 0.0
186 0.0
187 0.0
188 0.0
189 0.0
190 0.0
191 0.0
192 0.0
193 0.0
194 0.0
195 0.0
196 0.0
197 0.0
198 0.0
199 0.0
200 0.0
201 0.0
202 0.0
203 0.0
204 0.0
205 0.0
206 0.0
207 0.0
208 0.0
209 0.0
210 0.0
211 0.0
212 0.0
213 0.0
214 0.0
215 0.0
216 0.0
217 0.0
218 0.0
219 0.0
220 0.0
221 0.0
222 0.0
223 0.0
224 0.0
225 0.0
226 0.0
227 0.0
228 0.0
229 0.0
230 0.0
231 0.0
232 0.0
233 0.0
234 0.0
235 0.0
236 0.0
237 0.0
238 0.0
239 0.0
240 0.0
241 0.0
242 0.0
243 0.0
244 0.0
245 0.0
246 0.0
247 0.0
248 0.0
249 0.0
250 0.0
251 0.0
252 0.0
253 0.0
254 0.0
255 0.0
256 0.0
257 0.0
258 0.0
259 0.0
260 0.0
261 0.0
262 0.0
263 0.0
264 0.0
265 0.0
266 0.0
267 0.0
268 0.0
269 0.0
270 0.0
271 0.0
272 0.0
273 0.0
274 0.0
275 0.0
276 0.0
277 0.0
278 0.0
279 0.0
280 0.0
281 0.0
282 0.0
283 0.0
284 0.0
285 0.0
286 0.0
287 0.0
288 1.5811576603926332e-06
289 0.0
290 0.0
291 3.1256376325780563e-06
292 0.0
293 0.0
294 0.0
295 1.5625e-06
296 0.0
297 0.0
298 4.694775714598126e-06
299 3.14007285453664e-06
300 3.103838779961585e-06
301 7.825851630748443e-06
302 6.275786504907687e-06
303 6.239882643599352e-06
304 4.682915207869206e-06
305 1.2477535222713235e-05
306 2.187918918320588e-05
307 9.347479786777401e-06
308 1.5526763793302585e-05
309 1.8732215853713636e-05
310 1.4051194885129235e-05
311 2.6602884655904688e-05
312 6.409857786728676e-05
313 5.3066255394010387e-05
314 6.415784840181025e-05
315 7.491393363033531e-05
316 0.00012495276663815555
317 0.0001188693734002845
318 0.00015152863511622315
319 0.00021701677083306833
320 0.000293842467053059
321 0.0003465748765624456
322 0.00044659890865948255
323 0.0005639606317301102
324 0.0007112059173627712
325 0.0009325847794692056
326 0.0011279932838981553
327 0.0014141779253111456
328 0.00177269376145961
329 0.0022541158023212217
330 0.002755702789780679
331 0.003559690397779844
332 0.004261918911439962
333 0.0052493516217407355
334 0.0062762122578604584
335 0.007461792992984349
336 0.008787358471171939
337 0.010238312026385173
338 0.01196199136838322
339 0.013571262048357981
340 0.015830597599751365
341 0.01799094844401547
342 0.019765774771497473
343 0.02176101385840284
344 0.02405862721418656
345 0.02598925913618611
346 0.027606059343634914
347 0.029245621335910743
348 0.0307894894148023
349 0.031881036850001924
350 0.03308409221680054
351 0.033668039272563996
352 0.034641629128449966
353 0.035127574621705175
354 0.03508330991683304
355 0.03518659669057877
356 0.03481879539494401
357 0.0341689472620389
358 0.03374845831029863
