0 3.0416585555771853e-06
1 0.0
2 1.5208292777885927e-06
3 3.0416585555771853e-06
4 3.0416585555771853e-06
5 3.0416585555771853e-06
6 1.5208292777885927e-06
7 3.0416585555771853e-06
8 4.562487833365778e-06
9 9.124975666731556e-06
10 1.5208292777885927e-06
11 7.6041463889429636e-06
12 6.083317111154371e-06
13 3.0416585555771853e-06
14 4.562487833365778e-06
15 1.5208292777885927e-06
16 3.0416585555771853e-06
17 1.216663422230874e-05
18 9.124975666731556e-06
19 4.562487833365778e-06
20 4.562487833365778e-06
21 1.0645804944520148e-05
22 2.2812439166828884e-05
23 2.2812439166828884e-05
24 2.1291609889040292e-05
25 2.2812439166828884e-05
26 2.5854097722406068e-05
27 3.802073194471482e-05
28 2.8895756277983252e-05
29 5.170819544481217e-05
30 6.539565894490952e-05
31 8.668726883394984e-05
32 0.00012927048861203046
33 0.00013231214716760765
34 0.00021443692816819148
35 0.00021595775744598003
36 0.000246374343001752
37 0.00026158263577963787
38 0.00038933229511387956
39 0.00043647800272532584
40 0.00047145707611446347
41 0.0005976859061709166
42 0.0006965398092271752
43 0.000828851956394783
44 0.0010128722990072022
45 0.0011178095191746147
46 0.0012394758613977022
47 0.0014706419116215686
48 0.001631849815067159
49 0.0017687244500681316
50 0.0021504525987930674
51 0.0022629939653494237
52 0.0025717223087405087
53 0.0027101177730192707
54 0.00305686684835507
55 0.0032773870936344154
56 0.0034431574849133717
57 0.003633261144636946
58 0.003932864512361295
59 0.004153384757640645
60 0.004376946661475567
61 0.00433132178314191
62 0.004565529491921351
63 0.004735862371033676
64 0.0047252165660891556
65 0.004793653883589644
66 0.004869695347479068
67 0.004898591103757057
68 0.004710008273311269
69 0.004766278956589447
70 0.004694799980533384
71 0.004810383005645317
72 0.004351092563753161
73 0.004240072026474593
74 0.004303946856141713
75 0.004065176659528905
76 0.003759489974693398
77 0.0035830737784699226
78 0.003289553727856724
79 0.003260657971578739
80 0.00294736714035429
81 0.002742055187852831
82 0.0024880766984621363
83 0.00229949386801635
84 0.002075931964181428
85 0.002013577963792095
86 0.0017945785477905393
87 0.0016303289857893704
88 0.0014995376678995514
89 0.0013596213743430007
90 0.001248600837064434
91 0.0010737054701187461
92 0.0009854973720070071
93 0.0008851226396729607
94 0.0007847479073389128
95 0.000740643858283044
96 0.0006387482966712084
97 0.0005748734670040875
98 0.0005186027837259099
99 0.0004562487833365776
100 0.00041822805139186286
101 0.0004030197586139769
102 0.00033458244111349034
103 0.00027983258711310107
104 0.00030568668483550704
105 0.0003117700019466614
106 0.0002144369281681915
107 0.00025549931866848354
108 0.00022052024527934583
109 0.0001840203426124197
110 0.00017033287911232233
111 0.00014752043994549353
112 0.00013991629355655053
113 0.0001809786840568425
114 0.00013231214716760763
115 0.00013231214716760763
116 0.00010949970800077875
117 0.0001018955616118358
118 0.00011558302511193316
119 9.885390305625862e-05
120 0.00011254136655635594
121 0.00012166634222308754
122 0.00013839546427876198
123 0.00010341639088962438
124 0.00010949970800077876
125 0.00013079131788981907
126 0.0001596870741678022
127 0.00013991629355655053
128 0.00012014551294529892
129 0.00015360375705664785
130 0.00014904126922328208
131 0.00018249951333463107
132 0.0001946661475569398
133 0.0001931453182791512
134 0.0002554993186684833
135 0.00023572853805723173
136 0.0002783117578353123
137 0.00030720751411329565
138 0.00031481166050223864
139 0.0003817281487249367
140 0.00041670722211407414
141 0.0005094778080591781
142 0.0005900817597819737
143 0.0006372274673934203
144 0.000763456297449873
145 0.0008699143468950745
146 0.0009124975666731551
147 0.0010873929336188428
148 0.001227309227175394
149 0.0014052462526766582
150 0.0016242456686782153
151 0.0019071199143468939
152 0.0021063485497371985
153 0.0024257226980728035
154 0.00294888796963208
155 0.00328194958146778
156 0.0038188023165271526
157 0.004349571734475372
158 0.004804299688534164
159 0.005336589935760174
160 0.006174566867821686
161 0.007099231068717152
162 0.007567646486276035
163 0.008668726883394977
164 0.00933485010706638
165 0.01053782606579716
166 0.011339303095191744
167 0.012543799883200308
168 0.013649442768152619
169 0.014415940724158065
170 0.015348209071442477
171 0.016393018785283247
172 0.017196016643955602
173 0.018289492894685608
174 0.0188506788981896
175 0.019641510122639677
176 0.02020269612614366
177 0.02079734037375901
178 0.02099200652131595
179 0.021037631399649592
180 0.0212368600350399
181 0.020844486081370444
182 0.020474924566867815
183 0.020146425442865486
184 0.02017988368697684
185 0.018919116215690097
186 0.018184555674518203
187 0.01764466128090324
188 0.016619622347673745
189 0.015515500291999221
190 0.014712502433326847
191 0.013322464473428062
192 0.012390196126143659
193 0.011360594705080792
194 0.01044049299201869
195 0.00952343293751217
196 0.008420831711115434
197 0.007480959217442085
198 0.0069273773603270375
199 0.006244525014599957
200 0.00542479803387191
201 0.004935091006423983
202 0.004422571539809226
203 0.00375796914541561
204 0.0033884076309129824
205 0.0029154297255207296
206 0.002459180942184152
207 0.0021823900136266282
208 0.0019405781584582434
209 0.0016272873272337944
210 0.0014158920576211782
211 0.001245559178508857
212 0.0011056428849523063
213 0.0009398724936733493
214 0.0008547060541171887
215 0.0007284772240607353
216 0.0006417899552267858
217 0.0006372274673934202
218 0.0004501654662254232
219 0.00045776961261436626
220 0.00033610327039127873
221 0.00034066575822464456
222 0.0003163324897800273
223 0.0002524576601129063
224 0.00026310346505742637
225 0.0001855411718902082
226 0.00018097868405684227
227 0.00018249951333463094
228 0.00017033287911232225
229 0.00016272873272337934
230 0.0001536037570566479
231 0.00014904126922328203
232 0.00012318717150087608
233 0.00010949970800077876
234 0.00012014551294529894
235 0.0001338329764453962
236 0.00010949970800077876
237 0.00012774965933424183
238 0.00011710385438972174
239 0.00015664541561222502
240 9.885390305625858e-05
241 0.00011710385438972174
242 0.00013079131788981904
243 0.00010189556161183578
244 0.00015512458633443646
245 0.00013687463500097337
246 0.000138395464278762
247 0.00014599961066770497
248 0.00013687463500097345
249 0.00016729122055674514
250 0.00019770780611251697
251 0.00022204107455713442
252 0.00021595775744598
253 0.0002478951722795405
254 0.0002615826357796377
255 0.00031024917266887276
256 0.00032849912400233574
257 0.00037108234378041663
258 0.000375644831613782
259 0.00042583219778080585
260 0.0004973111738368696
261 0.000565748491337356
262 0.0005003528323924466
263 0.0006128941989488024
264 0.0007801854195055474
265 0.000834935273505937
266 0.0008957684446174804
267 0.0010098306404516244
268 0.00109043459217442
269 0.0011832051781195247
270 0.0012896632275647259
271 0.0014873710336772421
272 0.0016972454740120683
273 0.0018478075725131382
274 0.001831078450457464
275 0.0021778275257932633
276 0.0024804725520731915
277 0.002530659918240216
278 0.00267818035818571
279 0.0029519296281876562
280 0.0030447002141327597
281 0.0033944909480241358
282 0.003619573681136849
283 0.0038461772435273477
284 0.00388571880474985
285 0.004135134806307181
286 0.004303946856141716
287 0.004527508759976636
288 0.004518383784309907
289 0.004789091395756278
290 0.004734341541755885
291 0.0050217782752579295
292 0.00481646632275647
293 0.005026340763091297
294 0.004904674420868216
295 0.004614196028810588
296 0.0046978416390889635
297 0.004614196028810588
298 0.004513821296476543
299 0.004302426026863925
300 0.004051489196028808
301 0.003837052267860616
302 0.0036849693400817568
303 0.003429470021413275
304 0.0031998248004671977
305 0.002970179579521121
306 0.002807450846797739
307 0.002381618649016934
308 0.0022143274284601895
309 0.0021002652326260456
310 0.0018554117189020821
311 0.0015999124002335978
312 0.0014843293751216657
313 0.0013276839595094399
314 0.001128455324119135
315 0.0008699143468950747
316 0.0008166853221724734
317 0.0006874148335604432
318 0.0006007275647264939
319 0.0005414152228927388
320 0.00041366556355849703
321 0.000380207319447148
322 0.0002996033677243528
323 0.0002494160015573289
324 0.00020683278177924857
325 0.00016729122055674512
326 0.00015360375705664785
327 0.00011254136655635595
328 8.820809811173843e-05
329 8.060395172279546e-05
330 5.627068327817795e-05
331 3.345824411134903e-05
332 4.714570761144639e-05
333 3.802073194471482e-05
334 3.0416585555771844e-05
335 1.8249951333463108e-05
336 2.2812439166828884e-05
337 2.2812439166828884e-05
338 1.3687463500097332e-05
339 6.083317111154371e-06
340 6.083317111154371e-06
341 4.562487833365778e-06
342 3.0416585555771853e-06
343 1.0645804944520148e-05
344 6.083317111154371e-06
345 1.5208292777885927e-06
346 0.0
347 0.0
348 1.5208292777885927e-06
349 1.5208292777885927e-06
350 0.0
351 1.5208292777885927e-06
352 4.562487833365778e-06
353 3.0416585555771853e-06
354 0.0
355 1.5208292777885927e-06
356 0.0
357 1.5208292777885927e-06
358 1.5208292777885927e-06
