0 0.0
1 0.0
2 0.0
3 0.0
4 0.0
5 0.0
6 1.5208292777885927e-06
7 0.0
8 0.0
9 0.0
10 1.5208292777885927e-06
11 0.0
12 6.083317111154371e-06
13 0.0
14 0.0
15 3.0416585555771853e-06
16 3.0416585555771853e-06
17 1.5208292777885927e-06
18 3.0419546671966923e-06
19 1.216663422230874e-05
20 1.5208292777885927e-06
21 1.0645804944520148e-05
22 1.3687463500097332e-05
23 1.0645804944520148e-05
24 1.9771076722871208e-05
25 1.6729122055674516e-05
26 1.825024744508262e-05
27 2.4333268444617476e-05
28 2.585409772240607e-05
29 3.650019877854573e-05
30 4.410434516748871e-05
31 5.627068327817796e-05
32 5.931234183375515e-05
33 8.060395172279546e-05
34 9.429141522289281e-05
35 0.00012014551294529893
36 0.00013231214716760763
37 0.00020227147839236082
38 0.00023877108494766745
39 0.0002935203467248179
40 0.00031937414833560447
41 0.00034066664655950325
42 0.00045929162633863267
43 0.0005703118675055802
44 0.0005961662613396064
45 0.0006995847250105664
46 0.0008258117783973026
47 0.0009124987511196327
48 0.0010691456472899554
49 0.001222748516011744
50 0.0013489794188495349
51 0.001587748134904246
52 0.0017808943415182547
53 0.0018843125090775965
54 0.0020728938589652853
55 0.002287329898798617
56 0.002483518652303062
57 0.0026219161893631607
58 0.0027603122458651624
59 0.002885017285527631
60 0.003031019265088293
61 0.0031359564852557055
62 0.0032789117723632574
63 0.003497912372811292
64 0.003545060153204076
65 0.0036408706210350385
66 0.0034462106918221103
67 0.0034507675535347037
68 0.0034674978600368568
69 0.003455330337479689
70 0.003444685716981648
71 0.0032728299358102007
72 0.0032119961724754167
73 0.003110100906975202
74 0.0030173297288068573
75 0.0027907252780815005
76 0.0028272251807484267
77 0.002661456566139185
78 0.00249112102202229
79 0.0022188934696329896
80 0.0021154782631898432
81 0.0019633947431877455
82 0.0018767054015724584
83 0.001709413292680855
84 0.0015649353996257975
85 0.0014311027192920203
86 0.0012927066627900204
87 0.0012136244286798724
88 0.0010813102087309275
89 0.0010356865148437484
90 0.0009413950996208554
91 0.0008060412938976708
92 0.0006889362550614714
93 0.0007147912411187359
94 0.0005931251950072677
95 0.0005520628045069758
96 0.0005140414803390219
97 0.0005246863969486839
98 0.00042431196072625606
99 0.00042279083533684785
100 0.0003254577615583783
101 0.00030872923172594257
102 0.00030872863950270364
103 0.0002676665451140313
104 0.00025397967383717273
105 0.0002357297225037098
106 0.00019618697683472833
107 0.00018706229727961642
108 0.00017337453766789947
109 0.00018402063872403912
110 0.00018554117189020826
111 0.0001505620985010707
112 0.00015816654100163314
113 0.00016120819955721025
114 0.00015512517855767544
115 0.00014599990677932443
116 0.0001353541018348043
117 0.0001399162935565506
118 0.0001003750284456667
119 0.00013839576039038147
120 0.00013687463500097337
121 0.0001520829277788593
122 0.0001155830251119331
123 0.00013991629355655056
124 0.00013231214716760763
125 0.00015208292777885922
126 0.0001551245863344364
127 0.00017793732161288484
128 0.0001794581508906735
129 0.00019162448900136256
130 0.00019466614755693983
131 0.00023116634633548548
132 0.00025549931866848343
133 0.00031633248978002714
134 0.00032241610300280107
135 0.0003330622040589409
136 0.00038020731944714807
137 0.0004349586540056348
138 0.0004912287450605738
139 0.0005551035747276947
140 0.0006357078225621094
141 0.0007832288547308417
142 0.0008166862105073321
143 0.0008258117783973031
144 0.001015916622567355
145 0.0011710400244553127
146 0.0013535413144596614
147 0.0015193093368456607
148 0.0018888741085761036
149 0.002060727520854595
150 0.0024196420459662252
151 0.002561080353247042
152 0.003243933291197359
153 0.0035557018125859196
154 0.003767100043314734
155 0.004486454956713314
156 0.005082616776378628
157 0.005610348681333941
158 0.006113740803389008
159 0.006941075483845439
160 0.007690844613906836
161 0.008481676726691761
162 0.009350071132643906
163 0.010300591207931495
164 0.01115833862449264
165 0.012198583777718697
166 0.013089798913963018
167 0.014314063817578253
168 0.014963461176421809
169 0.015863791812761034
170 0.017314661759324865
171 0.018167856755847714
172 0.018792913147344537
173 0.019539639138292257
174 0.02017839009996804
175 0.02105743416031576
176 0.02150759873820632
177 0.02175092816542469
178 0.022153950292931615
179 0.021889332513052046
180 0.02217068148776864
181 0.02206878681449164
182 0.02162014158532078
183 0.02153497307298329
184 0.02058901933498011
185 0.02020880579718896
186 0.019407328767794364
187 0.018742727557847224
188 0.01788954144467297
189 0.01702570330821018
190 0.01598698224148971
191 0.014884377757865181
192 0.013800022929462474
193 0.013027443433015587
194 0.012093649222555859
195 0.01104884069316158
196 0.01022150601270515
197 0.009290760863591483
198 0.008325031014967916
199 0.00762088735546342
200 0.006828533821177464
201 0.006131989866387613
202 0.005415681349330524
203 0.005021785974160038
204 0.004392161764820704
205 0.003864431932646722
206 0.003391453138919613
207 0.0030948905414159775
208 0.002690349657412594
209 0.0023648913036309776
210 0.0020516025451878636
211 0.0019192889174621589
212 0.0015360402355710527
213 0.0014052498060160928
214 0.0012029774392888731
215 0.001146707940457173
216 0.000900331820785705
217 0.0007923535342859539
218 0.0007665003248984063
219 0.0006478747528960374
220 0.0005855201602834666
221 0.00047297879372711066
222 0.00046689518050433684
223 0.0004668954766159564
224 0.00032849971622557483
225 0.0003300202493917439
226 0.0003072081063365347
227 0.000305686684835507
228 0.00023420800489106264
229 0.0002570213323927503
230 0.00020074976077971354
231 0.0001840203426124196
232 0.00014599961066770492
233 0.00016424985811278753
234 0.0001459996106677049
235 0.00013383297644539618
236 0.00016272902883499892
237 0.00015816654100163314
238 0.0001672912205567452
239 0.00013687493111259292
240 0.00017489536694568813
241 0.00015056269072430973
242 0.0001262294222796923
243 0.0001383963526136205
244 0.00015664541561222504
245 0.0001338329764453962
246 0.00015664571172384453
247 0.0001688120498345338
248 0.00020379112322367143
249 0.00015360434927988683
250 0.00021747858672376867
251 0.0002190000082247962
252 0.0002478960606143991
253 0.000231166050223866
254 0.00026614571583624246
255 0.0003148125488370971
256 0.00027070790755798885
257 0.00032241580689118174
258 0.00037260435750468304
259 0.00041214562261556695
260 0.00044560416283853535
261 0.00048210436161708124
262 0.0005201239091153181
263 0.0005551035747276944
264 0.0006281036761731662
265 0.000678290450116951
266 0.0007269581714526639
267 0.0007893121718419961
268 0.0009185820682307872
269 0.000955081082562855
270 0.001108687800735698
271 0.0012014569061227045
272 0.0012394797108487565
273 0.0014174161441267818
274 0.001534518814070025
275 0.001727664132349176
276 0.0017428747940200185
277 0.0019405814156860583
278 0.00217630965763167
279 0.002278205515355125
280 0.002459184791635206
281 0.0025245807466917356
282 0.00268426634030144
283 0.0029230394980304455
284 0.0029215171881945587
285 0.0030796855058659077
286 0.0033488737685925855
287 0.003388413849256992
288 0.003411228361205158
289 0.003507037644589644
290 0.0035389786127626366
291 0.0035070388290361207
292 0.0036925814814844278
293 0.003531371505257499
294 0.0036150150427545352
295 0.0033458312217021498
296 0.0034233926265345113
297 0.0032773950886481407
298 0.0031785388166989267
299 0.0030994565825887793
300 0.0029610611183100164
301 0.002798328536135584
302 0.0025306646560261303
303 0.002319270866971613
304 0.0022508323650246476
305 0.0021124339396296917
306 0.0018082674918487322
307 0.0016759583057973208
308 0.0015390824863498697
309 0.0014311030154036397
310 0.0012273133727380668
311 0.001025041302122467
312 0.0009307498868995741
313 0.0008227707120649648
314 0.0007801866039520252
315 0.0006311453347287437
316 0.0005596672470075383
317 0.00044408392578398594
318 0.00041822864361510195
319 0.00032697977528264497
320 0.0002691876705034393
321 0.00022052024527934586
322 0.00020683455844896554
323 0.00016729151666836466
324 0.0001703331752239418
325 0.00011862527589074934
326 8.212507711220356e-05
327 5.475074233524788e-05
328 5.931234183375513e-05
329 5.0187366167023574e-05
330 4.562517444527729e-05
331 6.235429650095182e-05
332 2.5854097722406068e-05
333 2.4333268444617476e-05
334 1.8249951333463108e-05
335 1.216663422230874e-05
336 1.216663422230874e-05
337 1.0646101056139655e-05
338 4.562487833365778e-06
339 7.6041463889429636e-06
340 7.6041463889429636e-06
341 4.562487833365778e-06
342 4.562487833365778e-06
343 6.083317111154371e-06
344 4.562487833365778e-06
345 3.0416585555771853e-06
346 1.5208292777885927e-06
347 4.562487833365778e-06
348 3.0416585555771853e-06
349 3.0416585555771853e-06
350 0.0
351 3.0416585555771853e-06
352 1.5208292777885927e-06
353 0.0
354 0.0
355 0.0
356 0.0
357 0.0
358 0.0
