0 0.0
1 0.0
2 0.0
3 1.5208292777885927e-06
4 0.0
5 1.5208292777885927e-06
6 0.0
7 0.0
8 0.0
9 1.5208292777885927e-06
10 1.5208292777885927e-06
11 1.5208292777885927e-06
12 6.083317111154371e-06
13 3.0416585555771853e-06
14 0.0
15 0.0
16 7.6041463889429636e-06
17 3.0416585555771853e-06
18 6.083317111154371e-06
19 1.0645804944520148e-05
20 9.124975666731556e-06
21 4.562487833365778e-06
22 1.0645804944520148e-05
23 4.562487833365778e-06
24 1.0645804944520148e-05
25 2.2812439166828884e-05
26 3.0416585555771844e-05
27 3.954156122250341e-05
28 2.2812439166828884e-05
29 4.562487833365778e-05
30 5.1708195444812177e-05
31 7.604146388942968e-05
32 9.733307377847e-05
33 0.00010341639088962441
34 0.0001459996106677049
35 0.0001992286353903056
36 0.0001916244890013626
37 0.0002539784893906948
38 0.0003056866848355069
39 0.0003437074167802216
40 0.0004516862955032118
41 0.00047297790539225213
42 0.0005170819544481212
43 0.000707185614171695
44 0.000752810492505353
45 0.0008577477126727659
46 0.00109043459217442
47 0.0013216006423982854
48 0.0014006837648432927
49 0.0016227248394004275
50 0.0017307037181234178
51 0.00208353611057037
52 0.00219151498929336
53 0.0024485351372396315
54 0.002637117967685418
55 0.0028272216274089915
56 0.0031389916293556547
57 0.0031846165076893102
58 0.003535928070858475
59 0.0037458025111933024
60 0.003943510317305818
61 0.003999781000583996
62 0.004259842807085847
63 0.004276571929141518
64 0.004568571150476932
65 0.004659820907144248
66 0.004649175102199726
67 0.004615716858088379
68 0.004539675394198947
69 0.004459071442476149
70 0.004395196612809032
71 0.004297863539030559
72 0.004293301051197193
73 0.0041716347089741064
74 0.0036591152423593514
75 0.0036591152423593527
76 0.003499428168191548
77 0.0033154078255791283
78 0.0030355752384660286
79 0.0029275963597430385
80 0.0027390135292972534
81 0.002506326649795599
82 0.0022401815261825944
83 0.002082015281292583
84 0.0018919116215690072
85 0.0018402034261241955
86 0.0015436417169554214
87 0.0014904126922328205
88 0.0013398505937317494
89 0.001178642690286159
90 0.0010691429822853801
91 0.0009520391278956586
92 0.0008516643955616112
93 0.0008379769320615142
94 0.0006995814677827523
95 0.0006600399065602485
96 0.0005322902472260074
97 0.0005383735643371614
98 0.00047906122250340657
99 0.00043799883200311445
100 0.0003923739536694569
101 0.00038172814872493646
102 0.0003376240996690675
103 0.00029656170916877544
104 0.00026766595289079225
105 0.00026918678216858086
106 0.00027070761144636936
107 0.0002037911232236714
108 0.00019466614755693978
109 0.00018402034261241963
110 0.00021747858672376867
111 0.0001596870741678022
112 0.000174895366945688
113 0.00016729122055674514
114 0.00017489536694568813
115 0.00012774965933424188
116 0.00015360375705664783
117 0.00016881204983453375
118 0.00013687463500097345
119 0.00014599961066770494
120 0.00013231214716760765
121 0.00015816624489001365
122 0.00015664541561222507
123 0.00016272873272337937
124 0.00015208292777885933
125 0.00013535380572318482
126 0.00014447878138991633
127 0.00016577039127895656
128 0.0001992286353903056
129 0.0001855411718902083
130 0.00023420770877944315
131 0.00021291609889040287
132 0.00026614512361300364
133 0.0003041658555577184
134 0.0002965617091687755
135 0.0003908531243916684
136 0.0003954156122250341
137 0.0004866653688923493
138 0.00047906122250340635
139 0.0005246861008370643
140 0.0006037692232820709
141 0.0007421646875608326
142 0.000822768639283628
143 0.0009155392252287323
144 0.0011178095191746147
145 0.0012470800077866448
146 0.0013611422036207894
147 0.0015725374732334042
148 0.0017687244500681314
149 0.0019527447926805522
150 0.0024211602102394386
151 0.0025823681136850274
152 0.0031116167023554583
153 0.0033792826552462517
154 0.0037746982674712816
155 0.0042507178314191135
156 0.0046385292972552054
157 0.00526206930114853
158 0.005879525987930693
159 0.006489378528323927
160 0.00730302219194082
161 0.007902228927389524
162 0.008609414541561222
163 0.009640536791901884
164 0.01032338913762897
165 0.011298240704691457
166 0.012049530367919016
167 0.013162777399260268
168 0.013574922133540978
169 0.014680565018493278
170 0.015843999416001557
171 0.016119269515281292
172 0.017206662448900133
173 0.017401328596457086
174 0.01856780465252094
175 0.01854042972552075
176 0.01910009489974694
177 0.019498552170527546
178 0.01983921792875219
179 0.01967192670819544
180 0.019764697294140553
181 0.019903092758419314
182 0.019668885049639876
183 0.0194118649016936
184 0.018995157679579513
185 0.01843549250535332
186 0.017681161183570174
187 0.017104766887288306
188 0.016216602589059766
189 0.015500291999221327
190 0.01462733599377068
191 0.01387148384270975
192 0.012867736519369278
193 0.011941551489196033
194 0.011193303484524046
195 0.010397909772240612
196 0.00952039127895659
197 0.00885883054311855
198 0.007841395756277984
199 0.007173751703328791
200 0.006454399454934785
201 0.005791317889818961
202 0.005298569203815455
203 0.004938132664979558
204 0.004437779832587112
205 0.0036986568035818545
206 0.0033610327039127886
207 0.0030386168970216055
208 0.0026340763091298384
209 0.0023359937706832774
210 0.001990765524625267
211 0.001618162351567061
212 0.0015877457660112898
213 0.001336808935176172
214 0.0011801635195639467
215 0.0011102053727856719
216 0.0009444349815067154
217 0.0008866434689507484
218 0.0007102272727272725
219 0.0006265816624489
220 0.0005870401012263967
221 0.0004881861981701379
222 0.0003862906365583026
223 0.00041974888066965125
224 0.00037108234378041636
225 0.00033154078255791307
226 0.00030568668483550704
227 0.00024637434300175205
228 0.0002463743430017519
229 0.00019314531827915114
230 0.0001946661475569398
231 0.00018554117189020818
232 0.00016881204983453373
233 0.00015056209850107066
234 0.00014295795211212775
235 0.00014599961066770497
236 0.00013839546427876195
237 0.0001520829277788593
238 0.00014752043994549353
239 0.00014447878138991633
240 0.00013231214716760763
241 0.000138395464278762
242 0.00013231214716760765
243 0.00017337453766789947
244 0.0001338329764453962
245 0.00011710385438972175
246 0.00016729122055674517
247 0.0001444787813899164
248 0.00018249951333463107
249 0.000182499513334631
250 0.000190103659723574
251 0.00019162448900136264
252 0.00022812439166828888
253 0.00023116605022386588
254 0.0002524576601129064
255 0.00029047839205762117
256 0.00028895756277983256
257 0.0003528323924469534
258 0.00042735302705859435
259 0.00035587405100253054
260 0.00043495717344753723
261 0.0004638529297255206
262 0.0005748734670040874
263 0.0006083317111154365
264 0.0006235400038933222
265 0.0007330397118941013
266 0.0007436855168386208
267 0.0008927267860619028
268 0.0009809348841736416
269 0.0010767471286743228
270 0.0011801635195639476
271 0.0013550588865096345
272 0.001446308643176951
273 0.001548204204788786
274 0.0017504744987346691
275 0.0019740364025695916
276 0.002066806988514696
277 0.0023588062098501045
278 0.002431806015183959
279 0.0026371179676854166
280 0.0028698048471870723
281 0.00304470021413276
282 0.003210470605411717
283 0.00353136558302511
284 0.0037868649016935944
285 0.0038127189994159993
286 0.0038674688534163885
287 0.004136655635584971
288 0.0043221968074751765
289 0.004392154954253452
290 0.004533592077087794
291 0.004459071442476154
292 0.004398238271364606
293 0.00462180017519953
294 0.00452750875997664
295 0.004530550418532216
296 0.004305467685419505
297 0.004132093147751604
298 0.0040743016351956355
299 0.0041427389526961225
300 0.0037503649990266656
301 0.0035237614366361684
302 0.003430990850691064
303 0.003181574849133732
304 0.002964096262409965
305 0.0027238052365193685
306 0.0024865558691843483
307 0.0022675564531827908
308 0.0020044529881253635
309 0.0018204326455129435
310 0.0016120790344559066
311 0.00138243381350983
312 0.0013109548374537663
313 0.0010661013237298026
314 0.0009109767373953665
315 0.000793872883005645
316 0.0007315188826163128
317 0.0005672693206151449
318 0.0004957903445590808
319 0.00038933229511387956
320 0.00034979073389137627
321 0.00023877019661280884
322 0.00022204107455713452
323 0.00019162448900136262
324 0.00015512458633443643
325 0.00012927048861203046
326 0.00012927048861203046
327 6.99581467782753e-05
328 8.060395172279546e-05
329 5.018736616702358e-05
330 4.866653688923499e-05
331 5.627068327817796e-05
332 3.193741483356044e-05
333 2.737492700019466e-05
334 1.3687463500097332e-05
335 1.3687463500097332e-05
336 1.824995133346311e-05
337 1.0645804944520148e-05
338 9.124975666731556e-06
339 6.083317111154371e-06
340 4.562487833365778e-06
341 1.5208292777885927e-06
342 3.0416585555771853e-06
343 4.562487833365778e-06
344 0.0
345 0.0
346 1.5208292777885927e-06
347 0.0
348 1.5208292777885927e-06
349 0.0
350 3.0416585555771853e-06
351 0.0
352 3.0416585555771853e-06
353 1.5208292777885927e-06
354 0.0
355 1.5208292777885927e-06
356 3.0416585555771853e-06
357 3.0416585555771853e-06
358 0.0
