0 6.083317111154371e-06
1 1.5208292777885927e-06
2 1.5208292777885927e-06
3 3.0416585555771853e-06
4 4.562487833365778e-06
5 3.0416585555771853e-06
6 1.5208292777885927e-06
7 9.124975666731556e-06
8 1.5208292777885927e-06
9 4.562487833365778e-06
10 4.562487833365778e-06
11 3.0419546671966923e-06
12 7.6041463889429636e-06
13 1.0645804944520148e-05
14 1.5208292777885927e-06
15 1.368775961171684e-05
16 3.0416585555771853e-06
17 1.5208292777885924e-05
18 2.2812439166828884e-05
19 1.5208292777885927e-05
20 1.6729122055674516e-05
21 2.7374927000194663e-05
22 4.106239050029201e-05
23 3.649990266692622e-05
24 5.018736616702359e-05
25 5.322902472260076e-05
26 9.58125406123009e-05
27 8.820869033497745e-05
28 0.00012622912616807276
29 0.0001444796697247749
30 0.00016425015422440696
31 0.00018554146800182775
32 0.00024333298055779416
33 0.0002965623013920146
34 0.000345229726616108
35 0.0004167078143373133
36 0.0004425622081713391
37 0.0005611877801737074
38 0.0006113748502291116
39 0.0007482506696765624
40 0.0008790437642360987
41 0.0009718119812882466
42 0.0011634385430709456
43 0.001201456610011085
44 0.0014128539524050356
45 0.001659228295406787
46 0.001744395031074569
47 0.0019740408442438843
48 0.002199123873468217
49 0.0024713555714201882
50 0.0025443533039727034
51 0.00280593712419882
52 0.0031800602381999547
53 0.0032561022943126245
54 0.0034948751559300078
55 0.003575479403764422
56 0.00390853805448393
57 0.0039693753711581466
58 0.004199019111546127
59 0.004247684167877265
60 0.0043784760779903235
61 0.004427144391549274
62 0.004497097504430018
63 0.004618768584439018
64 0.004755641738881893
65 0.004606600469658613
66 0.004687204717493028
67 0.004702414194717389
68 0.004494059991437113
69 0.004500144492994748
70 0.004381517736545899
71 0.0043495818022704375
72 0.004305476568768088
73 0.004202061362324944
74 0.003937437067989726
75 0.0036864993488197506
76 0.0036728104047615544
77 0.003545058080422738
78 0.003288038228588087
79 0.0031496442448674215
80 0.0029595417695903246
81 0.002675142549081186
82 0.002515456659359862
83 0.002410517958634352
84 0.002194559608965133
85 0.00210026819374224
86 0.00195883195924276
87 0.0017732878262363568
88 0.001596873702794217
89 0.001590790089571443
90 0.001361143388067268
91 0.0013398529626247053
92 0.001193854832515099
93 0.0010767492014556593
94 0.0010296023093977352
95 0.0009702902636755996
96 0.0008121237226739668
97 0.0008288531408412604
98 0.0007558539277306471
99 0.0007163117742849046
100 0.0006539571816723334
101 0.0005125200588379944
102 0.0004912284489489545
103 0.0004775412815604763
104 0.0004258333822272837
105 0.00041670781433731307
106 0.0003756448316137822
107 0.000363478493503093
108 0.0003072078102249152
109 0.0002874373257252831
110 0.00027222873683577746
111 0.0002904786881692406
112 0.0002676659528907923
113 0.0002448535137239634
114 0.00020835390716865664
115 0.00018554117189020815
116 0.00019162478511298208
117 0.00018858283044578543
118 0.00021747858672376867
119 0.00018858283044578548
120 0.00021899941600155717
121 0.0002053122486130794
122 0.00019162508122460165
123 0.00018097868405684254
124 0.00019922893150192513
125 0.00020987444033482565
126 0.00023572853805723182
127 0.00020683278177924857
128 0.00025397878550231437
129 0.0002189994160015573
130 0.0002266035623905002
131 0.0002798331793363398
132 0.00028135341639088957
133 0.0003604368349475159
134 0.00031937444444722396
135 0.0004075825425589621
136 0.00042583249389242523
137 0.00047297849761549106
138 0.0005292485886704301
139 0.0005885618188390438
140 0.0005916034773946205
141 0.0007573744608968164
142 0.0007953943045066726
143 0.0008577494893424826
144 0.0009946244204550756
145 0.0011786453552907338
146 0.00133681041573427
147 0.0015542881141231795
148 0.0017018103307383904
149 0.0019527462732386498
150 0.0022462657316286083
151 0.0024652672204115026
152 0.002816577895245808
153 0.0030599102835803635
154 0.003469013951528733
155 0.003922221668532972
156 0.004483409152595062
157 0.0050704495499330786
158 0.005586010675103414
159 0.006363153843830143
160 0.006971487035503676
161 0.007692360409287089
162 0.00872348710130205
163 0.009619254657584671
164 0.01050589990320514
165 0.011404707637485243
166 0.012305042419387137
167 0.013292060620671937
168 0.014158937158462481
169 0.0150699115269649
170 0.01596568234047534
171 0.01685840468486295
172 0.017843906202432626
173 0.018648424594271174
174 0.01926436430122661
175 0.01948792590894992
176 0.01984836096722772
177 0.02030004667050769
178 0.02078062961062374
179 0.020439962667952633
180 0.020166214286285514
181 0.020059760382403004
182 0.019624799655616015
183 0.019346487897780713
184 0.018589115805776844
185 0.0178986557603214
186 0.01686753232553426
187 0.016496454423428134
188 0.015244807486133822
189 0.014344475665348121
190 0.013469999422842915
191 0.012438873915274432
192 0.011610020182209939
193 0.010461790228028497
194 0.009742441532973937
195 0.00872804899691218
196 0.00803150859546176
197 0.00718592840534616
198 0.00645896756888892
199 0.005864324505720063
200 0.005202762289323926
201 0.0045457625607611555
202 0.004126015752872838
203 0.00357851543619923
204 0.0031739739599726037
205 0.0028013722674724976
206 0.0024804761054126262
207 0.0022401841911871704
208 0.0019344966180168057
209 0.0016987695605176706
210 0.0015010605699586766
211 0.001256206167899855
212 0.0011436650974551187
213 0.0010098321210097222
214 0.0007938740674521228
215 0.0007588952901746047
216 0.0006585211500637967
217 0.0005931248988956484
218 0.0005003534246156858
219 0.0004653746473381678
220 0.00040149981767104696
221 0.00039237513811593474
222 0.0003421868836140526
223 0.0002615835241144963
224 0.0003102494687804923
225 0.0003102500610037314
226 0.000246374343001752
227 0.00021899941600155725
228 0.00020987473644644514
229 0.00017337453766789955
230 0.00018706229727961636
231 0.00017641619622347672
232 0.0001536040531682674
233 0.00017185400450173043
234 0.0001353543979464238
235 0.0001566454156122251
236 0.0001353543979464238
237 0.0001307913178898191
238 0.00014752132828035203
239 0.0001277499554458614
240 0.00010493722016741298
241 0.00013839546427876198
242 0.00013231244327922712
243 0.00016120790344559082
244 0.00017033287911232225
245 0.00015816624489001365
246 0.00018706259339123583
247 0.00020379141933529076
248 0.00020531254472469897
249 0.00016424956200116793
250 0.00021747917894700763
251 0.00022508302922433096
252 0.00028135400861412855
253 0.0002965628936152533
254 0.000287437325725283
255 0.00031785391128105473
256 0.0003741245945592325
257 0.0003573951763919388
258 0.00035891659789296634
259 0.00041974917678127107
260 0.00043952025350414215
261 0.0005125209471728531
262 0.0005733544143960161
263 0.0006311450386171239
264 0.0006798127599528368
265 0.0006843743594513444
266 0.0009064157301200983
267 0.00088816873990283
268 0.0009885413994555404
269 0.001133022845850033
270 0.0011801673690150006
271 0.0012273136688496862
272 0.0014326244369046676
273 0.0014949805100753363
274 0.0016820448801362895
275 0.0017626464629661286
276 0.001881271146633639
277 0.002072898596751196
278 0.0021854405555307914
279 0.002401396536307055
280 0.002472878769590932
281 0.0026051844023029106
282 0.0027207689079729418
283 0.0029291254801461736
284 0.0030310234106509645
285 0.0032515442481535505
286 0.003359521350206823
287 0.0034507737718787127
288 0.0035952513688221528
289 0.003529858374881819
290 0.0037214801988786064
291 0.0038537958993856473
292 0.003910066582663825
293 0.0038553146558821007
294 0.0038477146550558294
295 0.003972417621936963
296 0.0037686297559411065
297 0.0038705253175529406
298 0.0037245221535458016
299 0.0037929627282741025
300 0.0036500015189341603
301 0.0036515241248816664
302 0.0034492553114938824
303 0.0032941274679316314
304 0.0030523159088748654
305 0.003059919166928949
306 0.00283331530842683
307 0.002655376210144227
308 0.002465273734867133
309 0.0024059602085868973
310 0.0020789828021972093
311 0.0019208138923026206
312 0.0017702532743596477
313 0.0015953549462977643
314 0.0014828135797414085
315 0.0012835846482394837
316 0.001131501424349004
317 0.0010585016190151524
318 0.0008988115837311552
319 0.0007360828510077761
320 0.0007087088123424397
321 0.0005931240105607902
322 0.0005216459228395846
323 0.00045016783511837936
324 0.00033610504706099584
325 0.0003224175835608985
326 0.0002615835241144964
327 0.0002220419628919929
328 0.000179459631448771
329 0.00016425045033602643
330 0.00013383327255701575
331 0.00011862468366751032
332 8.060395172279546e-05
333 8.060424783441497e-05
334 4.7145707611446384e-05
335 5.0187366167023574e-05
336 3.9541857334122924e-05
337 3.345824411134903e-05
338 2.5854097722406068e-05
339 2.2812439166828884e-05
340 2.2812439166828884e-05
341 1.0646101056139655e-05
342 1.97707806112517e-05
343 1.3687463500097333e-05
344 1.6729122055674516e-05
345 7.6041463889429636e-06
346 7.6044425005624705e-06
347 1.216663422230874e-05
348 4.562487833365778e-06
349 1.0645804944520148e-05
350 7.6041463889429636e-06
351 4.562487833365778e-06
352 3.0419546671966923e-06
353 9.124975666731556e-06
354 3.0416585555771853e-06
355 6.083317111154371e-06
356 4.562487833365778e-06
357 1.5208292777885927e-06
358 6.083317111154371e-06
