0 0.0
1 1.5208292777885927e-06
2 0.0
3 1.5208292777885927e-06
4 1.5208292777885927e-06
5 3.0416585555771853e-06
6 1.5208292777885927e-06
7 1.5208292777885927e-06
8 0.0
9 4.562487833365778e-06
10 0.0
11 1.5208292777885927e-06
12 1.5208292777885927e-06
13 1.5208292777885927e-06
14 4.562487833365778e-06
15 4.562487833365778e-06
16 6.083317111154371e-06
17 4.562487833365778e-06
18 6.083317111154371e-06
19 4.562487833365778e-06
20 7.6041463889429636e-06
21 4.562487833365778e-06
22 1.0645804944520148e-05
23 1.8249951333463108e-05
24 1.6729122055674516e-05
25 2.737492700019466e-05
26 4.714570761144639e-05
27 3.802073194471481e-05
28 3.8020731944714825e-05
29 5.018736616702357e-05
30 6.0833171111543756e-05
31 6.843731750048671e-05
32 8.060395172279546e-05
33 0.00010797887872299018
34 0.00017489536694568813
35 0.0001703328791123223
36 0.00019770780611251694
37 0.0002478951722795404
38 0.0003011241970021412
39 0.0003330616118357016
40 0.00037868649016935935
41 0.00047601956394782935
42 0.0005703109791707219
43 0.0007649771267276617
44 0.0008623102005061314
45 0.0009429141522289269
46 0.0010873929336188432
47 0.0012546841541755875
48 0.0014584752773992597
49 0.001551245863344364
50 0.0017307037181234174
51 0.001975557231847381
52 0.0022660356239050023
53 0.0025823681136850295
54 0.002795284212575433
55 0.0030051586529102558
56 0.0031572415806891173
57 0.0035648238271364587
58 0.003646948608137045
59 0.003806635682304846
60 0.004042364220362077
61 0.004177718026085263
62 0.0042765719291415205
63 0.0044408214911426875
64 0.004565529491921352
65 0.004516862955032117
66 0.00468871666342223
67 0.004743466517422618
68 0.004713049931866849
69 0.004469717247420671
70 0.00450317549153202
71 0.0043130718318084476
72 0.004331321783141906
73 0.004028676756861978
74 0.004113843196418142
75 0.003732115047693203
76 0.003700177632859645
77 0.003323011971968072
78 0.0031024917266887267
79 0.0029732212380766954
80 0.002898700603465057
81 0.002486555869184348
82 0.0023648895269612604
83 0.0020926610862371017
84 0.001919286548569204
85 0.0018097868405684246
86 0.0017337453766789945
87 0.0015253917656219572
88 0.0013824338135098298
89 0.0012333925442865475
90 0.0011573510803971174
91 0.001002226494062682
92 0.0008623102005061312
93 0.0008060395172279533
94 0.0006798106871715005
95 0.0006372274673934202
96 0.000573352637726299
97 0.0005551026863928359
98 0.0005262069301148526
99 0.00047297790539225175
100 0.000364999026669262
101 0.00037108234378041647
102 0.00031024917266887287
103 0.00026766595289079214
104 0.00029352005061319817
105 0.00024333268444617464
106 0.00025702014794627204
107 0.0002174785867237686
108 0.0002098744403348256
109 0.00018402034261241968
110 0.00020683278177924854
111 0.0001612079034455908
112 0.00018249951333463104
113 0.00017337453766789953
114 0.00015512458633443643
115 0.000164249562001168
116 0.00015664541561222504
117 0.00014447878138991625
118 0.00016424956200116793
119 0.0001551245863344364
120 0.000156645415612225
121 0.00013839546427876206
122 0.0001414371228343392
123 0.00014143712283433917
124 0.00015512458633443643
125 0.00015816624489001365
126 0.00015512458633443652
127 0.00020683278177924857
128 0.00023268687950165465
129 0.00021291609889040282
130 0.00024637434300175194
131 0.00024637434300175183
132 0.0002554993186684836
133 0.00027679092855752385
134 0.00031329083122445003
135 0.000372603173058205
136 0.0003999781000583997
137 0.00042431136850301713
138 0.0005322902472260072
139 0.000526206930114853
140 0.0006874148335604431
141 0.0007223939069495813
142 0.0007984353708390102
143 0.0009109767373953661
144 0.0010630596651742255
145 0.0011603927389526951
146 0.0014082879112322353
147 0.0015542875218999407
148 0.0017778494257348638
149 0.0020515986957368097
150 0.002345118746350008
151 0.0026644928946856126
152 0.002956492116021022
153 0.0032591371423009528
154 0.0037351567062487833
155 0.004272009441308155
156 0.0045685711504769334
157 0.005134319641814288
158 0.005814130328985788
159 0.006490899357601715
160 0.00698212721432743
161 0.008048228538057232
162 0.0085059981506716
163 0.009474766400622933
164 0.010168264551294525
165 0.011004720654078252
166 0.011903530757251318
167 0.012895111446369473
168 0.013742213354097723
169 0.014431149016935943
170 0.015399917266887284
171 0.015924603367724343
172 0.01703480874051002
173 0.01748801586529104
174 0.017903202258127308
175 0.018613429530854583
176 0.01919286548569204
177 0.019382969145415607
178 0.019463573097138406
179 0.01975100983064045
180 0.019624781000584
181 0.01944380231652716
182 0.01917765719291415
183 0.018724450068133152
184 0.018476554895853606
185 0.018164784893906948
186 0.017606640548958524
187 0.016987663032898587
188 0.01600672814872493
189 0.015082063947829466
190 0.014647106774381937
191 0.013431964181428849
192 0.01291640305625852
193 0.011681489682694179
194 0.011022970605411712
195 0.010396388942962817
196 0.009531037083901107
197 0.008708268444617482
198 0.008002603659723575
199 0.0072132932645512975
200 0.006489378528323925
201 0.005864317695152811
202 0.005265110959704104
203 0.004824070469145412
204 0.004004343488417361
205 0.0036667193887482945
206 0.0034340325092466397
207 0.0029838670430212175
208 0.0025321807475180056
209 0.0023968269417948196
210 0.0020561611835701755
211 0.0016698705470118735
212 0.0014797668872882997
213 0.0013368089351761712
214 0.0011649552267860618
215 0.0010676221530075912
216 0.0009581224450068128
217 0.000848622737006034
218 0.0007208730776717925
219 0.0006235400038933226
220 0.0006159358575043799
221 0.0005125194666147556
222 0.0004456029783920575
223 0.0003954156122250339
224 0.0004091030757251313
225 0.000320894977613393
226 0.0002707076114463695
227 0.0002935200506131982
228 0.0002402910258905976
229 0.00022356190383492297
230 0.00020074946466809422
231 0.00022964522094607733
232 0.00018554117189020823
233 0.0001368746350009734
234 0.00015360375705664785
235 0.0001247080007786647
236 0.00014143712283433923
237 0.00016577039127895656
238 0.00011558302511193314
239 0.0001612079034455908
240 0.00013535380572318473
241 0.00016729122055674517
242 0.00013383297644539623
243 0.00016272873272337934
244 0.00017641619622347674
245 0.0001368746350009734
246 0.00016881204983453373
247 0.0001794578547790539
248 0.0001779370255012653
249 0.00022204107455713447
250 0.00019314531827915123
251 0.0002113952696126143
252 0.000257020147946272
253 0.00024485351372396333
254 0.0002859159042242554
255 0.000249416001557329
256 0.0003315407825579132
257 0.00035891570955810765
258 0.0003528323924469532
259 0.0004395196612809029
260 0.00045929044189215487
261 0.0005018736616702353
262 0.000573352637726299
263 0.0006265816624488998
264 0.0006265816624489002
265 0.0007497688339497756
266 0.0008075603465057421
267 0.0008775184932840173
268 0.001034163908896242
269 0.0010782679579521112
270 0.0011984134708974104
271 0.0013748296671208862
272 0.0013596213743430007
273 0.0015770999610667693
274 0.0017869744014015953
275 0.0020181404516254617
276 0.0021078693790149883
277 0.002392264453961455
278 0.0025519515281292563
279 0.00289565894490948
280 0.0029047839205762114
281 0.003333657776912593
282 0.003447719972746738
283 0.003467490753357989
284 0.0037670941210823407
285 0.0038994062682499485
286 0.00424311368503017
287 0.004313071831808447
288 0.004513821296476541
289 0.0045320712478100055
290 0.004661341736422036
291 0.004544237882032314
292 0.004726737395366945
293 0.004787570566478489
294 0.004567050321199145
295 0.004662862565699823
296 0.004521425442865484
297 0.00427657192914152
298 0.004144259781973911
299 0.0039648019271948595
300 0.0038309689507494615
301 0.0036028445590811746
302 0.003441636655635581
303 0.0032682621179676843
304 0.0031253041658555543
305 0.0026584095775744566
306 0.0025397848939069474
307 0.0021945566478489384
308 0.0021078693790149887
309 0.001785453572123806
310 0.0016105582051781186
311 0.001484329375121665
312 0.00128510073973136
313 0.001046330543118551
314 0.0010265597625072993
315 0.0008471019077282455
316 0.0007011022970605408
317 0.0006098525403932252
318 0.0004668945882810977
319 0.00044712380766984616
320 0.00040454058789176554
321 0.00029352005061319833
322 0.00023724936733502026
323 0.00022204107455713452
324 0.00017793702550126522
325 0.00012166634222308751
326 0.00012927048861203046
327 8.364561027837267e-05
328 7.756229316721827e-05
329 6.539565894490954e-05
330 6.843731750048671e-05
331 3.6499902666926216e-05
332 2.889575627798326e-05
333 2.8895756277983252e-05
334 2.1291609889040292e-05
335 1.97707806112517e-05
336 2.585409772240607e-05
337 1.0645804944520148e-05
338 1.5208292777885924e-05
339 6.083317111154371e-06
340 3.0416585555771853e-06
341 3.0416585555771853e-06
342 1.216663422230874e-05
343 1.5208292777885927e-06
344 3.0416585555771853e-06
345 6.083317111154371e-06
346 1.5208292777885927e-06
347 0.0
348 1.5208292777885927e-06
349 1.5208292777885927e-06
350 0.0
351 0.0
352 1.5208292777885927e-06
353 1.5208292777885927e-06
354 3.0416585555771853e-06
355 0.0
356 0.0
357 0.0
358 1.5208292777885927e-06
