0 5.7797140407034926e-05
1 5.627779168734386e-05
2 5.932300531265286e-05
3 6.083672479703736e-05
4 7.148638057684929e-05
5 6.388016036839114e-05
6 5.627779168734385e-05
7 6.38810497414283e-05
8 8.061165304731943e-05
9 6.692093024305025e-05
10 0.00011711392391508267
11 0.0001003853951208258
12 0.00012015706441299559
13 0.00016273643300972486
14 0.00014905222777562068
15 0.00018859171517860882
16 0.00019924225963933876
17 0.00022965795582207354
18 0.0002539921115633709
19 0.0002904988272199625
20 0.00037719498147885486
21 0.0004638807676783497
22 0.0005079889633350707
23 0.0006311799846330597
24 0.000801522339317206
25 0.0008958267882961907
26 0.0008669233303476232
27 0.0011984806965404673
28 0.0014266184177304086
29 0.0016364872274456884
30 0.0019513205092870445
31 0.0022296488504112287
32 0.002608359329082363
33 0.003151315523072089
34 0.003476772688600573
35 0.0041520460588106035
36 0.004664592474351213
37 0.005390056174612936
38 0.006097264006845765
39 0.006810566697967773
40 0.007580109267761986
41 0.008466793606691359
42 0.00985838822675812
43 0.010658372857050983
44 0.011653026893858906
45 0.012748025746383698
46 0.013561684212120973
47 0.014903085246984586
48 0.015967687653350375
49 0.016915179995633935
50 0.017684726122228166
51 0.01881472329851191
52 0.01979108710588492
53 0.019880840022122294
54 0.02036750272220341
55 0.020597126917148132
56 0.02093019030565356
57 0.020673145870325413
58 0.02021689294246434
59 0.01974387150831796
60 0.019523326380665035
61 0.01814996246190799
62 0.01771955385351074
63 0.016405532484471422
64 0.015313534421561772
65 0.013997975043579833
66 0.013497623398056276
67 0.012011720183101801
68 0.010896961205485287
69 0.009590512295431022
70 0.008668896565042621
71 0.0077137760934052986
72 0.006691760165775697
73 0.005888753719174231
74 0.005023374911186669
75 0.004358755933504184
76 0.003599853241577271
77 0.002965663582596256
78 0.0027116847964018206
79 0.002136797412151617
80 0.0017991665026074201
81 0.0014934735983897249
82 0.0011102252133023574
83 0.0009596560074302997
84 0.0008197411944318464
85 0.0006235503678000054
86 0.0005475050548055818
87 0.0004227967582613573
88 0.00033154374367410825
89 0.0002920045516906204
90 0.0002174809556167247
91 0.00017185696561792545
92 0.00014143978818497422
93 0.00010950059633563721
94 8.060484005765398e-05
95 7.908460300310439e-05
96 7.147986439092239e-05
97 4.410493739072771e-05
98 3.3459428903886615e-05
99 3.193741483356044e-05
100 1.824995133346311e-05
101 2.2812439166828887e-05
102 1.216663422230874e-05
103 1.368775961171684e-05
104 3.0416585555771853e-06
105 1.216663422230874e-05
106 1.2166930333928247e-05
107 3.0416585555771853e-06
108 3.0416585555771853e-06
109 7.6041463889429636e-06
110 6.083317111154371e-06
111 3.0419546671966923e-06
112 0.0
113 0.0
114 0.0
115 3.0419546671966923e-06
116 1.5208292777885927e-06
117 0.0
118 1.5208292777885927e-06
119 0.0
120 0.0
121 0.0
122 1.5208292777885927e-06
123 0.0
124 1.5208292777885927e-06
125 1.5208292777885927e-06
126 3.0419546671966923e-06
127 0.0
128 0.0
129 0.0
130 0.0
131 1.5208292777885927e-06
132 3.0416585555771853e-06
133 0.0
134 1.5208292777885927e-06
135 0.0
136 1.5208292777885927e-06
137 0.0
138 0.0
139 0.0
140 0.0
141 0.0
142 1.5208292777885927e-06
143 1.5208292777885927e-06
144 4.562487833365778e-06
145 3.0416585555771853e-06
146 3.0416585555771853e-06
147 1.5208292777885927e-06
148 4.562487833365778e-06
149 3.0416585555771853e-06
150 7.6041463889429636e-06
151 1.2166930333928247e-05
152 1.5208292777885927e-06
153 1.0646101056139655e-05
154 6.083317111154371e-06
155 4.562487833365778e-06
156 9.124975666731556e-06
157 9.124975666731556e-06
158 7.6041463889429636e-06
159 1.2166634222308741e-05
160 6.083317111154371e-06
161 1.3687463500097333e-05
162 1.8249951333463108e-05
163 1.2166634222308741e-05
164 2.2812735278448392e-05
165 3.954156122250341e-05
166 7.6041463889429636e-06
167 2.585439383402558e-05
168 2.4333268444617483e-05
169 5.3229320834220256e-05
170 5.018736616702356e-05
171 3.649990266692622e-05
172 3.345824411134904e-05
173 3.9541561222503406e-05
174 4.866653688923497e-05
175 4.258321977808059e-05
176 4.258321977808059e-05
177 5.4750150112008845e-05
178 5.4749854000389334e-05
179 5.931263794537462e-05
180 3.497907338913763e-05
181 5.627097938979743e-05
182 5.018736616702356e-05
183 3.802073194471481e-05
184 4.866712911247399e-05
185 3.345824411134904e-05
186 3.802073194471482e-05
187 3.9541561222503406e-05
188 3.345854022296854e-05
189 1.672912205567452e-05
190 1.9770780611251703e-05
191 3.345824411134904e-05
192 1.9770780611251703e-05
193 1.5208292777885927e-05
194 1.672912205567452e-05
195 1.2166634222308741e-05
196 1.0645804944520148e-05
197 7.6041463889429636e-06
198 4.562487833365778e-06
199 9.124975666731556e-06
200 6.083317111154371e-06
201 4.562487833365778e-06
202 1.5208292777885927e-06
203 1.5208292777885927e-06
204 1.5208292777885927e-06
205 1.5208292777885927e-06
206 0.0
207 1.5208292777885927e-06
208 0.0
209 0.0
210 1.5208292777885927e-06
211 0.0
212 0.0
213 0.0
214 0.0
215 0.0
216 0.0
217 0.0
218 1.5208292777885927e-06
219 0.0
220 0.0
221 0.0
222 0.0
223 0.0
224 0.0
225 0.0
226 0.0
227 0.0
228 0.0
229 0.0
230 0.0
231 0.0
232 0.0
233 0.0
234 0.0
235 0.0
236 0.0
237 0.0
238 0.0
239 0.0
240 0.0
241 1.5208292777885927e-06
242 0.0
243 0.0
244 0.0
245 0.0
246 0.0
247 0.0
248 1.5208292777885927e-06
249 0.0
250 0.0
251 0.0
252 0.0
253 0.0
254 1.5208292777885927e-06
255 0.0
256 1.5208292777885927e-06
257 0.0
258 3.0416585555771853e-06
259 4.562487833365778e-06
260 3.0416585555771853e-06
261 3.0416585555771853e-06
262 7.6041463889429636e-06
263 1.0645804944520148e-05
264 2.2812439166828887e-05
265 3.345824411134904e-05
266 3.9541561222503406e-05
267 3.954185733412293e-05
268 5.322961694583976e-05
269 8.364561027837263e-05
270 8.212478100058402e-05
271 0.00012318865205897353
272 0.00012623031096061025
273 0.00018706288950285537
274 0.00020835449939189568
275 0.00026462518267007367
276 0.00034370948956155843
277 0.0003954191655644683
278 0.0005535883715706767
279 0.0006083391139059246
280 0.0007132733729571423
281 0.0008957785124125439
282 0.001067637551157865
283 0.001241010016044429
284 0.0015527838677882031
285 0.0019330122125445742
286 0.002179386554854207
287 0.002699515498213116
288 0.0031283917234424556
289 0.0037124091193332797
290 0.004243192158415998
291 0.004883475204379588
292 0.005648473649759619
293 0.0063374253050477196
294 0.00715109325327801
295 0.008214181049748212
296 0.009214901521844376
297 0.009766982095470939
298 0.01082855617557129
299 0.011853626793090148
300 0.012592780924543292
301 0.013134237905057399
302 0.014235325698391697
303 0.01466271100819195
304 0.01501859336035555
305 0.015084008861547447
306 0.015687826349985314
307 0.015400380734172867
308 0.015269616969544219
309 0.01473577064676016
310 0.014566982883961438
311 0.013511504860000948
312 0.013380748785968982
313 0.01268722812839189
314 0.012016569672998498
315 0.011066008429890367
316 0.010383130614757353
317 0.009666819436156287
318 0.008729953356834602
319 0.00806231078928834
320 0.007219740861591219
321 0.006555090190275778
322 0.005785543771030515
323 0.005032713432817583
324 0.004672232762276476
325 0.003937670153860201
326 0.0035878580968176825
327 0.00305251967623441
328 0.0026555473989965535
329 0.0023407043423572193
330 0.002054778369991842
331 0.0017186647329254035
332 0.0015589705503484357
333 0.00126848742258126
334 0.001075318411565893
335 0.0009840710269060696
336 0.000763525010226159
337 0.0007270274778364272
338 0.0005460298381371625
339 0.00041826684997338793
340 0.00042283733455077816
341 0.0004152240066252732
342 0.0003330980429085088
343 0.00026769675645859053
344 0.00024183051504524873
345 0.0001946865834114003
346 0.00018556101655960844
347 0.00013688914793092465
348 0.0001475411729497522
349 0.0001292832241801456
350 0.00011559339144103267
351 6.844886966030249e-05
352 7.452863170172504e-05
353 8.213336996784748e-05
354 9.278361831695797e-05
355 6.99685141455535e-05
356 4.867483009093846e-05
357 7.148460321501315e-05
358 5.3235245142967694e-05
