0 3.0416585555771853e-06
1 1.5208292777885927e-06
2 7.6041463889429636e-06
3 3.0416585555771853e-06
4 4.562487833365778e-06
5 6.083613222773878e-06
6 0.0
7 4.562487833365778e-06
8 6.083613222773878e-06
9 1.5208292777885927e-06
10 3.0416585555771853e-06
11 9.124975666731556e-06
12 1.5208292777885927e-06
13 1.2166930333928247e-05
14 1.5208292777885924e-05
15 1.0646101056139655e-05
16 1.0646101056139655e-05
17 9.124975666731556e-06
18 2.2812439166828887e-05
19 2.737492700019466e-05
20 2.7375223111814168e-05
21 4.7146892057924415e-05
22 3.954185733412292e-05
23 5.323020916907879e-05
24 6.0833763334782744e-05
25 6.691767266917613e-05
26 9.125094111379365e-05
27 0.0001079794709462292
28 0.00010950030022401776
29 0.00011558391344679166
30 0.00017793909828260187
31 0.0002144392970611476
32 0.0002615870774539304
33 0.0002920024785632243
34 0.0003908569738427218
35 0.00041975154567422705
36 0.0004790674408474163
37 0.0005976927167381653
38 0.0007528155264028847
39 0.000783233592516754
40 0.0008912112867932658
41 0.001050904579305078
42 0.0011999437757470232
43 0.0013018387451356193
44 0.001501074191093174
45 0.0016516359934826254
46 0.0018675958237099417
47 0.0020668247552118667
48 0.0022630117320465936
49 0.0024485555689413795
50 0.0027572850967789407
51 0.0028972002058890146
52 0.003052325384446688
53 0.00328045481001251
54 0.003324562412407811
55 0.003689565288528127
56 0.003792975757185363
57 0.004001332921581834
58 0.0039709172243609205
59 0.004165581595248144
60 0.0041899166403624784
61 0.004561006683044999
62 0.00449409256371526
63 0.004506255644598135
64 0.004577739062328492
65 0.004481916750032747
66 0.004402841030378229
67 0.004553396614423668
68 0.0043252704460856614
69 0.004185355336975591
70 0.004299419309479452
71 0.0042218584968703315
72 0.004083460663698612
73 0.004077380899926894
74 0.0037169384388586056
75 0.003723022348193
76 0.003526834779135031
77 0.0034097332936382655
78 0.003183122328457279
79 0.0029838948775134507
80 0.0027937873683388237
81 0.0026401773929381647
82 0.0024774528057774597
83 0.0023284082793263634
84 0.0021474295952695196
85 0.0020196799359352775
86 0.0018645515001497904
87 0.0016972608718162831
88 0.0015223634320892577
89 0.0014371984730911938
90 0.0013474665845854723
91 0.0012090696397486131
92 0.0010950032983517955
93 0.0010874015208558092
94 0.0008638378403511685
95 0.0009049017114095586
96 0.0008486298436849023
97 0.0007512964737948128
98 0.0006600443482345416
99 0.0006798142405109347
100 0.0005322923200073435
101 0.0005140438492319781
102 0.0004912314100651493
103 0.0004532094936739566
104 0.0004091081096226627
105 0.00035131452428535984
106 0.00033002261828469993
107 0.0003224169913376594
108 0.00024789724506087704
109 0.000255501983673059
110 0.0002752724681726912
111 0.00026006417539480535
112 0.00019010425194681304
113 0.00017793850605936286
114 0.00022660563517183682
115 0.0001855432446715448
116 0.0001840221192821368
117 0.00017185459672496944
118 0.00018098016461493994
119 0.00015056298683592922
120 0.00017641738066995473
121 0.0001794584470022929
122 0.00016881293816939225
123 0.00018250129000434812
124 0.00015360553372636496
125 0.00017945815089067337
126 0.000155125474669295
127 0.00015664571172384453
128 0.00020075064911457213
129 0.00021139586183585335
130 0.00023877286161738445
131 0.0002676677295605093
132 0.00022052142972582383
133 0.0002919995174470291
134 0.0002843962593929449
135 0.0003117717786163785
136 0.0003239381167270677
137 0.0004106259777842564
138 0.0003923751381159346
139 0.00047906329528474295
140 0.0005125215393960919
141 0.0005292527342331032
142 0.0006995865016802836
143 0.0007604184883453494
144 0.0008516679489010455
145 0.0009231504782965435
146 0.0010904416988532881
147 0.0011740864207968028
148 0.0014067762614146516
149 0.001488900154080377
150 0.0017200709420901554
151 0.0018827976020321987
152 0.002238677279155499
153 0.0025413190482076148
154 0.0028333221189940786
155 0.003213535064561996
156 0.003677385625394561
157 0.004177745860577494
158 0.004678097804635082
159 0.005239291507041182
160 0.005715311367100633
161 0.0063875241262272
162 0.007141856632456821
163 0.008042200297707304
164 0.008515180868104134
165 0.009198029660491776
166 0.010172897513693335
167 0.011409345041558343
168 0.012291425430452486
169 0.012784171155339799
170 0.014032771992404222
171 0.014808411802438724
172 0.015454763061052389
173 0.016192378881914365
174 0.017174845255384097
175 0.017737558010398273
176 0.01827744707400406
177 0.018738271374085264
178 0.018654616880458313
179 0.018973999616030877
180 0.018862975229301252
181 0.01923710248886507
182 0.01877782655644227
183 0.01855729565114462
184 0.017996096914840984
185 0.01754745405456307
186 0.01696800655137245
187 0.016288207116442504
188 0.015594704820208225
189 0.01493769324718067
190 0.01402062371710233
191 0.013229800487665987
192 0.01229903490685058
193 0.011435202396508562
194 0.010288490606600333
195 0.009377501136405328
196 0.008539518874334665
197 0.008001138203318634
198 0.007116016748092148
199 0.0064772631214117925
200 0.005894780770232851
201 0.005374653900001336
202 0.004661376973704756
203 0.004398269363084658
204 0.0037154152406878613
205 0.0033686602431196727
206 0.00314357869445344
207 0.0026599526152237094
208 0.002378599198832821
209 0.0020713866508219932
210 0.001858468479150254
211 0.0016090474436953933
212 0.001364193337748191
213 0.0012455698385271583
214 0.0012014610516853771
215 0.0010524212630201933
216 0.0009170650884040529
217 0.0007832324080702761
218 0.0007725848264560385
219 0.0006357110797899241
220 0.0005809606335662954
221 0.0004927516471196988
222 0.0005596678392307772
223 0.00046233417322906874
224 0.0004167098871186498
225 0.00038781294639418857
226 0.0003558764198954867
227 0.00033914759395143153
228 0.0003011268620067169
229 0.00029656289361525357
230 0.0002509377191699761
231 0.00024181274350324462
232 0.00024181363183810322
233 0.0002691885588382978
234 0.00024333357278103325
235 0.00022812616833800577
236 0.00022508569422890662
237 0.00022812498389152773
238 0.00022356249605816206
239 0.00020835479550351514
240 0.00024029280256031464
241 0.0002190014887828937
242 0.00022812646444962534
243 0.0002159598302273166
244 0.0002585439383402556
245 0.00024941688989218763
246 0.000269189151061537
247 0.00028743851017176106
248 0.00032089645817149037
249 0.0002889605238960276
250 0.000322418471895757
251 0.0003528341691166706
252 0.00042583604723185923
253 0.00044408570245370305
254 0.0004729811626200667
255 0.00045473061906336473
256 0.0005094819536218514
257 0.0005627103861212131
258 0.0006007308219543085
259 0.0007026263835661438
260 0.0007239194740132817
261 0.0007832327041818953
262 0.0008562325095157478
263 0.0008471093105187334
264 0.001006797273021394
265 0.0010220043813528017
266 0.0011254252139167185
267 0.0012775042922445242
268 0.00137027991208716
269 0.0014402392433119136
270 0.0015786335231441975
271 0.0017170334290972512
272 0.001788513293488174
273 0.0019999067864310705
274 0.00215654983315034
275 0.0023907610952692165
276 0.002378595053270149
277 0.0027359985207874313
278 0.002723828629337309
279 0.003005181453504959
280 0.00314662242579035
281 0.0034112496812417617
282 0.0034629623183608693
283 0.0036013565981931513
284 0.003852296094032843
285 0.003981565694310014
286 0.00410323884710035
287 0.004361783081552228
288 0.0042340263155391175
289 0.004536671045707425
290 0.004507782099996695
291 0.004605120799895937
292 0.0048134649353811475
293 0.004725259206162366
294 0.004787614983221414
295 0.004749589809602408
296 0.004732865721444265
297 0.004720698791110339
298 0.004693323271886902
299 0.004597505105153828
300 0.004360257810600147
301 0.004284217235045574
302 0.004217296305148586
303 0.003978528477428732
304 0.0037884203760308625
305 0.0036256877938564327
306 0.0034492713015213347
307 0.0033610632034095983
308 0.003026486388416876
309 0.002993021925961517
310 0.002577829907004464
311 0.0024379100601084787
312 0.0023056008740570655
313 0.002100287737109128
314 0.0018037209940428203
315 0.001589281400870053
316 0.0014417577036967457
317 0.0012699034030833958
318 0.0011071761509181145
319 0.0009976737779127597
320 0.000857754819351634
321 0.0006585267761845671
322 0.0006646077244027656
323 0.0005900873859027439
324 0.00040302242361855257
325 0.00041215036040147913
326 0.0002783153111747464
327 0.00025854482667511436
328 0.00023725262456283496
329 0.00020835509161513458
330 0.00016273021328147693
331 0.00013079279844791655
332 0.00011406338028062257
333 8.973040794762457e-05
334 7.300069366871101e-05
335 8.060395172279546e-05
336 5.0188254501882094e-05
337 3.345913244620755e-05
338 4.106268661191151e-05
339 5.3229913057459285e-05
340 1.5208588889505432e-05
341 2.737492700019466e-05
342 1.6729418167294024e-05
343 1.0645804944520148e-05
344 1.216663422230874e-05
345 1.0646101056139655e-05
346 1.3687463500097333e-05
347 1.0645804944520148e-05
348 9.125271778351063e-06
349 1.5208292777885927e-06
350 3.0416585555771853e-06
351 6.083613222773878e-06
352 3.0416585555771853e-06
353 3.0416585555771853e-06
354 0.0
355 4.562487833365778e-06
356 3.0416585555771853e-06
357 4.562487833365778e-06
358 1.5208292777885927e-06
