0 1.5208292777885927e-06
1 0.0
2 3.0416585555771853e-06
3 0.0
4 0.0
5 1.5208292777885927e-06
6 0.0
7 1.5208292777885927e-06
8 0.0
9 0.0
10 1.5208292777885927e-06
11 0.0
12 1.5208292777885927e-06
13 0.0
14 1.5208292777885927e-06
15 3.0416585555771853e-06
16 1.5208292777885927e-06
17 3.0416585555771853e-06
18 1.5208292777885927e-06
19 3.0416585555771853e-06
20 7.6041463889429636e-06
21 4.562487833365778e-06
22 1.5208292777885927e-06
23 4.562487833365778e-06
24 7.6041463889429636e-06
25 1.8249951333463108e-05
26 1.6729122055674516e-05
27 1.0645804944520148e-05
28 2.5854097722406068e-05
29 2.433326844461748e-05
30 4.714570761144639e-05
31 4.8666536889234986e-05
32 5.7791512555966545e-05
33 6.84373175004867e-05
34 8.668756494556932e-05
35 0.00011254166266797546
36 0.0001444793736131554
37 0.00020227118228074132
38 0.00021595864578083862
39 0.00026462459044683463
40 0.0003026456185031688
41 0.0003619582564485433
42 0.0004410419711167895
43 0.0005125224277309504
44 0.0005885618188390434
45 0.0007178331957859325
46 0.0007817086176762922
47 0.0009155407057868296
48 0.00109348069240429
49 0.0012425219616275717
50 0.001390043882131163
51 0.001546689001631769
52 0.0016911689674681623
53 0.0019040853624701847
54 0.002050083788691411
55 0.0022675641520848965
56 0.002375546584147322
57 0.0026645017780341984
58 0.002777046105706749
59 0.002979311365755098
60 0.0030599203513754286
61 0.0032439365484251722
62 0.0034963998346588493
63 0.0035693954944300272
64 0.003566354724209312
65 0.003700188885101185
66 0.0037655851362693327
67 0.003683458282487412
68 0.003750378027937925
69 0.003688020178097541
70 0.0035754823648806167
71 0.003593727874539787
72 0.003504003981047793
73 0.0033549615273780332
74 0.0031709417769888513
75 0.0031618141363175443
76 0.002843961113371351
77 0.0028333135317571124
78 0.00260671056158985
79 0.0024348541881951636
80 0.002354251717030467
81 0.002148939172305768
82 0.0019268969133021557
83 0.0018204391599685732
84 0.001542125329351924
85 0.0015497312524105848
86 0.0014797701445161144
87 0.0013018331190148482
88 0.0011238960935135837
89 0.001063062330178801
90 0.0009733334027892738
91 0.0009170624233994766
92 0.0007117501747863975
93 0.0007406462271760004
94 0.0006752508643427103
95 0.0006448333904520799
96 0.0005246869891719224
97 0.00048514542794941926
98 0.0005246878775067812
99 0.0004562511522295337
100 0.0003969376259493005
101 0.00038933377567197707
102 0.0003497916222262347
103 0.0003543547022828396
104 0.0002843956671697057
105 0.00028743851017176084
106 0.0002296461092809359
107 0.0002463755274482299
108 0.00022204166678037343
109 0.0002113961579474729
110 0.00019770810222413643
111 0.00017033376744718086
112 0.00016577098350219557
113 0.0001490418614465211
114 0.00017793761772450425
115 0.00016272902883499886
116 0.0001551245863344365
117 0.0001581668371132527
118 0.00013687493111259294
119 0.0001353543979464238
120 0.0001475204399454935
121 0.00012318776372411512
122 0.00015208322389047873
123 0.0001444787813899164
124 0.00017337512989113845
125 0.00015360434927988686
126 0.0001916250812246016
127 0.0002129163950020223
128 0.00020987473644644525
129 0.00021139556572423375
130 0.00025245914067100383
131 0.0002524579562245257
132 0.0002798343637828179
133 0.000281353712502509
134 0.0003543532217247421
135 0.0003421865875024331
136 0.00043191699545005747
137 0.0004668963649508149
138 0.0005079572748930094
139 0.0006463548119531073
140 0.0007345620217299875
141 0.0008090838407881063
142 0.0009931038872889068
143 0.0009383552177349951
144 0.0011208547310696262
145 0.0013124783317361303
146 0.0015147489217936327
147 0.0016713952257407165
148 0.001928416558133466
149 0.0021991265384727916
150 0.002430292292585036
151 0.0027481470922009516
152 0.003134438320982493
153 0.0034644618276020492
154 0.004008915451822552
155 0.004445397600110549
156 0.005113040764724888
157 0.005686399028571957
158 0.006379896883131935
159 0.007052114972267656
160 0.007835338793100962
161 0.008539481564270607
162 0.00947631447216972
163 0.010236732664403442
164 0.011146196567534756
165 0.011997854744752356
166 0.012949904236554694
167 0.013822861130340203
168 0.015062334326733323
169 0.015749755970861017
170 0.01665616873986493
171 0.017500233430711897
172 0.018397525961834974
173 0.019290263111803572
174 0.019564000241229097
175 0.020038507563136125
176 0.020465860886306336
177 0.021176086974587133
178 0.0213084062284336
179 0.021255175427041285
180 0.021393570002985186
181 0.021419420547368156
182 0.021147196548318294
183 0.02077306958486611
184 0.02003546531235729
185 0.019519901818294022
186 0.019113843066129038
187 0.018205898215605792
188 0.017596050412998485
189 0.016764151468038967
190 0.015944415900073946
191 0.014969564629123085
192 0.014181784538800422
193 0.013036587952049204
194 0.012152987622212136
195 0.011050379289136537
196 0.010168294754679718
197 0.009324228583274667
198 0.008506023616270878
199 0.007899208588870556
200 0.006976065217252878
201 0.006370771907465203
202 0.005724417983846955
203 0.005061336418731124
204 0.0045016676911654886
205 0.004142752573830622
206 0.003475107336434951
207 0.0031709379275377987
208 0.0028546078066507287
209 0.0024029158850267444
210 0.002103313109525632
211 0.0019010416311332713
212 0.0017063751874647113
213 0.0015238747857952227
214 0.0012881456555147513
215 0.001204498860789901
216 0.0009885413994555408
217 0.0008623128655107067
218 0.000781708913787912
219 0.0006980621190630611
220 0.000603770407728549
221 0.0005444574736715549
222 0.0005398955780614281
223 0.0003893331834487381
224 0.0003817290370597951
225 0.0003437088973383193
226 0.00029200070189350723
227 0.0002631046495039045
228 0.00022356249605816198
229 0.00023724995955825938
230 0.00021139645405909228
231 0.00020987503255806474
232 0.00021747977117024663
233 0.000187062593391236
234 0.0001824998094462505
235 0.00016425074644764597
236 0.00017033347133556145
237 0.00014904186144652114
238 0.00016272902883499892
239 0.00016729151666836466
240 0.00014143741894595874
241 0.00012927048861203043
242 0.00013383327255701575
243 0.00017185370839011097
244 0.00013991688577978965
245 0.00018402093483565872
246 0.00017185400450173054
247 0.00015664600783546397
248 0.0001536046453915064
249 0.00018706200116799676
250 0.00021139586183585335
251 0.00022204137066875396
252 0.00024029161811383657
253 0.00023725025566987882
254 0.00027831235005855144
255 0.0002889587472263106
256 0.0003117711863931394
257 0.0003482707929484464
258 0.0003726046536163028
259 0.00040758431922867925
260 0.00041670870267217176
261 0.000447124992116324
262 0.0005231670482289927
263 0.0005292500692285275
264 0.0006250626098408281
265 0.0006904597493438353
266 0.0006767702130624015
267 0.0008896869041760435
268 0.0008455828551201745
269 0.0009566028001755024
270 0.0009885419916787794
271 0.001146708236568793
272 0.0012607698401796987
273 0.0014143741894595855
274 0.0014904171339071121
275 0.0016531443860723944
276 0.0018280430102458967
277 0.001992292276135445
278 0.0021352517088056703
279 0.0022067324615314505
280 0.002442458630695726
281 0.0026949180674783494
282 0.0027268534095305744
283 0.0029473792809306884
284 0.0032028777112643155
285 0.003160293899262997
286 0.003254579984476736
287 0.00347814840276729
288 0.00363935601010126
289 0.003596774566992899
290 0.003672816030882325
291 0.0037047510768229304
292 0.0037290861219372654
293 0.0037032346892194356
294 0.003605895989320196
295 0.0035617949013805198
296 0.003601334685933307
297 0.0034021072349894772
298 0.0031815834363706982
299 0.003173977217200421
300 0.002962584316480761
301 0.0027648753259217665
302 0.0027451069142034705
303 0.0023648981141982262
304 0.0022417079815811544
305 0.0021504588171370777
306 0.0018173966130781373
307 0.0017155013475779214
308 0.0015542937402439497
309 0.0014174167363500201
310 0.0011892914563468736
311 0.0010098336015678198
312 0.0009566060574033168
313 0.0008303751545655271
314 0.0006433137456207694
315 0.0006128944950604216
316 0.0005246872852835422
317 0.00043648007550666233
318 0.0003315416708927716
319 0.0002874388062833806
320 0.0002494177782270462
321 0.00019010425194681307
322 0.0001414371228343392
323 0.00013231214716760763
324 0.0001079797670578487
325 9.125005277893513e-05
326 8.364590638999217e-05
327 6.0833171111543756e-05
328 5.322902472260076e-05
329 3.9541561222503406e-05
330 4.106268661191151e-05
331 2.585409772240607e-05
332 2.5854097722406068e-05
333 1.3687463500097332e-05
334 1.672912205567452e-05
335 1.6729122055674516e-05
336 9.124975666731556e-06
337 6.083317111154371e-06
338 3.0416585555771853e-06
339 3.0416585555771853e-06
340 4.562487833365778e-06
341 6.083317111154371e-06
342 3.0416585555771853e-06
343 1.5208292777885927e-06
344 0.0
345 0.0
346 4.562487833365778e-06
347 1.5208292777885927e-06
348 0.0
349 0.0
350 0.0
351 1.5208292777885927e-06
352 0.0
353 3.0416585555771853e-06
354 0.0
355 3.0416585555771853e-06
356 0.0
357 0.0
358 0.0
