0 3.0416585555771853e-06
1 0.0
2 0.0
3 0.0
4 0.0
5 3.0416585555771853e-06
6 1.5208292777885927e-06
7 0.0
8 0.0
9 1.5208292777885927e-06
10 1.5208292777885927e-06
11 0.0
12 6.083317111154371e-06
13 1.5208292777885927e-06
14 9.124975666731556e-06
15 3.0416585555771853e-06
16 4.562487833365778e-06
17 1.0645804944520148e-05
18 4.562487833365778e-06
19 9.124975666731556e-06
20 4.562487833365778e-06
21 6.083317111154371e-06
22 1.3687463500097332e-05
23 1.3687463500097332e-05
24 1.3687463500097332e-05
25 2.1291609889040295e-05
26 2.5854097722406068e-05
27 3.1937414833560436e-05
28 3.9541561222503406e-05
29 5.779151255596654e-05
30 4.258321977808061e-05
31 8.060395172279548e-05
32 7.60414638894297e-05
33 0.00010949970800077876
34 0.00011710385438972174
35 0.00015360375705664788
36 0.00017945785477905393
37 0.00027070761144636947
38 0.00030416585555771854
39 0.0003680406852248393
40 0.00041518639283628564
41 0.0004927486860035039
42 0.0005916025890597621
43 0.0006843731750048661
44 0.0008121228343391071
45 0.0009048934202842121
46 0.0011208511777301919
47 0.001201455129452987
48 0.0014706419116215677
49 0.0015862249367335013
50 0.0018219534747907333
51 0.0019801197196807467
52 0.0023162229900720254
53 0.0024926391862955025
54 0.0028576382129647643
55 0.002947367140354292
56 0.0032226372396340257
57 0.0034598866069690446
58 0.003590677924858864
59 0.0037169067549153176
60 0.004065176659528907
61 0.004264405294919213
62 0.004389113295697877
63 0.004404321588475761
64 0.004623321004477319
65 0.004623321004477321
66 0.004594425248199337
67 0.004635487638699629
68 0.004746508175978193
69 0.004597466906754913
70 0.004653737590033091
71 0.004299384368308349
72 0.00440888407630913
73 0.004118405684251506
74 0.004068218318084482
75 0.003897885438972161
76 0.0035861154370254982
77 0.0033458244111349016
78 0.0031937414833560413
79 0.0030918459217442068
80 0.002929117189020827
81 0.0025671598209071425
82 0.0024835142106287692
83 0.0021975983064045153
84 0.0021398067938485487
85 0.001853890889624293
86 0.001683558010511971
87 0.0015786207903445582
88 0.0013535380572318458
89 0.0013094340081759774
90 0.0011041220556745174
91 0.001041768055285185
92 0.0008394977613393024
93 0.0009018517617286351
94 0.0007482480046719873
95 0.0007254355655051583
96 0.0006524357601713056
97 0.0006417899552267857
98 0.000526206930114853
99 0.0005003528323924468
100 0.00044560297839205744
101 0.00039845727078061116
102 0.00039693644150282266
103 0.00033610327039127895
104 0.0003148116605022385
105 0.0002889575627798326
106 0.00023572853805723173
107 0.0002539784893906949
108 0.00024789517227954055
109 0.00021595775744597993
110 0.00017945785477905383
111 0.00019162448900136262
112 0.00018554117189020823
113 0.0001748953669456881
114 0.00017945785477905383
115 0.00014295795211212778
116 0.00013079131788981904
117 0.00015664541561222502
118 0.00014904126922328205
119 0.00016424956200116795
120 0.0001688120498345338
121 0.00013839546427876198
122 0.0001536037570566478
123 0.0001703328791123224
124 0.00016881204983453386
125 0.0001764161962234767
126 0.0001840203426124196
127 0.00020379112322367143
128 0.0001855411718902082
129 0.0002174785867237686
130 0.00024941600155732905
131 0.00025093683083511755
132 0.0002859159042242555
133 0.0003239366361689701
134 0.0003482699046135876
135 0.000358915709558108
136 0.00040758224644734254
137 0.0004592904418921546
138 0.000498832003114658
139 0.0005779151255596647
140 0.0006296233210044767
141 0.0007239147362273698
142 0.0008349352735059366
143 0.0009033725910064232
144 0.0010159139575627795
145 0.0011451844461748098
146 0.001408287911232236
147 0.001534516741288689
148 0.001834120109013041
149 0.0019299323535137219
150 0.002200639964960092
151 0.0026127846992408006
152 0.002956492116021022
153 0.003230241386022967
154 0.0035967612419700173
155 0.0042187804165855535
156 0.004576175296865872
157 0.005094778080591783
158 0.005870401012263968
159 0.006521315943157485
160 0.007169189215495423
161 0.007674104535721235
162 0.008796476542729215
163 0.009263371131010315
164 0.010378138991629355
165 0.011194824313801833
166 0.011867030854584381
167 0.012755195152812931
168 0.013387860132372973
169 0.014513273797936542
170 0.015299542534553238
171 0.016058436344169747
172 0.01697397556939849
173 0.0173982869379015
174 0.018161743235351382
175 0.018263638796963202
176 0.018948011971968073
177 0.019392094121082348
178 0.019358635876971012
179 0.019790551391862962
180 0.019735801537862557
181 0.01938296914541561
182 0.019448364804360522
183 0.018961699435468167
184 0.018503929822853805
185 0.017842369087015763
186 0.017495620011679966
187 0.016844705080786438
188 0.016061478002725324
189 0.015203730290052555
190 0.014350545065213154
191 0.01367985935370839
192 0.012622883005645315
193 0.011672364707027448
194 0.011024491434689506
195 0.010115035526571926
196 0.009245121179676852
197 0.008385852637726302
198 0.007779041755888648
199 0.006903044091882424
200 0.006393566283823244
201 0.005725922230874051
202 0.005289444228148725
203 0.004602029394588277
204 0.00410167656219583
205 0.0035207197780805903
206 0.0031085750437998805
207 0.0028104925053533156
208 0.0025002433326844426
209 0.0022234524041269215
210 0.00196491142690286
211 0.0018173909869573669
212 0.0016044748880669642
213 0.0014006837648432933
214 0.0012151425929530849
215 0.0009687682499513326
216 0.0009353100058399841
217 0.0008288519563947821
218 0.0007452063461164102
219 0.0006387482966712082
220 0.0005627068327817787
221 0.0005049153202258126
222 0.00044104049055869156
223 0.00041974888066965136
224 0.0002965617091687755
225 0.00031329083122444987
226 0.00030264502627993
227 0.0002250827331127116
228 0.0002311660502238659
229 0.00023724936733502037
230 0.00021899941600155723
231 0.00017793702550126522
232 0.00018097868405684254
233 0.00016120790344559082
234 0.00015512458633443643
235 0.00018706200116799693
236 0.00015816624489001363
237 0.0001627287327233794
238 0.00013383297644539615
239 0.00013383297644539623
240 0.00011862468366751033
241 0.00016272873272337934
242 0.00016424956200116803
243 0.00017945785477905393
244 0.00016120790344559084
245 0.00016272873272337937
246 0.00016577039127895656
247 0.00018858283044578548
248 0.00019770780611251703
249 0.00018249951333463115
250 0.00020379112322367138
251 0.00022508273311271166
252 0.0002448535137239632
253 0.0002600618065018492
254 0.00029504087989098683
255 0.000320894977613393
256 0.0003634781973914736
257 0.00041822805139186275
258 0.00042583219778080585
259 0.00044864463694763477
260 0.0004684154175588862
261 0.0005383735643371616
262 0.0005338110765037955
263 0.0006387482966712084
264 0.0007102272727272722
265 0.0008379769320615138
266 0.0008881642982285372
267 0.000918580883784309
268 0.0010311222503406653
269 0.00113453864123029
270 0.0013246423009538634
271 0.0013839546427876182
272 0.0015482042047887858
273 0.0016622664006229306
274 0.0018249951333463093
275 0.002097223574070468
276 0.0023435979170722196
277 0.002480472552073193
278 0.0026492846019077264
279 0.0028728465057426497
280 0.0031724498734670018
281 0.0032621788008565292
282 0.0034461991434689486
283 0.003792948218804748
284 0.003957197780805916
285 0.00400738514697294
286 0.004136655635584971
287 0.004326759295308542
288 0.00436325919797547
289 0.004647654272921936
290 0.0045488003698656776
291 0.004766278956589447
292 0.004737383200311464
293 0.004583779443254816
294 0.0046385292972552054
295 0.0044195298812536475
296 0.0043343634416974875
297 0.004366300856531048
298 0.004341967588086431
299 0.0040393225618064995
300 0.003981531049250533
301 0.0036788860229706026
302 0.0033351786061903816
303 0.0031724498734670018
304 0.002834825773797936
305 0.0027633467977418702
306 0.0024515767957952093
307 0.0022401815261825957
308 0.0019922863539030547
309 0.0018037035234572693
310 0.001645537278567256
311 0.0014052462526766589
312 0.00126380912984232
313 0.0010737054701187453
314 0.0009109767373953662
315 0.0008349352735059372
316 0.0007011022970605408
317 0.000606810881837648
318 0.0005246861008370643
319 0.0004136655635584971
320 0.00033154078255791307
321 0.0003163324897800272
322 0.00022660356239050016
323 0.00019466614755693983
324 0.00018249951333463104
325 0.00016120790344559076
326 0.00010493722016741299
327 7.452063461164108e-05
328 5.627068327817796e-05
329 5.0187366167023574e-05
330 4.714570761144639e-05
331 3.649990266692622e-05
332 2.737492700019466e-05
333 3.0416585555771847e-05
334 3.0416585555771844e-05
335 2.1291609889040292e-05
336 1.216663422230874e-05
337 1.0645804944520148e-05
338 1.0645804944520148e-05
339 9.124975666731556e-06
340 4.562487833365778e-06
341 3.0416585555771853e-06
342 4.562487833365778e-06
343 4.562487833365778e-06
344 4.562487833365778e-06
345 6.083317111154371e-06
346 0.0
347 6.083317111154371e-06
348 0.0
349 3.0416585555771853e-06
350 0.0
351 0.0
352 1.5208292777885927e-06
353 1.5208292777885927e-06
354 3.0416585555771853e-06
355 3.0416585555771853e-06
356 0.0
357 0.0
358 0.0
