0 0.0
1 1.5208292777885927e-06
2 1.5208292777885927e-06
3 0.0
4 0.0
5 0.0
6 0.0
7 0.0
8 0.0
9 0.0
10 0.0
11 0.0
12 0.0
13 0.0
14 0.0
15 1.5208292777885927e-06
16 3.0416585555771853e-06
17 3.0416585555771853e-06
18 3.0416585555771853e-06
19 0.0
20 1.5208292777885927e-06
21 1.5208292777885927e-06
22 4.562487833365778e-06
23 3.0416585555771853e-06
24 3.0416585555771853e-06
25 4.562487833365778e-06
26 6.083317111154371e-06
27 1.5208292777885924e-05
28 1.3687463500097332e-05
29 2.2812439166828884e-05
30 2.8895756277983252e-05
31 3.0416585555771844e-05
32 4.866653688923499e-05
33 3.8020731944714825e-05
34 9.429141522289283e-05
35 0.00011406219583414456
36 0.00016272873272337937
37 0.00012927048861203046
38 0.00020987444033482584
39 0.00027679092855752363
40 0.0003254574654467587
41 0.00043495717344753723
42 0.00051860278372591
43 0.0006767690286159233
44 0.0008288519563947824
45 0.0010159139575627793
46 0.001262288300564532
47 0.0015603708390110947
48 0.001831078450457463
49 0.0022082441113490357
50 0.0025534723574070464
51 0.002912388066965154
52 0.0034994281681915503
53 0.003998260171306207
54 0.004489488028031923
55 0.0051890694958146785
56 0.0057958803776523285
57 0.006557815845824409
58 0.0070946685808837865
59 0.007716687755499317
60 0.008496873175004863
61 0.00891205956784115
62 0.009120413178898192
63 0.00970441162156901
64 0.00992797352540393
65 0.010143931282849915
66 0.010157618746350006
67 0.010169785380572323
68 0.010010098306404513
69 0.009911244403348254
70 0.009677036694568814
71 0.009301391862955035
72 0.008837538933229512
73 0.008271790441892152
74 0.007847479073389136
75 0.007208730776717929
76 0.006687086334436441
77 0.006075712964765424
78 0.005421756375316334
79 0.0049107577379793625
80 0.0041883638310297846
81 0.003858343877749657
82 0.003280428752189992
83 0.0029336796768541927
84 0.0025838889429628167
85 0.0022097649406268237
86 0.0019512239634027634
87 0.001622724839400427
88 0.0013976421062877164
89 0.0011117262020634605
90 0.0009946223476737393
91 0.0008364561027837255
92 0.0007421646875608324
93 0.0006372274673934203
94 0.0005429360521705275
95 0.00041974888066965136
96 0.00040758224644734265
97 0.0003224158068911817
98 0.00027831175783531235
99 0.00026158263577963776
100 0.00021899941600155723
101 0.0001748953669456881
102 0.0001551245863344365
103 0.00012774965933424183
104 0.00014143712283433917
105 0.00012014551294529893
106 9.733307377847001e-05
107 7.908312244500687e-05
108 7.60414638894297e-05
109 5.170819544481216e-05
110 5.7791512555966545e-05
111 5.1708195444812177e-05
112 4.4104049055869206e-05
113 6.083317111154374e-05
114 4.410404905586919e-05
115 3.802073194471482e-05
116 4.562487833365779e-05
117 3.802073194471481e-05
118 3.649990266692622e-05
119 4.106239050029201e-05
120 2.8895756277983252e-05
121 3.1937414833560436e-05
122 4.714570761144638e-05
123 4.71457076114464e-05
124 3.649990266692622e-05
125 3.649990266692622e-05
126 4.562487833365779e-05
127 3.802073194471481e-05
128 4.1062390500292e-05
129 5.170819544481217e-05
130 5.931234183375513e-05
131 4.410404905586919e-05
132 7.756229316721827e-05
133 6.84373175004867e-05
134 7.908312244500687e-05
135 8.820809811173843e-05
136 9.124975666731563e-05
137 0.00011254136655635595
138 0.0001247080007786647
139 0.00017337453766789958
140 0.00017489536694568805
141 0.0002524576601129062
142 0.00023572853805723173
143 0.0003300199532801244
144 0.00034826990461358755
145 0.0005049153202258125
146 0.0005505401985594704
147 0.0006296233210044769
148 0.0007147897605606384
149 0.0008866434689507491
150 0.0010387263967296084
151 0.001218184251508662
152 0.001412850399065602
153 0.0016379331321783133
154 0.0018782241580689108
155 0.0022112857699046118
156 0.0024835142106287697
157 0.0029640962624099642
158 0.003332136947634805
159 0.0037807815845824384
160 0.004345009246642006
161 0.004903153591590422
162 0.005318339984426708
163 0.006101567062487831
164 0.006758565310492503
165 0.007477917558886508
166 0.008054311855168382
167 0.00860789371228343
168 0.00942457903445591
169 0.010178910356239046
170 0.011004720654078261
171 0.011784906073583798
172 0.01250882080981117
173 0.012952902958925438
174 0.013822817305820518
175 0.013994671014210624
176 0.014470690578158458
177 0.01499081419116216
178 0.015460750437998824
179 0.015600666731555381
180 0.015453146291609881
181 0.015328438290831218
182 0.015319313315164495
183 0.014644065115826346
184 0.014507190480825374
185 0.013745255012653303
186 0.013019819447148131
187 0.012236592369087008
188 0.011894405781584584
189 0.01107315797157874
190 0.010387263967296084
191 0.009451953961456103
192 0.008807122347673738
193 0.00812427000194666
194 0.007161585069106479
195 0.006656669748880669
196 0.006014879793653884
197 0.0054004647654272925
198 0.004849924566867822
199 0.004176197196807472
200 0.0038522605606385015
201 0.0033777618259684624
202 0.002948887969632078
203 0.002506326649795599
204 0.002231056550515864
205 0.0017428703523457258
206 0.0016257664979560037
207 0.0014478294724547388
208 0.0012257883978976044
209 0.0010508930309519164
210 0.0008759976640062285
211 0.0007741021023943928
212 0.00063722746739342
213 0.0004927486860035039
214 0.00042279053922522863
215 0.0004243113685030172
216 0.00034370741678022194
217 0.0003087283433910843
218 0.0002144369281681915
219 0.00018097868405684246
220 0.00015968707416780218
221 0.00014295795211212775
222 0.00010493722016741299
223 0.00012318717150087613
224 9.429141522289283e-05
225 8.212478100058406e-05
226 7.299980533385247e-05
227 6.0833171111543736e-05
228 4.71457076114464e-05
229 5.4749854000389374e-05
230 4.866653688923498e-05
231 3.954156122250341e-05
232 4.258321977808061e-05
233 4.7145707611446384e-05
234 2.1291609889040292e-05
235 4.866653688923498e-05
236 3.954156122250341e-05
237 3.497907338913763e-05
238 4.1062390500292015e-05
239 3.649990266692622e-05
240 4.562487833365779e-05
241 3.4979073389137634e-05
242 3.345824411134903e-05
243 5.0187366167023574e-05
244 3.497907338913763e-05
245 2.8895756277983255e-05
246 5.7791512555966565e-05
247 6.387482966712091e-05
248 6.083317111154374e-05
249 6.691648822269812e-05
250 8.060395172279549e-05
251 8.668726883394984e-05
252 9.277058594510423e-05
253 8.972892738952702e-05
254 0.00010493722016741296
255 0.00010189556161183577
256 0.00011406219583414453
257 0.00014447878138991642
258 0.00017185370839011105
259 0.00019618697683472844
260 0.0001992286353903056
261 0.0002737492700019466
262 0.000349790733891376
263 0.0003634781973914735
264 0.00043951966128090284
265 0.0005307694179482185
266 0.0006554774187268829
267 0.0006828523457270777
268 0.0008486227370060346
269 0.0009292266887288297
270 0.0011938509830640438
271 0.0013793921549542538
272 0.0015816624489001351
273 0.0018310784504574646
274 0.0020576820128479657
275 0.0026508054311855157
276 0.0028865339692427474
277 0.003289553727856723
278 0.003826406462916096
279 0.004233988709363441
280 0.004801258029978586
281 0.005490193692816815
282 0.005931234183375513
283 0.006612565699824799
284 0.007167668386217638
285 0.007792729219388748
286 0.008335665271559276
287 0.008724997566673151
288 0.009064142495620008
289 0.00971505742651353
290 0.009792619719680746
291 0.010145452112127702
292 0.009972077574459807
293 0.010110473038738566
294 0.009829119622347672
295 0.009731786548569212
296 0.009582745279345922
297 0.009147788105898386
298 0.008890767957952109
299 0.008232248880669653
300 0.0076771461942768135
301 0.0073288762896632255
302 0.0064665660891570975
303 0.0058339011095970405
304 0.005286402569593149
305 0.004661341736422034
306 0.004127530659918239
307 0.003485740704691453
308 0.0029412838232431363
309 0.0026219096749075326
310 0.0021595775744598007
311 0.0018873491337356425
312 0.001505620985010706
313 0.0012531633248978006
314 0.001023518103951722
315 0.0008288519563947831
316 0.0006448316137823627
317 0.0005581443449484134
318 0.000459290441892155
319 0.0003847698072805137
320 0.00027983258711310096
321 0.00022660356239050024
322 0.00017185370839011094
323 0.00011862468366751035
324 0.00011254136655635597
325 5.3229024722600765e-05
326 3.497907338913763e-05
327 5.474985400038937e-05
328 2.5854097722406068e-05
329 3.0416585555771844e-05
330 2.4333268444617476e-05
331 1.8249951333463108e-05
332 9.124975666731556e-06
333 9.124975666731556e-06
334 6.083317111154371e-06
335 6.083317111154371e-06
336 6.083317111154371e-06
337 0.0
338 4.562487833365778e-06
339 3.0416585555771853e-06
340 1.5208292777885927e-06
341 3.0416585555771853e-06
342 1.5208292777885927e-06
343 1.5208292777885927e-06
344 3.0416585555771853e-06
345 1.5208292777885927e-06
346 0.0
347 0.0
348 3.0416585555771853e-06
349 0.0
350 0.0
351 0.0
352 0.0
353 0.0
354 0.0
355 0.0
356 0.0
357 1.5208292777885927e-06
358 0.0
