0 0.0
1 1.5208292777885927e-06
2 0.0
3 1.5208292777885927e-06
4 0.0
5 1.5208292777885927e-06
6 0.0
7 0.0
8 0.0
9 1.5208292777885927e-06
10 0.0
11 0.0
12 0.0
13 0.0
14 0.0
15 1.5208292777885927e-06
16 0.0
17 4.562487833365778e-06
18 0.0
19 1.5208292777885927e-06
20 0.0
21 1.5208292777885927e-06
22 0.0
23 1.5208292777885927e-06
24 0.0
25 3.0416585555771853e-06
26 0.0
27 1.5208292777885927e-06
28 0.0
29 0.0
30 3.0416585555771853e-06
31 3.0416585555771853e-06
32 1.5208292777885927e-06
33 0.0
34 0.0
35 1.5208292777885927e-06
36 0.0
37 3.0416585555771853e-06
38 1.5208292777885927e-06
39 4.562487833365778e-06
40 0.0
41 3.0416585555771853e-06
42 4.562487833365778e-06
43 3.0416585555771853e-06
44 6.083317111154371e-06
45 3.0416585555771853e-06
46 4.562487833365778e-06
47 3.0416585555771853e-06
48 1.0645804944520148e-05
49 9.124975666731556e-06
50 1.3687463500097332e-05
51 1.3687463500097332e-05
52 1.216663422230874e-05
53 3.0416585555771844e-05
54 2.7374927000194663e-05
55 1.8249951333463108e-05
56 2.8895756277983252e-05
57 3.4979073389137634e-05
58 5.931234183375514e-05
59 5.3229024722600765e-05
60 6.539565894490952e-05
61 8.516643955616125e-05
62 9.58122445006814e-05
63 0.00012014551294529893
64 0.0001444787813899164
65 0.00018097868405684246
66 0.0001809786840568424
67 0.00027983258711310096
68 0.000305686684835507
69 0.00038781146583609095
70 0.0003573948802803193
71 0.0005018736616702352
72 0.000530769417948219
73 0.0006402691259489972
74 0.0007756229316721817
75 0.0009094559081175776
76 0.000994622347673739
77 0.0011649552267860614
78 0.0012744549347868397
79 0.001423496204010122
80 0.0015740583025111912
81 0.0017535161572902465
82 0.001992286353903056
83 0.0021489317695152807
84 0.002276681428849521
85 0.002483514210628769
86 0.0028135341639088946
87 0.0029686587502433313
88 0.0032682621179676847
89 0.003406657582246445
90 0.003724510901304262
91 0.003998260171306208
92 0.004021072610473037
93 0.004659820907144247
94 0.004722174907533579
95 0.004983757543313217
96 0.005360923204204791
97 0.005634672474206733
98 0.005835421938874831
99 0.006311441502822657
100 0.006428545357212381
101 0.006615607358380374
102 0.007071856141716951
103 0.0071357309713840755
104 0.0073957927778859275
105 0.007645208779443252
106 0.007794250048666535
107 0.007920478878722988
108 0.008113624197002145
109 0.008239853027058592
110 0.008486227370060342
111 0.008551623029005258
112 0.008286998734670042
113 0.00844972746739342
114 0.008484706540782554
115 0.00833870693011485
116 0.008411706735448703
117 0.008425394198948803
118 0.008391935954837447
119 0.008583560443838813
120 0.008118186684835509
121 0.008001082830445781
122 0.008194228148724933
123 0.008154686587502435
124 0.00811666585555772
125 0.007947853805723186
126 0.007994999513334633
127 0.008172936538835903
128 0.008165332392446954
129 0.007993478684056844
130 0.007847479073389134
131 0.007871812341833756
132 0.00760566721822075
133 0.007601104730387384
134 0.007386667802219194
135 0.007351688728830057
136 0.007067293653883587
137 0.006855898384270974
138 0.006715982090714423
139 0.006361628868989686
140 0.006182171014210627
141 0.006066587989098697
142 0.005680297352540393
143 0.0053852564726494054
144 0.005219486081370446
145 0.004913799396534943
146 0.004679591687755497
147 0.0046354876386996285
148 0.004153384757640644
149 0.004065176659528907
150 0.0037001776328596443
151 0.0035070323145804916
152 0.0032743454350788355
153 0.00304470021413276
154 0.0028682840179092835
155 0.002593013918629548
156 0.0025017641619622328
157 0.0024074727467393413
158 0.0021398067938485487
159 0.00196491142690286
160 0.00198772386606969
161 0.0019436198170138207
162 0.001715495425345531
163 0.0016059957173447524
164 0.0016972454740120683
165 0.0015390792291220547
166 0.0014158920576211793
167 0.0014311003503990648
168 0.0013504963986762694
169 0.001181684348841736
170 0.001171038543897215
171 0.0011421427876192318
172 0.001192330153786256
173 0.0011771218610083704
174 0.001125413665563558
175 0.0010919554214522092
176 0.0011086845435078836
177 0.0010828304457854772
178 0.001056976348063071
179 0.0011056428849523063
180 0.0010219972746739337
181 0.0010980387385633632
182 0.0011588719096749071
183 0.0010676221530075915
184 0.0011451844461748098
185 0.001133017811952501
186 0.001117809519174615
187 0.0011877676659528898
188 0.0011938509830640444
189 0.001237955032119913
190 0.0011892884952306793
191 0.0013185589838427085
192 0.001348975569398481
193 0.0014523919602881053
194 0.0015588500097333065
195 0.0015664541561222487
196 0.001590787424566867
197 0.001642495620011679
198 0.0018143493284017895
199 0.0019086407436246823
200 0.0020257445980144035
201 0.0021565359159042238
202 0.0023800978197391458
203 0.002533701576795794
204 0.002618868016351955
205 0.0027405343585750423
206 0.0030218877749659313
207 0.003300199532801243
208 0.003405136752968658
209 0.0037321150476932034
210 0.003843135584971769
211 0.004249197002141324
212 0.00441800905197586
213 0.004726737395366941
214 0.004852966225423397
215 0.005061319836480436
216 0.00552061027837259
217 0.005841505255985983
218 0.005765463792096554
219 0.006054421354876388
220 0.006165441892154955
221 0.006495461845435077
222 0.0068528567257153975
223 0.007018627116994355
224 0.007103793556550514
225 0.007487042534553242
226 0.007547875705664784
227 0.007522021607942378
228 0.00768322951138797
229 0.007853562390500288
230 0.007689312828499122
231 0.007978270391278953
232 0.008116665855557715
233 0.008081686782168583
234 0.007820104146388944
235 0.007931124683667513
236 0.008039103562390498
237 0.008107540879890988
238 0.007844437414833563
239 0.008276352929725523
240 0.008303727856725713
241 0.008259623807669845
242 0.008223123905002919
243 0.008452769125948997
244 0.008426915028226591
245 0.008574435468172083
246 0.008305248686003505
247 0.008321977808059176
248 0.00810754087989099
249 0.008090811757835313
250 0.008096895074946467
251 0.007990437025501267
252 0.007695396145610281
253 0.00767410453572124
254 0.0076619379014989325
255 0.007123564337161769
256 0.007032314580494453
257 0.0069456273116605
258 0.006754002822659139
259 0.006230837551099861
260 0.006214108429044184
261 0.005765463792096555
262 0.0055966517422620194
263 0.005344194082149115
264 0.00503546573875803
265 0.004640050126532996
266 0.004364780027253258
267 0.004138176464862759
268 0.0038659480241385992
269 0.0036119695347479057
270 0.003503990656024916
271 0.003272824605801049
272 0.0029595337745766006
273 0.002719242748686002
274 0.0025291390889624287
275 0.0023664103562390485
276 0.0020196612809032497
277 0.0019284115242359336
278 0.001853890889624293
279 0.001551245863344363
280 0.0014630377652326248
281 0.0011664760560638494
282 0.0011558302511193294
283 0.0009946223476737389
284 0.0009140183959509433
285 0.0007482480046719872
286 0.0006782898578937121
287 0.0005809567841152421
288 0.0004334363441697489
289 0.00040758224644734276
290 0.0003254574654467589
291 0.00030568668483550693
292 0.00023572853805723176
293 0.0002037911232236713
294 0.0001596870741678022
295 0.00016577039127895653
296 0.0001079788787229902
297 0.00010493722016741298
298 5.627068327817793e-05
299 7.14789760560639e-05
300 5.0187366167023574e-05
301 4.8666536889234986e-05
302 5.3229024722600765e-05
303 3.193741483356044e-05
304 3.802073194471481e-05
305 3.1937414833560436e-05
306 2.1291609889040292e-05
307 1.5208292777885924e-05
308 1.0645804944520148e-05
309 1.672912205567452e-05
310 3.0416585555771853e-06
311 1.216663422230874e-05
312 1.5208292777885925e-05
313 9.124975666731556e-06
314 7.6041463889429636e-06
315 6.083317111154371e-06
316 1.5208292777885927e-06
317 1.5208292777885927e-06
318 1.5208292777885927e-06
319 3.0416585555771853e-06
320 1.5208292777885927e-06
321 1.5208292777885927e-06
322 1.5208292777885927e-06
323 1.5208292777885927e-06
324 0.0
325 6.083317111154371e-06
326 0.0
327 4.562487833365778e-06
328 0.0
329 0.0
330 0.0
331 0.0
332 0.0
333 3.0416585555771853e-06
334 3.0416585555771853e-06
335 0.0
336 0.0
337 0.0
338 0.0
339 0.0
340 3.0416585555771853e-06
341 3.0416585555771853e-06
342 0.0
343 0.0
344 0.0
345 0.0
346 0.0
347 1.5208292777885927e-06
348 0.0
349 1.5208292777885927e-06
350 1.5208292777885927e-06
351 0.0
352 0.0
353 1.5208292777885927e-06
354 0.0
355 1.5208292777885927e-06
356 0.0
357 0.0
358 0.0
