0 0.0
1 0.0
2 0.0
3 0.0
4 0.0
5 0.0
6 0.0
7 0.0
8 1.5208292777885927e-06
9 0.0
10 0.0
11 0.0
12 0.0
13 0.0
14 0.0
15 3.0416585555771853e-06
16 1.5208292777885927e-06
17 0.0
18 0.0
19 0.0
20 3.0416585555771853e-06
21 3.0416585555771853e-06
22 0.0
23 0.0
24 0.0
25 3.0416585555771853e-06
26 1.5208292777885927e-06
27 1.5208292777885927e-06
28 1.5208292777885927e-06
29 3.0416585555771853e-06
30 0.0
31 1.5208292777885927e-06
32 0.0
33 1.5208292777885927e-06
34 0.0
35 3.0416585555771853e-06
36 3.0416585555771853e-06
37 0.0
38 1.5208292777885927e-06
39 6.083317111154371e-06
40 3.0416585555771853e-06
41 1.5208292777885927e-06
42 4.562487833365778e-06
43 9.124975666731556e-06
44 3.0416585555771853e-06
45 1.3687463500097332e-05
46 6.083317111154371e-06
47 9.124975666731556e-06
48 1.3687463500097332e-05
49 4.562487833365778e-06
50 1.8249951333463108e-05
51 6.083317111154371e-06
52 6.083317111154371e-06
53 2.4333268444617476e-05
54 2.5854097722406068e-05
55 2.2812439166828884e-05
56 3.0416585555771844e-05
57 4.410404905586919e-05
58 4.8666536889234965e-05
59 6.235400038933232e-05
60 7.604146388942968e-05
61 8.212478100058404e-05
62 8.820809811173843e-05
63 0.0001034163908896244
64 0.00014295795211212773
65 0.0001596870741678023
66 0.00023116605022386604
67 0.0002402910258905974
68 0.00030264502627992993
69 0.0003558740510025306
70 0.0003756448316137822
71 0.00045016546622542327
72 0.0005839984426708192
73 0.0006402691259489968
74 0.0007664979560054504
75 0.0008942476153396918
76 0.0010250389332295106
77 0.001142142787619232
78 0.0012851007397313601
79 0.0014052462526766589
80 0.0015512458633443634
81 0.0018310784504574646
82 0.0020348695736811355
83 0.0020880985984037363
84 0.0023223063071831787
85 0.0025717223087405082
86 0.002767909285575236
87 0.002939762993965348
88 0.003356470216079421
89 0.003602844559081174
90 0.003712344267081952
91 0.0038826771461942734
92 0.004294821880474981
93 0.004472758905976249
94 0.0049016327623126335
95 0.005100861397702937
96 0.005309215008759973
97 0.005605776717928753
98 0.005996629842320421
99 0.00600423398870936
100 0.006729669554214522
101 0.006629294821880474
102 0.006909127408993574
103 0.007506813315164494
104 0.007639125462332099
105 0.007760791804555186
106 0.007810979170722211
107 0.007931124683667507
108 0.008188144831613781
109 0.008373686003503989
110 0.008060395172279543
111 0.008547060541171892
112 0.008153165758224645
113 0.008361519369281678
114 0.008428435857504381
115 0.008461894101615729
116 0.008387373467004088
117 0.008183582343780419
118 0.008286998734670042
119 0.008355436052170527
120 0.008188144831613783
121 0.008036061903834924
122 0.008154686587502437
123 0.008185103173058206
124 0.007981312049834531
125 0.007876374829667122
126 0.00812274917266887
127 0.007713646096943746
128 0.007716687755499318
129 0.007613271364609695
130 0.007573729803387195
131 0.007722771072610473
132 0.007452063461164103
133 0.007529625754331318
134 0.00732887628966323
135 0.00710987687366167
136 0.006957793945882808
137 0.006650586431769512
138 0.006350983064045161
139 0.006352503893322953
140 0.006046817208487442
141 0.005805005353319055
142 0.005593610083706441
143 0.005246861008370643
144 0.005128236324703133
145 0.0046719875413665565
146 0.004538154564921161
147 0.004346530075919795
148 0.004054530854584385
149 0.00384313558497177
150 0.0037184275841931056
151 0.0034036159236908677
152 0.0031389916293556525
153 0.0030675126532995903
154 0.0027009927973525396
155 0.0026401596262409957
156 0.002501764161962233
157 0.0022964522094607726
158 0.0020455153786256564
159 0.0019238490364025683
160 0.0018690991824021784
161 0.001777849425734864
162 0.0016713913762896617
163 0.0015390792291220545
164 0.0015588500097333063
165 0.0015193084485108034
166 0.0014204545454545435
167 0.0012881423982869372
168 0.0013368089351761727
169 0.001237955032119913
170 0.0011679968853416387
171 0.0011634343975082725
172 0.001014393128284991
173 0.001094997080007786
174 0.001073705470118746
175 0.0011071637142300954
176 0.0010782679579521115
177 0.0010767471286743228
178 0.00110108039711894
179 0.0010797887872299003
180 0.0010782679579521117
181 0.0011071637142300948
182 0.001035684738174031
183 0.0011238928362857692
184 0.0010706638115631686
185 0.0011436636168970212
186 0.0010858721043410541
187 0.0011056428849523059
188 0.0011238928362857687
189 0.001161913568230484
190 0.0012714132762312621
191 0.0012987882032314576
192 0.0013094340081759776
193 0.0014919335215106088
194 0.001418933716176756
195 0.0015770999610667693
196 0.001590787424566866
197 0.0017018079618454339
198 0.0017824119135682298
199 0.0018158701576795786
200 0.00203030708584777
201 0.00199836967101421
202 0.002348160404905586
203 0.002442451820128479
204 0.002588451430796182
205 0.0028424299201868773
206 0.0030036378236324678
207 0.0030705543118551668
208 0.0033792826552462513
209 0.0036074070469145386
210 0.003937427000194663
211 0.004168593050418527
212 0.00428721773408604
213 0.004542717052754526
214 0.0047677997858672355
215 0.005061319836480435
216 0.005335069106482385
217 0.005728963889429625
218 0.005747213840763088
219 0.006089400428265524
220 0.006425503698656803
221 0.006449836967101421
222 0.006722065407825579
223 0.0068315651158263576
224 0.0070581686782168595
225 0.007216334923106872
226 0.007415563558497176
227 0.007523542437220167
228 0.0075098549737200706
229 0.007839874927000192
230 0.007769916780221919
231 0.007844437414833557
232 0.007827708292777888
233 0.00797522873272338
234 0.00805127019661281
235 0.007964582927778857
236 0.008067999318668483
237 0.008209436441502823
238 0.008213998929336193
239 0.008653518590617092
240 0.008512081467782753
241 0.008591164590227757
242 0.008467977418726885
243 0.008417790052559855
244 0.008471019077282461
245 0.008557706346116415
246 0.008858830543118552
247 0.008571393809616511
248 0.008425394198948805
249 0.008318936149503606
250 0.008315894490948026
251 0.008527289760560636
252 0.008206394782947244
253 0.008125790831224444
254 0.007818583317111159
255 0.007465750924664201
256 0.007316709655440919
257 0.0073516887288300565
258 0.006796586042437221
259 0.006574544967880086
260 0.006347941405489584
261 0.006139587794432545
262 0.00560881837648433
263 0.0053700481798715175
264 0.005021778275257933
265 0.005027861592369087
266 0.004448425637531632
267 0.004162509733307377
268 0.0039435103173058195
269 0.003879635487638697
270 0.0035252822659139556
271 0.0032241580689118133
272 0.0029428046525209234
273 0.002830263285964568
274 0.0026006180650184917
275 0.0024576601129063635
276 0.002240181526182595
277 0.001980119719680746
278 0.0018325992797352528
279 0.0015983915709558095
280 0.0015162667899552259
281 0.0013155173252871314
282 0.0012044967880085653
283 0.0009566016157290245
284 0.0009048934202842116
285 0.0007482480046719869
286 0.0006144150282265913
287 0.0005353319057815842
288 0.00046081127116994337
289 0.00042279053922522847
290 0.000361957368113685
291 0.0002798325871131011
292 0.00023877019661280887
293 0.0002205202452793458
294 0.0001870620011679968
295 0.00016120790344559082
296 0.0001444787813899164
297 9.581224450068143e-05
298 9.124975666731564e-05
299 8.060395172279548e-05
300 5.627068327817795e-05
301 5.170819544481217e-05
302 4.562487833365779e-05
303 3.0416585555771844e-05
304 3.0416585555771847e-05
305 2.8895756277983252e-05
306 2.1291609889040295e-05
307 1.5208292777885924e-05
308 2.1291609889040292e-05
309 1.3687463500097332e-05
310 1.0645804944520148e-05
311 1.0645804944520148e-05
312 3.0416585555771853e-06
313 1.3687463500097332e-05
314 9.124975666731556e-06
315 4.562487833365778e-06
316 1.5208292777885927e-06
317 3.0416585555771853e-06
318 4.562487833365778e-06
319 6.083317111154371e-06
320 0.0
321 6.083317111154371e-06
322 7.6041463889429636e-06
323 1.5208292777885927e-06
324 4.562487833365778e-06
325 3.0416585555771853e-06
326 3.0416585555771853e-06
327 3.0416585555771853e-06
328 0.0
329 0.0
330 1.5208292777885927e-06
331 4.562487833365778e-06
332 0.0
333 0.0
334 0.0
335 1.5208292777885927e-06
336 1.5208292777885927e-06
337 1.5208292777885927e-06
338 0.0
339 3.0416585555771853e-06
340 3.0416585555771853e-06
341 0.0
342 0.0
343 1.5208292777885927e-06
344 0.0
345 0.0
346 1.5208292777885927e-06
347 1.5208292777885927e-06
348 0.0
349 1.5208292777885927e-06
350 1.5208292777885927e-06
351 0.0
352 0.0
353 1.5208292777885927e-06
354 1.5208292777885927e-06
355 0.0
356 0.0
357 0.0
358 0.0
