0 0.0
1 1.5208292777885927e-06
2 1.5208292777885927e-06
3 6.083317111154371e-06
4 3.0416585555771853e-06
5 3.0416585555771853e-06
6 0.0
7 1.5208292777885927e-06
8 3.0416585555771853e-06
9 1.5208292777885927e-06
10 0.0
11 4.562487833365778e-06
12 1.5208292777885927e-06
13 6.083317111154371e-06
14 1.5208292777885927e-06
15 7.6041463889429636e-06
16 7.6041463889429636e-06
17 4.562487833365778e-06
18 4.562487833365778e-06
19 9.124975666731556e-06
20 9.124975666731556e-06
21 1.3687463500097333e-05
22 1.6729418167294027e-05
23 1.6729122055674516e-05
24 1.5208292777885924e-05
25 2.4333268444617476e-05
26 3.649990266692622e-05
27 3.497907338913763e-05
28 3.649990266692623e-05
29 6.083346722316324e-05
30 6.84373175004867e-05
31 7.29998053338525e-05
32 0.00013383356866863524
33 0.00010949970800077873
34 0.0001490412692232821
35 0.00016120819955721033
36 0.00018858283044578543
37 0.00024029132200221697
38 0.0002996042560592112
39 0.0003695618106142473
40 0.00042735332317021384
41 0.0004790615186150258
42 0.0005992085121184222
43 0.0007011031853953991
44 0.0008242894685614167
45 0.0009292272809520683
46 0.0010584986578989573
47 0.0012622897811226284
48 0.0014158941304025154
49 0.0016303298741242288
50 0.0018812693699639222
51 0.0020151020502976983
52 0.0022112869543510893
53 0.002453098809519476
54 0.0025610791688005625
55 0.002973224495304513
56 0.0030888063359699658
57 0.0032089539216966015
58 0.0036028475201973693
59 0.003907014856313184
60 0.004057576362591017
61 0.004094079226374139
62 0.0044225765737067576
63 0.004518387337649342
64 0.004670472338209536
65 0.004598992177706996
66 0.004646139661988158
67 0.004679596721653031
68 0.004776927722650164
69 0.004484929093537992
70 0.004880345890209504
71 0.00447428476915157
72 0.004442347058206388
73 0.004194450701480369
74 0.004037806470314623
75 0.004054536480705155
76 0.0035465789097005283
77 0.0036576003353139533
78 0.0033306217444777856
79 0.0031435609277562664
80 0.0029884327880823963
81 0.0027177248805244076
82 0.0024728716629120653
83 0.0023314354284125842
84 0.002027268388408388
85 0.0018979976036847378
86 0.001736789108015908
87 0.0015375610648488418
88 0.0015694984796824026
89 0.001275977836845965
90 0.0011436642091202597
91 0.0010493748666787037
92 0.0009292281692869269
93 0.0008273317193402327
94 0.000704144843950976
95 0.0006904576765624987
96 0.0006296242093393355
97 0.0005383735643371614
98 0.0005018742538934745
99 0.0004866656650039691
100 0.0004106256816726368
101 0.0003589160056697273
102 0.0003239375245038287
103 0.00034066605433626416
104 0.00030872863950270386
105 0.0002509368308351177
106 0.00024637434300175194
107 0.00021139556572423375
108 0.00021139556572423386
109 0.00019466614755693983
110 0.00016120849566882974
111 0.00018706229727961633
112 0.00015968737027942173
113 0.00015360375705664793
114 0.00014752073605711296
115 0.0001338329764453962
116 0.00015208352000209833
117 0.00012774965933424185
118 0.0001444796697247749
119 0.00011406219583414456
120 0.00011406278805738353
121 0.00012927048861203046
122 0.0001566457117238445
123 0.0001505623946126902
124 0.00015968766639104127
125 0.00015360405316826737
126 0.0001429582482237473
127 0.00014599990677932435
128 0.00017641619622347664
129 0.0001961878651695869
130 0.0002113955657242337
131 0.00021900000822479626
132 0.0002676662490024118
133 0.0002676668412256507
134 0.0002691873743918198
135 0.0003741242984476133
136 0.0003284997162255749
137 0.0004410419711167892
138 0.0004821031771706031
139 0.0005414161112275973
140 0.000580957376338481
141 0.0006752493837846124
142 0.0007953954889531505
143 0.0009140204687322802
144 0.0010402492987887334
145 0.0011451862228445268
146 0.0013474579973485072
147 0.001481289789347425
148 0.001732228692963878
149 0.0019132047120161465
150 0.0021656644449103883
151 0.0023694576409153977
152 0.002923039498030444
153 0.0033123735698140414
154 0.003473579400478295
155 0.004135143393544146
156 0.004506226033436181
157 0.004953351025552507
158 0.005490205833393216
159 0.006316015835120803
160 0.006963888811347124
161 0.007798828230415735
162 0.00829157277085657
163 0.008982032224088783
164 0.009926465725037406
165 0.010805506232045684
166 0.011760593532952553
167 0.01232938664396167
168 0.013260130608628865
169 0.014221300930535263
170 0.01482050618542587
171 0.015918543147319518
172 0.016224237234945513
173 0.017253837767673533
174 0.017682711624009917
175 0.018377726458396627
176 0.019028649384303865
177 0.019092527767310442
178 0.01918530101826012
179 0.01924612056823716
180 0.019303914745797675
181 0.019484895502635876
182 0.019162477919074973
183 0.018929787782345518
184 0.018663646508183578
185 0.01808725428468301
186 0.017405917734336192
187 0.01666983547555166
188 0.01574516742520514
189 0.015357363066047921
190 0.014347525022805797
191 0.013477611268133972
192 0.012543818242120712
193 0.011990238753898628
194 0.011057968926056122
195 0.010110490213212496
196 0.009283156717202548
197 0.008407156684303356
198 0.007712141257693407
199 0.0069578060864592135
200 0.0063768472295626325
201 0.005713763887777091
202 0.005070454287718991
203 0.004719140059545252
204 0.004024120191261005
205 0.0037594956008141682
206 0.003204392322198093
207 0.00278616456691785
208 0.002567162782023337
209 0.002332955073243894
210 0.0018843116207427379
211 0.0016896439926277014
212 0.001586228786184555
213 0.0012790194954015427
214 0.0011816873099579311
215 0.0010204776298426226
216 0.0008562280678414547
217 0.0008121249071204444
218 0.0006646035788400928
219 0.0006478747528960378
220 0.0005596654703378213
221 0.0004577702048376051
222 0.00041062420111453925
223 0.0003862906365583023
224 0.00034979162222623463
225 0.0003011244931137608
226 0.00029199922133540994
227 0.0002843950749464666
228 0.00022204137066875396
229 0.00022356249605816212
230 0.000214437224279811
231 0.00018402034261241976
232 0.0001840209348356587
233 0.0001566457117238445
234 0.00016272873272337945
235 0.00015056239461269015
236 0.00014295854433536673
237 0.00015664541561222502
238 0.00013231244327922712
239 0.00013079131788981902
240 0.00012318776372411512
241 0.00014752103216873253
242 0.0001490415653349016
243 0.00011406249194576407
244 0.0001277499554458614
245 0.0001596870741678022
246 0.00015664600783546405
247 0.00016881204983453373
248 0.00015816654100163314
249 0.0001764164923350962
250 0.00020227029394588266
251 0.00022660385850211968
252 0.0002250833253359507
253 0.00020531195250145988
254 0.00026310376116904597
255 0.00027679122466914323
256 0.000302645618503169
257 0.0003178542073926742
258 0.00039845756689223054
259 0.0004668951805043369
260 0.00048058323622767325
261 0.0004897073235595459
262 0.0005049162085606712
263 0.0005900826481168319
264 0.0007071870947297921
265 0.0007315200670627907
266 0.0008471022038398651
267 0.001067622449119211
268 0.001060020671623224
269 0.0012014563138994657
270 0.0013733112067360542
271 0.0014888939357363678
272 0.0016805187208493494
273 0.0018158725265725348
274 0.0019527465693502674
275 0.0022219348320769473
276 0.002370976989635088
277 0.002600620730023067
278 0.0027648705881358534
279 0.0030066836277507195
280 0.0032469740614180756
281 0.003494868937585998
282 0.003704745746813781
283 0.004004350298984612
284 0.004103203313706012
285 0.004332850015210186
286 0.004513825738150832
287 0.004670473522656017
288 0.004856013806211365
289 0.0049062029490481085
290 0.005027866626266619
291 0.00493509752087961
292 0.004956390907438366
293 0.00504459604443391
294 0.004857535819935632
295 0.004679599386657603
296 0.004545764929654114
297 0.004562493459486547
298 0.004393680225205536
299 0.004226389004648789
300 0.003993702717370373
301 0.0037047439701440644
302 0.003751892046648467
303 0.003347349089863745
304 0.0031511627052522554
305 0.002792245811247669
306 0.002583890423520915
307 0.0023922659345195513
308 0.0021626216019083335
309 0.0018645372867920524
310 0.0015694969991243046
311 0.0014432681690678519
312 0.0012911843529541344
313 0.0011588736863446239
314 0.0010554567032317606
315 0.0008486236253408926
316 0.0008242900607846557
317 0.0006281048606196443
318 0.0005839990348940581
319 0.0004379997203379733
320 0.00039237454589269603
321 0.00032241610300280145
322 0.00028591590422425556
323 0.00019314561439077088
324 0.00016881234594615322
325 0.0001520835200020983
326 0.00012318776372411514
327 9.885419916787811e-05
328 7.908312244500688e-05
329 6.083317111154372e-05
330 6.387482966712091e-05
331 5.322961694583979e-05
332 4.1062390500292e-05
333 3.8020731944714825e-05
334 1.6729122055674516e-05
335 1.9770780611251703e-05
336 1.8249951333463108e-05
337 1.5208292777885924e-05
338 1.5208292777885924e-05
339 1.8249951333463108e-05
340 7.6041463889429636e-06
341 3.0416585555771853e-06
342 4.562487833365778e-06
343 9.124975666731556e-06
344 1.5208292777885927e-06
345 3.0416585555771853e-06
346 3.0416585555771853e-06
347 1.5208292777885927e-06
348 0.0
349 0.0
350 4.562487833365778e-06
351 0.0
352 0.0
353 3.0416585555771853e-06
354 1.5208292777885927e-06
355 1.5208292777885927e-06
356 0.0
357 0.0
358 0.0
