0 0.0006733237279660925
1 0.0006307162360940202
2 0.0005940906227700758
3 0.0006490220899108474
4 0.0006230665418000612
5 0.0006916674691588326
6 0.0007053012740326125
7 0.000714430740561156
8 0.0007814451615261801
9 0.0008591926043082037
10 0.0008652524875013101
11 0.0008986462887412415
12 0.000921556296690451
13 0.0010875713242425801
14 0.0010997346946821707
15 0.0013052878943297262
16 0.0013737293756778302
17 0.0015914308853295681
18 0.0017102539467619584
19 0.001953740167068725
20 0.002239984933656272
21 0.0026662123000059587
22 0.002981440196810068
23 0.0035522379660962527
24 0.003976634772404973
25 0.004800195198432261
26 0.005294600564983137
27 0.006038886386990651
28 0.006846983028876571
29 0.008045901374184572
30 0.009076167721236554
31 0.010176440675623413
32 0.011139252579069898
33 0.01192561306087249
34 0.012908381199333487
35 0.013769565444736816
36 0.015161719900817456
37 0.015153648050925042
38 0.015669122092660498
39 0.01599145549450186
40 0.015924049305482333
41 0.01569587080310769
42 0.015200971406299847
43 0.014701777978230881
44 0.0139039829144826
45 0.013409627944063146
46 0.012552939212730102
47 0.01158644106015382
48 0.01079830237213576
49 0.009734672778961685
50 0.008884322709149246
51 0.008106655984841034
52 0.007361019598949247
53 0.006915340361065909
54 0.006042176490922071
55 0.005546036412353315
56 0.005127586560399454
57 0.004519036688171996
58 0.00418278969589233
59 0.0038511803640467667
60 0.0035134166154139586
61 0.0032805876241897404
62 0.0032288568631113493
63 0.003034118442667494
64 0.0028668388889159188
65 0.002754253621087815
66 0.0027724700622917286
67 0.002799876439711182
68 0.002737521000032409
69 0.002621872493056591
70 0.002708560652566929
71 0.0026051779252294267
72 0.00266895906359361
73 0.0026980840585269904
74 0.002766474465425448
75 0.0026416560639470374
76 0.0026995086201541227
77 0.002554870586172603
78 0.0023509907613774666
79 0.0023129591148851585
80 0.0021500329553818883
81 0.002116713749180987
82 0.00189606610223187
83 0.0016952006979629524
84 0.0015247086939754258
85 0.0014060204098167448
86 0.001221898655302048
87 0.0010483246072438984
88 0.0009358117771985183
89 0.0007683825338449026
90 0.0006649138463826688
91 0.000581213105174645
92 0.000529523355108674
93 0.00047013380803340177
94 0.00041074905377697963
95 0.00037730299115418465
96 0.00044875820625516074
97 0.0003833308138795951
98 0.00041527801820491055
99 0.0004258876343063684
100 0.0003985156783673023
101 0.0004243688906473673
102 0.0004821559462627575
103 0.00043804003587959574
104 0.0004623836794209022
105 0.0004988571899120379
106 0.0005262516978461812
107 0.0004882271174018489
108 0.0004289144653133236
109 0.0004167401260789787
110 0.00034982601135783895
111 0.0003087582745556462
112 0.0003163558967903882
113 0.0002676946963781371
114 0.00024182904210693653
115 0.00017948365242874019
116 0.00019012114739608605
117 0.00018405268249783492
118 0.00014906942302526542
119 0.0001125579591922067
120 0.00010799576943486025
121 9.734759363494086e-05
122 8.671632359382439e-05
123 7.45283378981356e-05
124 7.758335525761679e-05
125 6.694168705278074e-05
126 6.0850060323779157e-05
127 6.846844700589925e-05
128 5.629825179891098e-05
129 6.542618776722888e-05
130 5.172182523437253e-05
131 5.6292313969471335e-05
132 6.23815598917203e-05
133 5.477771053785161e-05
134 5.781611025490507e-05
135 6.238185438729511e-05
136 8.064988399553054e-05
137 5.63015030103518e-05
138 6.0864887848094996e-05
139 7.457164942861661e-05
140 9.434595136869714e-05
141 9.283847311912097e-05
142 8.065644316271435e-05
143 9.890814252746457e-05
144 8.065790618521512e-05
145 7.152995689877608e-05
146 0.00011261428425836557
147 9.892267729670525e-05
148 9.283525457951037e-05
149 8.827037035283261e-05
150 8.52206815552898e-05
151 9.436378661119331e-05
152 7.913857580748752e-05
153 9.131412791403207e-05
154 7.304102524352085e-05
155 7.60871321690469e-05
156 7.151779541741706e-05
157 6.086547660384831e-05
158 5.0248841346190854e-05
159 3.9581622021426404e-05
160 3.0442077130092627e-05
161 2.4354934832227143e-05
162 3.0459355687025156e-05
163 2.5874872427464283e-05
164 1.826746719486278e-05
165 1.675825847153687e-05
166 7.6071099294436906e-06
167 1.2176443564244488e-05
168 1.0667503915671382e-05
169 6.099382455591781e-06
170 7.616624544132644e-06
171 7.635388742959263e-06
172 1.5211253894080996e-06
173 1.5217179587066615e-06
174 1.5211253894080996e-06
175 1.5208292777885927e-06
176 0.0
177 1.528565838387791e-06
178 0.0
179 0.0
180 0.0
181 0.0
182 0.0
183 0.0
184 0.0
185 0.0
186 1.5226076788150457e-06
187 1.5214216163583252e-06
188 1.5237955919641117e-06
189 3.048780603879809e-06
190 6.0886524315231375e-06
191 4.569308448422263e-06
192 4.567529816533408e-06
193 6.090136109491429e-06
194 6.089839651677538e-06
195 9.12882673295445e-06
196 6.093402583140478e-06
197 7.618408957478365e-06
198 7.6103717758168335e-06
199 9.130607329583496e-06
200 1.217641722111603e-05
201 1.9785307982651055e-05
202 1.2179978538022938e-05
203 1.9790648503498147e-05
204 2.2836454810190875e-05
205 4.110185351081392e-05
206 4.566015244932097e-05
207 1.9786794436728316e-05
208 3.9577727949377397e-05
209 4.108017058729224e-05
210 3.3469800776281304e-05
211 3.8053053392565105e-05
212 3.0432890405011142e-05
213 4.413488011867837e-05
214 5.021226645730875e-05
215 5.021375533745024e-05
216 4.8691725768234226e-05
217 5.782711005340922e-05
218 4.260337291749946e-05
219 5.933367595419766e-05
220 3.195816979277504e-05
221 5.325007267761979e-05
222 5.934851377793368e-05
223 4.260011523782725e-05
224 5.3247399355937066e-05
225 8.520378959364502e-05
226 4.867749486539203e-05
227 5.628964943878461e-05
228 7.759251860932452e-05
229 6.23750412970285e-05
230 4.86801661086263e-05
231 6.693811660872921e-05
232 4.4122129885209415e-05
233 4.715785349940098e-05
234 4.1075129533049985e-05
235 5.628223266965218e-05
236 5.172389559228089e-05
237 5.324650361789748e-05
238 3.9554004836502985e-05
239 5.0198918791130115e-05
240 3.346920485773647e-05
241 5.476970548719225e-05
242 5.477594266872916e-05
243 6.0854804232813826e-05
244 7.454701176234955e-05
245 5.933160017318569e-05
246 6.998392707846696e-05
247 6.846459211831739e-05
248 6.998481494896485e-05
249 8.671749034191273e-05
250 0.00010039576387726634
251 9.889123898151565e-05
252 0.0001004061351705776
253 0.00013388573108943135
254 0.00014605859138714196
255 0.00015366869999088194
256 0.0001734430223807498
257 0.00019168937727175896
258 0.0002495215386759201
259 0.0002708350601118702
260 0.00036821971782952394
261 0.00035145649618199967
262 0.00045949322533451537
263 0.00043820395916258905
264 0.0005340903897038038
265 0.0006938657679580996
266 0.0008399510433083614
267 0.0010362192598540338
268 0.0011793119155345591
269 0.0014623548480669915
270 0.0017241259642562247
271 0.001876261106210847
272 0.002163883310042214
273 0.0026372108418855427
274 0.002994781513316001
275 0.00331591151397281
276 0.003840892905554029
277 0.004160439406860606
278 0.004446580579707354
279 0.004830114331839989
280 0.005094924267497235
281 0.005522579096941466
282 0.005574372969671778
283 0.005693073915978571
284 0.005782774890018263
285 0.005865075292103826
286 0.005667179358116898
287 0.005778251496227675
288 0.005597108797041842
289 0.0055348645563804534
290 0.005501371238254066
291 0.005321814760867902
292 0.00518931369994162
293 0.0050447423484393655
294 0.005047867396503455
295 0.004851544968321435
296 0.004760131709822813
297 0.004642959750981106
298 0.004710012940768986
299 0.0048164846262165415
300 0.005032552608430437
301 0.005099340404881625
302 0.005193760062947786
303 0.00552555875220076
304 0.005852654399521075
305 0.005940989393992952
306 0.006526844896171879
307 0.006887472426274452
308 0.007366855013420629
309 0.008184082328596725
310 0.00841216369790983
311 0.009427330214578464
312 0.009868601757522973
313 0.010614364608867496
314 0.011350771567185674
315 0.011815206402231533
316 0.012293106105533375
317 0.013285520371600504
318 0.013422632901296484
319 0.0137788720701701
320 0.013995160181348026
321 0.014210044154839202
322 0.014019780510705017
323 0.013791913002444083
324 0.013343051283577921
325 0.012754199161725672
326 0.01225982964048459
327 0.01116277110073382
328 0.010537252462012406
329 0.009866400062315168
330 0.008587989976578336
331 0.007609512347583076
332 0.006769559951848557
333 0.006049522830929048
334 0.005118008093354955
335 0.004679800638478585
336 0.003973584643789065
337 0.003241234086704266
338 0.0029719363000355985
339 0.0026113176529448325
340 0.002189517508975594
341 0.0019430159840534145
342 0.0017114278490642874
343 0.0015335041232897324
344 0.0013964360292997246
345 0.0013005508024210002
346 0.0011330930278485867
347 0.0010387073286714302
348 0.0009946056510480267
349 0.000906364386545994
350 0.0008224466200144154
351 0.0008484419042838662
352 0.0007555407868368613
353 0.0007585564356944861
354 0.0006930899854577689
355 0.0007189829738309456
356 0.0007615699247002365
357 0.0005972164158101567
358 0.0006321623028609924
