0 0.0
1 0.0
2 0.0
3 0.0
4 0.0
5 0.0
6 0.0
7 0.0
8 0.0
9 0.0
10 0.0
11 0.0
12 0.0
13 0.0
14 0.0
15 0.0
16 0.0
17 0.0
18 0.0
19 0.0
20 0.0
21 0.0
22 0.0
23 0.0
24 0.0
25 0.0
26 0.0
27 0.0
28 0.0
29 0.0
30 0.0
31 1.5208292777885927e-06
32 0.0
33 0.0
34 0.0
35 4.562487833365778e-06
36 6.083317111154371e-06
37 3.0416585555771853e-06
38 4.562487833365778e-06
39 7.6041463889429636e-06
40 1.672912205567452e-05
41 2.433326844461748e-05
42 2.433326844461748e-05
43 3.649990266692623e-05
44 5.170819544481217e-05
45 3.497907338913762e-05
46 5.6270683278177915e-05
47 6.843731750048667e-05
48 0.00010037473233404714
49 0.00011862468366751025
50 0.00015056209850107066
51 0.00019162448900136264
52 0.00019618697683472852
53 0.00026918678216858075
54 0.0002859159042242553
55 0.00034370741678022194
56 0.00039845727078061116
57 0.0004623321004477321
58 0.0005855192719486079
59 0.0006995814677827525
60 0.0008364561027837259
61 0.0011193303484524036
62 0.001199934300175199
63 0.0014052462526766593
64 0.0017930577185127506
65 0.002144369281681916
66 0.002542826552462527
67 0.0030370960677438196
68 0.00368496934008176
69 0.004392154954253455
70 0.005245340179092856
71 0.006173046038543895
72 0.007517459120109014
73 0.008855788884562973
74 0.010118077185127505
75 0.011959801440529492
76 0.01397490023359937
77 0.015527666926221532
78 0.018225618065018497
79 0.02018140451625463
80 0.022123503503990654
81 0.023534833073778468
82 0.024985704204788788
83 0.026352929725520738
84 0.026374221335409766
85 0.02594230582051781
86 0.0254632445980144
87 0.0240367067354487
88 0.022531085750437996
89 0.020599632567646485
90 0.018228659723574077
91 0.015463792096554416
92 0.01309281925248199
93 0.010960616605022388
94 0.008706747615339691
95 0.006816356823048472
96 0.005403506423982869
97 0.004203572123807669
98 0.003158762409966906
99 0.002252348160404906
100 0.001647058107845046
101 0.001104122055674518
102 0.0007710604438388162
103 0.0005398943936149502
104 0.00044560297839205755
105 0.0002843950749464667
106 0.0001809786840568425
107 0.00012927048861203043
108 0.0001323121471676076
109 5.931234183375514e-05
110 4.410404905586919e-05
111 3.802073194471482e-05
112 3.954156122250341e-05
113 2.585409772240607e-05
114 1.9770780611251703e-05
115 1.216663422230874e-05
116 1.5208292777885925e-05
117 1.0645804944520148e-05
118 1.672912205567452e-05
119 1.824995133346311e-05
120 9.124975666731556e-06
121 1.2166634222308741e-05
122 6.083317111154371e-06
123 3.0416585555771853e-06
124 7.6041463889429636e-06
125 4.562487833365778e-06
126 4.562487833365778e-06
127 1.5208292777885927e-06
128 4.562487833365778e-06
129 7.6041463889429636e-06
130 1.5208292777885927e-06
131 3.0416585555771853e-06
132 1.5208292777885927e-06
133 1.5208292777885927e-06
134 4.562487833365778e-06
135 1.5208292777885927e-06
136 3.0416585555771853e-06
137 0.0
138 1.5208292777885927e-06
139 0.0
140 0.0
141 0.0
142 1.5208292777885927e-06
143 0.0
144 0.0
145 1.5208292777885927e-06
146 1.5208292777885927e-06
147 1.5208292777885927e-06
148 0.0
149 1.5208292777885927e-06
150 0.0
151 1.5208292777885927e-06
152 0.0
153 0.0
154 3.0416585555771853e-06
155 1.5208292777885927e-06
156 0.0
157 1.5208292777885927e-06
158 1.5208292777885927e-06
159 1.5208292777885927e-06
160 0.0
161 0.0
162 0.0
163 0.0
164 0.0
165 1.5208292777885927e-06
166 0.0
167 0.0
168 0.0
169 0.0
170 0.0
171 0.0
172 0.0
173 0.0
174 0.0
175 0.0
176 0.0
177 0.0
178 0.0
179 0.0
180 0.0
181 0.0
182 1.5208292777885927e-06
183 0.0
184 0.0
185 0.0
186 0.0
187 0.0
188 0.0
189 0.0
190 0.0
191 0.0
192 0.0
193 0.0
194 0.0
195 1.5208292777885927e-06
196 0.0
197 0.0
198 1.5208292777885927e-06
199 1.5208292777885927e-06
200 0.0
201 0.0
202 1.5208292777885927e-06
203 0.0
204 0.0
205 1.5208292777885927e-06
206 1.5208292777885927e-06
207 0.0
208 1.5208292777885927e-06
209 1.5208292777885927e-06
210 0.0
211 0.0
212 0.0
213 1.5208292777885927e-06
214 3.0416585555771853e-06
215 3.0416585555771853e-06
216 1.5208292777885927e-06
217 7.604146388942963e-06
218 1.5208292777885927e-06
219 4.562487833365778e-06
220 4.562487833365778e-06
221 6.083317111154371e-06
222 3.0416585555771853e-06
223 1.5208292777885927e-06
224 1.5208292777885927e-06
225 3.0416585555771853e-06
226 1.5208292777885927e-06
227 6.083317111154371e-06
228 7.604146388942963e-06
229 1.0645804944520148e-05
230 9.124975666731556e-06
231 9.124975666731556e-06
232 6.083317111154371e-06
233 9.124975666731556e-06
234 1.0645804944520148e-05
235 7.604146388942963e-06
236 1.0645804944520148e-05
237 7.6041463889429636e-06
238 1.3687463500097332e-05
239 6.083317111154371e-06
240 1.6729122055674516e-05
241 1.0645804944520148e-05
242 1.216663422230874e-05
243 1.0645804944520148e-05
244 1.3687463500097333e-05
245 1.824995133346311e-05
246 2.7374927000194667e-05
247 4.4104049055869206e-05
248 2.7374927000194663e-05
249 5.322902472260076e-05
250 6.843731750048669e-05
251 9.12497566673156e-05
252 0.00012166634222308747
253 0.00014904126922328213
254 0.0002189994160015573
255 0.0003421865875024333
256 0.0004836237103367722
257 0.0007558521510609301
258 0.0011041220556745174
259 0.0015056209850107065
260 0.0021276401596262407
261 0.002831784115242359
262 0.0038887604633054285
263 0.005030903250924665
264 0.006629294821880475
265 0.00857899795600545
266 0.010813096165076889
267 0.013258589643760947
268 0.01586833268444617
269 0.01836705518785283
270 0.021051318863149707
271 0.023364500194666148
272 0.025271620109013036
273 0.026801574362468376
274 0.027806842515086624
275 0.028348257737979367
276 0.027978696223476745
277 0.027134635974304086
278 0.025998576503795987
279 0.02469522581273116
280 0.022375961164103564
281 0.020103842223087413
282 0.01814805577185128
283 0.016072123807669845
284 0.013920150379598987
285 0.012078426124197001
286 0.010385743138018294
287 0.008933351177730193
288 0.007420126046330541
289 0.006133504477321394
290 0.0051814653494257346
291 0.0044043215884757665
292 0.003636302803192524
293 0.003262178800856529
294 0.0026857845045746534
295 0.0023496812341833755
296 0.0019238490364025694
297 0.0015025793264551292
298 0.0013657046914541564
299 0.0011816843488417362
300 0.0009140183959509437
301 0.0008029978586723766
302 0.0007376021997274675
303 0.0005672693206151449
304 0.0004973111738368697
305 0.00038629063655830256
306 0.0003741240023359939
307 0.0003254574654467587
308 0.0002813534163908896
309 0.00022508273311271172
310 0.00017337453766789947
311 0.0001414371228343391
312 0.00011558302511193308
313 8.364561027837263e-05
314 8.364561027837264e-05
315 5.170819544481216e-05
316 5.018736616702358e-05
317 2.433326844461748e-05
318 1.3687463500097333e-05
319 1.5208292777885924e-05
320 9.124975666731556e-06
321 1.5208292777885924e-05
322 3.0416585555771853e-06
323 4.562487833365778e-06
324 1.5208292777885927e-06
325 3.0416585555771853e-06
326 0.0
327 0.0
328 0.0
329 0.0
330 0.0
331 0.0
332 0.0
333 0.0
334 0.0
335 0.0
336 0.0
337 0.0
338 0.0
339 0.0
340 0.0
341 0.0
342 0.0
343 0.0
344 0.0
345 0.0
346 0.0
347 0.0
348 0.0
349 0.0
350 0.0
351 0.0
352 0.0
353 0.0
354 0.0
355 0.0
356 0.0
357 0.0
358 0.0
