0 5.183477569455346e-05
1 5.1840717714003746e-05
2 6.402012500232555e-05
3 6.096628560397432e-05
4 5.335917671432843e-05
5 7.013494728300073e-05
6 7.165279715737269e-05
7 5.793502983694627e-05
8 8.076648089311193e-05
9 0.00010058242876701
10 0.00011736860223956214
11 0.0001097344319314498
12 9.750035982950483e-05
13 0.00015690925741690864
14 0.00016455025865625293
15 0.00018127462313895522
16 0.00018429845494392759
17 0.00022231561468506348
18 0.00030153779421887453
19 0.0003029677129585911
20 0.00041565495074760017
21 0.00051905262459033
22 0.0004992687565142242
23 0.0006696355115351236
24 0.0008201351710948157
25 0.0009083477306679069
26 0.0012583306833475376
27 0.0013418570993792736
28 0.0017190306714635257
29 0.001968477930825466
30 0.002356292252438878
31 0.0027623388028201745
32 0.003001008814075739
33 0.003327998629809236
34 0.0038040344946067583
35 0.0041081462735359
36 0.004451877405263029
37 0.0048974149640411135
38 0.005002310869050619
39 0.005303479025620599
40 0.005304938324309861
41 0.005409901941562127
42 0.005475222461879464
43 0.005528464262552423
44 0.005568006120463201
45 0.0053535217628627885
46 0.005329215452343864
47 0.005050836941788103
48 0.005037199346300527
49 0.004775544308085075
50 0.004626524995656866
51 0.0043603929997748205
52 0.0044151021813180185
53 0.004247813021600736
54 0.004190030999557878
55 0.0039922962785553275
56 0.004066836444476919
57 0.0040273162464417415
58 0.00394058980711039
59 0.003942110341776667
60 0.004085087266550004
61 0.004097268159357531
62 0.0041534981853504635
63 0.004392285006210839
64 0.004623488417032809
65 0.0047679674820163545
66 0.005180128521299741
67 0.005583154178781909
68 0.006154984509210677
69 0.0064318006286578164
70 0.007114674601493583
71 0.00775344243120416
72 0.008471283027589033
73 0.009050771800766367
74 0.01021272207362662
75 0.010732891398638398
76 0.011840108650458989
77 0.012577691408697713
78 0.01342182638558549
79 0.0139054438530036
80 0.014665896295766432
81 0.015152652042452553
82 0.01533664565402272
83 0.015411270004314179
84 0.015281881285246142
85 0.014849952774901821
86 0.014129105988403046
87 0.013295681848409622
88 0.012698030643024542
89 0.011829533823235405
90 0.010556542585492344
91 0.009332274532756906
92 0.008121615095508355
93 0.0070539202965078365
94 0.0062144080184309185
95 0.005140570487778919
96 0.004444095225695594
97 0.003856972508516932
98 0.0031451935851172976
99 0.002702647111012836
100 0.002313302986491328
101 0.0018934932224339224
102 0.0016668757195489746
103 0.001525487616774275
104 0.001391593162640584
105 0.0012334408763015764
106 0.0010676485107479114
107 0.0010281212046493573
108 0.0009779166420297884
109 0.0008699490559300443
110 0.000827371463656973
111 0.0007923739877353823
112 0.0007802195343558475
113 0.0006859197893561343
114 0.000754347037216266
115 0.0007117644094304936
116 0.0006646139442460749
117 0.0006129185224441989
118 0.0006266068923357146
119 0.0006235518505496558
120 0.0005931343755054492
121 0.0006554949112910475
122 0.0006661374578541759
123 0.0006463619203622063
124 0.0006417994319519172
125 0.0006265982850810276
126 0.0006813383280545141
127 0.000777149091882037
128 0.0007634785658745011
129 0.0007391340058448835
130 0.0008258147402054823
131 0.0008760249860001177
132 0.000936841811842069
133 0.0009170757883424673
134 0.0010797967833969344
135 0.0012531864823495398
136 0.0012972932152741296
137 0.0014752186526174526
138 0.0015619166209284942
139 0.0017504765716313368
140 0.001908665992491244
141 0.0020957452273790223
142 0.0023847024942778962
143 0.0027770589178852906
144 0.002962608104922277
145 0.0032972229405786647
146 0.0036408958895733285
147 0.0040926511206476526
148 0.0044849852567353425
149 0.005005125511350912
150 0.005654526443551614
151 0.006331315686444582
152 0.0069365834516000695
153 0.007599706611082708
154 0.008253660831523514
155 0.009120533223636065
156 0.009955508906947007
157 0.010752428798419767
158 0.011564558166770905
159 0.012168336608971967
160 0.012951531884713438
161 0.013680064383060013
162 0.014219986117994583
163 0.014335614310253838
164 0.015059421774232425
165 0.01493329457051692
166 0.01517204188750212
167 0.014896823489727724
168 0.014823748806918639
169 0.014314294174829358
170 0.013543289893841902
171 0.013088511422839585
172 0.011956924401635866
173 0.011359311300043508
174 0.01017454547517976
175 0.009205699070968987
176 0.00847116616699768
177 0.007424824332063467
178 0.006884901412797742
179 0.005932845939401831
180 0.005493326278120927
181 0.0049838535237463405
182 0.004624892646925586
183 0.004307079145334206
184 0.0040211237197551345
185 0.0038872913356483075
186 0.003610510810456256
187 0.0034812120923050733
188 0.0033002283545636385
189 0.003300244996175511
190 0.003244002246324867
191 0.0031770355371549316
192 0.0030538715415086176
193 0.0029321704355036865
194 0.002830291515503724
195 0.0025169789889828093
196 0.0023101453188687014
197 0.0022766930167768037
198 0.0019405811209589475
199 0.0018082781914411563
200 0.001668355955865155
201 0.0014554353955134
202 0.001227309227175394
203 0.0011254166280642611
204 0.0009946294741396675
205 0.0008014782138410664
206 0.0007619390228960267
207 0.0006433182077743763
208 0.0005094781041707978
209 0.00044256280108683193
210 0.0003573948802803192
211 0.0003239381174193215
212 0.0002859182745017193
213 0.00021747888283538822
214 0.00023877345522513145
215 0.0001946679249189108
216 0.00017337601891825101
217 0.00015360731247284374
218 0.00012927078472364987
219 0.0001247115561948605
220 0.00010646665785373521
221 0.00014144867741778527
222 0.00012471274133359244
223 0.00013687700527843726
224 0.00011406663958519885
225 0.00011710978008338144
226 0.00012928472660260436
227 0.0001733860922513457
228 0.00017338520391648718
229 0.00016426468901885443
230 0.00024790583852812826
231 0.0002083622031397804
232 0.000293531309085025
233 0.00030417533666757425
234 0.000284404852167942
235 0.00037870011891865014
236 0.0003224309339088681
237 0.00035284068841807725
238 0.00042736606358464616
239 0.0004456299567970637
240 0.0004243285526685038
241 0.00040150959558477603
242 0.00047451325244644393
243 0.0003893509775477621
244 0.00035588353211238636
245 0.00040608721043582834
246 0.00035437545957482035
247 0.00031482441724246124
248 0.0003087482272894891
249 0.00029810449651081336
250 0.00024942222336260853
251 0.00022663771762331404
252 0.00017492534119523213
253 0.00020538383470907387
254 0.00014907718549227628
255 0.0001475560764286587
256 0.0001262977327453197
257 0.0001262736678636451
258 0.00012477275582809623
259 0.00013541558125386896
260 0.00012784740080354573
261 0.00014760183591454402
262 0.00014153873215724892
263 0.00012178785246244645
264 0.00013393160694181254
265 0.00013396905413078363
266 0.0001233092909815185
267 8.676808890555183e-05
268 0.00012332504356627887
269 8.220678621091802e-05
270 9.591059521126871e-05
271 9.748014716789948e-05
272 7.000270479963815e-05
273 4.108734440907908e-05
274 3.3527180144050474e-05
275 3.957662180822011e-05
276 3.195583380740428e-05
277 3.6563192791796866e-05
278 3.6530798595163594e-05
279 1.828947268827864e-05
280 1.5236522317039872e-05
281 1.0668388575843308e-05
282 1.0663927806744478e-05
283 6.088963018985161e-06
284 1.5264751856193827e-06
285 3.0473044634079753e-06
286 1.5208292777885927e-06
287 1.5264751856193827e-06
288 1.5208292777885927e-06
289 1.5264751856193827e-06
290 1.5264751856193827e-06
291 0.0
292 0.0
293 1.5264751856193827e-06
294 1.5208292777885927e-06
295 0.0
296 0.0
297 0.0
298 0.0
299 1.5211253894080996e-06
300 0.0
301 0.0
302 1.5214216163583252e-06
303 3.0416585555771853e-06
304 0.0
305 1.5208292777885927e-06
306 0.0
307 4.562487833365778e-06
308 1.5208292777885927e-06
309 0.0
310 0.0
311 1.5208292777885927e-06
312 1.5264751856193827e-06
313 1.0648175221984068e-05
314 6.084502249886331e-06
315 3.0416585555771853e-06
316 9.130917686181852e-06
317 4.563672972097738e-06
318 6.085687388618292e-06
319 1.0647286194871616e-05
320 7.612162574237675e-06
321 2.282758251030586e-05
322 1.9783537351474257e-05
323 3.197008766217629e-05
324 1.6737730464208244e-05
325 2.7407008067164006e-05
326 3.0430839987467083e-05
327 3.348110752850121e-05
328 4.569142718618159e-05
329 5.026491072358944e-05
330 4.8720608787365233e-05
331 5.634049131994739e-05
332 4.7198874156673694e-05
333 5.335262545359469e-05
334 5.942763026783484e-05
335 6.553590024926058e-05
336 6.85763741276983e-05
337 5.485651643096769e-05
338 6.40234006326924e-05
339 7.31489686379937e-05
340 5.643084228636125e-05
341 4.879161887058038e-05
342 7.013702144884514e-05
343 6.404657717950852e-05
344 7.931638214337091e-05
345 7.931934522099706e-05
346 5.034128692880636e-05
347 5.947635294667704e-05
348 4.5720249525497774e-05
349 4.270474634323013e-05
350 4.2692269388836586e-05
351 4.880798069662423e-05
352 6.101115675500113e-05
353 3.660567676264605e-05
354 4.725446111058287e-05
355 4.877825288907438e-05
356 5.3376410664771013e-05
357 5.337848471528472e-05
358 4.2703561204498164e-05
