0 0.0
1 0.0
2 0.0
3 0.0
4 0.0
5 0.0
6 0.0
7 0.0
8 0.0
9 0.0
10 0.0
11 0.0
12 0.0
13 0.0
14 0.0
15 0.0
16 0.0
17 0.0
18 0.0
19 0.0
20 0.0
21 0.0
22 0.0
23 0.0
24 0.0
25 0.0
26 0.0
27 0.0
28 0.0
29 0.0
30 1.5208292777885927e-06
31 0.0
32 0.0
33 1.5208292777885927e-06
34 0.0
35 3.0416585555771853e-06
36 0.0
37 1.5208292777885927e-06
38 1.5208292777885927e-06
39 0.0
40 1.5208292777885927e-06
41 4.562487833365778e-06
42 0.0
43 0.0
44 1.5208292777885927e-06
45 3.0416585555771853e-06
46 1.5208292777885927e-06
47 0.0
48 0.0
49 1.5208292777885927e-06
50 0.0
51 0.0
52 1.5208292777885927e-06
53 0.0
54 0.0
55 0.0
56 0.0
57 0.0
58 0.0
59 0.0
60 0.0
61 0.0
62 0.0
63 0.0
64 0.0
65 0.0
66 0.0
67 0.0
68 0.0
69 0.0
70 3.0416585555771853e-06
71 0.0
72 0.0
73 1.5208292777885927e-06
74 4.562487833365778e-06
75 4.562487833365778e-06
76 2.2812439166828887e-05
77 3.649990266692622e-05
78 4.8666536889234965e-05
79 0.00014447878138991636
80 0.00022204107455713458
81 0.00035435322172474204
82 0.0006691648822269805
83 0.001126934494841347
84 0.001993807183180845
85 0.003368636850301731
86 0.005105423885536305
87 0.007969145415612224
88 0.011984134708974114
89 0.016888809129842322
90 0.023756874148335612
91 0.029838670430212183
92 0.03611513285964571
93 0.041203827623126334
94 0.044447756472649404
95 0.04475496398676272
96 0.04302730192719485
97 0.03900622931672184
98 0.033537327233794045
99 0.02728367724352735
100 0.020622445006813313
101 0.015024272435273505
102 0.010443534650574267
103 0.006761606969048084
104 0.004457550613198364
105 0.0027344510414638898
106 0.0015923082538446555
107 0.0008759976640062291
108 0.0004714570761144637
109 0.00029047839205762106
110 0.00014599961066770494
111 8.972892738952701e-05
112 4.106239050029201e-05
113 3.0416585555771844e-05
114 1.672912205567452e-05
115 1.216663422230874e-05
116 3.0416585555771853e-06
117 1.5208292777885927e-06
118 1.5208292777885927e-06
119 1.5208292777885927e-06
120 0.0
121 0.0
122 0.0
123 0.0
124 0.0
125 0.0
126 0.0
127 0.0
128 0.0
129 0.0
130 0.0
131 0.0
132 0.0
133 0.0
134 0.0
135 0.0
136 0.0
137 0.0
138 0.0
139 0.0
140 0.0
141 0.0
142 0.0
143 0.0
144 0.0
145 0.0
146 0.0
147 0.0
148 0.0
149 0.0
150 0.0
151 0.0
152 0.0
153 0.0
154 0.0
155 0.0
156 0.0
157 0.0
158 0.0
159 0.0
160 0.0
161 0.0
162 0.0
163 0.0
164 0.0
165 0.0
166 0.0
167 0.0
168 0.0
169 0.0
170 0.0
171 0.0
172 0.0
173 0.0
174 0.0
175 0.0
176 0.0
177 0.0
178 0.0
179 0.0
180 0.0
181 0.0
182 0.0
183 0.0
184 0.0
185 0.0
186 0.0
187 0.0
188 0.0
189 0.0
190 0.0
191 0.0
192 0.0
193 0.0
194 0.0
195 0.0
196 0.0
197 0.0
198 0.0
199 0.0
200 0.0
201 0.0
202 0.0
203 0.0
204 0.0
205 0.0
206 0.0
207 0.0
208 0.0
209 0.0
210 0.0
211 0.0
212 0.0
213 0.0
214 0.0
215 0.0
216 0.0
217 0.0
218 0.0
219 0.0
220 0.0
221 0.0
222 0.0
223 0.0
224 0.0
225 0.0
226 0.0
227 0.0
228 0.0
229 0.0
230 0.0
231 0.0
232 0.0
233 0.0
234 0.0
235 0.0
236 0.0
237 0.0
238 0.0
239 1.5208292777885927e-06
240 0.0
241 1.5208292777885927e-06
242 4.562487833365778e-06
243 1.0645804944520148e-05
244 1.672912205567452e-05
245 1.3687463500097332e-05
246 3.4979073389137634e-05
247 5.931234183375514e-05
248 8.668726883394983e-05
249 0.00022052024527934597
250 0.00031024917266887276
251 0.0006144150282265911
252 0.00099310151839595
253 0.001750474498734669
254 0.0028196174810200497
255 0.00470088329764454
256 0.007299980533385244
257 0.011193303484524044
258 0.015758832976445394
259 0.02205506618649017
260 0.028720860911037562
261 0.035607175880864324
262 0.042359657874245685
263 0.04713354097722407
264 0.04927638942962818
265 0.04887032801245863
266 0.04573133638310297
267 0.04007385146972941
268 0.03333657776912596
269 0.025984889040295882
270 0.01965671841541756
271 0.013914067062487835
272 0.009479328888456297
273 0.006045296379209657
274 0.0037670941210823415
275 0.002345118746350009
276 0.0013717880085653107
277 0.0007877895658944904
278 0.0004319155148919603
279 0.00024181185516838625
280 0.0001475204399454935
281 7.604146388942966e-05
282 3.954156122250341e-05
283 3.345824411134903e-05
284 1.0645804944520148e-05
285 7.6041463889429636e-06
286 0.0
287 1.5208292777885927e-06
288 3.0416585555771853e-06
289 1.5208292777885927e-06
290 0.0
291 1.5208292777885927e-06
292 0.0
293 1.5208292777885927e-06
294 1.5208292777885927e-06
295 0.0
296 0.0
297 0.0
298 0.0
299 1.5208292777885927e-06
300 0.0
301 0.0
302 0.0
303 0.0
304 0.0
305 0.0
306 0.0
307 1.5208292777885927e-06
308 0.0
309 0.0
310 1.5208292777885927e-06
311 0.0
312 4.562487833365778e-06
313 1.5208292777885927e-06
314 0.0
315 0.0
316 1.5208292777885927e-06
317 0.0
318 1.5208292777885927e-06
319 6.083317111154371e-06
320 1.5208292777885927e-06
321 1.5208292777885927e-06
322 3.0416585555771853e-06
323 1.5208292777885927e-06
324 0.0
325 0.0
326 0.0
327 0.0
328 1.5208292777885927e-06
329 1.5208292777885927e-06
330 0.0
331 0.0
332 0.0
333 0.0
334 0.0
335 0.0
336 0.0
337 0.0
338 0.0
339 0.0
340 0.0
341 0.0
342 0.0
343 0.0
344 0.0
345 0.0
346 0.0
347 0.0
348 0.0
349 0.0
350 0.0
351 0.0
352 0.0
353 0.0
354 0.0
355 0.0
356 0.0
357 0.0
358 0.0
