0 6.998066256909405e-05
1 6.541254411436286e-05
2 7.454522318332437e-05
3 6.0847980845233635e-05
4 6.845746082100717e-05
5 5.933130151531479e-05
6 6.84604250526148e-05
7 8.063091034101155e-05
8 9.127760465944549e-05
9 0.00011104927187390933
10 9.735529114970647e-05
11 0.00010344305178078188
12 0.00011561768401649456
13 0.000133865561876502
14 0.0001445172917074346
15 0.00017796486853141014
16 0.00020383437109590093
17 0.00021295490047288642
18 0.0002677136411671258
19 0.00032855628981192503
20 0.0003574591565767799
21 0.00043500989469902676
22 0.0004882504720433053
23 0.0006144920372068879
24 0.0007802677584954675
25 0.0008700200798555684
26 0.0010692448629100694
27 0.0012913084479509217
28 0.0015559472524462636
29 0.0018068870457831627
30 0.0021871239820450165
31 0.002524764958920595
32 0.0030616452383607443
33 0.0035848279801586353
34 0.003934658112125129
35 0.004611436011049377
36 0.0052380490777127735
37 0.005884397367364462
38 0.006343727204678181
39 0.00703419079539655
40 0.007391618861059449
41 0.007948232298434723
42 0.008548961646408294
43 0.008988506781132511
44 0.009190745682746606
45 0.00959987096868795
46 0.009604426341651475
47 0.009654598608318066
48 0.009350450520494347
49 0.009651536814980283
50 0.00921507687933091
51 0.0090112745020196
52 0.008678150692209298
53 0.008363339031822861
54 0.008156514844663633
55 0.007701785707658407
56 0.0074538680263970085
57 0.0073656279384248955
58 0.007023466824712716
59 0.006847037597038413
60 0.006787719032823735
61 0.00685463818385885
62 0.006728413501903287
63 0.006626513497809241
64 0.006965658429294314
65 0.007075156354972621
66 0.007332205235090942
67 0.0074310487683561565
68 0.007735229137074084
69 0.007792996067290541
70 0.008098725106815481
71 0.00864321219533984
72 0.008764870542895263
73 0.008954974786882708
74 0.009347387546054875
75 0.009289585964665666
76 0.009496420527498956
77 0.009706295552212104
78 0.009432508966840749
79 0.00918614913999794
80 0.008538228474920318
81 0.008428738843481897
82 0.007872067638844167
83 0.007496446508733893
84 0.006795278158248882
85 0.005907098460485833
86 0.005447773664454922
87 0.004684287157044727
88 0.0041489404432597495
89 0.0035572987557001886
90 0.003098011278384824
91 0.002798391030913921
92 0.002352769390568643
93 0.001853928207301662
94 0.0015680060840412775
95 0.0013490040016509075
96 0.001204513668793294
97 0.0009748610443646098
98 0.0008303816710975139
99 0.00069198739126523
100 0.0005459812647576579
101 0.0005003554973970225
102 0.00043495895011725445
103 0.0003345856990334241
104 0.0003421886606298295
105 0.00026006299094832744
106 0.00021595923835013726
107 0.00018706259339123593
108 0.0001794581508906734
109 0.00015208322389047876
110 0.00012622883005645322
111 0.00010493751627903241
112 7.604176000104914e-05
113 7.908401112592488e-05
114 7.908312244500681e-05
115 4.1062686611911506e-05
116 5.4750150112008845e-05
117 5.0187366167023554e-05
118 3.802073194471482e-05
119 3.9541561222503406e-05
120 3.345824411134904e-05
121 2.433326844461748e-05
122 2.2812439166828887e-05
123 1.824995133346311e-05
124 2.889723718214034e-05
125 1.3687463500097333e-05
126 1.824995133346311e-05
127 3.345824411134903e-05
128 2.1291609889040295e-05
129 1.5209181458803995e-05
130 2.5854986403324144e-05
131 6.083317111154371e-06
132 1.6729418167294024e-05
133 1.8251433045542017e-05
134 2.585409772240607e-05
135 1.6729418167294024e-05
136 1.825024744508262e-05
137 2.7375223111814175e-05
138 2.43365279803948e-05
139 3.345854022296855e-05
140 3.345824411134904e-05
141 3.0416881667391362e-05
142 1.824995133346311e-05
143 3.650227282919437e-05
144 2.7375519223433682e-05
145 4.714629983468538e-05
146 1.5208292777885925e-05
147 4.562487833365778e-05
148 3.650079134784429e-05
149 3.8022212502812353e-05
150 3.3458836334588054e-05
151 3.3459725823427944e-05
152 3.497966561237665e-05
153 3.3460614158286464e-05
154 4.41073078990554e-05
155 3.650316220270354e-05
156 2.4335046268315893e-05
157 2.585409772240607e-05
158 1.3688055723336347e-05
159 3.650079111711546e-05
160 1.825202526878103e-05
161 1.2166930333928247e-05
162 1.0647286656599053e-05
163 1.5208292777885924e-05
164 1.2166930333928246e-05
165 6.083317111154371e-06
166 1.3687463500097333e-05
167 1.5208292777885927e-06
168 4.56308017193551e-06
169 3.0419546671966923e-06
170 6.08420556134361e-06
171 1.5208292777885927e-06
172 1.5211253894080996e-06
173 3.0416585555771853e-06
174 0.0
175 1.5208292777885927e-06
176 0.0
177 0.0
178 4.562487833365778e-06
179 1.5217179587066615e-06
180 0.0
181 0.0
182 0.0
183 0.0
184 1.5208292777885927e-06
185 1.5208292777885927e-06
186 0.0
187 3.0419546671966923e-06
188 1.5217179587066615e-06
189 4.562783944985285e-06
190 1.5208292777885927e-06
191 4.562487833365778e-06
192 7.6047386121819775e-06
193 1.0646101056139655e-05
194 1.5208292777885927e-06
195 1.2167522903226809e-05
196 6.083613222773878e-06
197 9.124975666731556e-06
198 1.6731788560291e-05
199 1.6729418167294027e-05
200 2.5854986057264595e-05
201 1.977285454656962e-05
202 2.7376407788953636e-05
203 4.562635889175532e-05
204 5.627453342135062e-05
205 4.258558901709619e-05
206 5.627246029395453e-05
207 6.691767278450683e-05
208 7.756495932577515e-05
209 8.973277799456192e-05
210 9.277473196916752e-05
211 9.733544301748555e-05
212 9.733544278675671e-05
213 8.821224494372356e-05
214 0.00010950266923230448
215 0.00012471273983388878
216 9.885597618365461e-05
217 0.00011254403167626216
218 0.00011710592717105819
219 0.00010798272828937439
220 0.00010646041845348827
221 9.581491065923827e-05
222 0.000114067823454956
223 9.885656806083409e-05
224 0.00010342024149465925
225 0.00011102290617152333
226 0.00012470977744838166
227 0.00011862853346462336
228 0.00010949970800077868
229 0.00012471036967162067
230 0.00010798124761594615
231 0.00010798006328479882
232 0.00011406397284992106
233 0.00012471036967162067
234 0.00014143860339243665
235 0.00013535587850452128
236 0.0001338350492267327
237 0.00015512665911577295
238 0.0001672929973417929
239 0.00016425104267459622
240 0.00014904304589299908
241 0.00016577246440635263
242 0.00016425074644764597
243 0.00018249980944625053
244 0.00015512665946183248
245 0.0002144387048379086
246 0.0001703355442322286
247 0.00018250069778110906
248 0.00018554294867525597
249 0.0002098794759630597
250 0.00023421155857655633
251 0.00022660889286097417
252 0.0002509439390140268
253 0.00027528224308681084
254 0.00029049290556510266
255 0.0003421963604546497
256 0.00037566171459100834
257 0.00045778708689205066
258 0.0005216743593624831
259 0.0006600751515726901
260 0.000733078513477259
261 0.0009307969784534226
262 0.0011361421127638307
263 0.0013155993701255836
264 0.0016274010645533756
265 0.0020061219219024914
266 0.0023772196607152077
267 0.002835028369408711
268 0.0033582300756200218
269 0.003914912826533679
270 0.004721036459419519
271 0.005470830170091339
272 0.006158315487904128
273 0.0067788872996151035
274 0.007522608948187137
275 0.008415439103506929
276 0.009253480296168197
277 0.009486163620024074
278 0.010249718554370789
279 0.010783552427200228
280 0.01111662558508268
281 0.011201782552644087
282 0.011198716879970306
283 0.010940180935029681
284 0.010899081232507072
285 0.010704415972128385
286 0.010127983171415571
287 0.009804027576373569
288 0.009545488671930037
289 0.008997948665918097
290 0.00851579543919367
291 0.008395628295906246
292 0.00798955533141962
293 0.007600196378994079
294 0.007315737626899697
295 0.007102818861156595
296 0.007139336236485229
297 0.006809262685851492
298 0.006879231791068734
299 0.006792539190379806
300 0.006917267921395125
301 0.007113473562489081
302 0.007005476030465509
303 0.0073978772205200004
304 0.007569735969038336
305 0.007680770433946894
306 0.008054977962833016
307 0.008164495145918995
308 0.008327236620560688
309 0.008520379258251795
310 0.0086907894595355
311 0.009119688177473337
312 0.009104547157883683
313 0.009308356627215741
314 0.009239955752672653
315 0.009276468099874736
316 0.009051407285713412
317 0.008763987749649796
318 0.008648446491499531
319 0.008218013289450122
320 0.007778513505501955
321 0.007256862854109793
322 0.006824906451347035
323 0.00618910621830862
324 0.005583808477001348
325 0.005215720690991011
326 0.004589055520459263
327 0.004123623091425378
328 0.0036719030477438837
329 0.0033129384568085073
330 0.0028535410733878655
331 0.002476352623331538
332 0.0021173717404893416
333 0.0018207549359826648
334 0.001518086214427558
335 0.00124884788287449
336 0.0010952088808079635
337 0.0008853030429516009
338 0.0007195068775000296
339 0.0006054230587104521
340 0.0004958984670661679
341 0.0004700508906082181
342 0.00032402491446690055
343 0.00029207624289262013
344 0.0002875149410059081
345 0.00015516428040584165
346 0.00014452469784399623
347 0.0001460336764261121
348 0.00014756131765484808
349 0.00013994946971078708
350 0.00012930899858335437
351 0.00010344868101696509
352 0.00012322242320620674
353 7.606160720995016e-05
354 7.150089823893342e-05
355 7.30181711767341e-05
356 6.846160880650173e-05
357 8.823238861030362e-05
358 7.758925167050826e-05
