0 0.00015910320957505597
1 0.00012191598288526724
2 0.00012791375950462627
3 0.00011708086196097269
4 0.00010133561583235617
5 7.693277411155578e-05
6 9.220619387338213e-05
7 7.519703258933975e-05
8 5.3719520897915234e-05
9 6.588941708131915e-05
10 5.9658988142838066e-05
11 5.360349321661403e-05
12 5.193258672334593e-05
13 6.40527645775536e-05
14 6.258372444731501e-05
15 7.770173583120357e-05
16 6.702217769478606e-05
17 8.531180976247086e-05
18 8.527301967208263e-05
19 7.310875699769705e-05
20 9.437757952198438e-05
21 8.375100583248531e-05
22 0.00010198054354276281
23 0.00011110136648923503
24 9.585665724719753e-05
25 9.887138437700856e-05
26 0.00011712222231300884
27 0.00010190978074082911
28 0.00011107265839375183
29 0.00012171816503300824
30 8.669970956090482e-05
31 9.582557760379118e-05
32 0.00010193878956588171
33 8.366101466115906e-05
34 7.604827537932407e-05
35 6.0843836785772306e-05
36 5.780039948216459e-05
37 5.171174936089983e-05
38 4.410878961207911e-05
39 3.954659592735006e-05
40 2.4334749233376452e-05
41 3.34638731177482e-05
42 1.977196517306045e-05
43 2.1293386904749495e-05
44 1.8251136010602576e-05
45 1.672971439424425e-05
46 9.124975666731556e-06
47 1.2166634222308741e-05
48 4.562783944985285e-06
49 4.56308017193551e-06
50 1.5214216163583252e-06
51 4.562487833365778e-06
52 0.0
53 4.562487833365778e-06
54 0.0
55 0.0
56 1.5208292777885927e-06
57 0.0
58 1.5208292777885927e-06
59 0.0
60 0.0
61 0.0
62 0.0
63 0.0
64 0.0
65 0.0
66 0.0
67 1.5208292777885927e-06
68 0.0
69 0.0
70 0.0
71 0.0
72 0.0
73 0.0
74 1.5208292777885927e-06
75 4.562783944985285e-06
76 0.0
77 3.043733761219392e-06
78 4.565155377577717e-06
79 4.562487833365778e-06
80 7.6041463889429636e-06
81 6.085984655366309e-06
82 9.129126078015968e-06
83 7.6085929118468835e-06
84 1.3696652772855398e-05
85 1.8250543672032842e-05
86 1.673504948266813e-05
87 3.1946604106318506e-05
88 2.585972892244946e-05
89 1.8258250077718435e-05
90 3.498618537793999e-05
91 5.628994831090054e-05
92 4.41215351098998e-05
93 4.259774402393183e-05
94 5.3237617500162086e-05
95 7.910327373427443e-05
96 5.628757687830809e-05
97 8.214196851868945e-05
98 8.06193625711838e-05
99 6.236022381261471e-05
100 9.734937296171688e-05
101 9.126160932765857e-05
102 0.00010798391550615025
103 0.00010951689782785907
104 8.821787972306619e-05
105 8.061610268840216e-05
106 8.36571709837231e-05
107 7.148608804486622e-05
108 8.821372527048548e-05
109 6.843998504469861e-05
110 7.908815934349769e-05
111 5.779477243874819e-05
112 7.148875766739167e-05
113 7.757563077294721e-05
114 5.780010752717207e-05
115 5.018855084416302e-05
116 6.388075709411451e-05
117 7.453130478848881e-05
118 7.148638427181643e-05
119 8.213693196619074e-05
120 6.996110847112393e-05
121 6.844769145038423e-05
122 7.453071037160557e-05
123 9.430445463868873e-05
124 0.00010495026154619166
125 6.388253410982371e-05
126 0.00010646931196061899
127 0.00010494788803528572
128 0.00012624157128231616
129 0.00014753229075818437
130 0.00011407256770572848
131 0.00013080109326620628
132 0.00013688974546578452
133 0.00013537425139175052
134 0.0001307957602560959
135 0.00017491522212333623
136 0.0001901202505158213
137 0.0001916372280335813
138 0.00021750792139684606
139 0.00021749695499304807
140 0.0002707327975558144
141 0.0003117993363890774
142 0.00041521957314978196
143 0.00039089371892519597
144 0.00044715165451190904
145 0.0005749128706255357
146 0.0005931648964726566
147 0.0007072469422874855
148 0.0008547771632676526
149 0.0009688390559479224
150 0.0010889916747624136
151 0.0012806345465812491
152 0.001466179263036315
153 0.0017004080020886546
154 0.0020852059505905287
155 0.0023619971856512403
156 0.002685982416677399
157 0.003092039664154193
158 0.0034114301147916957
159 0.0037870945165574183
160 0.004208344357701662
161 0.004635725816321978
162 0.00500988657297871
163 0.00530038483568482
164 0.0056181818378935895
165 0.006015156196919163
166 0.006393870541205865
167 0.006512466783960421
168 0.006524641719581952
169 0.006816644795447686
170 0.0064166563478784515
171 0.006497227985222485
172 0.006486631080136682
173 0.006542835669918428
174 0.0064348659858934594
175 0.006307091451801574
176 0.006412039632601525
177 0.00636336508788269
178 0.006500226684851839
179 0.006989943494951428
180 0.00719677628469794
181 0.00753897324487927
182 0.007759508316751028
183 0.00831001383700508
184 0.008763296852941334
185 0.0096514640939296
186 0.010417998220115137
187 0.01084530856738899
188 0.011233219339250047
189 0.011470429282757141
190 0.012262808892181737
191 0.01258371959222598
192 0.013167718905800197
193 0.013246848266102666
194 0.013201200588793652
195 0.013246859245322339
196 0.013297070331704235
197 0.013293999924812231
198 0.012754117691283455
199 0.012163967171729474
200 0.011656005744925884
201 0.011242327422013355
202 0.010652202687952006
203 0.010034715478470305
204 0.009461329646343641
205 0.008776966248101488
206 0.007957187415286074
207 0.007189132458438782
208 0.006436315742971466
209 0.00593746892642626
210 0.005323036413068288
211 0.0049017477438969646
212 0.0044606847174545475
213 0.0037915073933449434
214 0.003504057327547105
215 0.0031116818837376593
216 0.0028333683563902153
217 0.0025641777250012417
218 0.002217403749045389
219 0.001955825562328292
220 0.0019132301899676143
221 0.0016212386723829222
222 0.0014904402453899297
223 0.0013763777559838025
224 0.0012334117988147331
225 0.0011345549371819161
226 0.001087421972759315
227 0.0010159290621410025
228 0.0010144082400208008
229 0.0008836112886219634
230 0.0007604318207564753
231 0.000780195490416901
232 0.0007604261922113986
233 0.0007634699240096358
234 0.000736092627655162
235 0.0006585368542535071
236 0.0006737454427970204
237 0.0006661309252284776
238 0.0005855326005490989
239 0.0007056816736454256
240 0.0006904692301102629
241 0.0006783034827211528
242 0.0006646077247487582
243 0.0006433199666197459
244 0.0006935091078394964
245 0.0006874243098242523
246 0.0006919888729785907
247 0.0006767788011066822
248 0.0007132769269885607
249 0.000821262026941189
250 0.0007725895650492659
251 0.0008486378449312087
252 0.0008805719975730126
253 0.0010037588731929303
254 0.0011299977721977545
255 0.0012151677682096399
256 0.0013109782331549751
257 0.0015178142728540225
258 0.0017687555458247566
259 0.0020607541763232556
260 0.0024105532011069572
261 0.0028713724679826098
262 0.0032515839353014064
263 0.003993755728270109
264 0.004635557824649951
265 0.005538945519540249
266 0.006507722652378844
267 0.007690945302583224
268 0.00905515256115278
269 0.010586636525735181
270 0.011371416712700547
271 0.012723433643505005
272 0.0139963914386356
273 0.015435119921272104
274 0.016113435838487632
275 0.0168662353704805
276 0.017311876847535008
277 0.017436585734457236
278 0.017424431243002615
279 0.01692712184364417
280 0.016397855783234883
281 0.015832107290859553
282 0.01470972047538733
283 0.013458084199149307
284 0.012687011612773467
285 0.011645229345629846
286 0.010706857839910485
287 0.009394375953912269
288 0.0086476224233153
289 0.007624096914727798
290 0.006965591756190753
291 0.006261410784892236
292 0.005504029514004826
293 0.004916999184807867
294 0.0044957084498974615
295 0.004211320777856814
296 0.0038447858188332003
297 0.003326180075490393
298 0.0029839819391734757
299 0.0029292403761831025
300 0.0027802044378916167
301 0.0026615809387859155
302 0.0023497973144361193
303 0.0023939149856644624
304 0.0023680990765733065
305 0.002177967889505423
306 0.002301165721139932
307 0.0023057353147295204
308 0.0022753311678223903
309 0.002354433835018252
310 0.002202340247797744
311 0.0022008220828325467
312 0.002202361272299383
313 0.002232842995642379
314 0.0022875478503289392
315 0.0022556184323543962
316 0.0023423385588877983
317 0.0022937099159021624
318 0.002283053758894578
319 0.0022496354844667643
320 0.002170515356568347
321 0.0022269541825257616
322 0.0018816989884627247
323 0.0018710738991419588
324 0.0016991225106062983
325 0.0016703028191329555
326 0.0014833817167582096
327 0.0014181239996517048
328 0.0011856318921864013
329 0.001126328706078364
330 0.0009957620655827305
331 0.0008970398727413096
332 0.0007590413488648572
333 0.0006679804563823979
334 0.0005832162893160104
335 0.0005730592108040125
336 0.00049249342859593
337 0.00048086257274679555
338 0.0004358560469649483
339 0.00041337573678827607
340 0.00038613844489027665
341 0.00045798221215384555
342 0.00042917466414253095
343 0.000489426849850469
344 0.0004541884451201165
345 0.00039877612735828493
346 0.00042219598529752065
347 0.0004207639608969282
348 0.0004514469453827868
349 0.000437609702857143
350 0.00041008084665077873
351 0.00038505520839490033
352 0.0003480133142077542
353 0.00033885162354094597
354 0.0002937807993004584
355 0.00027209667791949657
356 0.00021473251928957635
357 0.00020885818514820376
358 0.00019012781109041573
