gamma 0.031243948126159 0.003362955216942303 0.11153416402060592 0.004934342031781609 1.0
beta1 -0.15266441515442786 0.022241208124685635 1.3489201368932133 0.06930643512766445 0.171875
beta2 -0.18838184433584998 0.017528899829413424 1.423097733776279 0.07462219850192102 0.2578125
alpha1 0.0455219399803993 0.029839580798627755 1.4694867637460114 0.08203446620048706 0.2734375
alpha2 -2.9424087843850366e-05 0.026670323429573616 1.3861687234390487 0.07243099254891565 0.1953125
g1_1 -0.21859269813719157 0.019937871047854685 1.6604825265579122 0.0864748856671392 0.1796875
g1_2 0.08042038566540308 0.023702870749060398 1.6139396876781409 0.08691342519677055 0.0859375
g2 -0.2527031251734698 0.018293533638733737 1.6786804009325154 0.09042247664452954 0.15625
g3_1 -0.05271360122190269 0.02178576312742621 1.6007480465082289 0.08148947207228587 0.1640625
g3_2 -0.14327638957601974 0.017433672492827824 1.5795613420939367 0.07803456336017459 0.15625
