0.5 0.00035725578906402024
1.5 0.0002979665304533956
2.5 0.00039830219887137576
3.5 0.00043174742167736914
4.5 0.000424146234676007
5.5 0.0004758343062852695
6.5 0.0005184009534928977
7.5 0.0006202568593111504
8.5 0.0006080949601089705
9.5 0.0007433960887332169
10.5 0.0008285293831484726
11.5 0.0009197436271648181
12.5 0.0011006518777972375
13.5 0.0012663577544269316
14.5 0.0013712541350457286
15.5 0.0016600992410974902
16.5 0.0018683717649348127
17.5 0.0020720835765713173
18.5 0.0024886286242459628
19.5 0.0026725773496789253
20.5 0.0033080365829927984
21.5 0.0038857267950963208
22.5 0.0043265956411753246
23.5 0.005004621521696831
24.5 0.005872677077252385
25.5 0.006672321949795678
26.5 0.007420278750729718
27.5 0.008584780599338392
28.5 0.009328176688071609
29.5 0.01037866073165985
30.5 0.01161765421288188
31.5 0.012599727573457873
32.5 0.013487546215216969
33.5 0.014680932574430835
34.5 0.014919609846273595
35.5 0.015532265518583381
36.5 0.015383282253356686
37.5 0.01533463465654797
38.5 0.015019945514691577
39.5 0.01438752675617825
40.5 0.013530112862424594
41.5 0.01230936223000584
42.5 0.010971553317766104
43.5 0.009726478886942988
44.5 0.008317218816890445
45.5 0.007006774177855613
46.5 0.005500218914185639
47.5 0.00440412774858922
48.5 0.003419013913212688
49.5 0.0025904845300642127
50.5 0.0018425277291301816
51.5 0.0014062195952519946
52.5 0.0009486281377699942
53.5 0.0006673842187195956
54.5 0.0004864759680871765
55.5 0.00028884510605176105
56.5 0.00015658445222805993
57.5 0.00011249756762015956
58.5 6.993092041253162e-05
59.5 4.5607122008172797e-05
60.5 2.2803561004086398e-05
61.5 2.1283323603813972e-05
62.5 9.12142440163456e-06
63.5 9.12142440163456e-06
64.5 4.56071220081728e-06
65.5 3.040474800544853e-06
66.5 1.5202374002724266e-06
67.5 0.0
68.5 0.0
69.5 0.0
70.5 1.5202374002724266e-06
71.5 0.0
72.5 0.0
73.5 0.0
74.5 1.5202374002724266e-06
75.5 0.0
76.5 0.0
77.5 0.0
78.5 0.0
79.5 0.0
80.5 0.0
81.5 0.0
82.5 0.0
83.5 0.0
84.5 0.0
85.5 0.0
86.5 0.0
87.5 0.0
88.5 0.0
89.5 0.0
90.5 0.0
91.5 0.0
92.5 0.0
93.5 0.0
94.5 0.0
95.5 0.0
96.5 0.0
97.5 0.0
98.5 0.0
99.5 0.0
100.5 0.0
101.5 0.0
102.5 0.0
103.5 0.0
104.5 0.0
105.5 0.0
106.5 0.0
107.5 0.0
108.5 0.0
109.5 0.0
110.5 0.0
111.5 0.0
112.5 0.0
113.5 0.0
114.5 0.0
115.5 0.0
116.5 0.0
117.5 0.0
118.5 0.0
119.5 0.0
120.5 0.0
121.5 0.0
122.5 0.0
123.5 0.0
124.5 0.0
125.5 0.0
126.5 0.0
127.5 0.0
128.5 0.0
129.5 0.0
130.5 0.0
131.5 0.0
132.5 0.0
133.5 0.0
134.5 0.0
135.5 0.0
136.5 0.0
137.5 0.0
138.5 0.0
139.5 0.0
140.5 0.0
141.5 0.0
142.5 0.0
143.5 0.0
144.5 0.0
145.5 0.0
146.5 0.0
147.5 0.0
148.5 0.0
149.5 0.0
150.5 0.0
151.5 0.0
152.5 0.0
153.5 0.0
154.5 0.0
155.5 0.0
156.5 0.0
157.5 0.0
158.5 0.0
159.5 0.0
160.5 0.0
161.5 0.0
162.5 0.0
163.5 0.0
164.5 0.0
165.5 0.0
166.5 0.0
167.5 0.0
168.5 0.0
169.5 0.0
170.5 0.0
171.5 0.0
172.5 0.0
173.5 0.0
174.5 0.0
175.5 0.0
176.5 0.0
177.5 0.0
178.5 0.0
179.5 0.0
180.5 0.0
181.5 0.0
182.5 0.0
183.5 0.0
184.5 0.0
185.5 0.0
186.5 0.0
187.5 0.0
188.5 0.0
189.5 0.0
190.5 0.0
191.5 0.0
192.5 0.0
193.5 0.0
194.5 0.0
195.5 0.0
196.5 0.0
197.5 0.0
198.5 0.0
199.5 0.0
200.5 0.0
201.5 0.0
202.5 0.0
203.5 0.0
204.5 0.0
205.5 0.0
206.5 0.0
207.5 0.0
208.5 0.0
209.5 0.0
210.5 0.0
211.5 0.0
212.5 0.0
213.5 0.0
214.5 0.0
215.5 0.0
216.5 0.0
217.5 0.0
218.5 0.0
219.5 0.0
220.5 0.0
221.5 0.0
222.5 0.0
223.5 0.0
224.5 0.0
225.5 0.0
226.5 0.0
227.5 0.0
228.5 0.0
229.5 0.0
230.5 0.0
231.5 0.0
232.5 0.0
233.5 0.0
234.5 0.0
235.5 0.0
236.5 0.0
237.5 0.0
238.5 0.0
239.5 0.0
240.5 0.0
241.5 0.0
242.5 0.0
243.5 0.0
244.5 0.0
245.5 0.0
246.5 0.0
247.5 0.0
248.5 0.0
249.5 0.0
250.5 0.0
251.5 0.0
252.5 0.0
253.5 0.0
254.5 0.0
255.5 0.0
256.5 0.0
257.5 0.0
258.5 0.0
259.5 0.0
260.5 0.0
261.5 0.0
262.5 0.0
263.5 0.0
264.5 0.0
265.5 0.0
266.5 0.0
267.5 0.0
268.5 0.0
269.5 0.0
270.5 0.0
271.5 0.0
272.5 0.0
273.5 0.0
274.5 0.0
275.5 0.0
276.5 0.0
277.5 0.0
278.5 0.0
279.5 0.0
280.5 1.5202374002724266e-06
281.5 0.0
282.5 0.0
283.5 1.5202374002724266e-06
284.5 1.5202374002724266e-06
285.5 1.5202374002724266e-06
286.5 0.0
287.5 1.5202374002724266e-06
288.5 1.5202374002724266e-06
289.5 7.601187001362133e-06
290.5 1.5202374002724266e-05
291.5 1.2161899202179412e-05
292.5 2.8884510605176105e-05
293.5 3.3445222805993384e-05
294.5 6.84106830122592e-05
295.5 0.00010641661801906986
296.5 0.00015354397742751508
297.5 0.0002447582214438607
298.5 0.00037549863786728936
299.5 0.000583771161704612
300.5 0.000822448433547383
301.5 0.0013302077252383736
302.5 0.0019261407861451648
303.5 0.0025859238178633968
304.5 0.003662251897256274
305.5 0.005171847635726796
306.5 0.0067924207044171995
307.5 0.009173112473243823
308.5 0.011412422163845106
309.5 0.014408810079782062
310.5 0.017707725238373228
311.5 0.02113738081338783
312.5 0.024378526950768625
313.5 0.027972368165012647
314.5 0.03139290231562561
315.5 0.033644373905429084
316.5 0.035439774275150805
317.5 0.0365875535123565
318.5 0.03766540182914963
319.5 0.03706490805604205
320.5 0.03593841214244016
321.5 0.034118687974314076
322.5 0.03194778896672504
323.5 0.029445478205876625
324.5 0.027034381689044557
325.5 0.02436028410196536
326.5 0.021480954465849383
327.5 0.01844047966530453
328.5 0.01629542469352014
329.5 0.013776391321268728
330.5 0.011965788577544276
331.5 0.009922589511578131
332.5 0.008271611694882271
333.5 0.006918600408639817
334.5 0.005726734286826231
335.5 0.004788747810858142
336.5 0.003972380326911848
337.5 0.0032639496983849
338.5 0.002634571414672113
339.5 0.0022271477913991043
340.5 0.0018030015567230984
341.5 0.0014244624440552637
342.5 0.001255716092625024
343.5 0.001044403093987157
344.5 0.000910622202763183
345.5 0.0007844424985405721
346.5 0.0006962687293247716
347.5 0.0005640080755010702
348.5 0.0005320830900953492
349.5 0.00038766053706946877
350.5 0.00038005935006810664
351.5 0.0003891807744697412
352.5 0.00033597246546020627
353.5 0.00032229032885775443
354.5 0.00032229032885775443
355.5 0.0002964462930531232
356.5 0.0003390129402607511
357.5 0.0003496546020626581
358.5 0.0003192498540572096
359.5 0.0003542153142634754
