0.5 3.496546020626581e-05
1.5 2.1283323603813972e-05
2.5 2.7364273204903678e-05
3.5 3.192498540572096e-05
4.5 3.648569760653824e-05
5.5 5.9289258610624636e-05
6.5 6.84106830122592e-05
7.5 6.384997081144192e-05
8.5 7.905234481416618e-05
9.5 8.969400661607317e-05
10.5 0.00013530112862424596
11.5 0.00016418563922942207
12.5 0.00022651537264059156
13.5 0.0002401975092430434
14.5 0.000320770091457482
15.5 0.00037397840046701693
16.5 0.0004165450476746449
17.5 0.0005199211908931701
18.5 0.0006156961471103328
19.5 0.0007616389375364858
20.5 0.0008163674839462931
21.5 0.0009623102743724465
22.5 0.0011599411364078618
23.5 0.0012876410780307459
24.5 0.0014305433936563543
25.5 0.0016737813776999421
26.5 0.001921580073944347
27.5 0.0021435347343841215
28.5 0.0023518072582214443
29.5 0.0027105832846857354
30.5 0.0028808498735162485
31.5 0.003080000972951936
32.5 0.0033141175325938892
33.5 0.0034463781864175905
34.5 0.0036014424012453766
35.5 0.0038553220470908724
36.5 0.003911570830900953
37.5 0.004033189822922749
38.5 0.004065114808328468
39.5 0.004303792080171239
40.5 0.004031669585522475
41.5 0.004186733800350263
42.5 0.004142646915742361
43.5 0.0039465362911072195
44.5 0.003926773204903679
45.5 0.003800593500681066
46.5 0.003561916228838297
47.5 0.003487424596224945
48.5 0.0032441866121813595
49.5 0.0030374343257443086
50.5 0.002842843938509438
51.5 0.002543357170655772
52.5 0.0023928536680287984
53.5 0.002196743043393656
54.5 0.0020340776415645073
55.5 0.0017148277875072978
56.5 0.001574965946682233
57.5 0.0014153410196536295
58.5 0.0012420339560225728
59.5 0.0010991316403969643
60.5 0.0009942352597781673
61.5 0.000858934131153921
62.5 0.0007920436855419342
63.5 0.0006932282545242266
64.5 0.0006506616073165989
65.5 0.0004986378672893559
66.5 0.0004287069468768243
67.5 0.0003998224362716482
68.5 0.0003435736524615684
69.5 0.0003678974508659272
70.5 0.0003678974508659272
71.5 0.0003025272426542129
72.5 0.00025539988324576766
73.5 0.0002447582214438607
74.5 0.00026604154504767465
75.5 0.00024323798404358825
76.5 0.0002523594084452228
77.5 0.00026604154504767465
78.5 0.0002508391710449504
79.5 0.00024931893364467795
80.5 0.00027212249464876435
81.5 0.0002797236816501265
82.5 0.00032381056625802686
83.5 0.0003374927028604787
84.5 0.00032989151585911656
85.5 0.00034661412726211325
86.5 0.000342053415061296
87.5 0.00034661412726211325
88.5 0.0003724581630667445
89.5 0.00041958552247518973
90.5 0.0004059033858727379
91.5 0.0004302271842770967
92.5 0.0004074236232730103
93.5 0.0004575914574820004
94.5 0.0004287069468768243
95.5 0.0004651926444833625
96.5 0.000434787896477914
97.5 0.0004393486086787313
98.5 0.00044847003308036583
99.5 0.0004925569176882662
100.5 0.0005062390542907181
101.5 0.00044999027048063826
102.5 0.0005229616656937148
103.5 0.0004591116948822728
104.5 0.0005153604786923525
105.5 0.000434787896477914
106.5 0.0005260021404942597
107.5 0.0004636724070830901
108.5 0.0004986378672893559
109.5 0.0004469497956800934
110.5 0.00047887478108581436
111.5 0.0004135045728741
112.5 0.00048343549328663164
113.5 0.0004651926444833625
114.5 0.00046215216968281767
115.5 0.0005062390542907181
116.5 0.0005412045144969839
117.5 0.000524481903093987
118.5 0.0005427247518972562
119.5 0.0006202568593111498
120.5 0.0006765056431212292
121.5 0.0007297139521307647
122.5 0.0008391710449503792
123.5 0.0009258245767659078
124.5 0.0011416982876045919
125.5 0.0012846006032301996
126.5 0.0013910172212492707
127.5 0.0016281742556917694
128.5 0.0018075622689239157
129.5 0.0022043442303950186
130.5 0.002449102451838879
131.5 0.002754670169293636
132.5 0.003110405720957385
133.5 0.0034919853084257636
134.5 0.00402862911072193
135.5 0.0047416204514497
136.5 0.004977257248491926
137.5 0.00572673428682623
138.5 0.006111354349095155
139.5 0.006762015956411752
140.5 0.007409637088927805
141.5 0.00830657715508854
142.5 0.008958758999805413
143.5 0.00942547188168904
144.5 0.009969716870986575
145.5 0.010536765421288183
146.5 0.011164623467600705
147.5 0.012018996886553798
148.5 0.01260884899785952
149.5 0.012584525199455148
150.5 0.013081642829344233
151.5 0.013668454465849389
152.5 0.013794634170072
153.5 0.013733824674061102
154.5 0.014018109067912052
155.5 0.013758148472465462
156.5 0.013587881883634956
157.5 0.01353619381202569
158.5 0.012978266686125704
159.5 0.013081642829344235
160.5 0.012418819322825453
161.5 0.011917140980735555
162.5 0.011634376824284878
163.5 0.01086209622494648
164.5 0.010217515567230977
165.5 0.009776646721151977
166.5 0.009247604105857172
167.5 0.008464681844716873
168.5 0.00803749513524032
169.5 0.00745524421093598
170.5 0.006783299280015568
171.5 0.006380436368943375
172.5 0.005971492508270089
173.5 0.005421166569371476
174.5 0.005050228643705001
175.5 0.004668649056236621
176.5 0.004419330122591943
177.5 0.004170011188947268
178.5 0.0040453517221249275
179.5 0.0038933279820976834
180.5 0.0038933279820976855
181.5 0.003832518486086787
182.5 0.003796032788480248
183.5 0.0039358946293053115
184.5 0.0040879183693325535
185.5 0.004309873029772329
186.5 0.004401087273788675
187.5 0.00486932039307258
188.5 0.005045667931504183
189.5 0.005342114224557308
190.5 0.005611196244405527
191.5 0.006178244794707143
192.5 0.006242094765518585
193.5 0.006647998151391319
194.5 0.00701741583965752
195.5 0.007513013232146332
196.5 0.007786655964195363
197.5 0.007984286826230784
198.5 0.008431236621910879
199.5 0.008388669974703248
200.5 0.008935955438801326
201.5 0.009072776804825843
202.5 0.009211118408250629
203.5 0.00911230297723293
204.5 0.00929169099046507
205.5 0.009071256567425572
206.5 0.009060614905623663
207.5 0.008864504280988521
208.5 0.008618225822144386
209.5 0.008286814068884997
210.5 0.008142391515859118
211.5 0.007693921482778755
212.5 0.007359469254718813
213.5 0.006801542128818838
214.5 0.0062040888305117765
215.5 0.00622689239151586
216.5 0.005738896186028412
217.5 0.005311709476551859
218.5 0.004755302588052148
219.5 0.004379803950184862
220.5 0.0038462006226892406
221.5 0.0035467138548355708
222.5 0.0032563485113835367
223.5 0.0028215606149056232
224.5 0.0026756178244794703
225.5 0.0023062001362132707
226.5 0.0021146502237789464
227.5 0.00177259680871765
228.5 0.0016433766296944942
229.5 0.0014305433936563528
230.5 0.0012177101576182135
231.5 0.0011219352014010507
232.5 0.0009775126483751707
233.5 0.0009395067133683599
234.5 0.0007738008367386652
235.5 0.0006856270675228645
236.5 0.0006369794707141469
237.5 0.0005594473633002528
238.5 0.0004910366802879937
239.5 0.0005184009534928977
240.5 0.0005229616656937146
241.5 0.00047735454368554194
242.5 0.000434787896477914
243.5 0.00047279383148472466
244.5 0.0005153604786923528
245.5 0.0004803950184860868
246.5 0.0004423890834792761
247.5 0.0005016783420899007
248.5 0.00043326765907764157
249.5 0.0004986378672893559
250.5 0.0005047188168904456
251.5 0.0004925569176882662
252.5 0.0004910366802879937
253.5 0.0005153604786923525
254.5 0.0004895164428877213
255.5 0.0004819152558863592
256.5 0.0005427247518972566
257.5 0.0005381640396964391
258.5 0.0005548866510994357
259.5 0.0006278580463125123
260.5 0.0005716092625024323
261.5 0.0005488057014983463
262.5 0.0005412045144969839
263.5 0.0005472854640980737
264.5 0.0005655283129013431
265.5 0.0005214414282934425
266.5 0.0005594473633002532
267.5 0.0005396842770967116
268.5 0.0005427247518972564
269.5 0.0005624878381007978
270.5 0.000554886651099436
271.5 0.0005077592916909904
272.5 0.0005260021404942595
273.5 0.0005031985794901731
274.5 0.0005351235648958944
275.5 0.0004910366802879937
276.5 0.00043782837127845885
277.5 0.0005047188168904456
278.5 0.0004119843354738276
279.5 0.0004287069468768243
280.5 0.0003891807744697412
281.5 0.0003952617240708309
282.5 0.00037549863786728936
283.5 0.00035269507686320296
284.5 0.00040438314847246546
285.5 0.0003602962638645651
286.5 0.000320770091457482
287.5 0.00033445222805993384
288.5 0.00035269507686320296
289.5 0.00031316890445611987
290.5 0.0003162093792566647
291.5 0.0003374927028604787
292.5 0.00038766053706946877
293.5 0.0003785391126678342
294.5 0.00041958552247518973
295.5 0.0004910366802879937
296.5 0.0005138402412920802
297.5 0.0005442449892975286
298.5 0.0006248175715119673
299.5 0.0007236330025296753
300.5 0.0006871473049231366
301.5 0.0008315698579490177
302.5 0.0009471079003697219
303.5 0.0009835935979762604
304.5 0.0011675423234092234
305.5 0.0013378089122397351
306.5 0.0014016588830511772
307.5 0.0015232778750729715
308.5 0.0016950647013037556
309.5 0.0018136432185250043
310.5 0.001907897937341895
311.5 0.002256032302004281
312.5 0.0024323798404358825
313.5 0.0023715703444249867
314.5 0.0025616000194590392
315.5 0.0026999416228838304
316.5 0.002785074917299086
317.5 0.0029827057793345006
318.5 0.0029675034053317758
319.5 0.002979665304533956
320.5 0.003010070052539405
321.5 0.0029097343841214245
322.5 0.0031149664331582023
323.5 0.0030298331387429464
324.5 0.003034393850943764
325.5 0.002716664234286827
326.5 0.0027820344424985405
327.5 0.002593525004864758
328.5 0.00248710838684569
329.5 0.0023290036972173577
330.5 0.0021511359213854837
331.5 0.0020006324187585136
332.5 0.0017923598949211913
333.5 0.0016981051761043018
334.5 0.0014731100408639812
335.5 0.001330207725238373
336.5 0.0012009875462152169
337.5 0.0010641661801906988
338.5 0.0008741365051566455
339.5 0.0007160318155283125
340.5 0.0006795461179217748
341.5 0.0005837711617046118
342.5 0.00048343549328663164
343.5 0.00039830219887137576
344.5 0.00032837127845884414
345.5 0.00026148083284685737
346.5 0.00027212249464876435
347.5 0.00020219157423623273
348.5 0.00012769994162288383
349.5 0.00013530112862424596
350.5 8.969400661607317e-05
351.5 7.145115781280405e-05
352.5 6.537020821171434e-05
353.5 4.864759680871765e-05
354.5 3.952617240708309e-05
355.5 3.648569760653824e-05
356.5 2.7364273204903678e-05
357.5 3.648569760653824e-05
358.5 2.8884510605176105e-05
359.5 3.040474800544853e-05
