0.5 0.0
1.5 0.0
2.5 0.0
3.5 0.0
4.5 0.0
5.5 0.0
6.5 0.0
7.5 0.0
8.5 0.0
9.5 0.0
10.5 0.0
11.5 0.0
12.5 0.0
13.5 0.0
14.5 0.0
15.5 0.0
16.5 0.0
17.5 0.0
18.5 0.0
19.5 0.0
20.5 0.0
21.5 0.0
22.5 0.0
23.5 0.0
24.5 0.0
25.5 0.0
26.5 0.0
27.5 0.0
28.5 0.0
29.5 0.0
30.5 0.0
31.5 0.0
32.5 0.0
33.5 0.0
34.5 0.0
35.5 0.0
36.5 0.0
37.5 0.0
38.5 0.0
39.5 0.0
40.5 0.0
41.5 0.0
42.5 0.0
43.5 0.0
44.5 0.0
45.5 0.0
46.5 0.0
47.5 0.0
48.5 0.0
49.5 0.0
50.5 0.0
51.5 0.0
52.5 0.0
53.5 0.0
54.5 0.0
55.5 0.0
56.5 0.0
57.5 0.0
58.5 0.0
59.5 0.0
60.5 0.0
61.5 0.0
62.5 0.0
63.5 0.0
64.5 0.0
65.5 0.0
66.5 0.0
67.5 0.0
68.5 0.0
69.5 0.0
70.5 0.0
71.5 0.0
72.5 0.0
73.5 0.0
74.5 0.0
75.5 0.0
76.5 0.0
77.5 0.0
78.5 0.0
79.5 0.0
80.5 0.0
81.5 0.0
82.5 0.0
83.5 0.0
84.5 0.0
85.5 0.0
86.5 0.0
87.5 0.0
88.5 0.0
89.5 0.0
90.5 0.0
91.5 0.0
92.5 0.0
93.5 0.0
94.5 0.0
95.5 0.0
96.5 0.0
97.5 0.0
98.5 0.0
99.5 0.0
100.5 0.0
101.5 0.0
102.5 0.0
103.5 0.0
104.5 0.0
105.5 1.5202374002724266e-06
106.5 0.0
107.5 0.0
108.5 0.0
109.5 0.0
110.5 0.0
111.5 0.0
112.5 0.0
113.5 0.0
114.5 0.0
115.5 0.0
116.5 1.5202374002724266e-06
117.5 1.5202374002724266e-06
118.5 0.0
119.5 0.0
120.5 0.0
121.5 3.040474800544853e-06
122.5 3.040474800544853e-06
123.5 0.0
124.5 3.040474800544853e-06
125.5 1.5202374002724266e-06
126.5 6.080949601089706e-06
127.5 1.0641661801906986e-05
128.5 9.12142440163456e-06
129.5 7.601187001362133e-06
130.5 1.824284880326912e-05
131.5 1.824284880326912e-05
132.5 3.192498540572096e-05
133.5 4.712735940844522e-05
134.5 5.4728546409807356e-05
135.5 7.297139521307647e-05
136.5 0.00011553804242070442
137.5 0.00017026658883051177
138.5 0.0001778677758318739
139.5 0.00025387964584549523
140.5 0.00036941768826619965
141.5 0.00045607122008172797
142.5 0.0006369794707141471
143.5 0.0008011651099435687
144.5 0.0010200792955827986
145.5 0.001383416034247908
146.5 0.0016722611402996694
147.5 0.002134413309982488
148.5 0.002613288091068301
149.5 0.003320198482194979
150.5 0.004040791009924112
151.5 0.00471577641564507
152.5 0.005580791496400078
153.5 0.006661680287993774
154.5 0.007585984627359405
155.5 0.008517890153726405
156.5 0.010009243043393658
157.5 0.011055166374781081
158.5 0.012195344424985405
159.5 0.013087723778945319
160.5 0.014407289842381788
161.5 0.015404565576960497
162.5 0.016255898521113064
163.5 0.017114832652266983
164.5 0.017624112181358245
165.5 0.01854537604592333
166.5 0.01884638305117728
167.5 0.019141309106830116
168.5 0.019021210352208603
169.5 0.019723560031134464
170.5 0.019357182817668808
171.5 0.01887070684958164
172.5 0.019170193617435296
173.5 0.01934958163066744
174.5 0.01962170412531621
175.5 0.01941495183887915
176.5 0.020205475287020828
177.5 0.020430470422261142
178.5 0.021523521113057022
179.5 0.021848851916715317
180.5 0.022827884802490768
181.5 0.02349678925861062
182.5 0.02431315674255691
183.5 0.02482395650904845
184.5 0.02516144921190894
185.5 0.025512624051371866
186.5 0.025904845300642142
187.5 0.025874440552636695
188.5 0.02590332506324188
189.5 0.025670728741000192
190.5 0.02527850749172989
191.5 0.024048635434909517
192.5 0.023384291690990468
193.5 0.021923343549328657
194.5 0.021202751021599547
195.5 0.019828456411753268
196.5 0.018277814263475384
197.5 0.016821426834014403
198.5 0.015229738275929165
199.5 0.013472343841214247
200.5 0.012256153920996299
201.5 0.01060973681650126
202.5 0.009238482681455537
203.5 0.00801013086203541
204.5 0.006638876726989686
205.5 0.005632479568009342
206.5 0.00472337760264643
207.5 0.003983021988713759
208.5 0.003083041447752481
209.5 0.002602646429266395
210.5 0.0020812050009729522
211.5 0.0016129718816890461
212.5 0.0012891613154310182
213.5 0.0009972757345787125
214.5 0.0008437317571511971
215.5 0.0006719449309204129
216.5 0.0005001581046896284
217.5 0.0003481343646623857
218.5 0.0002918855808523059
219.5 0.00020675228643705
220.5 0.0001839487254329636
221.5 0.0001322606538237011
222.5 0.00010033566841798015
223.5 5.776902121035221e-05
224.5 5.624878381007978e-05
225.5 4.2566647207627943e-05
226.5 4.408688460790037e-05
227.5 1.0641661801906986e-05
228.5 7.601187001362133e-06
229.5 1.6722611402996692e-05
230.5 1.0641661801906986e-05
231.5 3.040474800544853e-06
232.5 1.5202374002724266e-06
233.5 1.5202374002724266e-06
234.5 3.040474800544853e-06
235.5 1.5202374002724266e-06
236.5 1.5202374002724266e-06
237.5 0.0
238.5 1.5202374002724266e-06
239.5 0.0
240.5 1.5202374002724266e-06
241.5 0.0
242.5 0.0
243.5 0.0
244.5 0.0
245.5 0.0
246.5 0.0
247.5 0.0
248.5 0.0
249.5 0.0
250.5 0.0
251.5 0.0
252.5 0.0
253.5 0.0
254.5 0.0
255.5 0.0
256.5 0.0
257.5 0.0
258.5 0.0
259.5 0.0
260.5 0.0
261.5 0.0
262.5 0.0
263.5 0.0
264.5 0.0
265.5 0.0
266.5 0.0
267.5 0.0
268.5 0.0
269.5 0.0
270.5 0.0
271.5 0.0
272.5 0.0
273.5 0.0
274.5 0.0
275.5 0.0
276.5 0.0
277.5 0.0
278.5 0.0
279.5 0.0
280.5 0.0
281.5 0.0
282.5 0.0
283.5 0.0
284.5 0.0
285.5 0.0
286.5 0.0
287.5 0.0
288.5 0.0
289.5 0.0
290.5 0.0
291.5 0.0
292.5 0.0
293.5 0.0
294.5 0.0
295.5 0.0
296.5 0.0
297.5 0.0
298.5 0.0
299.5 0.0
300.5 0.0
301.5 0.0
302.5 0.0
303.5 0.0
304.5 0.0
305.5 0.0
306.5 0.0
307.5 0.0
308.5 0.0
309.5 0.0
310.5 0.0
311.5 0.0
312.5 0.0
313.5 0.0
314.5 0.0
315.5 0.0
316.5 0.0
317.5 0.0
318.5 0.0
319.5 0.0
320.5 0.0
321.5 0.0
322.5 0.0
323.5 0.0
324.5 0.0
325.5 0.0
326.5 0.0
327.5 0.0
328.5 0.0
329.5 0.0
330.5 0.0
331.5 0.0
332.5 0.0
333.5 0.0
334.5 0.0
335.5 0.0
336.5 0.0
337.5 0.0
338.5 0.0
339.5 0.0
340.5 0.0
341.5 0.0
342.5 0.0
343.5 0.0
344.5 0.0
345.5 0.0
346.5 0.0
347.5 0.0
348.5 0.0
349.5 0.0
350.5 0.0
351.5 0.0
352.5 0.0
353.5 0.0
354.5 0.0
355.5 0.0
356.5 0.0
357.5 0.0
358.5 0.0
359.5 0.0
