0.5 1.5202374002724266e-06
1.5 0.0
2.5 0.0
3.5 0.0
4.5 0.0
5.5 0.0
6.5 0.0
7.5 3.040474800544853e-06
8.5 0.0
9.5 0.0
10.5 0.0
11.5 3.040474800544853e-06
12.5 4.56071220081728e-06
13.5 1.5202374002724266e-06
14.5 6.080949601089706e-06
15.5 1.5202374002724266e-06
16.5 4.56071220081728e-06
17.5 7.601187001362133e-06
18.5 4.56071220081728e-06
19.5 7.601187001362133e-06
20.5 1.0641661801906986e-05
21.5 1.9763086203541545e-05
22.5 1.5202374002724266e-05
23.5 1.6722611402996692e-05
24.5 1.6722611402996692e-05
25.5 2.4323798404358825e-05
26.5 2.2803561004086398e-05
27.5 3.496546020626581e-05
28.5 3.3445222805993384e-05
29.5 5.9289258610624636e-05
30.5 7.601187001362133e-05
31.5 6.84106830122592e-05
32.5 9.425471881689045e-05
33.5 0.00011097733021988714
34.5 0.00017330706363105663
35.5 0.00016266540182914964
36.5 0.00022043442303950185
37.5 0.00020979276123759486
38.5 0.00029948676785366803
39.5 0.0003481343646623857
40.5 0.00039830219887137576
41.5 0.000445429558279821
42.5 0.0005731294999027051
43.5 0.0006841068301225918
44.5 0.0008528531815528311
45.5 0.0008680555555555555
46.5 0.0009927150223778946
47.5 0.00119034588441331
48.5 0.0013697338976454568
49.5 0.0015476016734773306
50.5 0.0016965849387040282
51.5 0.0018835741389375373
52.5 0.0021298525977816686
53.5 0.0023654893948238955
54.5 0.002526634559252772
55.5 0.002769872543296362
56.5 0.0029857462541350455
57.5 0.003218342576376727
58.5 0.003438776999416229
59.5 0.0036014424012453775
60.5 0.003908530356100408
61.5 0.003979981513913213
62.5 0.0041274445417396385
63.5 0.004335717065576958
64.5 0.004317474216773694
65.5 0.004398046798988131
66.5 0.004486220568203932
67.5 0.004352439676979959
68.5 0.004388925374586494
69.5 0.0043889253745864965
70.5 0.004223219497956802
71.5 0.0042733873321657906
72.5 0.004136565966141273
73.5 0.00401646721151975
74.5 0.003776269702276708
75.5 0.0036774542712589998
76.5 0.003435736524615685
77.5 0.0031453711811636528
78.5 0.0031605735551663745
79.5 0.002886930823117338
80.5 0.00270754280988519
81.5 0.002444541739638062
82.5 0.002306200136213272
83.5 0.0020675228643705005
84.5 0.0018030015567230978
85.5 0.0017619551469157428
86.5 0.0015795266588830516
87.5 0.0014016588830511776
88.5 0.0013074041642342875
89.5 0.0012040280210157616
90.5 0.001053524518388792
91.5 0.0009395067133683597
92.5 0.0009258245767659078
93.5 0.0007479568009340341
94.5 0.0006886675423234091
95.5 0.0006020140105078809
96.5 0.0005594473633002532
97.5 0.00048495573068690407
98.5 0.00043174742167736914
99.5 0.00042566647207627943
100.5 0.00037397840046701693
101.5 0.0003724581630667445
102.5 0.000342053415061296
103.5 0.0003162093792566647
104.5 0.00027668320684958163
105.5 0.0002751629694493092
106.5 0.00022043442303950185
107.5 0.000217393948238957
108.5 0.00018546896283323604
109.5 0.00019154991243432575
110.5 0.00018546896283323604
111.5 0.00019307014983459817
112.5 0.00017026658883051177
113.5 0.00013986184082506324
114.5 0.00013530112862424596
115.5 0.0001429023156256081
116.5 0.00012769994162288383
117.5 0.00011705827982097684
118.5 0.00013834160342479082
119.5 0.00012922017902315626
120.5 0.00013530112862424596
121.5 0.0001368213660245184
122.5 0.00014138207822533567
123.5 0.00017330706363105663
124.5 0.00015810468962833236
125.5 0.00015202374002724266
126.5 0.00017938801323214633
127.5 0.00019154991243432575
128.5 0.00021283323603813972
129.5 0.00020523204903677758
130.5 0.00022803561004086398
131.5 0.00020219157423623273
132.5 0.0002751629694493092
133.5 0.0002964462930531232
134.5 0.00027668320684958163
135.5 0.0003390129402607511
136.5 0.00041958552247518973
137.5 0.0004575914574820004
138.5 0.0005153604786923525
139.5 0.000556406888499708
140.5 0.0006901877797236819
141.5 0.0007570782253356683
142.5 0.0007707603619381204
143.5 0.0008802174547577347
144.5 0.0010596054679898814
145.5 0.0012025077836154891
146.5 0.001372774372446001
147.5 0.0015384802490756959
148.5 0.001834926542128819
149.5 0.001973268145553609
150.5 0.0022362692158007396
151.5 0.0025661607316598565
152.5 0.0029401391321268724
153.5 0.0032685104105857165
154.5 0.0036865756956606342
155.5 0.004270346857365247
156.5 0.004610880035026271
157.5 0.0054424498929752894
158.5 0.005918284199260556
159.5 0.0065476624829733385
160.5 0.007364029966919633
161.5 0.008013171336835963
162.5 0.008840180482584163
163.5 0.009363142148277872
164.5 0.01037105954465849
165.5 0.011258878186417593
166.5 0.012154298015178054
167.5 0.013276233216579107
168.5 0.013752067522864373
169.5 0.015033627651294025
170.5 0.015751179704222608
171.5 0.01647025199455148
172.5 0.017269896867094774
173.5 0.01796160488421873
174.5 0.018379670169293646
175.5 0.01914282934423038
176.5 0.019393668515275336
177.5 0.019515287507297134
178.5 0.020199394337419734
179.5 0.02043199065966141
180.5 0.02019331338781864
181.5 0.020102099143802298
182.5 0.01992119089316988
183.5 0.01921276026464293
184.5 0.019396708990075884
185.5 0.018589462930531226
186.5 0.018008732243627167
187.5 0.017418880132321464
188.5 0.016480893656353378
189.5 0.015625000000000003
190.5 0.01504122883829539
191.5 0.013782472270869829
192.5 0.01297218573652461
193.5 0.012155818252578323
194.5 0.011166143705000974
195.5 0.010258561977038333
196.5 0.009522767075306483
197.5 0.008884267367192061
198.5 0.008046616559641952
199.5 0.007400515664526172
200.5 0.006454928001556722
201.5 0.00589700087565674
202.5 0.0053269118505545835
203.5 0.004866279918272036
204.5 0.004300751605370695
205.5 0.003777789939676981
206.5 0.00345093889861841
207.5 0.0029644629305312325
208.5 0.0026193690406693913
209.5 0.00223626921580074
210.5 0.0020523204903677744
211.5 0.0017938801323214635
212.5 0.0015719254718816894
213.5 0.0013636529480443658
214.5 0.0012709184666277477
215.5 0.001105212589998054
216.5 0.0008954198287604595
217.5 0.0007890032107413898
218.5 0.0007388353765323992
219.5 0.0006658639813193224
220.5 0.0006004937731076088
221.5 0.00048495573068690407
222.5 0.00041958552247518973
223.5 0.0003830998248686515
224.5 0.0004013426736719206
225.5 0.000331411753259389
226.5 0.00030100700525394046
227.5 0.00023563679704222612
228.5 0.00022195466043977428
229.5 0.00023715703444249854
230.5 0.00017634753843160148
231.5 0.00017938801323214633
232.5 0.00019002967503405332
233.5 0.00016722611402996692
234.5 0.00018546896283323604
235.5 0.00014594279042615295
236.5 0.00013074041642342868
237.5 0.00014442255302588052
238.5 0.00014594279042615295
239.5 0.00013530112862424596
240.5 0.00011705827982097684
241.5 0.00012161899202179412
242.5 0.0001261797042226114
243.5 0.00016114516442887721
244.5 0.00012922017902315626
245.5 0.00012465946682233898
246.5 0.00014746302782642538
247.5 0.00017938801323214633
248.5 0.0001839487254329636
249.5 0.00017330706363105663
250.5 0.0001885094376337809
251.5 0.00020523204903677758
252.5 0.00021587371083868457
253.5 0.0002523594084452228
254.5 0.0002858046312512162
255.5 0.00023867727184277097
256.5 0.00030708795485503016
257.5 0.00033597246546020627
258.5 0.0003891807744697412
259.5 0.0003770188752675618
260.5 0.0004165450476746449
261.5 0.0004971176298890834
262.5 0.0005503259388986183
263.5 0.0005685687877018876
264.5 0.0005807306869040668
265.5 0.0006947484919244987
266.5 0.0008163674839462929
267.5 0.0008786972173574621
268.5 0.0009273448141661804
269.5 0.0010231197703833431
270.5 0.0011310566258026854
271.5 0.001293722027631835
272.5 0.0014472660050593494
273.5 0.001562804047480054
274.5 0.0017695563339171052
275.5 0.001935262210546799
276.5 0.0021480954465849396
277.5 0.002277315625608095
278.5 0.0024597441136407863
279.5 0.0027075428098851904
280.5 0.0029006129597197905
281.5 0.0031514521307647405
282.5 0.0032441866121813586
283.5 0.0034114127262113245
284.5 0.003586240027242653
285.5 0.003788431601478887
286.5 0.004077276707530647
287.5 0.004135045728740999
288.5 0.00425970519556334
289.5 0.004235381397158981
290.5 0.004540949114613739
291.5 0.004338757540377504
292.5 0.004375243237984043
293.5 0.004478619381202567
294.5 0.004309873029772327
295.5 0.004287069468768241
296.5 0.004276427806966335
297.5 0.004279468281766879
298.5 0.00398454222611403
299.5 0.0038842065576960485
300.5 0.003645529285853278
301.5 0.003321718719595253
302.5 0.003262429460984628
303.5 0.003013110527339948
304.5 0.0028352427515080736
305.5 0.0026573749756762005
306.5 0.0022955584744113627
307.5 0.002040158591165596
308.5 0.001953505059350069
309.5 0.0016935444639034837
310.5 0.0015308790620743333
311.5 0.0013575719984432767
312.5 0.0011477792372056824
313.5 0.0009927150223778944
314.5 0.0008361305701498343
315.5 0.0007266734773302201
316.5 0.0006871473049231368
317.5 0.0006491413699163261
318.5 0.0004758343062852695
319.5 0.0004135045728741
320.5 0.00035725578906402024
321.5 0.00026148083284685737
322.5 0.0002401975092430434
323.5 0.00021283323603813972
324.5 0.00012313922942206655
325.5 0.00014138207822533567
326.5 8.513329441525589e-05
327.5 9.881543101770773e-05
328.5 7.601187001362133e-05
329.5 8.665353181552831e-05
330.5 4.408688460790037e-05
331.5 3.3445222805993384e-05
332.5 3.952617240708309e-05
333.5 2.7364273204903678e-05
334.5 1.824284880326912e-05
335.5 2.1283323603813972e-05
336.5 1.6722611402996692e-05
337.5 1.5202374002724266e-05
338.5 4.56071220081728e-06
339.5 9.12142440163456e-06
340.5 1.2161899202179412e-05
341.5 0.0
342.5 1.0641661801906986e-05
343.5 1.5202374002724266e-06
344.5 4.56071220081728e-06
345.5 3.040474800544853e-06
346.5 1.5202374002724266e-06
347.5 1.5202374002724266e-06
348.5 1.5202374002724266e-06
349.5 3.040474800544853e-06
350.5 3.040474800544853e-06
351.5 1.5202374002724266e-06
352.5 1.5202374002724266e-06
353.5 1.5202374002724266e-06
354.5 3.040474800544853e-06
355.5 0.0
356.5 0.0
357.5 0.0
358.5 0.0
359.5 0.0
