0.5 1.5202374002724266e-06
1.5 1.5202374002724266e-06
2.5 0.0
3.5 0.0
4.5 0.0
5.5 1.5202374002724266e-06
6.5 0.0
7.5 0.0
8.5 0.0
9.5 0.0
10.5 0.0
11.5 3.040474800544853e-06
12.5 1.5202374002724266e-06
13.5 1.5202374002724266e-06
14.5 1.5202374002724266e-06
15.5 6.080949601089706e-06
16.5 4.56071220081728e-06
17.5 0.0
18.5 7.601187001362133e-06
19.5 7.601187001362133e-06
20.5 3.040474800544853e-06
21.5 9.12142440163456e-06
22.5 1.0641661801906986e-05
23.5 2.2803561004086398e-05
24.5 1.5202374002724266e-05
25.5 2.584403580463125e-05
26.5 1.9763086203541545e-05
27.5 2.8884510605176105e-05
28.5 3.3445222805993384e-05
29.5 4.712735940844522e-05
30.5 5.776902121035221e-05
31.5 6.384997081144192e-05
32.5 8.817376921580074e-05
33.5 9.273448141661802e-05
34.5 0.00010945709281961471
35.5 0.00016114516442887721
36.5 0.00019763086203541545
37.5 0.00021587371083868457
38.5 0.0002341165596419537
39.5 0.00036941768826619965
40.5 0.0003952617240708309
41.5 0.0004469497956800934
42.5 0.0005761699747032498
43.5 0.0006187366219108776
44.5 0.0007053901537264059
45.5 0.0008741365051566453
46.5 0.0010170388207822534
47.5 0.0012405137186223005
48.5 0.0013727743724460013
49.5 0.0015323992994746064
50.5 0.001684423039501849
51.5 0.001844047966530454
52.5 0.002070563339171044
53.5 0.0022499513524031904
54.5 0.002566160731659855
55.5 0.0027941963417007195
56.5 0.003057197411947851
57.5 0.003192498540572097
58.5 0.0033262794317960686
59.5 0.00367137332165791
60.5 0.003758026853473437
61.5 0.003914611305701498
62.5 0.004151768340143996
63.5 0.004189774275150809
64.5 0.004366121813582409
65.5 0.004347878964779139
66.5 0.004258184958163068
67.5 0.00429771113057015
68.5 0.004454295582798213
69.5 0.004168490951546993
70.5 0.004357000389180775
71.5 0.0041715314263475415
72.5 0.004098560031134463
73.5 0.003973900564312122
74.5 0.0038583625218914204
75.5 0.0035375924304339354
76.5 0.003379487740805605
77.5 0.003294354446390348
78.5 0.0029401391321268715
79.5 0.0028732486865148876
80.5 0.0025479178828565863
81.5 0.002389813193228256
82.5 0.0021906620937925665
83.5 0.002085765713173769
84.5 0.00186685152753454
85.5 0.0017330706363105654
86.5 0.0015597635726795098
87.5 0.0013925374586495434
88.5 0.0013241267756372835
89.5 0.0011751435104105858
90.5 0.0010504840435882467
91.5 0.0009334257637672706
92.5 0.0008817376921580074
93.5 0.0007829222611402996
94.5 0.000705390153726406
95.5 0.0006567425569176883
96.5 0.0006202568593111496
97.5 0.0004636724070830901
98.5 0.0005153604786923524
99.5 0.0004287069468768243
100.5 0.0003709379256664721
101.5 0.00036333673866510995
102.5 0.0002979665304533956
103.5 0.000331411753259389
104.5 0.00022651537264059156
105.5 0.0002462784588441331
106.5 0.0002234748978400467
107.5 0.0002341165596419537
108.5 0.00020523204903677758
109.5 0.00021435347343841214
110.5 0.00016418563922942207
111.5 0.0001489832652266978
112.5 0.00016722611402996692
113.5 0.00015810468962833236
114.5 0.00016418563922942207
115.5 0.00012465946682233898
116.5 0.00017482730103132905
117.5 0.0001550642148277875
118.5 0.0001322606538237011
119.5 0.00011857851722124927
120.5 0.0001368213660245184
121.5 0.00015050350262697023
122.5 0.00016266540182914964
123.5 0.00014442255302588052
124.5 0.00017026658883051177
125.5 0.00015202374002724266
126.5 0.00018242848803269119
127.5 0.00014442255302588052
128.5 0.00016266540182914964
129.5 0.00019307014983459817
130.5 0.0002234748978400467
131.5 0.00025387964584549523
132.5 0.00031316890445611987
133.5 0.0003040474800544853
134.5 0.0003086081922553026
135.5 0.00038157958746837906
136.5 0.0004135045728741
137.5 0.000434787896477914
138.5 0.00048495573068690407
139.5 0.0005761699747032496
140.5 0.0005746497373029772
141.5 0.0007601187001362133
142.5 0.0008026853473438415
143.5 0.0009410269507686319
144.5 0.001082409028993967
145.5 0.001202507783615489
146.5 0.0014138207822533577
147.5 0.001640336154893948
148.5 0.0017710765713173776
149.5 0.0020355978789647804
150.5 0.0023138013232146338
151.5 0.0026558547382759287
152.5 0.0030723997859505737
153.5 0.0032639496983849
154.5 0.003789951838879161
155.5 0.00429010994356879
156.5 0.004810031134461954
157.5 0.005605115294804436
158.5 0.005866596127651295
159.5 0.006530939871570342
160.5 0.007500851332944151
161.5 0.008058778458844135
162.5 0.008797613835376531
163.5 0.009651987254329633
164.5 0.010818009340338585
165.5 0.011208710352208594
166.5 0.012215107511188952
167.5 0.013227585619770381
168.5 0.01393449601089706
169.5 0.014953055069079584
170.5 0.015775503502626978
171.5 0.016471772231951745
172.5 0.01737175277291301
173.5 0.017838465654796652
174.5 0.018642671239540762
175.5 0.01940126970227671
176.5 0.0197661266783421
177.5 0.019852780210157614
178.5 0.020447193033664126
179.5 0.02053080609067912
180.5 0.020369660926250244
181.5 0.020082336057598755
182.5 0.019737242167736913
183.5 0.019457518486086785
184.5 0.019348061393267172
185.5 0.018673075987546216
186.5 0.017934240611013813
187.5 0.01723493140688849
188.5 0.016645079295582798
189.5 0.015789185639229424
190.5 0.014775187293247713
191.5 0.01413212687293248
192.5 0.013346164136991637
193.5 0.012209026561587859
194.5 0.011198068690406699
195.5 0.01033609408445223
196.5 0.009921069274177859
197.5 0.008942036388402413
198.5 0.008247287896477912
199.5 0.007210485989492123
200.5 0.006807623078419925
201.5 0.005942607997664916
202.5 0.005345154699357852
203.5 0.0047720251994551495
204.5 0.00422930044755789
205.5 0.0037777899396769796
206.5 0.003393169877408057
207.5 0.0029827057793345
208.5 0.0026056869040669392
209.5 0.0023426858338198107
210.5 0.0020644823895699556
211.5 0.001818203930725822
212.5 0.001606890932087955
213.5 0.0014533469546604396
214.5 0.0012481149056236623
215.5 0.0009805531231757154
216.5 0.0010124781085814358
217.5 0.0007935639229422068
218.5 0.0007312341895310372
219.5 0.0006050544853084259
220.5 0.0005807306869040668
221.5 0.0004940771550885387
222.5 0.00042718670947655186
223.5 0.00037549863786728936
224.5 0.0003724581630667445
225.5 0.0003146891418563923
226.5 0.00027668320684958163
227.5 0.00026148083284685737
228.5 0.00021283323603813972
229.5 0.00023107608484140884
230.5 0.00021891418563922942
231.5 0.00017938801323214633
232.5 0.00013378089122397354
233.5 0.00019154991243432575
234.5 0.00015810468962833236
235.5 0.00013074041642342868
236.5 0.00013986184082506324
237.5 0.00014138207822533567
238.5 0.00014442255302588052
239.5 0.00014442255302588052
240.5 0.00012922017902315626
241.5 0.00012161899202179412
242.5 0.0001489832652266978
243.5 0.00013074041642342868
244.5 0.00013530112862424596
245.5 0.0001429023156256081
246.5 0.00015354397742751508
247.5 0.0001429023156256081
248.5 0.00016874635143023935
249.5 0.00018242848803269119
250.5 0.00019002967503405332
251.5 0.00016874635143023935
252.5 0.00021283323603813972
253.5 0.00025539988324576766
254.5 0.0002645213076474022
255.5 0.00024323798404358825
256.5 0.000310128429655575
257.5 0.00031772961665693715
258.5 0.0003557355516637478
259.5 0.00035269507686320296
260.5 0.00044999027048063826
261.5 0.00047735454368554194
262.5 0.000538164039696439
263.5 0.0005381640396964389
264.5 0.0006597830317182332
265.5 0.0007129913407277679
266.5 0.0007433960887332164
267.5 0.0008133270091457479
268.5 0.0009881543101770772
269.5 0.00108392926639424
270.5 0.0011614613738081337
271.5 0.0012572363300252963
272.5 0.0013530112862424589
273.5 0.0015065552636699747
274.5 0.0017710765713173776
275.5 0.0018030015567230984
276.5 0.0019945514691574245
277.5 0.002078164526172407
278.5 0.0023472465460206257
279.5 0.0025661607316598556
280.5 0.0028169999027048065
281.5 0.002929497470324967
282.5 0.0032837127845884405
283.5 0.0034478984238178623
284.5 0.0036181650126483745
285.5 0.0038097149250827
286.5 0.003899408931698773
287.5 0.003998224362716483
288.5 0.004104640980735552
289.5 0.004179132613348899
290.5 0.0042429825841603435
291.5 0.004215618310955441
292.5 0.004416289647791398
293.5 0.004290109943568786
294.5 0.0043706825257832285
295.5 0.004376763475384318
296.5 0.004141126678342092
297.5 0.0041168028799377305
298.5 0.003955657715508854
299.5 0.003738263767269896
300.5 0.003633367386651101
301.5 0.0035299912434325737
302.5 0.0031453711811636506
303.5 0.0028747689239151564
304.5 0.0026604154504767464
305.5 0.0025220738470519573
306.5 0.002208904942595837
307.5 0.0020371181163650527
308.5 0.0019322217357462539
309.5 0.0016312147304923135
310.5 0.0015278385872737892
311.5 0.0013226065382370112
312.5 0.0010884899785950572
313.5 0.0009395067133683595
314.5 0.0008422115197509238
315.5 0.0007373151391321265
316.5 0.0006476211325160538
317.5 0.0005214414282934423
318.5 0.0005123200038918076
319.5 0.00042566647207627943
320.5 0.0003374927028604787
321.5 0.0002584403580463125
322.5 0.00022803561004086398
323.5 0.00019154991243432575
324.5 0.00016266540182914964
325.5 0.0001429023156256081
326.5 0.000103376143218525
327.5 7.753210741389375e-05
328.5 7.145115781280405e-05
329.5 5.4728546409807356e-05
330.5 5.776902121035221e-05
331.5 3.952617240708309e-05
332.5 4.104640980735552e-05
333.5 2.8884510605176105e-05
334.5 2.2803561004086398e-05
335.5 2.2803561004086398e-05
336.5 2.1283323603813972e-05
337.5 1.2161899202179412e-05
338.5 9.12142440163456e-06
339.5 7.601187001362133e-06
340.5 6.080949601089706e-06
341.5 6.080949601089706e-06
342.5 1.5202374002724266e-06
343.5 1.5202374002724266e-06
344.5 0.0
345.5 0.0
346.5 4.56071220081728e-06
347.5 1.5202374002724266e-06
348.5 0.0
349.5 1.5202374002724266e-06
350.5 1.5202374002724266e-06
351.5 1.5202374002724266e-06
352.5 3.040474800544853e-06
353.5 0.0
354.5 1.5202374002724266e-06
355.5 1.5202374002724266e-06
356.5 1.5202374002724266e-06
357.5 1.5202374002724266e-06
358.5 1.5202374002724266e-06
359.5 0.0
