0.5 3.040474800544853e-06
1.5 0.0
2.5 0.0
3.5 0.0
4.5 1.5202374002724266e-06
5.5 3.040474800544853e-06
6.5 0.0
7.5 1.5202374002724266e-06
8.5 4.56071220081728e-06
9.5 1.5202374002724266e-06
10.5 3.040474800544853e-06
11.5 6.080949601089706e-06
12.5 1.0641661801906986e-05
13.5 6.080949601089706e-06
14.5 4.56071220081728e-06
15.5 1.3682136602451839e-05
16.5 1.0641661801906986e-05
17.5 6.080949601089706e-06
18.5 2.584403580463125e-05
19.5 2.7364273204903678e-05
20.5 4.408688460790037e-05
21.5 4.864759680871765e-05
22.5 4.864759680871765e-05
23.5 4.104640980735552e-05
24.5 5.9289258610624636e-05
25.5 4.712735940844522e-05
26.5 5.624878381007978e-05
27.5 8.817376921580074e-05
28.5 9.121424401634559e-05
29.5 9.273448141661802e-05
30.5 0.00011401780502043199
31.5 0.00013074041642342868
32.5 0.00012313922942206655
33.5 0.00014442255302588052
34.5 0.0001261797042226114
35.5 0.00013074041642342868
36.5 0.0001200987546215217
37.5 0.00013834160342479082
38.5 0.0001368213660245184
39.5 0.00012769994162288383
40.5 0.00012769994162288383
41.5 0.00013074041642342868
42.5 0.00010033566841798015
43.5 0.00011553804242070442
44.5 0.00010641661801906986
45.5 0.00010185590581825258
46.5 8.057258221443861e-05
47.5 9.121424401634559e-05
48.5 9.577495621716287e-05
49.5 6.384997081144192e-05
50.5 8.209281961471103e-05
51.5 8.057258221443861e-05
52.5 6.384997081144192e-05
53.5 6.84106830122592e-05
54.5 5.776902121035221e-05
55.5 6.84106830122592e-05
56.5 4.104640980735552e-05
57.5 4.712735940844522e-05
58.5 3.648569760653824e-05
59.5 4.104640980735552e-05
60.5 3.496546020626581e-05
61.5 3.040474800544853e-05
62.5 2.2803561004086398e-05
63.5 2.584403580463125e-05
64.5 1.6722611402996692e-05
65.5 1.6722611402996692e-05
66.5 1.6722611402996692e-05
67.5 1.3682136602451839e-05
68.5 9.12142440163456e-06
69.5 6.080949601089706e-06
70.5 6.080949601089706e-06
71.5 4.56071220081728e-06
72.5 1.5202374002724266e-06
73.5 7.601187001362133e-06
74.5 4.56071220081728e-06
75.5 1.5202374002724266e-06
76.5 1.5202374002724266e-06
77.5 1.5202374002724266e-06
78.5 0.0
79.5 0.0
80.5 1.5202374002724266e-06
81.5 1.5202374002724266e-06
82.5 0.0
83.5 1.5202374002724266e-06
84.5 0.0
85.5 0.0
86.5 0.0
87.5 1.5202374002724266e-06
88.5 0.0
89.5 0.0
90.5 0.0
91.5 0.0
92.5 0.0
93.5 0.0
94.5 0.0
95.5 0.0
96.5 0.0
97.5 0.0
98.5 0.0
99.5 0.0
100.5 0.0
101.5 0.0
102.5 0.0
103.5 0.0
104.5 0.0
105.5 0.0
106.5 0.0
107.5 0.0
108.5 1.5202374002724266e-06
109.5 0.0
110.5 0.0
111.5 0.0
112.5 0.0
113.5 0.0
114.5 0.0
115.5 0.0
116.5 0.0
117.5 0.0
118.5 0.0
119.5 0.0
120.5 0.0
121.5 0.0
122.5 0.0
123.5 0.0
124.5 0.0
125.5 0.0
126.5 0.0
127.5 0.0
128.5 0.0
129.5 0.0
130.5 0.0
131.5 0.0
132.5 0.0
133.5 0.0
134.5 1.5202374002724266e-06
135.5 0.0
136.5 1.5202374002724266e-06
137.5 0.0
138.5 3.040474800544853e-06
139.5 1.5202374002724266e-06
140.5 3.040474800544853e-06
141.5 0.0
142.5 4.56071220081728e-06
143.5 4.56071220081728e-06
144.5 2.2803561004086398e-05
145.5 1.6722611402996692e-05
146.5 2.1283323603813972e-05
147.5 1.824284880326912e-05
148.5 3.8005935006810664e-05
149.5 4.864759680871765e-05
150.5 3.8005935006810664e-05
151.5 5.16880716092625e-05
152.5 0.00010185590581825258
153.5 0.00013074041642342868
154.5 0.0001429023156256081
155.5 0.00021435347343841214
156.5 0.00024779869624440553
157.5 0.00039222124927028605
158.5 0.00045455098268145554
159.5 0.00062025685931115
160.5 0.0007509972757345789
161.5 0.000890859116559642
162.5 0.0011705827982097686
163.5 0.00150351478886943
164.5 0.0019474241097489787
165.5 0.002490148861646234
166.5 0.0029857462541350464
167.5 0.0035892805020432002
168.5 0.0043828444249854066
169.5 0.004962054874489199
170.5 0.006026221054679901
171.5 0.006947484919244985
172.5 0.008104385580852302
173.5 0.00943763378089122
174.5 0.010451632126872935
175.5 0.011755995816306677
176.5 0.012832323895699556
177.5 0.014226381591749366
178.5 0.015094437147304919
179.5 0.01583783323603814
180.5 0.016911120840630484
181.5 0.01764691574236233
182.5 0.01794184179801517
183.5 0.018236767853668033
184.5 0.01853169390932088
185.5 0.01824132856586885
186.5 0.01825653093987158
187.5 0.018061940552636702
188.5 0.0171573992994746
189.5 0.016473292469352016
190.5 0.015520103619381198
191.5 0.014559313582409023
192.5 0.013311198676785369
193.5 0.012406657423623275
194.5 0.011246716287215408
195.5 0.009904346662774859
196.5 0.009030210157618217
197.5 0.008078541545047674
198.5 0.0072074455146915765
199.5 0.006115915061295971
200.5 0.0054926177271842755
201.5 0.004846516832068496
202.5 0.00396021842770967
203.5 0.0033977305896088737
204.5 0.003040474800544853
205.5 0.0024384607900369724
206.5 0.0020462395407666867
207.5 0.001834926542128819
208.5 0.001536960011675423
209.5 0.0013150053512356492
210.5 0.0011219352014010513
211.5 0.0009987959719789845
212.5 0.0008315698579490173
213.5 0.0006582627943179605
214.5 0.0005047188168904456
215.5 0.0005320830900953494
216.5 0.00036333673866510995
217.5 0.000310128429655575
218.5 0.0002858046312512162
219.5 0.00022651537264059156
220.5 0.00017482730103132905
221.5 0.0001596249270286048
222.5 0.00012769994162288383
223.5 0.00017330706363105663
224.5 0.00012313922942206655
225.5 0.00013834160342479082
226.5 5.9289258610624636e-05
227.5 9.121424401634559e-05
228.5 9.577495621716287e-05
229.5 7.297139521307647e-05
230.5 6.993092041253162e-05
231.5 5.624878381007978e-05
232.5 6.080949601089706e-05
233.5 5.9289258610624636e-05
234.5 3.8005935006810664e-05
235.5 5.16880716092625e-05
236.5 4.5607122008172797e-05
237.5 6.384997081144192e-05
238.5 5.9289258610624636e-05
239.5 4.5607122008172797e-05
240.5 8.057258221443861e-05
241.5 6.080949601089706e-05
242.5 7.44916326133489e-05
243.5 5.4728546409807356e-05
244.5 8.209281961471103e-05
245.5 5.4728546409807356e-05
246.5 7.905234481416618e-05
247.5 8.209281961471103e-05
248.5 8.665353181552831e-05
249.5 8.969400661607317e-05
250.5 0.00010489638061879743
251.5 0.00011705827982097684
252.5 0.0001778677758318739
253.5 0.00018698920023350847
254.5 0.00020219157423623273
255.5 0.00021587371083868457
256.5 0.00024931893364467795
257.5 0.00029948676785366803
258.5 0.0003496546020626581
259.5 0.0003724581630667445
260.5 0.00047887478108581436
261.5 0.000515360478692353
262.5 0.0006856270675228645
263.5 0.0008756567425569179
264.5 0.0009623102743724464
265.5 0.001044403093987157
266.5 0.0013013232146331976
267.5 0.0015171969254718827
268.5 0.001749793247713564
269.5 0.002108569274177855
270.5 0.0022955584744113636
271.5 0.0027090630472854653
272.5 0.0033156377699941624
273.5 0.0037960327884802494
274.5 0.004238421871959525
275.5 0.004984858435493289
276.5 0.005678086690017511
277.5 0.006339389959136021
278.5 0.0071968038528896685
279.5 0.007920436855419346
280.5 0.008888828079392879
281.5 0.009992520431990658
282.5 0.010942668807160933
283.5 0.011911060031134464
284.5 0.012852086981903097
285.5 0.013855443666082897
286.5 0.014916569371473053
287.5 0.016112996205487447
288.5 0.01655234481416618
289.5 0.017722927612375955
290.5 0.018259571414672115
291.5 0.01884486281377701
292.5 0.019136748394629303
293.5 0.019421032788480255
294.5 0.019749404066939084
295.5 0.019244685250048656
296.5 0.01922644240124538
297.5 0.019016649640007783
298.5 0.018230686904066942
299.5 0.017221249270286048
300.5 0.01636231513913212
301.5 0.015778543977427523
302.5 0.014475700525394044
303.5 0.013443459330609068
304.5 0.012373212200817286
305.5 0.010951790231562557
306.5 0.009846577641564502
307.5 0.008682075792955832
308.5 0.007759291690990464
309.5 0.006851709963027827
310.5 0.005924365148861644
311.5 0.004975737011091653
312.5 0.004323555166374781
313.5 0.0036394483362521893
314.5 0.002885410585717065
315.5 0.0025235940844522283
316.5 0.0019535050593500677
317.5 0.0016296944930920417
318.5 0.0012982827398326528
319.5 0.001173623273010313
320.5 0.0009030210157618217
321.5 0.0006962687293247715
322.5 0.0005305628526950767
323.5 0.00043782837127845885
324.5 0.00028276415645067134
325.5 0.00025387964584549523
326.5 0.00024779869624440553
327.5 0.00018090825063241876
328.5 0.00012161899202179412
329.5 0.00011097733021988714
330.5 8.209281961471103e-05
331.5 5.776902121035221e-05
332.5 4.408688460790037e-05
333.5 3.192498540572096e-05
334.5 3.040474800544853e-05
335.5 1.0641661801906986e-05
336.5 1.824284880326912e-05
337.5 1.9763086203541545e-05
338.5 1.824284880326912e-05
339.5 9.12142440163456e-06
340.5 7.601187001362133e-06
341.5 6.080949601089706e-06
342.5 1.0641661801906986e-05
343.5 4.56071220081728e-06
344.5 3.040474800544853e-06
345.5 3.040474800544853e-06
346.5 0.0
347.5 3.040474800544853e-06
348.5 0.0
349.5 1.5202374002724266e-06
350.5 1.5202374002724266e-06
351.5 0.0
352.5 0.0
353.5 0.0
354.5 0.0
355.5 0.0
356.5 0.0
357.5 1.5202374002724266e-06
358.5 0.0
359.5 0.0
