0.5 0.0
1.5 0.0
2.5 0.0
3.5 0.0
4.5 0.0
5.5 0.0
6.5 0.0
7.5 0.0
8.5 0.0
9.5 0.0
10.5 0.0
11.5 0.0
12.5 0.0
13.5 0.0
14.5 0.0
15.5 0.0
16.5 0.0
17.5 0.0
18.5 0.0
19.5 0.0
20.5 0.0
21.5 0.0
22.5 0.0
23.5 0.0
24.5 0.0
25.5 0.0
26.5 0.0
27.5 0.0
28.5 1.5202374002724266e-06
29.5 0.0
30.5 0.0
31.5 0.0
32.5 0.0
33.5 0.0
34.5 1.5202374002724266e-06
35.5 1.5202374002724266e-06
36.5 3.040474800544853e-06
37.5 4.56071220081728e-06
38.5 1.3682136602451839e-05
39.5 3.040474800544853e-06
40.5 1.0641661801906986e-05
41.5 1.6722611402996692e-05
42.5 2.8884510605176105e-05
43.5 3.496546020626581e-05
44.5 3.648569760653824e-05
45.5 6.689044561198677e-05
46.5 7.297139521307647e-05
47.5 9.273448141661802e-05
48.5 9.72951936174353e-05
49.5 0.00013378089122397354
50.5 0.00017026658883051177
51.5 0.0001945903872348706
52.5 0.00024171774664331582
53.5 0.0002675617824479471
54.5 0.0002858046312512162
55.5 0.000331411753259389
56.5 0.00046671288188363495
57.5 0.0005412045144969839
58.5 0.0006901877797236818
59.5 0.0008315698579490175
60.5 0.000941026950768632
61.5 0.001106732827398327
62.5 0.0012891613154310177
63.5 0.0015552028604786925
64.5 0.001901816987740806
65.5 0.002125291885580852
66.5 0.0027455487448920035
67.5 0.003102804533956022
68.5 0.003805154212881885
69.5 0.004562232438217551
70.5 0.005722173574625412
71.5 0.00647925179996108
72.5 0.007853546409807356
73.5 0.009469558766296944
74.5 0.011074929460984626
75.5 0.013032995232535512
76.5 0.015079234773302195
77.5 0.016900479178828566
78.5 0.01894671871959525
79.5 0.021210352208600895
80.5 0.02339797382759292
81.5 0.024890846954660435
82.5 0.02655854738275929
83.5 0.02756190406693909
84.5 0.027555823117338007
85.5 0.02758318739054292
86.5 0.026512940260751114
87.5 0.025334756275539994
88.5 0.02306960254913407
89.5 0.02086373808133879
90.5 0.018057379840435886
91.5 0.01581654991243433
92.5 0.013115088052150224
93.5 0.010758720081727959
94.5 0.008726162677563728
95.5 0.006625194590387234
96.5 0.005114078614516445
97.5 0.0040590338587273775
98.5 0.002859566549912435
99.5 0.002164818057987934
100.5 0.0014396648180579883
101.5 0.0010276804825841606
102.5 0.0007266734773302199
103.5 0.0005153604786923525
104.5 0.0003496546020626581
105.5 0.0002569201206460401
106.5 0.00019154991243432575
107.5 0.0001429023156256081
108.5 8.969400661607317e-05
109.5 7.601187001362133e-05
110.5 4.712735940844522e-05
111.5 5.320830900953493e-05
112.5 5.624878381007978e-05
113.5 4.2566647207627943e-05
114.5 4.408688460790037e-05
115.5 3.952617240708309e-05
116.5 3.3445222805993384e-05
117.5 3.648569760653824e-05
118.5 3.040474800544853e-05
119.5 3.192498540572096e-05
120.5 4.408688460790037e-05
121.5 4.104640980735552e-05
122.5 2.4323798404358825e-05
123.5 4.2566647207627943e-05
124.5 3.496546020626581e-05
125.5 3.648569760653824e-05
126.5 3.496546020626581e-05
127.5 2.2803561004086398e-05
128.5 3.648569760653824e-05
129.5 2.8884510605176105e-05
130.5 2.584403580463125e-05
131.5 2.8884510605176105e-05
132.5 2.7364273204903678e-05
133.5 2.4323798404358825e-05
134.5 2.4323798404358825e-05
135.5 1.824284880326912e-05
136.5 1.0641661801906986e-05
137.5 1.0641661801906986e-05
138.5 1.5202374002724266e-05
139.5 1.0641661801906986e-05
140.5 1.0641661801906986e-05
141.5 1.5202374002724266e-05
142.5 1.3682136602451839e-05
143.5 7.601187001362133e-06
144.5 4.56071220081728e-06
145.5 7.601187001362133e-06
146.5 1.3682136602451839e-05
147.5 6.080949601089706e-06
148.5 7.601187001362133e-06
149.5 6.080949601089706e-06
150.5 6.080949601089706e-06
151.5 7.601187001362133e-06
152.5 7.601187001362133e-06
153.5 1.5202374002724266e-06
154.5 1.5202374002724266e-06
155.5 0.0
156.5 1.5202374002724266e-06
157.5 3.040474800544853e-06
158.5 3.040474800544853e-06
159.5 1.5202374002724266e-06
160.5 0.0
161.5 0.0
162.5 0.0
163.5 0.0
164.5 0.0
165.5 1.5202374002724266e-06
166.5 0.0
167.5 0.0
168.5 0.0
169.5 0.0
170.5 1.5202374002724266e-06
171.5 0.0
172.5 0.0
173.5 0.0
174.5 0.0
175.5 0.0
176.5 0.0
177.5 0.0
178.5 0.0
179.5 0.0
180.5 0.0
181.5 0.0
182.5 0.0
183.5 0.0
184.5 0.0
185.5 0.0
186.5 0.0
187.5 0.0
188.5 0.0
189.5 0.0
190.5 0.0
191.5 0.0
192.5 0.0
193.5 0.0
194.5 0.0
195.5 0.0
196.5 0.0
197.5 0.0
198.5 3.040474800544853e-06
199.5 1.5202374002724266e-06
200.5 0.0
201.5 0.0
202.5 1.5202374002724266e-06
203.5 1.5202374002724266e-06
204.5 4.56071220081728e-06
205.5 3.040474800544853e-06
206.5 0.0
207.5 0.0
208.5 0.0
209.5 1.5202374002724266e-06
210.5 4.56071220081728e-06
211.5 3.040474800544853e-06
212.5 3.040474800544853e-06
213.5 1.5202374002724266e-06
214.5 0.0
215.5 3.040474800544853e-06
216.5 7.601187001362133e-06
217.5 7.601187001362133e-06
218.5 7.601187001362133e-06
219.5 9.12142440163456e-06
220.5 4.56071220081728e-06
221.5 1.2161899202179412e-05
222.5 1.3682136602451839e-05
223.5 1.5202374002724266e-05
224.5 6.080949601089706e-06
225.5 1.3682136602451839e-05
226.5 1.0641661801906986e-05
227.5 1.6722611402996692e-05
228.5 1.9763086203541545e-05
229.5 1.5202374002724266e-05
230.5 6.080949601089706e-06
231.5 1.824284880326912e-05
232.5 1.9763086203541545e-05
233.5 1.9763086203541545e-05
234.5 2.1283323603813972e-05
235.5 1.3682136602451839e-05
236.5 2.1283323603813972e-05
237.5 1.6722611402996692e-05
238.5 2.8884510605176105e-05
239.5 3.648569760653824e-05
240.5 3.040474800544853e-05
241.5 2.584403580463125e-05
242.5 1.9763086203541545e-05
243.5 3.8005935006810664e-05
244.5 2.8884510605176105e-05
245.5 4.104640980735552e-05
246.5 3.192498540572096e-05
247.5 5.0167834208990076e-05
248.5 6.384997081144192e-05
249.5 5.9289258610624636e-05
250.5 7.601187001362133e-05
251.5 0.00012769994162288383
252.5 0.00014138207822533567
253.5 0.00018546896283323604
254.5 0.00025539988324576766
255.5 0.0004180652850749173
256.5 0.0004971176298890834
257.5 0.0007327544269313097
258.5 0.0010048769215800738
259.5 0.0013849362716481803
260.5 0.0019322217357462543
261.5 0.0025859238178633976
262.5 0.0035908007394434716
263.5 0.004916447752481027
264.5 0.006351551858338199
265.5 0.008017732049036776
266.5 0.010212954855030161
267.5 0.01254195855224752
268.5 0.014860320587662972
269.5 0.017472088441331003
270.5 0.019509206557696054
271.5 0.022028239929947457
272.5 0.02451990902899396
273.5 0.02621649396769799
274.5 0.026896040085619764
275.5 0.027105832846857365
276.5 0.02686867581241487
277.5 0.025780185833819812
278.5 0.024746424401634562
279.5 0.02322314652656158
280.5 0.02162081630667445
281.5 0.019676432671726016
282.5 0.01773812998637867
283.5 0.015447132224168126
284.5 0.013645650904845303
285.5 0.011810724362716485
286.5 0.009971237108386845
287.5 0.008571098462735939
288.5 0.007184641953687486
289.5 0.00625881737692158
290.5 0.0052691428293442305
291.5 0.004405647985989491
292.5 0.0036896161704611805
293.5 0.0030161510021404943
294.5 0.0026816987740805594
295.5 0.0021800204319906594
296.5 0.0018759729519361747
297.5 0.0015308790620743341
298.5 0.001325647013037556
299.5 0.0011933863592138551
300.5 0.0009471079003697219
301.5 0.0008239686709476551
302.5 0.0006552223195174158
303.5 0.0005822509243043393
304.5 0.0005229616656937147
305.5 0.0004119843354738276
306.5 0.0003435736524615684
307.5 0.00031164866705584744
308.5 0.00022803561004086398
309.5 0.00020523204903677758
310.5 0.00017634753843160148
311.5 0.00013378089122397354
312.5 0.00011705827982097684
313.5 9.72951936174353e-05
314.5 7.44916326133489e-05
315.5 4.864759680871765e-05
316.5 4.864759680871765e-05
317.5 3.040474800544853e-05
318.5 2.7364273204903678e-05
319.5 1.2161899202179412e-05
320.5 1.0641661801906986e-05
321.5 1.5202374002724266e-05
322.5 6.080949601089706e-06
323.5 4.56071220081728e-06
324.5 1.5202374002724266e-06
325.5 6.080949601089706e-06
326.5 4.56071220081728e-06
327.5 1.5202374002724266e-06
328.5 0.0
329.5 0.0
330.5 1.5202374002724266e-06
331.5 0.0
332.5 0.0
333.5 0.0
334.5 0.0
335.5 0.0
336.5 0.0
337.5 0.0
338.5 0.0
339.5 0.0
340.5 0.0
341.5 0.0
342.5 0.0
343.5 0.0
344.5 0.0
345.5 0.0
346.5 0.0
347.5 0.0
348.5 0.0
349.5 0.0
350.5 0.0
351.5 0.0
352.5 0.0
353.5 0.0
354.5 0.0
355.5 0.0
356.5 0.0
357.5 0.0
358.5 0.0
359.5 0.0
