0.5 0.0
1.5 0.0
2.5 0.0
3.5 0.0
4.5 0.0
5.5 0.0
6.5 0.0
7.5 0.0
8.5 0.0
9.5 0.0
10.5 0.0
11.5 0.0
12.5 0.0
13.5 0.0
14.5 0.0
15.5 0.0
16.5 0.0
17.5 0.0
18.5 0.0
19.5 0.0
20.5 0.0
21.5 0.0
22.5 0.0
23.5 0.0
24.5 0.0
25.5 0.0
26.5 0.0
27.5 0.0
28.5 0.0
29.5 0.0
30.5 0.0
31.5 0.0
32.5 1.5202374002724266e-06
33.5 0.0
34.5 0.0
35.5 3.040474800544853e-06
36.5 1.5202374002724266e-06
37.5 0.0
38.5 1.5202374002724266e-06
39.5 0.0
40.5 4.56071220081728e-06
41.5 1.5202374002724266e-06
42.5 3.040474800544853e-06
43.5 1.5202374002724266e-06
44.5 0.0
45.5 4.56071220081728e-06
46.5 0.0
47.5 1.5202374002724266e-06
48.5 0.0
49.5 1.5202374002724266e-06
50.5 0.0
51.5 0.0
52.5 0.0
53.5 0.0
54.5 0.0
55.5 0.0
56.5 1.5202374002724266e-06
57.5 0.0
58.5 0.0
59.5 0.0
60.5 0.0
61.5 0.0
62.5 0.0
63.5 0.0
64.5 0.0
65.5 0.0
66.5 0.0
67.5 0.0
68.5 1.5202374002724266e-06
69.5 0.0
70.5 0.0
71.5 0.0
72.5 0.0
73.5 3.040474800544853e-06
74.5 3.040474800544853e-06
75.5 1.2161899202179412e-05
76.5 1.6722611402996692e-05
77.5 2.2803561004086398e-05
78.5 5.0167834208990076e-05
79.5 7.145115781280405e-05
80.5 0.00017634753843160148
81.5 0.00033445222805993384
82.5 0.0005761699747032496
83.5 0.001067206654991243
84.5 0.001752833722514107
85.5 0.0030435152753453976
86.5 0.005045667931504185
87.5 0.008061818933644677
88.5 0.012157338489978594
89.5 0.01733830755010703
90.5 0.023843403385872736
91.5 0.031058450087565668
92.5 0.03739936028410197
93.5 0.04324619332554972
94.5 0.046650004864759696
95.5 0.04796957092819614
96.5 0.04633531572290329
97.5 0.041656025004864754
98.5 0.035471699260556516
99.5 0.02898180579879353
100.5 0.021853412628916134
101.5 0.01609779383148472
102.5 0.011225432963611595
103.5 0.007178561004086397
104.5 0.004524226503210743
105.5 0.0029751045923331384
106.5 0.0016829028021015766
107.5 0.0009638305117727188
108.5 0.0004910366802879937
109.5 0.00033445222805993384
110.5 0.00014442255302588052
111.5 8.209281961471103e-05
112.5 3.040474800544853e-05
113.5 2.1283323603813972e-05
114.5 1.3682136602451839e-05
115.5 1.5202374002724266e-06
116.5 4.56071220081728e-06
117.5 0.0
118.5 0.0
119.5 1.5202374002724266e-06
120.5 0.0
121.5 0.0
122.5 0.0
123.5 0.0
124.5 0.0
125.5 0.0
126.5 0.0
127.5 0.0
128.5 0.0
129.5 0.0
130.5 0.0
131.5 0.0
132.5 0.0
133.5 0.0
134.5 0.0
135.5 0.0
136.5 0.0
137.5 0.0
138.5 0.0
139.5 0.0
140.5 0.0
141.5 0.0
142.5 0.0
143.5 0.0
144.5 0.0
145.5 0.0
146.5 0.0
147.5 0.0
148.5 0.0
149.5 0.0
150.5 0.0
151.5 0.0
152.5 0.0
153.5 0.0
154.5 0.0
155.5 0.0
156.5 0.0
157.5 0.0
158.5 0.0
159.5 0.0
160.5 0.0
161.5 0.0
162.5 0.0
163.5 0.0
164.5 0.0
165.5 0.0
166.5 0.0
167.5 0.0
168.5 0.0
169.5 0.0
170.5 0.0
171.5 0.0
172.5 0.0
173.5 0.0
174.5 0.0
175.5 0.0
176.5 0.0
177.5 0.0
178.5 0.0
179.5 0.0
180.5 0.0
181.5 0.0
182.5 0.0
183.5 0.0
184.5 0.0
185.5 0.0
186.5 0.0
187.5 0.0
188.5 0.0
189.5 0.0
190.5 0.0
191.5 0.0
192.5 0.0
193.5 0.0
194.5 0.0
195.5 0.0
196.5 0.0
197.5 0.0
198.5 0.0
199.5 0.0
200.5 0.0
201.5 0.0
202.5 0.0
203.5 0.0
204.5 0.0
205.5 0.0
206.5 0.0
207.5 0.0
208.5 0.0
209.5 0.0
210.5 0.0
211.5 0.0
212.5 0.0
213.5 0.0
214.5 0.0
215.5 0.0
216.5 0.0
217.5 0.0
218.5 0.0
219.5 0.0
220.5 0.0
221.5 0.0
222.5 0.0
223.5 0.0
224.5 0.0
225.5 0.0
226.5 0.0
227.5 0.0
228.5 0.0
229.5 0.0
230.5 0.0
231.5 0.0
232.5 0.0
233.5 0.0
234.5 0.0
235.5 0.0
236.5 0.0
237.5 0.0
238.5 0.0
239.5 1.5202374002724266e-06
240.5 0.0
241.5 3.040474800544853e-06
242.5 0.0
243.5 0.0
244.5 7.601187001362133e-06
245.5 4.56071220081728e-06
246.5 1.824284880326912e-05
247.5 3.648569760653824e-05
248.5 8.057258221443861e-05
249.5 0.0001322606538237011
250.5 0.00025996059544658494
251.5 0.0004423890834792761
252.5 0.000755557987935396
253.5 0.0015065552636699749
254.5 0.002417177466433158
255.5 0.004107681455536096
256.5 0.006663200525394046
257.5 0.010054850165401827
258.5 0.014378405331776613
259.5 0.01993335279237206
260.5 0.02654334500875657
261.5 0.03351363348900565
262.5 0.04043223389764544
263.5 0.04519817814749949
264.5 0.04751958065771553
265.5 0.04704222611402996
266.5 0.04432404164234287
267.5 0.038819262015956396
268.5 0.032706387429460984
269.5 0.025619040669390938
270.5 0.019069857949017315
271.5 0.013714061587857557
272.5 0.009366182623078423
273.5 0.006166082895504962
274.5 0.0038021137380813376
275.5 0.0022256275539988333
276.5 0.0013195660634364656
277.5 0.0007357949017318545
278.5 0.0004363081338781864
279.5 0.00023563679704222612
280.5 0.00016874635143023935
281.5 6.84106830122592e-05
282.5 5.776902121035221e-05
283.5 2.8884510605176105e-05
284.5 2.2803561004086398e-05
285.5 1.6722611402996692e-05
286.5 3.040474800544853e-06
287.5 3.040474800544853e-06
288.5 3.040474800544853e-06
289.5 0.0
290.5 1.5202374002724266e-06
291.5 0.0
292.5 1.5202374002724266e-06
293.5 1.5202374002724266e-06
294.5 0.0
295.5 1.5202374002724266e-06
296.5 0.0
297.5 0.0
298.5 0.0
299.5 0.0
300.5 0.0
301.5 0.0
302.5 0.0
303.5 0.0
304.5 0.0
305.5 3.040474800544853e-06
306.5 0.0
307.5 0.0
308.5 1.5202374002724266e-06
309.5 0.0
310.5 0.0
311.5 1.5202374002724266e-06
312.5 1.5202374002724266e-06
313.5 3.040474800544853e-06
314.5 0.0
315.5 3.040474800544853e-06
316.5 1.5202374002724266e-06
317.5 3.040474800544853e-06
318.5 3.040474800544853e-06
319.5 3.040474800544853e-06
320.5 0.0
321.5 0.0
322.5 0.0
323.5 0.0
324.5 1.5202374002724266e-06
325.5 1.5202374002724266e-06
326.5 1.5202374002724266e-06
327.5 0.0
328.5 0.0
329.5 0.0
330.5 0.0
331.5 0.0
332.5 0.0
333.5 0.0
334.5 0.0
335.5 0.0
336.5 0.0
337.5 0.0
338.5 0.0
339.5 0.0
340.5 0.0
341.5 0.0
342.5 0.0
343.5 0.0
344.5 0.0
345.5 0.0
346.5 0.0
347.5 0.0
348.5 0.0
349.5 0.0
350.5 0.0
351.5 0.0
352.5 0.0
353.5 0.0
354.5 0.0
355.5 0.0
356.5 0.0
357.5 0.0
358.5 0.0
359.5 0.0
