0.5 0.0
1.5 1.5202374002724266e-06
2.5 0.0
3.5 1.5202374002724266e-06
4.5 0.0
5.5 0.0
6.5 0.0
7.5 4.56071220081728e-06
8.5 1.5202374002724266e-06
9.5 0.0
10.5 1.5202374002724266e-06
11.5 0.0
12.5 3.040474800544853e-06
13.5 3.040474800544853e-06
14.5 6.080949601089706e-06
15.5 1.5202374002724266e-06
16.5 3.040474800544853e-06
17.5 4.56071220081728e-06
18.5 0.0
19.5 6.080949601089706e-06
20.5 7.601187001362133e-06
21.5 1.0641661801906986e-05
22.5 1.0641661801906986e-05
23.5 1.3682136602451839e-05
24.5 1.9763086203541545e-05
25.5 2.1283323603813972e-05
26.5 2.7364273204903678e-05
27.5 2.8884510605176105e-05
28.5 2.584403580463125e-05
29.5 5.4728546409807356e-05
30.5 6.384997081144192e-05
31.5 7.753210741389375e-05
32.5 9.72951936174353e-05
33.5 0.00011705827982097684
34.5 0.0001368213660245184
35.5 0.00017482730103132905
36.5 0.00019307014983459817
37.5 0.0002234748978400467
38.5 0.0002751629694493092
39.5 0.00034053317766102355
40.5 0.00044390932087954855
41.5 0.0004940771550885387
42.5 0.0005944128235065189
43.5 0.0006917080171239538
44.5 0.0007814020237400274
45.5 0.0008254889083479277
46.5 0.0011523399494064992
47.5 0.0012967625024323795
48.5 0.0013758148472465467
49.5 0.001623613543490952
50.5 0.0018212444055263673
51.5 0.001994551469157424
52.5 0.002169378770188753
53.5 0.002525114321852499
54.5 0.0027257856586884598
55.5 0.002981185541934229
56.5 0.0032882734967892586
57.5 0.003422054388013233
58.5 0.003747385191671531
59.5 0.003853801809690602
60.5 0.0040407910099241095
61.5 0.004083357657131738
62.5 0.004296190893169877
63.5 0.0044375729713952115
64.5 0.004653446682233896
65.5 0.004700574041642343
66.5 0.004702094279042617
67.5 0.004668649056236622
68.5 0.0047507418758513335
69.5 0.0046823311928390725
70.5 0.0045804752870208226
71.5 0.004458856294999028
72.5 0.004258184958163066
73.5 0.004100080268534735
74.5 0.003998224362716482
75.5 0.003963258902510217
76.5 0.0035968816890445624
77.5 0.003499586495427126
78.5 0.0032198628137769993
79.5 0.00295686174352987
80.5 0.0027835546798988136
81.5 0.002701461860284102
82.5 0.0023928536680288
83.5 0.0022514715898034636
84.5 0.0019580657715508854
85.5 0.0019322217357462543
86.5 0.0017193884997081152
87.5 0.0014411850554582595
88.5 0.0014442255302588051
89.5 0.0013089244016345597
90.5 0.001117374489200234
91.5 0.0009881543101770774
92.5 0.0009227841019653626
93.5 0.0008543734189531036
94.5 0.0008741365051566454
95.5 0.000694748491924499
96.5 0.000612655672309788
97.5 0.00056400807550107
98.5 0.0005168807160926249
99.5 0.000445429558279821
100.5 0.0004743140688849971
101.5 0.0003998224362716482
102.5 0.0003542153142634754
103.5 0.0003253308036582993
104.5 0.0002812439190503989
105.5 0.00025539988324576766
106.5 0.0002523594084452228
107.5 0.00024323798404358825
108.5 0.00022651537264059156
109.5 0.00019002967503405332
110.5 0.00020675228643705
111.5 0.00018090825063241876
112.5 0.00019611062463514303
113.5 0.00014138207822533567
114.5 0.00017026658883051177
115.5 0.00013378089122397354
116.5 0.0001550642148277875
117.5 0.00013530112862424596
118.5 0.00014594279042615295
119.5 0.00012161899202179412
120.5 0.00014442255302588052
121.5 0.00016266540182914964
122.5 0.0001489832652266978
123.5 0.00015354397742751508
124.5 0.00016874635143023935
125.5 0.00016266540182914964
126.5 0.0001596249270286048
127.5 0.00017330706363105663
128.5 0.0001596249270286048
129.5 0.00024171774664331582
130.5 0.00019915109943568788
131.5 0.0002569201206460401
132.5 0.0002645213076474022
133.5 0.00028276415645067134
134.5 0.00030708795485503016
135.5 0.00036485697606538237
136.5 0.00040286291107219304
137.5 0.00041046409807355517
138.5 0.0004864759680871765
139.5 0.0005518461762988906
140.5 0.0006430604203152358
141.5 0.00072667347733022
142.5 0.0007570782253356683
143.5 0.0009106222027631835
144.5 0.0010246400077836152
145.5 0.001231392294220666
146.5 0.0013925374586495434
147.5 0.0015612838100797829
148.5 0.0017452325355127455
149.5 0.0020690431017707724
150.5 0.0022301882661996493
151.5 0.0025083917104495035
152.5 0.002845884413309981
153.5 0.003209221151975092
154.5 0.0037382637672698964
155.5 0.004212577836154893
156.5 0.00474922163845106
157.5 0.00516880716092625
158.5 0.005691768826619966
159.5 0.006418442303950185
160.5 0.007137514594279043
161.5 0.007772973827592915
162.5 0.008659272231951743
163.5 0.009226320782253356
164.5 0.010174948920023349
165.5 0.011196548453006423
166.5 0.012148217065576963
167.5 0.012763913212687298
168.5 0.013729263961860284
169.5 0.014273508951157816
170.5 0.015395444152558856
171.5 0.016141880716092624
172.5 0.016632917396380623
173.5 0.01741888013232146
174.5 0.0180786631640397
175.5 0.018689798598949217
176.5 0.018964961568398532
177.5 0.019092661510021404
178.5 0.019630825549717845
179.5 0.01953505059350068
180.5 0.019974399202179412
181.5 0.019734201692936368
182.5 0.019553293442303967
183.5 0.018986244892002343
184.5 0.01852713319712007
185.5 0.01794792274761627
186.5 0.01724861354349095
187.5 0.016695247129791785
188.5 0.01641248297334112
189.5 0.015524664331582021
190.5 0.014547151683206852
191.5 0.013739905623662188
192.5 0.012797358435493286
193.5 0.011971869527145362
194.5 0.011020200914574821
195.5 0.01023879889083479
196.5 0.009144227962638647
197.5 0.008558936563533757
198.5 0.007970604689628335
199.5 0.007076705098268145
200.5 0.0063013840241292075
201.5 0.005732815236427324
202.5 0.005206813095933063
203.5 0.004667128818836349
204.5 0.004019507686320295
205.5 0.0037473851916715313
206.5 0.003168174742167737
207.5 0.002944699844327691
208.5 0.002523594084452227
209.5 0.0022484311150029186
210.5 0.001964146721151975
211.5 0.001681382564701304
212.5 0.0015886480832846856
213.5 0.0012967625024323795
214.5 0.001159941136407861
215.5 0.001048963806187974
216.5 0.0009121424401634558
217.5 0.0008072460595446584
218.5 0.0007494770383343063
219.5 0.0006202568593111503
220.5 0.0005564068884997082
221.5 0.0005229616656937147
222.5 0.00040894386067328274
223.5 0.00042110575987546216
224.5 0.0003374927028604787
225.5 0.00032381056625802686
226.5 0.0002645213076474022
227.5 0.0002706022572484919
228.5 0.00025539988324576766
229.5 0.0002645213076474022
230.5 0.00018090825063241876
231.5 0.00019611062463514303
232.5 0.00017634753843160148
233.5 0.00016418563922942207
234.5 0.00018242848803269119
235.5 0.00016418563922942207
236.5 0.0001657058766296945
237.5 0.00017482730103132905
238.5 0.00016418563922942207
239.5 0.00016114516442887721
240.5 0.00013834160342479082
241.5 0.00016114516442887721
242.5 0.0001596249270286048
243.5 0.00015050350262697023
244.5 0.0001885094376337809
245.5 0.00013834160342479082
246.5 0.0001945903872348706
247.5 0.00017026658883051177
248.5 0.0002234748978400467
249.5 0.00018546896283323604
250.5 0.00020979276123759486
251.5 0.00022043442303950185
252.5 0.0002675617824479471
253.5 0.00028428439385094377
254.5 0.0002918855808523059
255.5 0.0003253308036582993
256.5 0.00031316890445611987
257.5 0.0003268510410585717
258.5 0.0004135045728741
259.5 0.00038614029966919634
260.5 0.0004423890834792761
261.5 0.0005305628526950768
262.5 0.0005107997664915354
263.5 0.0005837711617046117
264.5 0.0007175520529285853
265.5 0.0008133270091457484
266.5 0.0008634948433547378
267.5 0.0009212638645650907
268.5 0.0009334257637672698
269.5 0.0011949065966141274
270.5 0.0012374732438217547
271.5 0.0013742946098462747
272.5 0.001529358824674061
273.5 0.0016707409028993965
274.5 0.0017862789453201011
275.5 0.0019094181747421678
276.5 0.0021617775831873904
277.5 0.0023958941428293447
278.5 0.0026376118894726594
279.5 0.0028519653629110737
280.5 0.0029477403191282376
281.5 0.003253308036582993
282.5 0.003350603230200428
283.5 0.003571037653239929
284.5 0.003835558960887334
285.5 0.003996704125316207
286.5 0.004150248102743725
287.5 0.0042049766491535304
288.5 0.004480139618602842
289.5 0.004641284783031719
290.5 0.004638244308231173
291.5 0.004647365732632809
292.5 0.0046336835960303566
293.5 0.00479938947266005
294.5 0.004615440747227087
295.5 0.004489261043004477
296.5 0.004501422942206656
297.5 0.004343318252578322
298.5 0.004121363592138547
299.5 0.0039343743919050414
300.5 0.0038720446584938695
301.5 0.0036440090484530082
302.5 0.0035254305312317556
303.5 0.003139290231562561
304.5 0.0029127748589219695
305.5 0.0027531499318933636
306.5 0.002496229811247323
307.5 0.002216506129597198
308.5 0.0019732681455536085
309.5 0.0017817182331192841
310.5 0.0015992897450865932
311.5 0.0014046993578517224
312.5 0.0011964268340143996
313.5 0.001047443568787702
314.5 0.000901500778361549
315.5 0.0007768413115392097
316.5 0.0006932282545242262
317.5 0.0006126556723097878
318.5 0.00046215216968281767
319.5 0.00040894386067328274
320.5 0.00036941768826619965
321.5 0.00027820344424985406
322.5 0.00020979276123759486
323.5 0.00019611062463514303
324.5 0.0001550642148277875
325.5 0.0001322606538237011
326.5 8.969400661607317e-05
327.5 9.881543101770773e-05
328.5 9.273448141661802e-05
329.5 6.080949601089706e-05
330.5 5.0167834208990076e-05
331.5 3.8005935006810664e-05
332.5 4.104640980735552e-05
333.5 2.2803561004086398e-05
334.5 2.4323798404358825e-05
335.5 1.0641661801906986e-05
336.5 1.5202374002724266e-05
337.5 1.3682136602451839e-05
338.5 1.0641661801906986e-05
339.5 4.56071220081728e-06
340.5 6.080949601089706e-06
341.5 6.080949601089706e-06
342.5 7.601187001362133e-06
343.5 3.040474800544853e-06
344.5 1.5202374002724266e-06
345.5 4.56071220081728e-06
346.5 0.0
347.5 6.080949601089706e-06
348.5 4.56071220081728e-06
349.5 4.56071220081728e-06
350.5 0.0
351.5 0.0
352.5 1.5202374002724266e-06
353.5 1.5202374002724266e-06
354.5 0.0
355.5 3.040474800544853e-06
356.5 3.040474800544853e-06
357.5 1.5202374002724266e-06
358.5 0.0
359.5 0.0
