0.5 8.057258221443861e-05
1.5 9.121424401634559e-05
2.5 0.0001261797042226114
3.5 0.00015658445222805993
4.5 0.0002234748978400467
5.5 0.0002341165596419537
6.5 0.0002706022572484919
7.5 0.00026604154504767465
8.5 0.00023259632224168126
9.5 0.00022043442303950185
10.5 0.00020219157423623273
11.5 0.00014442255302588052
12.5 0.00012161899202179412
13.5 7.145115781280405e-05
14.5 6.993092041253162e-05
15.5 4.408688460790037e-05
16.5 4.408688460790037e-05
17.5 2.584403580463125e-05
18.5 1.6722611402996692e-05
19.5 3.040474800544853e-06
20.5 7.601187001362133e-06
21.5 4.56071220081728e-06
22.5 3.040474800544853e-06
23.5 1.5202374002724266e-06
24.5 3.040474800544853e-06
25.5 1.5202374002724266e-06
26.5 1.5202374002724266e-06
27.5 1.5202374002724266e-06
28.5 0.0
29.5 1.5202374002724266e-06
30.5 0.0
31.5 0.0
32.5 0.0
33.5 0.0
34.5 0.0
35.5 0.0
36.5 0.0
37.5 0.0
38.5 1.5202374002724266e-06
39.5 0.0
40.5 0.0
41.5 0.0
42.5 0.0
43.5 1.5202374002724266e-06
44.5 1.5202374002724266e-06
45.5 3.040474800544853e-06
46.5 4.56071220081728e-06
47.5 4.56071220081728e-06
48.5 6.080949601089706e-06
49.5 1.0641661801906986e-05
50.5 1.0641661801906986e-05
51.5 2.8884510605176105e-05
52.5 4.2566647207627943e-05
53.5 6.384997081144192e-05
54.5 8.057258221443861e-05
55.5 0.00011553804242070442
56.5 0.0001778677758318739
57.5 0.00020827252383732244
58.5 0.00026148083284685737
59.5 0.00035117483946293053
60.5 0.00034661412726211325
61.5 0.0004819152558863592
62.5 0.00048495573068690407
63.5 0.00047127359408445223
64.5 0.0004682331192839074
65.5 0.00048343549328663164
66.5 0.0005624878381007976
67.5 0.00083309009534929
68.5 0.0013271672504378287
69.5 0.0022879572874100027
70.5 0.004163930239346175
71.5 0.006416922066549915
72.5 0.009778166958552246
73.5 0.014068276902121035
74.5 0.018090825063241875
75.5 0.022415900467016938
76.5 0.025625121618992018
77.5 0.027476770772523838
78.5 0.02730954465849387
79.5 0.026096395213076468
80.5 0.023882929558279822
81.5 0.020321013329441525
82.5 0.016933924401634562
83.5 0.013358326036193809
84.5 0.009846577641564507
85.5 0.007274335960303561
86.5 0.005159685736524616
87.5 0.003469181747421679
88.5 0.002401975092430436
89.5 0.0015323992994746064
90.5 0.0009911947849776228
91.5 0.000687147304923137
92.5 0.0003907010118700136
93.5 0.00025539988324576766
94.5 0.00019002967503405332
95.5 0.00013378089122397354
96.5 7.145115781280405e-05
97.5 5.0167834208990076e-05
98.5 3.8005935006810664e-05
99.5 1.9763086203541545e-05
100.5 1.2161899202179412e-05
101.5 1.2161899202179412e-05
102.5 7.601187001362133e-06
103.5 7.601187001362133e-06
104.5 1.2161899202179412e-05
105.5 9.12142440163456e-06
106.5 6.080949601089706e-06
107.5 1.5202374002724266e-06
108.5 1.5202374002724266e-06
109.5 6.080949601089706e-06
110.5 4.56071220081728e-06
111.5 3.040474800544853e-06
112.5 0.0
113.5 6.080949601089706e-06
114.5 3.040474800544853e-06
115.5 3.040474800544853e-06
116.5 4.56071220081728e-06
117.5 3.040474800544853e-06
118.5 4.56071220081728e-06
119.5 3.040474800544853e-06
120.5 6.080949601089706e-06
121.5 4.56071220081728e-06
122.5 6.080949601089706e-06
123.5 9.12142440163456e-06
124.5 9.12142440163456e-06
125.5 1.3682136602451839e-05
126.5 1.2161899202179412e-05
127.5 2.4323798404358825e-05
128.5 1.6722611402996692e-05
129.5 1.3682136602451839e-05
130.5 2.7364273204903678e-05
131.5 3.3445222805993384e-05
132.5 3.8005935006810664e-05
133.5 4.2566647207627943e-05
134.5 3.8005935006810664e-05
135.5 3.648569760653824e-05
136.5 3.648569760653824e-05
137.5 4.864759680871765e-05
138.5 4.712735940844522e-05
139.5 5.320830900953493e-05
140.5 3.8005935006810664e-05
141.5 5.16880716092625e-05
142.5 4.712735940844522e-05
143.5 4.5607122008172797e-05
144.5 3.496546020626581e-05
145.5 5.4728546409807356e-05
146.5 4.712735940844522e-05
147.5 4.2566647207627943e-05
148.5 6.080949601089706e-05
149.5 7.44916326133489e-05
150.5 6.689044561198677e-05
151.5 6.84106830122592e-05
152.5 7.44916326133489e-05
153.5 9.881543101770773e-05
154.5 0.00010033566841798015
155.5 0.00010033566841798015
156.5 9.273448141661802e-05
157.5 9.121424401634559e-05
158.5 0.00010641661801906986
159.5 0.0001368213660245184
160.5 0.0001200987546215217
161.5 0.0001261797042226114
162.5 8.513329441525589e-05
163.5 0.00010033566841798015
164.5 9.425471881689045e-05
165.5 8.209281961471103e-05
166.5 8.969400661607317e-05
167.5 8.969400661607317e-05
168.5 7.601187001362133e-05
169.5 5.320830900953493e-05
170.5 6.232973341116949e-05
171.5 6.232973341116949e-05
172.5 5.320830900953493e-05
173.5 5.320830900953493e-05
174.5 4.5607122008172797e-05
175.5 5.9289258610624636e-05
176.5 4.5607122008172797e-05
177.5 3.192498540572096e-05
178.5 5.4728546409807356e-05
179.5 2.8884510605176105e-05
180.5 2.2803561004086398e-05
181.5 3.3445222805993384e-05
182.5 3.496546020626581e-05
183.5 3.648569760653824e-05
184.5 3.040474800544853e-05
185.5 2.584403580463125e-05
186.5 1.6722611402996692e-05
187.5 2.8884510605176105e-05
188.5 1.824284880326912e-05
189.5 3.040474800544853e-05
190.5 2.1283323603813972e-05
191.5 3.192498540572096e-05
192.5 3.8005935006810664e-05
193.5 3.040474800544853e-05
194.5 3.496546020626581e-05
195.5 3.040474800544853e-05
196.5 2.1283323603813972e-05
197.5 3.496546020626581e-05
198.5 3.8005935006810664e-05
199.5 2.7364273204903678e-05
200.5 2.584403580463125e-05
201.5 4.5607122008172797e-05
202.5 6.232973341116949e-05
203.5 6.080949601089706e-05
204.5 4.5607122008172797e-05
205.5 5.4728546409807356e-05
206.5 5.9289258610624636e-05
207.5 9.72951936174353e-05
208.5 0.0001368213660245184
209.5 0.00019002967503405332
210.5 0.0001717868262307842
211.5 0.00025996059544658494
212.5 0.00036333673866510995
213.5 0.0004743140688849971
214.5 0.0006065747227086981
215.5 0.000693228254524226
216.5 0.0009364662385678145
217.5 0.0010033566841798015
218.5 0.0011751435104105862
219.5 0.0012511553804242072
220.5 0.0012769994162288379
221.5 0.00135909223584355
222.5 0.0013332482000389188
223.5 0.00130892440163456
224.5 0.0012283518194201204
225.5 0.0011112935395991442
226.5 0.0011021721151975093
227.5 0.0008923793539599148
228.5 0.0007631591749367582
229.5 0.0006445806577155089
230.5 0.0005305628526950767
231.5 0.00043326765907764157
232.5 0.0002934058182525783
233.5 0.0002341165596419537
234.5 0.0001596249270286048
235.5 0.00015810468962833236
236.5 7.905234481416618e-05
237.5 7.753210741389375e-05
238.5 5.320830900953493e-05
239.5 4.408688460790037e-05
240.5 2.4323798404358825e-05
241.5 2.1283323603813972e-05
242.5 2.1283323603813972e-05
243.5 1.824284880326912e-05
244.5 1.5202374002724266e-05
245.5 7.601187001362133e-06
246.5 9.12142440163456e-06
247.5 4.56071220081728e-06
248.5 4.56071220081728e-06
249.5 4.56071220081728e-06
250.5 3.040474800544853e-06
251.5 4.56071220081728e-06
252.5 3.040474800544853e-06
253.5 4.56071220081728e-06
254.5 1.2161899202179412e-05
255.5 6.080949601089706e-06
256.5 4.56071220081728e-06
257.5 7.601187001362133e-06
258.5 1.0641661801906986e-05
259.5 1.0641661801906986e-05
260.5 1.6722611402996692e-05
261.5 2.8884510605176105e-05
262.5 3.496546020626581e-05
263.5 7.297139521307647e-05
264.5 6.84106830122592e-05
265.5 0.00012313922942206655
266.5 0.00020827252383732244
267.5 0.00032229032885775443
268.5 0.0004423890834792761
269.5 0.000757078225335669
270.5 0.0011432185250048652
271.5 0.001739151585911656
272.5 0.002707542809885194
273.5 0.003931333917104497
274.5 0.005775381883634947
275.5 0.008203201011870012
276.5 0.011175265129402612
277.5 0.014867921774664332
278.5 0.019120025783226302
279.5 0.022622652753453976
280.5 0.026336592722319516
281.5 0.0292706509048453
282.5 0.030096139813193225
283.5 0.02935122348705975
284.5 0.026576790231562543
285.5 0.02312129062074334
286.5 0.019012088927806967
287.5 0.01554290718038529
288.5 0.012979786923525978
289.5 0.012174061101381594
290.5 0.013788553220470907
291.5 0.016690686417590972
292.5 0.021604093695271467
293.5 0.02736731367970423
294.5 0.03225639715898035
295.5 0.035745341992605574
296.5 0.036871837906207405
297.5 0.03575750389180774
298.5 0.032271599532983086
299.5 0.027832506324187583
300.5 0.022800520529285852
301.5 0.01714523740027243
302.5 0.012465946682233902
303.5 0.008656231757151193
304.5 0.005725214049425959
305.5 0.0036713733216579107
306.5 0.002388292955827981
307.5 0.001380375559447364
308.5 0.000801165109943569
309.5 0.00047279383148472466
310.5 0.0002964462930531232
311.5 0.00016266540182914964
312.5 8.665353181552831e-05
313.5 4.864759680871765e-05
314.5 2.2803561004086398e-05
315.5 1.824284880326912e-05
316.5 7.601187001362133e-06
317.5 1.3682136602451839e-05
318.5 3.040474800544853e-06
319.5 1.5202374002724266e-06
320.5 1.5202374002724266e-06
321.5 0.0
322.5 0.0
323.5 0.0
324.5 0.0
325.5 0.0
326.5 0.0
327.5 0.0
328.5 0.0
329.5 1.5202374002724266e-06
330.5 0.0
331.5 1.5202374002724266e-06
332.5 1.5202374002724266e-06
333.5 0.0
334.5 0.0
335.5 0.0
336.5 0.0
337.5 0.0
338.5 0.0
339.5 1.5202374002724266e-06
340.5 1.5202374002724266e-06
341.5 0.0
342.5 4.56071220081728e-06
343.5 4.56071220081728e-06
344.5 6.080949601089706e-06
345.5 1.6722611402996692e-05
346.5 1.5202374002724266e-05
347.5 2.584403580463125e-05
348.5 3.648569760653824e-05
349.5 4.104640980735552e-05
350.5 4.104640980735552e-05
351.5 3.648569760653824e-05
352.5 4.712735940844522e-05
353.5 3.952617240708309e-05
354.5 4.2566647207627943e-05
355.5 2.8884510605176105e-05
356.5 3.040474800544853e-05
357.5 3.3445222805993384e-05
358.5 2.8884510605176105e-05
359.5 3.648569760653824e-05
