0.5 1.5202374002724266e-06
1.5 0.0
2.5 0.0
3.5 0.0
4.5 0.0
5.5 1.5202374002724266e-06
6.5 4.56071220081728e-06
7.5 3.040474800544853e-06
8.5 3.040474800544853e-06
9.5 1.5202374002724266e-06
10.5 1.5202374002724266e-06
11.5 1.5202374002724266e-06
12.5 1.5202374002724266e-06
13.5 3.040474800544853e-06
14.5 3.040474800544853e-06
15.5 4.56071220081728e-06
16.5 3.040474800544853e-06
17.5 7.601187001362133e-06
18.5 6.080949601089706e-06
19.5 4.56071220081728e-06
20.5 9.12142440163456e-06
21.5 1.2161899202179412e-05
22.5 3.040474800544853e-06
23.5 1.9763086203541545e-05
24.5 2.1283323603813972e-05
25.5 2.4323798404358825e-05
26.5 4.104640980735552e-05
27.5 4.864759680871765e-05
28.5 5.9289258610624636e-05
29.5 5.4728546409807356e-05
30.5 8.361305701498346e-05
31.5 0.00010185590581825258
32.5 0.00015658445222805993
33.5 0.0001778677758318739
34.5 0.00025539988324576766
35.5 0.0002584403580463125
36.5 0.00032837127845884414
37.5 0.0004119843354738276
38.5 0.0005472854640980736
39.5 0.000580730686904067
40.5 0.0007494770383343066
41.5 0.000848292469352014
42.5 0.0009182233897645459
43.5 0.0011584208990075891
44.5 0.0013590922358435492
45.5 0.0015339195368748784
46.5 0.001722428974508659
47.5 0.002000632418758514
48.5 0.0022241073165985598
49.5 0.002465825063241878
50.5 0.002651294026075111
51.5 0.0030085498151391317
52.5 0.0032624294609846275
53.5 0.00348894483362522
54.5 0.0036227257248491918
55.5 0.0038416399104884208
56.5 0.0038826863202957775
57.5 0.004045351722124926
58.5 0.0042232194979568
59.5 0.004420850359992216
60.5 0.004443653920996302
61.5 0.004390445611986765
62.5 0.004399567036388403
63.5 0.004417809885191674
64.5 0.004335717065576961
65.5 0.004185213562949991
66.5 0.0041289647791399086
67.5 0.00408487789453201
68.5 0.0038781256080949607
69.5 0.0036166447752481044
70.5 0.00339012940260751
71.5 0.0032806723097878973
72.5 0.0030222319517415846
73.5 0.0028048380035026275
74.5 0.0026482535512745682
75.5 0.002467345300642148
76.5 0.0022256275539988325
77.5 0.00216177758318739
78.5 0.001868371764934813
79.5 0.0017801979957190114
80.5 0.0016266540182914967
81.5 0.0015992897450865934
82.5 0.0013089244016345593
83.5 0.0011994673088149446
84.5 0.0010976114029966919
85.5 0.0009471079003697213
86.5 0.0008786972173574627
87.5 0.0007874829733411168
88.5 0.0007266734773302195
89.5 0.000659783031718233
90.5 0.0005868116365051568
91.5 0.0005320830900953493
92.5 0.0004879962054874489
93.5 0.000445429558279821
94.5 0.00036485697606538237
95.5 0.00032229032885775443
96.5 0.00031164866705584744
97.5 0.0002964462930531232
98.5 0.0002341165596419537
99.5 0.00017482730103132905
100.5 0.00018242848803269119
101.5 0.00017938801323214633
102.5 0.0001657058766296945
103.5 0.00015354397742751508
104.5 0.00013986184082506324
105.5 0.00010945709281961471
106.5 0.00012161899202179412
107.5 9.72951936174353e-05
108.5 8.817376921580074e-05
109.5 9.425471881689045e-05
110.5 9.121424401634559e-05
111.5 8.057258221443861e-05
112.5 7.753210741389375e-05
113.5 7.601187001362133e-05
114.5 6.384997081144192e-05
115.5 5.0167834208990076e-05
116.5 5.16880716092625e-05
117.5 6.232973341116949e-05
118.5 5.9289258610624636e-05
119.5 5.776902121035221e-05
120.5 6.537020821171434e-05
121.5 5.16880716092625e-05
122.5 4.864759680871765e-05
123.5 6.993092041253162e-05
124.5 6.080949601089706e-05
125.5 6.689044561198677e-05
126.5 6.84106830122592e-05
127.5 8.817376921580074e-05
128.5 8.057258221443861e-05
129.5 0.00011097733021988714
130.5 0.00010793685541934229
131.5 0.00011249756762015956
132.5 0.00011857851722124927
133.5 0.0001489832652266978
134.5 0.00018242848803269119
135.5 0.00019611062463514303
136.5 0.00022499513524031913
137.5 0.00025996059544658494
138.5 0.00029036534345203347
139.5 0.00036941768826619965
140.5 0.000424146234676007
141.5 0.0004925569176882662
142.5 0.0006156961471103328
143.5 0.0006871473049231368
144.5 0.0007890032107413893
145.5 0.0008680555555555558
146.5 0.0010246400077836152
147.5 0.001281560128429656
148.5 0.0014077398326522667
149.5 0.0016844230395018493
150.5 0.0019793490951546984
151.5 0.002292517999610819
152.5 0.0026862594862813787
153.5 0.003061758124148666
154.5 0.0035223900564312137
155.5 0.004069675520529287
156.5 0.004581995524421092
157.5 0.0052189749951352385
158.5 0.0060733484140883445
159.5 0.006827386164623468
160.5 0.007747129791788284
161.5 0.008650150807550105
162.5 0.009477159953298304
163.5 0.010558048744892003
164.5 0.011527960206265812
165.5 0.012570843062852693
166.5 0.013721662774858923
167.5 0.014864881299863781
168.5 0.01591840581825258
169.5 0.017028179120451455
170.5 0.0180011310566258
171.5 0.01899688655380423
172.5 0.019848219497956805
173.5 0.0208850214049426
174.5 0.021407983070636315
175.5 0.02194462687293247
176.5 0.02254816112084064
177.5 0.023052879937731075
178.5 0.022966226405915557
179.5 0.023224666763961867
180.5 0.022943422844911448
181.5 0.023109128721541167
182.5 0.02249191233703055
183.5 0.02168922698968671
184.5 0.021009680871764927
185.5 0.020565771550885376
186.5 0.019515287507297138
187.5 0.018744527145359024
188.5 0.017469047966530458
189.5 0.016549304339365627
190.5 0.01537720130375559
191.5 0.014759984919244986
192.5 0.013318799863786732
193.5 0.012491790718038525
194.5 0.011157022280599343
195.5 0.010325452422650322
196.5 0.009103181552831291
197.5 0.008195599824868649
198.5 0.00730474070830901
199.5 0.0067194493092041264
200.5 0.005848353278848024
201.5 0.005285865440747227
202.5 0.004467977719400661
203.5 0.004052952909126287
204.5 0.0035254305312317573
205.5 0.003002468865538044
206.5 0.0026254499902704804
207.5 0.0024095762794317972
208.5 0.0019915109943568782
209.5 0.0017573944347149253
210.5 0.001535439774275151
211.5 0.0014001386456509053
212.5 0.0011736232730103135
213.5 0.000948628137769994
214.5 0.0007950841603424788
215.5 0.0006856270675228642
216.5 0.0006658639813193225
217.5 0.0005640080755010705
218.5 0.00047279383148472466
219.5 0.0003481343646623857
220.5 0.0003557355516637478
221.5 0.00029036534345203347
222.5 0.0002797236816501265
223.5 0.00022043442303950185
224.5 0.00022499513524031913
225.5 0.0001596249270286048
226.5 0.0001717868262307842
227.5 0.0001261797042226114
228.5 0.00014138207822533567
229.5 0.00011401780502043199
230.5 0.0001200987546215217
231.5 0.00011857851722124927
232.5 8.817376921580074e-05
233.5 8.969400661607317e-05
234.5 9.577495621716287e-05
235.5 9.881543101770773e-05
236.5 8.513329441525589e-05
237.5 6.84106830122592e-05
238.5 6.232973341116949e-05
239.5 6.537020821171434e-05
240.5 7.145115781280405e-05
241.5 8.513329441525589e-05
242.5 9.273448141661802e-05
243.5 7.905234481416618e-05
244.5 8.969400661607317e-05
245.5 0.00010489638061879743
246.5 9.577495621716287e-05
247.5 0.000103376143218525
248.5 0.00010033566841798015
249.5 0.00010793685541934229
250.5 0.0001429023156256081
251.5 0.00012769994162288383
252.5 0.00011097733021988714
253.5 0.00014746302782642538
254.5 0.00013986184082506324
255.5 0.0001885094376337809
256.5 0.00015810468962833236
257.5 0.00017634753843160148
258.5 0.00019915109943568788
259.5 0.00020523204903677758
260.5 0.00021587371083868457
261.5 0.0002523594084452228
262.5 0.0002918855808523059
263.5 0.00033445222805993384
264.5 0.00033445222805993384
265.5 0.00035725578906402024
266.5 0.00043782837127845885
267.5 0.0004697533566841798
268.5 0.0005214414282934423
269.5 0.0005412045144969837
270.5 0.0005609676007005255
271.5 0.0006628235065187783
272.5 0.0007266734773302197
273.5 0.0008042055847441136
274.5 0.0007631591749367577
275.5 0.0009136626775637286
276.5 0.0009683912239735358
277.5 0.0011021721151975093
278.5 0.0010185590581825257
279.5 0.0012009875462152175
280.5 0.0013074041642342868
281.5 0.0014168612570539013
282.5 0.001488312414866706
283.5 0.0016540182914964012
284.5 0.0018151634559252776
285.5 0.0018911753259388984
286.5 0.002064482389569956
287.5 0.002196743043393657
288.5 0.002228668028799376
289.5 0.0024947095738470514
290.5 0.0026801785366802875
291.5 0.0026558547382759287
292.5 0.0028732486865148867
293.5 0.00303287361354349
294.5 0.003130168807160924
295.5 0.0032457068495816296
296.5 0.003236585425179997
297.5 0.003412932963611595
298.5 0.0034585400856197695
299.5 0.003519349581630667
300.5 0.0035056674450282153
301.5 0.003435736524615686
302.5 0.0033125972951936144
303.5 0.0034053317766102355
304.5 0.0032669901731854443
305.5 0.0031864175909710056
306.5 0.0029340581825257834
307.5 0.0028945320101186993
308.5 0.0026969011480832846
309.5 0.002474946487643513
310.5 0.002246910877602647
311.5 0.0020842454757734963
312.5 0.0020112740805604207
313.5 0.0017467527729130188
314.5 0.0016068909320879556
315.5 0.0014016588830511774
316.5 0.0012101089706168509
317.5 0.0010565649931893366
318.5 0.0008391710449503796
319.5 0.0008178877213465658
320.5 0.0006445806577155087
321.5 0.0005913723487059738
322.5 0.00044847003308036583
323.5 0.0003952617240708309
324.5 0.0003146891418563923
325.5 0.0002569201206460401
326.5 0.00020675228643705
327.5 0.00017482730103132905
328.5 0.00012161899202179412
329.5 9.72951936174353e-05
330.5 5.4728546409807356e-05
331.5 6.84106830122592e-05
332.5 6.232973341116949e-05
333.5 3.648569760653824e-05
334.5 2.4323798404358825e-05
335.5 2.1283323603813972e-05
336.5 2.1283323603813972e-05
337.5 1.5202374002724266e-05
338.5 1.824284880326912e-05
339.5 7.601187001362133e-06
340.5 9.12142440163456e-06
341.5 6.080949601089706e-06
342.5 6.080949601089706e-06
343.5 4.56071220081728e-06
344.5 6.080949601089706e-06
345.5 7.601187001362133e-06
346.5 0.0
347.5 1.5202374002724266e-06
348.5 4.56071220081728e-06
349.5 0.0
350.5 3.040474800544853e-06
351.5 3.040474800544853e-06
352.5 0.0
353.5 0.0
354.5 0.0
355.5 0.0
356.5 1.5202374002724266e-06
357.5 0.0
358.5 1.5202374002724266e-06
359.5 0.0
