0.5 0.0
1.5 0.0
2.5 1.5202374002724266e-06
3.5 1.5202374002724266e-06
4.5 1.5202374002724266e-06
5.5 3.040474800544853e-06
6.5 0.0
7.5 3.040474800544853e-06
8.5 0.0
9.5 1.5202374002724266e-06
10.5 3.040474800544853e-06
11.5 4.56071220081728e-06
12.5 1.5202374002724266e-06
13.5 0.0
14.5 3.040474800544853e-06
15.5 3.040474800544853e-06
16.5 1.5202374002724266e-06
17.5 9.12142440163456e-06
18.5 6.080949601089706e-06
19.5 9.12142440163456e-06
20.5 3.040474800544853e-06
21.5 9.12142440163456e-06
22.5 9.12142440163456e-06
23.5 1.6722611402996692e-05
24.5 1.6722611402996692e-05
25.5 1.824284880326912e-05
26.5 2.8884510605176105e-05
27.5 1.9763086203541545e-05
28.5 3.040474800544853e-05
29.5 3.8005935006810664e-05
30.5 5.16880716092625e-05
31.5 7.753210741389375e-05
32.5 9.121424401634559e-05
33.5 8.969400661607317e-05
34.5 0.0001200987546215217
35.5 0.00013834160342479082
36.5 0.00015810468962833236
37.5 0.00023259632224168126
38.5 0.0002934058182525783
39.5 0.0003253308036582993
40.5 0.00037397840046701693
41.5 0.00039830219887137576
42.5 0.0005260021404942596
43.5 0.0005761699747032498
44.5 0.0007357949017318542
45.5 0.0007844424985405721
46.5 0.0010139983459817082
47.5 0.0010808887915936944
48.5 0.0012633172796263862
49.5 0.0014244624440552635
50.5 0.0015825671336835959
51.5 0.0018136432185250056
52.5 0.0019383026853473449
53.5 0.002304679898812999
54.5 0.002403495329830706
55.5 0.0027121035220860085
56.5 0.002763791593695271
57.5 0.0030252724265421287
58.5 0.003221383051177273
59.5 0.003461580560420314
60.5 0.003824917299085425
61.5 0.0037656280404748006
62.5 0.003926773204903677
63.5 0.003981501751313485
64.5 0.004113762405137187
65.5 0.004177612375948625
66.5 0.004247543296361162
67.5 0.0043798039501848594
68.5 0.0041973754621521695
69.5 0.004060554096127652
70.5 0.004037750535123564
71.5 0.004033189822922748
72.5 0.003771708990075889
73.5 0.003777789939676982
74.5 0.0036257661996497354
75.5 0.0034737424596224934
76.5 0.0032806723097878973
77.5 0.003128648569760654
78.5 0.0028975724849192447
79.5 0.0027318666082895514
80.5 0.0024627845884413312
81.5 0.0023001191866121825
82.5 0.0021708990075890236
83.5 0.0020249562171628715
84.5 0.001927661023545437
85.5 0.0016464171044950388
86.5 0.0015643242848803272
87.5 0.0013484505740416419
88.5 0.0011964268340143996
89.5 0.001103692352597782
90.5 0.0010003162093792568
91.5 0.0009349460011675423
92.5 0.000799644872543296
93.5 0.000691708017123954
94.5 0.000652181844716871
95.5 0.0006050544853084257
96.5 0.0005776902121035223
97.5 0.00047735454368554194
98.5 0.00051992119089317
99.5 0.0003846200622689239
100.5 0.00034053317766102355
101.5 0.0002964462930531232
102.5 0.00028884510605176105
103.5 0.000310128429655575
104.5 0.00028428439385094377
105.5 0.00020219157423623273
106.5 0.00021283323603813972
107.5 0.00021435347343841214
108.5 0.00019002967503405332
109.5 0.00018698920023350847
110.5 0.00016114516442887721
111.5 0.00015202374002724266
112.5 0.00014442255302588052
113.5 0.0001550642148277875
114.5 0.00013074041642342868
115.5 0.00011401780502043199
116.5 0.0001261797042226114
117.5 0.0001322606538237011
118.5 0.0001550642148277875
119.5 0.00016266540182914964
120.5 0.00012161899202179412
121.5 9.121424401634559e-05
122.5 0.0001261797042226114
123.5 0.00012313922942206655
124.5 0.00015658445222805993
125.5 0.00015202374002724266
126.5 0.0001550642148277875
127.5 0.0001778677758318739
128.5 0.00019611062463514303
129.5 0.00020371181163650516
130.5 0.000217393948238957
131.5 0.00022195466043977428
132.5 0.00031164866705584744
133.5 0.00028276415645067134
134.5 0.0002918855808523059
135.5 0.0003481343646623857
136.5 0.00038614029966919634
137.5 0.00047279383148472466
138.5 0.0004758343062852695
139.5 0.0005700890251021603
140.5 0.0006263378089122395
141.5 0.0007373151391321265
142.5 0.0008908591165596421
143.5 0.0008923793539599142
144.5 0.0010656864175909709
145.5 0.001205548258416034
146.5 0.0014138207822533564
147.5 0.0016038504572874093
148.5 0.0017862789453201018
149.5 0.0019565455341506123
150.5 0.002371570344424986
151.5 0.0026117678536680287
152.5 0.002990306966335863
153.5 0.0032548282739832657
154.5 0.0038629232340922372
155.5 0.004439093208795485
156.5 0.004838915645067134
157.5 0.005405964195368748
158.5 0.0059365270480638286
159.5 0.006889715898034635
160.5 0.007357949017318546
161.5 0.00817583673866511
162.5 0.009030210157618217
163.5 0.009914988324576773
164.5 0.010679667736913794
165.5 0.011467150710254921
166.5 0.012274396769799575
167.5 0.013440418855808526
168.5 0.014240063728351824
169.5 0.015132443082311738
170.5 0.01604002481027438
171.5 0.016695247129791785
172.5 0.017745731173380033
173.5 0.01847848560031134
174.5 0.019100262697022766
175.5 0.01957913747810858
176.5 0.019843658785756002
177.5 0.020170509826814554
178.5 0.020248041934228456
179.5 0.020848535707336052
180.5 0.02068739054290718
181.5 0.020749720276318342
182.5 0.020480638256470125
183.5 0.019778288577544264
184.5 0.01950312560809496
185.5 0.018794694979568018
186.5 0.018572740319128245
187.5 0.017908396575209186
188.5 0.01737935395991437
189.5 0.01618140688849971
190.5 0.015130922844911465
191.5 0.014270468476357268
192.5 0.013531633099824872
193.5 0.012429460984627355
194.5 0.01136073409223584
195.5 0.010930506907958744
196.5 0.00976600505935007
197.5 0.009039331582019843
198.5 0.008007090387234867
199.5 0.007473487059739249
200.5 0.006663200525394044
201.5 0.006152400758902508
202.5 0.005536704611792177
203.5 0.0047963489978595075
204.5 0.004375243237984044
205.5 0.0038370791982876035
206.5 0.0034129329636115977
207.5 0.0029325379451255107
208.5 0.002496229811247323
209.5 0.0023563679704222606
210.5 0.0021009680871764934
211.5 0.0017285099241097484
212.5 0.0015901683206849576
213.5 0.0014244624440552635
214.5 0.001191866121813582
215.5 0.001062645942790426
216.5 0.0009106222027631837
217.5 0.0007935639229422068
218.5 0.0007327544269313095
219.5 0.0005792104495037941
220.5 0.0005731294999027044
221.5 0.0005077592916909906
222.5 0.00043782837127845885
223.5 0.00037549863786728936
224.5 0.0003496546020626581
225.5 0.0002858046312512162
226.5 0.0002858046312512162
227.5 0.00023563679704222612
228.5 0.0002341165596419537
229.5 0.00021891418563922942
230.5 0.0002113129986378673
231.5 0.00016418563922942207
232.5 0.0001596249270286048
233.5 0.00014746302782642538
234.5 0.00014442255302588052
235.5 0.0001550642148277875
236.5 0.00015354397742751508
237.5 0.00014442255302588052
238.5 0.00013074041642342868
239.5 0.00013834160342479082
240.5 0.00013834160342479082
241.5 0.00013074041642342868
242.5 0.00012313922942206655
243.5 0.00015658445222805993
244.5 0.00013986184082506324
245.5 0.00012922017902315626
246.5 0.00012769994162288383
247.5 0.0001322606538237011
248.5 0.00017482730103132905
249.5 0.00014746302782642538
250.5 0.00019307014983459817
251.5 0.00019763086203541545
252.5 0.00023259632224168126
253.5 0.00026148083284685737
254.5 0.00022499513524031913
255.5 0.0002401975092430434
256.5 0.00029948676785366803
257.5 0.00036485697606538237
258.5 0.00028428439385094377
259.5 0.00040286291107219304
260.5 0.00042718670947655186
261.5 0.0004226259972757346
262.5 0.0004986378672893558
263.5 0.0005670485503016152
264.5 0.0005807306869040668
265.5 0.0007160318155283129
266.5 0.0007874829733411168
267.5 0.0007950841603424791
268.5 0.0008862984043588248
269.5 0.0009881543101770776
270.5 0.0011492994746059545
271.5 0.001272438704028021
272.5 0.0014351041058571713
273.5 0.0015293588246740612
274.5 0.0017437122981124734
275.5 0.0017497932477135636
276.5 0.001993031231757151
277.5 0.0021648180579879354
278.5 0.002341165596419538
279.5 0.0025296750340533195
280.5 0.002739467795290912
281.5 0.002941659369527144
282.5 0.0030222319517415838
283.5 0.003219862813776999
284.5 0.0034935055458260368
285.5 0.003751945903872348
286.5 0.0035953614516442893
287.5 0.003829478011286241
288.5 0.004059033858727379
289.5 0.004144167153142635
290.5 0.004357000389180774
291.5 0.00401494697411948
292.5 0.0040863981319322834
293.5 0.0040590338587273775
294.5 0.004191294512551078
295.5 0.0041046409807355515
296.5 0.004031669585522475
297.5 0.003917651780502043
298.5 0.00364552928585328
299.5 0.0036561709476551855
300.5 0.0033794877408056057
301.5 0.0032745913601868073
302.5 0.0031301688071609267
303.5 0.002850445125510801
304.5 0.0026239297528702077
305.5 0.002394373905429071
306.5 0.0022301882661996497
307.5 0.0020067133683596035
308.5 0.0017756372835181936
309.5 0.0016266540182914963
310.5 0.0014199017318544467
311.5 0.0012602768048258412
312.5 0.0011842649348122198
313.5 0.0009425471881689047
314.5 0.0008178877213465649
315.5 0.0007221127651294029
316.5 0.0006263378089122393
317.5 0.0005138402412920801
318.5 0.00046063193228254525
319.5 0.00034509388986184083
320.5 0.000310128429655575
321.5 0.00025539988324576766
322.5 0.00022803561004086398
323.5 0.00016722611402996692
324.5 0.00014594279042615295
325.5 0.00013074041642342868
326.5 9.72951936174353e-05
327.5 6.080949601089706e-05
328.5 6.384997081144192e-05
329.5 8.209281961471103e-05
330.5 5.16880716092625e-05
331.5 5.4728546409807356e-05
332.5 3.648569760653824e-05
333.5 3.3445222805993384e-05
334.5 2.2803561004086398e-05
335.5 2.1283323603813972e-05
336.5 1.6722611402996692e-05
337.5 7.601187001362133e-06
338.5 4.56071220081728e-06
339.5 4.56071220081728e-06
340.5 4.56071220081728e-06
341.5 1.2161899202179412e-05
342.5 6.080949601089706e-06
343.5 3.040474800544853e-06
344.5 1.5202374002724266e-06
345.5 0.0
346.5 4.56071220081728e-06
347.5 4.56071220081728e-06
348.5 0.0
349.5 1.5202374002724266e-06
350.5 3.040474800544853e-06
351.5 0.0
352.5 0.0
353.5 0.0
354.5 0.0
355.5 0.0
356.5 0.0
357.5 0.0
358.5 1.5202374002724266e-06
359.5 0.0
