0.5 3.040474800544853e-06
1.5 0.0
2.5 0.0
3.5 3.040474800544853e-06
4.5 1.5202374002724266e-06
5.5 3.040474800544853e-06
6.5 6.080949601089706e-06
7.5 3.040474800544853e-06
8.5 7.601187001362133e-06
9.5 6.080949601089706e-06
10.5 3.040474800544853e-06
11.5 1.2161899202179412e-05
12.5 3.040474800544853e-06
13.5 9.12142440163456e-06
14.5 1.3682136602451839e-05
15.5 1.9763086203541545e-05
16.5 1.3682136602451839e-05
17.5 1.6722611402996692e-05
18.5 3.192498540572096e-05
19.5 2.8884510605176105e-05
20.5 2.4323798404358825e-05
21.5 3.496546020626581e-05
22.5 4.408688460790037e-05
23.5 4.104640980735552e-05
24.5 5.4728546409807356e-05
25.5 5.16880716092625e-05
26.5 8.361305701498346e-05
27.5 9.425471881689045e-05
28.5 9.881543101770773e-05
29.5 0.0001550642148277875
30.5 0.0001839487254329636
31.5 0.00018242848803269119
32.5 0.00022651537264059156
33.5 0.00023259632224168126
34.5 0.00032837127845884414
35.5 0.00037549863786728936
36.5 0.0004879962054874489
37.5 0.0005351235648958941
38.5 0.000556406888499708
39.5 0.0006278580463125123
40.5 0.0007814020237400274
41.5 0.0008695757929558285
42.5 0.0010124781085814355
43.5 0.0011097733021988717
44.5 0.0011690625608094956
45.5 0.0013970981708503602
46.5 0.0015962492702860478
47.5 0.0017452325355127461
48.5 0.001875972951936175
49.5 0.002070563339171046
50.5 0.0023001191866121816
51.5 0.0024141369916326127
52.5 0.002671057112278654
53.5 0.0028033177661023548
54.5 0.002870208211714342
55.5 0.0030070295777388577
56.5 0.0031818568787701893
57.5 0.0034098924888110544
58.5 0.003353643705000974
59.5 0.00353911266783421
60.5 0.003732182817668808
61.5 0.0038720446584938717
62.5 0.004011906499318934
63.5 0.003900929169099047
64.5 0.0039009291690990477
65.5 0.004037750535123567
66.5 0.003951097003308037
67.5 0.004046871959525199
68.5 0.0040027850749173
69.5 0.0039586981903094
70.5 0.0037990732632807935
71.5 0.003710899494064994
72.5 0.0035999221638451074
73.5 0.003615124537847829
74.5 0.0035588757540377497
75.5 0.003374927028604788
76.5 0.003086081922553026
77.5 0.002979665304533956
78.5 0.002893011772718427
79.5 0.002766832068495817
80.5 0.0024612643510410577
81.5 0.0024217381786339758
82.5 0.0022833965752091846
83.5 0.0020979276123759484
84.5 0.002058401439968865
85.5 0.001886614613738081
86.5 0.0016494575792955826
87.5 0.0015354397742751516
88.5 0.0014153410196536293
89.5 0.0013849362716481808
90.5 0.0012846006032302005
91.5 0.0011523399494064992
92.5 0.0010215995329830709
93.5 0.0009851138353765326
94.5 0.0008361305701498348
95.5 0.0007890032107413895
96.5 0.0007677198871375752
97.5 0.0006172163845106053
98.5 0.000629378283712784
99.5 0.0005928925861062462
100.5 0.0005488057014983458
101.5 0.0005457652266978011
102.5 0.00044847003308036583
103.5 0.0004393486086787313
104.5 0.0003952617240708309
105.5 0.00035725578906402024
106.5 0.00033445222805993384
107.5 0.0003086081922553026
108.5 0.00027212249464876435
109.5 0.00023259632224168126
110.5 0.00022499513524031913
111.5 0.00021283323603813972
112.5 0.0002234748978400467
113.5 0.00019763086203541545
114.5 0.00019307014983459817
115.5 0.00016266540182914964
116.5 0.0001885094376337809
117.5 0.0001596249270286048
118.5 0.00017482730103132905
119.5 0.00017634753843160148
120.5 0.00014746302782642538
121.5 0.0001550642148277875
122.5 0.00016874635143023935
123.5 0.00016266540182914964
124.5 0.00017938801323214633
125.5 0.00016418563922942207
126.5 0.00018242848803269119
127.5 0.0001885094376337809
128.5 0.00018698920023350847
129.5 0.00018546896283323604
130.5 0.00022803561004086398
131.5 0.00022195466043977428
132.5 0.0002401975092430434
133.5 0.00026148083284685737
134.5 0.0003040474800544853
135.5 0.0003192498540572096
136.5 0.00032381056625802686
137.5 0.0003496546020626581
138.5 0.0003785391126678342
139.5 0.00041958552247518973
140.5 0.0005320830900953493
141.5 0.0006035342479081534
142.5 0.0006795461179217748
143.5 0.0007084306285269511
144.5 0.0008194079587468376
145.5 0.0009243043393656351
146.5 0.0010079173963806188
147.5 0.0012131494454173967
148.5 0.0013317279626386459
149.5 0.0016099314068884994
150.5 0.0017117873127067522
151.5 0.0019094181747421678
152.5 0.002151135921385483
153.5 0.0025935250048647576
154.5 0.0028823701109165194
155.5 0.003385568690406695
156.5 0.0036637721346565485
157.5 0.004171531426347539
158.5 0.0046640883440358044
159.5 0.005281304728546415
160.5 0.005883318739054289
161.5 0.006429083965752092
162.5 0.007365550204319903
163.5 0.00795540231562561
164.5 0.008850822144386069
165.5 0.009563813485113835
166.5 0.010932027145359017
167.5 0.011669342284491147
168.5 0.012557160926250243
169.5 0.013481465265615881
170.5 0.014241583965752095
171.5 0.01526774421093598
172.5 0.015912324868651493
173.5 0.016780380424207042
174.5 0.017646915742362327
175.5 0.018598584354932873
176.5 0.019124586495427125
177.5 0.019411911364078622
178.5 0.020053451546993565
179.5 0.020159868165012647
180.5 0.02007625510799766
181.5 0.02031645261724071
182.5 0.02025260264642927
183.5 0.0196885945709282
184.5 0.01948792323409224
185.5 0.01908506032302004
186.5 0.017982888207822536
187.5 0.017563302685347344
188.5 0.016876155380424203
189.5 0.01586063679704222
190.5 0.0147812682428488
191.5 0.014151889959136018
192.5 0.013280793928779918
193.5 0.012307841992605567
194.5 0.011450428098851924
195.5 0.010424267853668031
196.5 0.009483240902899393
197.5 0.00875808766296945
198.5 0.008054217746643317
199.5 0.007160318155283129
200.5 0.006518777972368165
201.5 0.0057951449698384885
202.5 0.005182489297528703
203.5 0.004560712200817278
204.5 0.0040347100603230195
205.5 0.003716980443666082
206.5 0.0033430020431990657
207.5 0.00282612132710644
208.5 0.0025798428682623064
209.5 0.0021040085619770388
210.5 0.002076644288772134
211.5 0.0018136432185250032
212.5 0.0015323992994746057
213.5 0.001371254135045729
214.5 0.001263317279626387
215.5 0.0010793685541934227
216.5 0.0009987959719789843
217.5 0.0008452519945514687
218.5 0.0007251532399299475
219.5 0.0006491413699163261
220.5 0.0006430604203152363
221.5 0.0005214414282934425
222.5 0.0005123200038918077
223.5 0.0004955973924888111
224.5 0.00042566647207627943
225.5 0.0003709379256664721
226.5 0.0003785391126678342
227.5 0.0003253308036582993
228.5 0.00032989151585911656
229.5 0.00030100700525394046
230.5 0.0002934058182525783
231.5 0.00023867727184277097
232.5 0.00026148083284685737
233.5 0.00023107608484140884
234.5 0.00023107608484140884
235.5 0.00020979276123759486
236.5 0.00023867727184277097
237.5 0.00020219157423623273
238.5 0.0002113129986378673
239.5 0.00021587371083868457
240.5 0.00020979276123759486
241.5 0.00024779869624440553
242.5 0.0002234748978400467
243.5 0.00023259632224168126
244.5 0.0002341165596419537
245.5 0.00024171774664331582
246.5 0.0002645213076474022
247.5 0.0002751629694493092
248.5 0.00030708795485503016
249.5 0.0002584403580463125
250.5 0.0003481343646623857
251.5 0.0003192498540572096
252.5 0.000342053415061296
253.5 0.0003663772134656548
254.5 0.00042566647207627943
255.5 0.0004864759680871765
256.5 0.0005214414282934425
257.5 0.0005518461762988908
258.5 0.0005579271258999807
259.5 0.000640019945514692
260.5 0.0006430604203152363
261.5 0.0007327544269313099
262.5 0.0007069103911266786
263.5 0.0008695757929558278
264.5 0.0008498127067522862
265.5 0.00098967454757735
266.5 0.0011416982876045923
267.5 0.0012101089706168518
268.5 0.0013195660634364665
269.5 0.0012800398910293828
270.5 0.0015217576376726993
271.5 0.0015628040474800551
272.5 0.001742192060712201
273.5 0.001895736038139715
274.5 0.0019778288577544266
275.5 0.0020644823895699565
276.5 0.002289477524810275
277.5 0.0024506226892391527
278.5 0.0025311952714535887
279.5 0.002756190406693909
280.5 0.0029158153337225136
281.5 0.002988786728935589
282.5 0.0032305044755789078
283.5 0.0034068520140105073
284.5 0.0036500899980540947
285.5 0.003791472076279431
286.5 0.0038553220470908724
287.5 0.0038446803852889666
288.5 0.004028629110721931
289.5 0.004121363592138547
290.5 0.0041791326133489015
291.5 0.0043858848997859485
292.5 0.004387405137186221
293.5 0.004426931309593306
294.5 0.004467977719400663
295.5 0.00434787896477914
296.5 0.004378283712784587
297.5 0.004358520626581048
298.5 0.004154808814944542
299.5 0.0041107219303366405
300.5 0.004118323117338002
301.5 0.0038766053706946876
302.5 0.003726101868067717
303.5 0.003735223292469353
304.5 0.0033764472660050607
305.5 0.00343269604981514
306.5 0.0030952033469546615
307.5 0.002885410585717065
308.5 0.0026847392488811074
309.5 0.0025585595446584943
310.5 0.002348766783420899
311.5 0.0020857657131737694
312.5 0.0019276610235454373
313.5 0.0017376313485113835
314.5 0.001567364759680872
315.5 0.0013575719984432765
316.5 0.0012557160926250238
317.5 0.0011006518777972364
318.5 0.0009653507491729909
319.5 0.000896940066160732
320.5 0.0007753210741389381
321.5 0.0006597830317182332
322.5 0.0005518461762988908
323.5 0.00045607122008172797
324.5 0.00047127359408445223
325.5 0.0003146891418563923
326.5 0.0003162093792566647
327.5 0.0002751629694493092
328.5 0.0002295558474411364
329.5 0.00018698920023350847
330.5 0.00013834160342479082
331.5 0.00012922017902315626
332.5 0.00010793685541934229
333.5 9.881543101770773e-05
334.5 9.273448141661802e-05
335.5 6.080949601089706e-05
336.5 6.689044561198677e-05
337.5 5.16880716092625e-05
338.5 4.5607122008172797e-05
339.5 2.1283323603813972e-05
340.5 3.648569760653824e-05
341.5 1.2161899202179412e-05
342.5 2.2803561004086398e-05
343.5 2.1283323603813972e-05
344.5 6.080949601089706e-06
345.5 3.040474800544853e-06
346.5 1.0641661801906986e-05
347.5 7.601187001362133e-06
348.5 4.56071220081728e-06
349.5 1.5202374002724266e-06
350.5 4.56071220081728e-06
351.5 3.040474800544853e-06
352.5 3.040474800544853e-06
353.5 3.040474800544853e-06
354.5 1.5202374002724266e-06
355.5 6.080949601089706e-06
356.5 0.0
357.5 1.5202374002724266e-06
358.5 1.5202374002724266e-06
359.5 3.040474800544853e-06
