0.5 0.0
1.5 1.5202374002724266e-06
2.5 0.0
3.5 1.5202374002724266e-06
4.5 0.0
5.5 0.0
6.5 4.56071220081728e-06
7.5 0.0
8.5 1.5202374002724266e-06
9.5 0.0
10.5 0.0
11.5 0.0
12.5 1.5202374002724266e-06
13.5 3.040474800544853e-06
14.5 3.040474800544853e-06
15.5 9.12142440163456e-06
16.5 1.5202374002724266e-06
17.5 7.601187001362133e-06
18.5 1.2161899202179412e-05
19.5 7.601187001362133e-06
20.5 1.0641661801906986e-05
21.5 1.3682136602451839e-05
22.5 1.5202374002724266e-05
23.5 1.6722611402996692e-05
24.5 3.3445222805993384e-05
25.5 1.2161899202179412e-05
26.5 1.824284880326912e-05
27.5 3.496546020626581e-05
28.5 2.584403580463125e-05
29.5 4.864759680871765e-05
30.5 4.864759680871765e-05
31.5 7.905234481416618e-05
32.5 0.00010185590581825258
33.5 0.000103376143218525
34.5 0.0001596249270286048
35.5 0.00016874635143023935
36.5 0.0001839487254329636
37.5 0.00021435347343841214
38.5 0.00028276415645067134
39.5 0.0003481343646623857
40.5 0.0004302271842770967
41.5 0.0004651926444833625
42.5 0.000595933060906791
43.5 0.0007145115781280403
44.5 0.0007981246351430236
45.5 0.0009607900369721734
46.5 0.0011310566258026851
47.5 0.001200987546215217
48.5 0.0013636529480443662
49.5 0.0015795266588830511
50.5 0.001850128916131543
51.5 0.0020188752675617825
52.5 0.0023016394240124543
53.5 0.002365489394823896
54.5 0.002658895213076474
55.5 0.00299486767853668
56.5 0.0031818568787701897
57.5 0.0033734067912045153
58.5 0.0037291423428682624
59.5 0.0038021137380813393
60.5 0.004054473146526562
61.5 0.004177612375948628
62.5 0.00422169926055653
63.5 0.004548550301615101
64.5 0.00447405866900175
65.5 0.004834354932866315
66.5 0.004773545436855417
67.5 0.004592637186222998
68.5 0.00462912288382954
69.5 0.004653446682233899
70.5 0.004551590776415644
71.5 0.004395006324187587
72.5 0.004291630180969062
73.5 0.0042612254329636124
74.5 0.003920692255302587
75.5 0.003855322047090872
76.5 0.0035816793150418363
77.5 0.003481343646623858
78.5 0.0032685104105857183
79.5 0.0030784807355516627
80.5 0.0028276415645067153
81.5 0.0025752821560614913
82.5 0.002379171531426349
83.5 0.0023198822728157224
84.5 0.0019808693325549707
85.5 0.0019185395991438029
86.5 0.0016540182914963999
87.5 0.001570405234481417
88.5 0.001387976746448726
89.5 0.0013058839268340152
90.5 0.0011660220860089515
91.5 0.0009851138353765328
92.5 0.0008802174547577354
93.5 0.0008543734189531045
94.5 0.0007722805993383927
95.5 0.0007008294415255887
96.5 0.0006871473049231366
97.5 0.0005412045144969839
98.5 0.0005153604786923525
99.5 0.0004895164428877213
100.5 0.0004758343062852695
101.5 0.00043782837127845885
102.5 0.000342053415061296
103.5 0.00032229032885775443
104.5 0.00030556771745475774
105.5 0.0002675617824479471
106.5 0.00027820344424985406
107.5 0.00026148083284685737
108.5 0.00023563679704222612
109.5 0.0002113129986378673
110.5 0.00019611062463514303
111.5 0.00018546896283323604
112.5 0.00015658445222805993
113.5 0.00015810468962833236
114.5 0.00017938801323214633
115.5 0.00016266540182914964
116.5 0.00015658445222805993
117.5 0.00012161899202179412
118.5 0.0001489832652266978
119.5 0.00015810468962833236
120.5 0.00014138207822533567
121.5 0.00016266540182914964
122.5 0.00015810468962833236
123.5 0.00016266540182914964
124.5 0.00015354397742751508
125.5 0.00017634753843160148
126.5 0.0002006713368359603
127.5 0.00013530112862424596
128.5 0.00023563679704222612
129.5 0.00021435347343841214
130.5 0.00018090825063241876
131.5 0.00025539988324576766
132.5 0.0002736427320490368
133.5 0.0003086081922553026
134.5 0.00030556771745475774
135.5 0.0003709379256664721
136.5 0.00039222124927028605
137.5 0.0004119843354738276
138.5 0.0005320830900953494
139.5 0.0005290426152948047
140.5 0.0006339389959136016
141.5 0.0007175520529285851
142.5 0.0007646794123370306
143.5 0.0009151829149640011
144.5 0.001013998345981708
145.5 0.0011857851722124925
146.5 0.001429023156256081
147.5 0.0014943933644677955
148.5 0.001825805117727184
149.5 0.001903337225141078
150.5 0.0023168417980151787
151.5 0.0025707214438606745
152.5 0.0028109189531037152
153.5 0.003304996108192255
154.5 0.003546713854835571
155.5 0.004132005253940458
156.5 0.004621521696828177
157.5 0.0052524202179412335
158.5 0.00575105808523059
159.5 0.0062846614127262095
160.5 0.006996132516053707
161.5 0.007807939287799182
162.5 0.008543734189531037
163.5 0.009499963514302389
164.5 0.010121740611013813
165.5 0.011030842576376735
166.5 0.012003794512551083
167.5 0.012868809593306088
168.5 0.01349210692741778
169.5 0.014430093403385866
170.5 0.015289027534539788
171.5 0.016114516442887725
172.5 0.017120913601868053
173.5 0.017614990756956606
174.5 0.017806540669390924
175.5 0.01826109165207238
176.5 0.018983204417201787
177.5 0.019269009048453006
178.5 0.01963994697411949
179.5 0.01960802198871375
180.5 0.019705317182331192
181.5 0.019989601576182126
182.5 0.01931005545826037
183.5 0.01905769604981515
184.5 0.01876124975676201
185.5 0.018042177466433166
186.5 0.017374793247713557
187.5 0.016792542323409227
188.5 0.016041545047674643
189.5 0.015355917980151781
190.5 0.014623163553220464
191.5 0.013878247227086986
192.5 0.012677259680871765
193.5 0.011955146915742362
194.5 0.011100773496789255
195.5 0.010111098949211911
196.5 0.009279529091262888
197.5 0.008586300836738666
198.5 0.007868748783810074
199.5 0.007231769313095929
200.5 0.0063409101965362915
201.5 0.005743456898229227
202.5 0.005060870305506909
203.5 0.004790268048258417
204.5 0.004090958844133101
205.5 0.0036440090484530065
206.5 0.0033475627553998825
207.5 0.0028124391905039897
208.5 0.0026269702276707518
209.5 0.0022073847051955644
210.5 0.0020279966919634165
211.5 0.0017452325355127463
212.5 0.0014579076668612572
213.5 0.001319566063436467
214.5 0.001188825647013038
215.5 0.0010793685541934223
216.5 0.0008741365051566451
217.5 0.0007874829733411168
218.5 0.0007221127651294028
219.5 0.0006308985211130567
220.5 0.0005457652266978012
221.5 0.0004971176298890834
222.5 0.00047279383148472466
223.5 0.00036941768826619965
224.5 0.00038157958746837906
225.5 0.00031772961665693715
226.5 0.00028884510605176105
227.5 0.0002569201206460401
228.5 0.00024931893364467795
229.5 0.0002234748978400467
230.5 0.00019763086203541545
231.5 0.00019763086203541545
232.5 0.00018698920023350847
233.5 0.00016874635143023935
234.5 0.00018698920023350847
235.5 0.0001596249270286048
236.5 0.00016266540182914964
237.5 0.00013074041642342868
238.5 0.00013834160342479082
239.5 0.0001368213660245184
240.5 0.00015202374002724266
241.5 0.00013986184082506324
242.5 0.00014138207822533567
243.5 0.00016114516442887721
244.5 0.00014442255302588052
245.5 0.00016722611402996692
246.5 0.0001839487254329636
247.5 0.00017482730103132905
248.5 0.00017482730103132905
249.5 0.0002234748978400467
250.5 0.00022043442303950185
251.5 0.00023259632224168126
252.5 0.0001945903872348706
253.5 0.00025539988324576766
254.5 0.00029948676785366803
255.5 0.00031316890445611987
256.5 0.00033597246546020627
257.5 0.0004165450476746449
258.5 0.0004226259972757346
259.5 0.00046215216968281767
260.5 0.00047279383148472466
261.5 0.0005275223778945319
262.5 0.0005685687877018876
263.5 0.0006126556723097881
264.5 0.0006886675423234092
265.5 0.0007479568009340341
266.5 0.0008650150807550101
267.5 0.0010094376337808908
268.5 0.0010474435687877017
269.5 0.0011508197120062274
270.5 0.0012192303950184864
271.5 0.0014031791204514503
272.5 0.0015749659466822341
273.5 0.001632734967892586
274.5 0.001725469449309203
275.5 0.0019519848219497966
276.5 0.002222587079198288
277.5 0.002382212006226892
278.5 0.002351807258221443
279.5 0.0028945320101187
280.5 0.003022231951741583
281.5 0.0032533080365829917
282.5 0.0035208698190309405
283.5 0.0036409685736524615
284.5 0.003920692255302586
285.5 0.004034710060323021
286.5 0.004253624245962251
287.5 0.00434179801517805
288.5 0.004562232438217552
289.5 0.004501422942206654
290.5 0.004493821755205294
291.5 0.00459415742362327
292.5 0.004592637186222999
293.5 0.004509024129208017
294.5 0.004656487157034442
295.5 0.004620001459427904
296.5 0.004334196828176687
297.5 0.00429771113057015
298.5 0.004250583771161704
299.5 0.003970860089511578
300.5 0.0038416399104884225
301.5 0.003678974508659273
302.5 0.003397730589608873
303.5 0.003336921093597976
304.5 0.0030207117143413106
305.5 0.002739467795290914
306.5 0.0024445417396380615
307.5 0.0022362692158007375
308.5 0.0020082336057598753
309.5 0.0017497932477135627
310.5 0.0016220933060906797
311.5 0.001395577933450087
312.5 0.0013058839268340144
313.5 0.0010368019069857941
314.5 0.0009182233897645456
315.5 0.000755557987935396
316.5 0.0006856270675228643
317.5 0.0005107997664915353
318.5 0.0005229616656937146
319.5 0.00040894386067328274
320.5 0.00036485697606538237
321.5 0.0002462784588441331
322.5 0.00024171774664331582
323.5 0.0001839487254329636
324.5 0.00018242848803269119
325.5 0.0001368213660245184
326.5 0.00011249756762015956
327.5 9.577495621716287e-05
328.5 6.689044561198677e-05
329.5 5.776902121035221e-05
330.5 5.624878381007978e-05
331.5 3.3445222805993384e-05
332.5 3.192498540572096e-05
333.5 2.584403580463125e-05
334.5 1.9763086203541545e-05
335.5 1.3682136602451839e-05
336.5 1.2161899202179412e-05
337.5 7.601187001362133e-06
338.5 7.601187001362133e-06
339.5 9.12142440163456e-06
340.5 1.0641661801906986e-05
341.5 6.080949601089706e-06
342.5 1.5202374002724266e-06
343.5 1.5202374002724266e-06
344.5 0.0
345.5 7.601187001362133e-06
346.5 0.0
347.5 4.56071220081728e-06
348.5 0.0
349.5 3.040474800544853e-06
350.5 0.0
351.5 0.0
352.5 0.0
353.5 0.0
354.5 0.0
355.5 3.040474800544853e-06
356.5 3.040474800544853e-06
357.5 0.0
358.5 0.0
359.5 0.0
