0.5 0.0
1.5 0.0
2.5 1.5202374002724266e-06
3.5 0.0
4.5 0.0
5.5 0.0
6.5 0.0
7.5 1.5202374002724266e-06
8.5 0.0
9.5 0.0
10.5 0.0
11.5 1.5202374002724266e-06
12.5 1.5202374002724266e-06
13.5 4.56071220081728e-06
14.5 3.040474800544853e-06
15.5 3.040474800544853e-06
16.5 3.040474800544853e-06
17.5 9.12142440163456e-06
18.5 4.56071220081728e-06
19.5 2.1283323603813972e-05
20.5 2.4323798404358825e-05
21.5 2.1283323603813972e-05
22.5 4.408688460790037e-05
23.5 6.993092041253162e-05
24.5 0.00010793685541934229
25.5 0.0001261797042226114
26.5 0.00018242848803269119
27.5 0.00026604154504767465
28.5 0.0003374927028604787
29.5 0.00047735454368554194
30.5 0.0006521818447168708
31.5 0.000798124635143024
32.5 0.0010960911655964194
33.5 0.0014883124148667049
34.5 0.0017954003697217365
35.5 0.002450622689239151
36.5 0.0030587176493481233
37.5 0.003976941039112668
38.5 0.0049377310760848414
39.5 0.006243615002918853
40.5 0.007411157326328077
41.5 0.009072776804825839
42.5 0.01100803901537264
43.5 0.01285512745670364
44.5 0.015200853765323995
45.5 0.01723493140688849
46.5 0.019801092138548356
47.5 0.022522317085036
48.5 0.024922771940066157
49.5 0.027139278069663368
50.5 0.029561016248297333
51.5 0.03191738421871959
52.5 0.03368542031523643
53.5 0.03472070198482196
54.5 0.03562372300058376
55.5 0.036240939385094366
56.5 0.03646897499513524
57.5 0.035512745670363895
58.5 0.034881847149250814
59.5 0.03326431455536096
60.5 0.03137769994162288
61.5 0.028730966627748582
62.5 0.026040146429266397
63.5 0.023668576084841405
64.5 0.02081509048453007
65.5 0.01825044999027048
66.5 0.015970093889861838
67.5 0.01327015226697802
68.5 0.011097733021988715
69.5 0.009176152948044369
70.5 0.007368590679120452
71.5 0.006061186514886161
72.5 0.004729458552247519
73.5 0.0038097149250827015
74.5 0.0028443641759097107
75.5 0.0022377894532010128
76.5 0.0016175325938898619
77.5 0.0012009875462152169
78.5 0.0008954198287604592
79.5 0.0006886675423234088
80.5 0.00047127359408445223
81.5 0.000310128429655575
82.5 0.0002751629694493092
83.5 0.00018090825063241876
84.5 0.00011553804242070442
85.5 9.121424401634559e-05
86.5 3.648569760653824e-05
87.5 3.952617240708309e-05
88.5 2.1283323603813972e-05
89.5 9.12142440163456e-06
90.5 9.12142440163456e-06
91.5 4.56071220081728e-06
92.5 3.040474800544853e-06
93.5 1.5202374002724266e-06
94.5 0.0
95.5 4.56071220081728e-06
96.5 0.0
97.5 0.0
98.5 0.0
99.5 0.0
100.5 1.5202374002724266e-06
101.5 0.0
102.5 0.0
103.5 0.0
104.5 0.0
105.5 0.0
106.5 0.0
107.5 0.0
108.5 0.0
109.5 0.0
110.5 0.0
111.5 0.0
112.5 0.0
113.5 0.0
114.5 0.0
115.5 0.0
116.5 0.0
117.5 0.0
118.5 0.0
119.5 0.0
120.5 0.0
121.5 0.0
122.5 0.0
123.5 0.0
124.5 0.0
125.5 0.0
126.5 0.0
127.5 0.0
128.5 0.0
129.5 0.0
130.5 0.0
131.5 0.0
132.5 0.0
133.5 0.0
134.5 0.0
135.5 0.0
136.5 0.0
137.5 0.0
138.5 1.5202374002724266e-06
139.5 1.5202374002724266e-06
140.5 0.0
141.5 0.0
142.5 0.0
143.5 0.0
144.5 0.0
145.5 1.5202374002724266e-06
146.5 3.040474800544853e-06
147.5 3.040474800544853e-06
148.5 6.080949601089706e-06
149.5 1.0641661801906986e-05
150.5 6.080949601089706e-06
151.5 1.6722611402996692e-05
152.5 1.824284880326912e-05
153.5 2.4323798404358825e-05
154.5 2.1283323603813972e-05
155.5 4.2566647207627943e-05
156.5 5.0167834208990076e-05
157.5 6.080949601089706e-05
158.5 7.601187001362133e-05
159.5 8.817376921580074e-05
160.5 0.00011097733021988714
161.5 0.00012922017902315626
162.5 0.0001778677758318739
163.5 0.0001945903872348706
164.5 0.0002569201206460401
165.5 0.00025387964584549523
166.5 0.0003162093792566647
167.5 0.0003602962638645651
168.5 0.000434787896477914
169.5 0.00047127359408445223
170.5 0.0005184009534928975
171.5 0.0006537020821171434
172.5 0.000630898521113057
173.5 0.0007418758513329442
174.5 0.0008148472465460206
175.5 0.0009091019653629111
176.5 0.0010535245183887917
177.5 0.0011234554388013232
178.5 0.001182744697411948
179.5 0.001383416034247908
180.5 0.0014031791204514497
181.5 0.001587127845884413
182.5 0.0016753016151002142
183.5 0.0017087468379062074
184.5 0.0016661801906985793
185.5 0.0017832384705195564
186.5 0.0017421920607122005
187.5 0.0017589146721151978
188.5 0.0017057063631056625
189.5 0.0016950647013037558
190.5 0.0015035147888694297
191.5 0.0013454100992410978
192.5 0.0012313922942206656
193.5 0.001147779237205682
194.5 0.0009531888499708114
195.5 0.0009531888499708114
196.5 0.0007449163261334891
197.5 0.0006582627943179606
198.5 0.0005655283129013427
199.5 0.0004393486086787313
200.5 0.0003040474800544853
201.5 0.00031772961665693715
202.5 0.0002234748978400467
203.5 0.00017330706363105663
204.5 0.00011249756762015956
205.5 0.00010945709281961471
206.5 7.905234481416618e-05
207.5 7.145115781280405e-05
208.5 4.408688460790037e-05
209.5 2.7364273204903678e-05
210.5 1.824284880326912e-05
211.5 9.12142440163456e-06
212.5 1.2161899202179412e-05
213.5 1.0641661801906986e-05
214.5 7.601187001362133e-06
215.5 1.0641661801906986e-05
216.5 1.5202374002724266e-06
217.5 3.040474800544853e-06
218.5 0.0
219.5 1.5202374002724266e-06
220.5 1.5202374002724266e-06
221.5 1.5202374002724266e-06
222.5 0.0
223.5 0.0
224.5 1.5202374002724266e-06
225.5 0.0
226.5 0.0
227.5 0.0
228.5 0.0
229.5 0.0
230.5 0.0
231.5 0.0
232.5 0.0
233.5 0.0
234.5 0.0
235.5 0.0
236.5 0.0
237.5 0.0
238.5 0.0
239.5 0.0
240.5 0.0
241.5 0.0
242.5 0.0
243.5 0.0
244.5 0.0
245.5 0.0
246.5 0.0
247.5 0.0
248.5 0.0
249.5 0.0
250.5 0.0
251.5 0.0
252.5 0.0
253.5 0.0
254.5 0.0
255.5 1.5202374002724266e-06
256.5 3.040474800544853e-06
257.5 0.0
258.5 0.0
259.5 3.040474800544853e-06
260.5 6.080949601089706e-06
261.5 1.5202374002724266e-06
262.5 6.080949601089706e-06
263.5 7.601187001362133e-06
264.5 1.2161899202179412e-05
265.5 1.5202374002724266e-05
266.5 6.080949601089706e-06
267.5 2.1283323603813972e-05
268.5 4.2566647207627943e-05
269.5 3.648569760653824e-05
270.5 5.9289258610624636e-05
271.5 8.817376921580074e-05
272.5 8.817376921580074e-05
273.5 0.0001550642148277875
274.5 0.00021435347343841214
275.5 0.00026604154504767465
276.5 0.0003557355516637478
277.5 0.00046671288188363495
278.5 0.000591372348705974
279.5 0.0007509972757345788
280.5 0.0009030210157618214
281.5 0.0011280161510021404
282.5 0.0014046993578517221
283.5 0.0017391515859116558
284.5 0.0021420144969838493
285.5 0.0026254499902704804
286.5 0.003066318836349484
287.5 0.003692656645261724
288.5 0.004182173088149446
289.5 0.004703614516442888
290.5 0.0053162701887526755
291.5 0.005982134170071998
292.5 0.00677265761821366
293.5 0.007467406110138158
294.5 0.007885471395213077
295.5 0.008198640299669196
296.5 0.008428196147110332
297.5 0.0088158566841798
298.5 0.008987643510410587
299.5 0.00894659710060323
300.5 0.00898460303561004
301.5 0.008659272231951743
302.5 0.008108946293053122
303.5 0.007871789258610625
304.5 0.00707822533566842
305.5 0.006651038626191866
306.5 0.006029261529480444
307.5 0.005440929655575015
308.5 0.004607839560225724
309.5 0.004116802879937731
310.5 0.0036090435882467392
311.5 0.0030100700525394044
312.5 0.00238677271842771
313.5 0.001982389569955244
314.5 0.0016099314068885
315.5 0.0012329125316209379
316.5 0.0010033566841798017
317.5 0.0007753210741389375
318.5 0.0006430604203152364
319.5 0.0004758343062852695
320.5 0.00038005935006810664
321.5 0.00030556771745475774
322.5 0.00023259632224168126
323.5 0.00016114516442887721
324.5 0.00011097733021988714
325.5 8.361305701498346e-05
326.5 6.993092041253162e-05
327.5 5.0167834208990076e-05
328.5 3.192498540572096e-05
329.5 1.3682136602451839e-05
330.5 2.1283323603813972e-05
331.5 7.601187001362133e-06
332.5 7.601187001362133e-06
333.5 7.601187001362133e-06
334.5 6.080949601089706e-06
335.5 1.5202374002724266e-06
336.5 3.040474800544853e-06
337.5 0.0
338.5 1.5202374002724266e-06
339.5 0.0
340.5 0.0
341.5 0.0
342.5 0.0
343.5 0.0
344.5 0.0
345.5 0.0
346.5 0.0
347.5 0.0
348.5 0.0
349.5 0.0
350.5 0.0
351.5 0.0
352.5 0.0
353.5 0.0
354.5 0.0
355.5 0.0
356.5 0.0
357.5 0.0
358.5 0.0
359.5 0.0
