0.5 0.0007114711033274958
1.5 0.0007388353765323994
2.5 0.0007236330025296749
3.5 0.000723633002529675
4.5 0.0007114711033274962
5.5 0.0007464365635337616
6.5 0.0007069103911266782
7.5 0.0007661996497373028
8.5 0.0007981246351430238
9.5 0.0008482924693520146
10.5 0.0009136626775637283
11.5 0.000957749562171629
12.5 0.0009820733605759874
13.5 0.0011143340143996894
14.5 0.0011903458844133106
15.5 0.001394057696049816
16.5 0.001404699357851723
17.5 0.0016114516442887726
18.5 0.0020234359797626006
19.5 0.0021450549717843947
20.5 0.002576802393461763
21.5 0.0026756178244794707
22.5 0.003365805604203152
23.5 0.003852281572290329
24.5 0.0045698336252189145
25.5 0.005106477427515076
26.5 0.0058301104300447545
27.5 0.006898837322436273
28.5 0.0076787191087760295
29.5 0.00902716968281767
30.5 0.009949953784783033
31.5 0.011105334208990077
32.5 0.012564762113251611
33.5 0.013242787993773111
34.5 0.014731100408639817
35.5 0.015310310858143607
36.5 0.01597313436466239
37.5 0.01661923525977817
38.5 0.01689591846662775
39.5 0.017019057696049816
40.5 0.01663899834598171
41.5 0.016635957871181162
42.5 0.01601722124927029
43.5 0.015611317863397553
44.5 0.014747823020042815
45.5 0.013943617435298703
46.5 0.01297978692352598
47.5 0.01200227427515081
48.5 0.010827130764740216
49.5 0.01006245135240319
50.5 0.008951157812804053
51.5 0.00820776172407083
52.5 0.007563181066355322
53.5 0.006850189725627555
54.5 0.006064226989686709
55.5 0.00558839268340144
56.5 0.005215934520334697
57.5 0.004702094279042615
58.5 0.0044664574820003885
59.5 0.0040514326717260175
60.5 0.0037230613932671725
61.5 0.0035436733800350267
62.5 0.00333844133099825
63.5 0.003099764059155477
64.5 0.0032365854251799964
65.5 0.0031073652461568405
66.5 0.002914295096322243
67.5 0.002906693909320879
68.5 0.0029249367581241476
69.5 0.002874768923915158
70.5 0.00299486767853668
71.5 0.002839803463708892
72.5 0.002815479665304533
73.5 0.0028169999027048073
74.5 0.0026178488032691178
75.5 0.0026011261918661224
76.5 0.0024779869624440547
77.5 0.0025433571706557695
78.5 0.002367009632224168
79.5 0.0022864370500097287
80.5 0.001993031231757151
81.5 0.0019991121813582404
82.5 0.0017330706363105658
83.5 0.0015521623856781476
84.5 0.0014472660050593507
85.5 0.0012846006032302007
86.5 0.001106732827398327
87.5 0.0009562293247713565
88.5 0.0008270091457482002
89.5 0.0007084306285269507
90.5 0.0006369794707141469
91.5 0.00047735454368554194
92.5 0.0004530307452811831
93.5 0.0003770188752675618
94.5 0.0003025272426542129
95.5 0.00027212249464876435
96.5 0.0002295558474411364
97.5 0.00019307014983459817
98.5 0.0001717868262307842
99.5 0.0001717868262307842
100.5 0.00010945709281961471
101.5 0.00011097733021988714
102.5 0.00010793685541934229
103.5 0.00011249756762015956
104.5 9.577495621716287e-05
105.5 9.425471881689045e-05
106.5 9.425471881689045e-05
107.5 5.4728546409807356e-05
108.5 8.513329441525589e-05
109.5 7.145115781280405e-05
110.5 6.080949601089706e-05
111.5 7.905234481416618e-05
112.5 8.209281961471103e-05
113.5 5.624878381007978e-05
114.5 6.384997081144192e-05
115.5 5.0167834208990076e-05
116.5 6.080949601089706e-05
117.5 5.0167834208990076e-05
118.5 4.5607122008172797e-05
119.5 4.712735940844522e-05
120.5 5.776902121035221e-05
121.5 5.320830900953493e-05
122.5 5.16880716092625e-05
123.5 4.5607122008172797e-05
124.5 4.712735940844522e-05
125.5 5.320830900953493e-05
126.5 5.320830900953493e-05
127.5 4.712735940844522e-05
128.5 6.232973341116949e-05
129.5 6.993092041253162e-05
130.5 6.232973341116949e-05
131.5 6.993092041253162e-05
132.5 8.969400661607317e-05
133.5 8.665353181552831e-05
134.5 9.425471881689045e-05
135.5 9.577495621716287e-05
136.5 7.145115781280405e-05
137.5 8.969400661607317e-05
138.5 0.00010185590581825258
139.5 9.425471881689045e-05
140.5 0.00011401780502043199
141.5 0.0001368213660245184
142.5 0.00011705827982097684
143.5 0.00013378089122397354
144.5 0.00012313922942206655
145.5 0.00013378089122397354
146.5 0.00012465946682233898
147.5 0.00013834160342479082
148.5 0.00011857851722124927
149.5 0.0001322606538237011
150.5 0.00010641661801906986
151.5 0.00012465946682233898
152.5 0.00012161899202179412
153.5 9.121424401634559e-05
154.5 0.00010033566841798015
155.5 8.057258221443861e-05
156.5 6.537020821171434e-05
157.5 5.776902121035221e-05
158.5 5.776902121035221e-05
159.5 3.496546020626581e-05
160.5 3.3445222805993384e-05
161.5 5.16880716092625e-05
162.5 2.1283323603813972e-05
163.5 1.9763086203541545e-05
164.5 1.2161899202179412e-05
165.5 1.0641661801906986e-05
166.5 1.5202374002724266e-05
167.5 9.12142440163456e-06
168.5 1.5202374002724266e-06
169.5 7.601187001362133e-06
170.5 7.601187001362133e-06
171.5 3.040474800544853e-06
172.5 4.56071220081728e-06
173.5 6.080949601089706e-06
174.5 1.5202374002724266e-06
175.5 1.5202374002724266e-06
176.5 1.5202374002724266e-06
177.5 0.0
178.5 3.040474800544853e-06
179.5 1.5202374002724266e-06
180.5 0.0
181.5 0.0
182.5 0.0
183.5 0.0
184.5 6.080949601089706e-06
185.5 1.5202374002724266e-06
186.5 1.5202374002724266e-06
187.5 3.040474800544853e-06
188.5 3.040474800544853e-06
189.5 1.5202374002724266e-06
190.5 1.5202374002724266e-06
191.5 1.0641661801906986e-05
192.5 4.56071220081728e-06
193.5 1.0641661801906986e-05
194.5 1.5202374002724266e-05
195.5 6.080949601089706e-06
196.5 2.8884510605176105e-05
197.5 1.6722611402996692e-05
198.5 3.648569760653824e-05
199.5 3.192498540572096e-05
200.5 3.3445222805993384e-05
201.5 5.0167834208990076e-05
202.5 4.864759680871765e-05
203.5 6.689044561198677e-05
204.5 7.44916326133489e-05
205.5 8.361305701498346e-05
206.5 7.145115781280405e-05
207.5 8.209281961471103e-05
208.5 7.601187001362133e-05
209.5 9.425471881689045e-05
210.5 0.00010185590581825258
211.5 7.44916326133489e-05
212.5 9.121424401634559e-05
213.5 7.753210741389375e-05
214.5 7.753210741389375e-05
215.5 7.297139521307647e-05
216.5 6.537020821171434e-05
217.5 8.969400661607317e-05
218.5 5.4728546409807356e-05
219.5 5.9289258610624636e-05
220.5 5.4728546409807356e-05
221.5 5.9289258610624636e-05
222.5 4.864759680871765e-05
223.5 3.8005935006810664e-05
224.5 5.9289258610624636e-05
225.5 4.5607122008172797e-05
226.5 4.104640980735552e-05
227.5 3.192498540572096e-05
228.5 2.8884510605176105e-05
229.5 3.496546020626581e-05
230.5 5.0167834208990076e-05
231.5 3.496546020626581e-05
232.5 3.3445222805993384e-05
233.5 2.584403580463125e-05
234.5 3.952617240708309e-05
235.5 4.2566647207627943e-05
236.5 3.040474800544853e-05
237.5 2.8884510605176105e-05
238.5 5.320830900953493e-05
239.5 3.192498540572096e-05
240.5 3.496546020626581e-05
241.5 7.297139521307647e-05
242.5 3.952617240708309e-05
243.5 5.320830900953493e-05
244.5 5.9289258610624636e-05
245.5 6.84106830122592e-05
246.5 7.145115781280405e-05
247.5 7.44916326133489e-05
248.5 8.969400661607317e-05
249.5 8.817376921580074e-05
250.5 0.00010489638061879743
251.5 0.00010945709281961471
252.5 0.00012922017902315626
253.5 0.00014594279042615295
254.5 0.00017938801323214633
255.5 0.00017330706363105663
256.5 0.00020523204903677758
257.5 0.00019611062463514303
258.5 0.00023563679704222612
259.5 0.00031316890445611987
260.5 0.00035117483946293053
261.5 0.0003663772134656548
262.5 0.00041958552247518973
263.5 0.0005427247518972563
264.5 0.0006384997081144192
265.5 0.0008361305701498347
266.5 0.0009972757345787118
267.5 0.0012602768048258417
268.5 0.0014335838684568986
269.5 0.0016737813776999417
270.5 0.002175459719789843
271.5 0.002573761918661218
272.5 0.0030419950379451267
273.5 0.0033870889278069657
274.5 0.003925252967503406
275.5 0.00439196584938704
276.5 0.004963575111889472
277.5 0.005481976065382371
278.5 0.005903081825257833
279.5 0.006353072095738472
280.5 0.0068319468768242835
281.5 0.007295619283907373
282.5 0.007476527534539793
283.5 0.007447643023934621
284.5 0.007587504864759682
285.5 0.007569262015956412
286.5 0.007398995427125897
287.5 0.0073260240319128235
288.5 0.007239370500097295
289.5 0.006879074236232729
290.5 0.006724010021404943
291.5 0.006492933936563534
292.5 0.006178244794707141
293.5 0.005921324674061101
294.5 0.005547346273594084
295.5 0.005497178439385096
296.5 0.005260021404942597
297.5 0.005107997664915353
298.5 0.005076072679509633
299.5 0.005042627456703639
300.5 0.005000060809496009
301.5 0.005188570247129792
302.5 0.004889083479276125
303.5 0.005138402412920805
304.5 0.0052630618797431415
305.5 0.0054211665693714725
306.5 0.005722173574625414
307.5 0.005973012745670363
308.5 0.006245135240319128
309.5 0.0065826279431796045
310.5 0.006888195660634364
311.5 0.007210485989492117
312.5 0.007976685639229422
313.5 0.008397791399104886
314.5 0.00890707092819615
315.5 0.00967935152753454
316.5 0.009994040669390932
317.5 0.010427308328468575
318.5 0.01066446536291107
319.5 0.01098675569176883
320.5 0.011228473438412141
321.5 0.01140330073944348
322.5 0.011176785366802885
323.5 0.01107492946098463
324.5 0.01094874975676202
325.5 0.010918345008756568
326.5 0.009893705000972948
327.5 0.009506044463903487
328.5 0.008724642440163454
329.5 0.008236646234676008
330.5 0.007505412045144971
331.5 0.006584148180579881
332.5 0.005883318739054293
333.5 0.005310189239151585
334.5 0.004664088344035803
335.5 0.004039270772523838
336.5 0.003639448336252189
337.5 0.003192498540572096
338.5 0.0027257856586884615
339.5 0.0024354203152364274
340.5 0.0021222514107803077
341.5 0.0019246205487448921
342.5 0.001695064701303756
343.5 0.0014700695660634366
344.5 0.0012739589414282936
345.5 0.0012161899202179415
346.5 0.0011401780502043202
347.5 0.0010945709281961476
348.5 0.000941026950768632
349.5 0.0008954198287604593
350.5 0.000904541253162094
351.5 0.0008178877213465658
352.5 0.0007814020237400272
353.5 0.000719072290328858
354.5 0.0007540377505351236
355.5 0.0007403556139326717
356.5 0.0007418758513329442
357.5 0.0007251532399299471
358.5 0.0007053901537264064
359.5 0.0006795461179217748
