0.5 0.0
1.5 0.0
2.5 1.5202374002724266e-06
3.5 1.5202374002724266e-06
4.5 1.5202374002724266e-06
5.5 1.5202374002724266e-06
6.5 3.040474800544853e-06
7.5 1.5202374002724266e-06
8.5 0.0
9.5 0.0
10.5 0.0
11.5 0.0
12.5 4.56071220081728e-06
13.5 1.5202374002724266e-06
14.5 0.0
15.5 0.0
16.5 1.5202374002724266e-06
17.5 0.0
18.5 1.5202374002724266e-06
19.5 1.5202374002724266e-06
20.5 4.56071220081728e-06
21.5 1.5202374002724266e-06
22.5 4.56071220081728e-06
23.5 6.080949601089706e-06
24.5 7.601187001362133e-06
25.5 1.5202374002724266e-05
26.5 7.601187001362133e-06
27.5 1.3682136602451839e-05
28.5 1.3682136602451839e-05
29.5 2.1283323603813972e-05
30.5 3.8005935006810664e-05
31.5 4.5607122008172797e-05
32.5 6.384997081144192e-05
33.5 6.232973341116949e-05
34.5 6.84106830122592e-05
35.5 9.72951936174353e-05
36.5 0.00012769994162288383
37.5 0.00016114516442887721
38.5 0.00019002967503405332
39.5 0.00025387964584549523
40.5 0.00027668320684958163
41.5 0.00034053317766102355
42.5 0.0004013426736719206
43.5 0.00044847003308036583
44.5 0.000527522377894532
45.5 0.0005792104495037944
46.5 0.0007342746643315819
47.5 0.0007920436855419343
48.5 0.0009243043393656351
49.5 0.0010276804825841606
50.5 0.0011492994746059538
51.5 0.001430543393656353
52.5 0.0015141564506713362
53.5 0.0016722611402996703
54.5 0.0018972562755399881
55.5 0.001926140786145165
56.5 0.002134413309982487
57.5 0.00237461081922553
58.5 0.002468865538042421
59.5 0.0026163285658688464
60.5 0.0027941963417007195
61.5 0.002874768923915159
62.5 0.00303135337614322
63.5 0.0031438509437633783
64.5 0.0032365854251799947
65.5 0.003233544950379452
66.5 0.0032411461373808136
67.5 0.0033764472660050586
68.5 0.003350603230200429
69.5 0.003367325841603426
70.5 0.003419013913212687
71.5 0.0032609092235843557
72.5 0.0031894580657715484
73.5 0.003034393850943763
74.5 0.002845884413309983
75.5 0.0027090630472854644
76.5 0.002737947557890639
77.5 0.0026026464292663947
78.5 0.0024551834014399695
79.5 0.002363969157423624
80.5 0.0022757953882078233
81.5 0.0020203955049620543
82.5 0.0018410074917299087
83.5 0.001634255205292859
84.5 0.001625133780891223
85.5 0.0015643242848803274
86.5 0.0012511553804242068
87.5 0.0012526756178244801
88.5 0.0010869697411947845
89.5 0.000980553123175715
90.5 0.001001836446779529
91.5 0.0008178877213465658
92.5 0.0007570782253356687
93.5 0.0006932282545242265
94.5 0.0006415401829149643
95.5 0.0005123200038918078
96.5 0.0005229616656937147
97.5 0.0004591116948822728
98.5 0.00044999027048063826
99.5 0.0003830998248686515
100.5 0.0003678974508659272
101.5 0.0003146891418563923
102.5 0.0003253308036582993
103.5 0.0002964462930531232
104.5 0.00024779869624440553
105.5 0.0002858046312512162
106.5 0.00024323798404358825
107.5 0.0002523594084452228
108.5 0.00021435347343841214
109.5 0.0001885094376337809
110.5 0.00016114516442887721
111.5 0.00016266540182914964
112.5 0.00015810468962833236
113.5 0.0001550642148277875
114.5 0.00015202374002724266
115.5 0.00014138207822533567
116.5 0.00011401780502043199
117.5 0.00015354397742751508
118.5 0.0001596249270286048
119.5 0.0001550642148277875
120.5 0.00014746302782642538
121.5 0.00017026658883051177
122.5 0.00013530112862424596
123.5 0.0001200987546215217
124.5 0.00015658445222805993
125.5 0.00014746302782642538
126.5 0.00018090825063241876
127.5 0.00019763086203541545
128.5 0.0001839487254329636
129.5 0.00019763086203541545
130.5 0.00022499513524031913
131.5 0.0002569201206460401
132.5 0.0002401975092430434
133.5 0.00028276415645067134
134.5 0.00037397840046701693
135.5 0.00039222124927028605
136.5 0.00047127359408445223
137.5 0.000495597392488811
138.5 0.0005275223778945321
139.5 0.0006521818447168709
140.5 0.0006917080171239542
141.5 0.0007281937147304923
142.5 0.0008817376921580076
143.5 0.000948628137769994
144.5 0.001167542323409224
145.5 0.001316525588635921
146.5 0.001500474314068884
147.5 0.0016722611402996686
148.5 0.0019078979373418944
149.5 0.0022028239929947468
150.5 0.002578322630862035
151.5 0.002753149931893364
152.5 0.0031940187779723695
153.5 0.003520869819030941
154.5 0.004055993383926833
155.5 0.004753782350651874
156.5 0.005133841700719984
157.5 0.005959330609067911
158.5 0.00639867921774664
159.5 0.007284977622105468
160.5 0.00802077252383732
161.5 0.008878186417590972
162.5 0.009422431406888502
163.5 0.010451632126872933
164.5 0.011838088635921385
165.5 0.012511553804242067
166.5 0.013121169001751315
167.5 0.01430391369916326
168.5 0.015279906110138167
169.5 0.016248297334111695
170.5 0.017160439774275157
171.5 0.01789015372640592
172.5 0.018598584354932876
173.5 0.019562414866705586
174.5 0.02024044074722708
175.5 0.020888061879743142
176.5 0.02140950330803658
177.5 0.021471833041447758
178.5 0.02142470568203931
179.5 0.021961349484335483
180.5 0.02193550544853084
181.5 0.02173027339949407
182.5 0.021581290134267368
183.5 0.02117842722319517
184.5 0.020886541642342868
185.5 0.019948555166374782
186.5 0.019638426736719207
187.5 0.01871564263475383
188.5 0.01802697509243042
189.5 0.017221249270286038
190.5 0.015964012940260747
191.5 0.015626520237400274
192.5 0.014252225627553999
193.5 0.013498187877018872
194.5 0.01254195855224752
195.5 0.011342491243432576
196.5 0.010699430823117336
197.5 0.009752322922747613
198.5 0.008732243627164817
199.5 0.008037495135240321
200.5 0.0071435955438801275
201.5 0.006638876726989688
202.5 0.005880278264253749
203.5 0.005194651196730882
204.5 0.004714256178244794
205.5 0.004093999318933644
206.5 0.0037641078030745292
207.5 0.0032305044755789065
208.5 0.002858046312512163
209.5 0.002534235746254137
210.5 0.002221066841798015
211.5 0.0019656669585522476
212.5 0.0017513134851138347
213.5 0.0014563874294609852
214.5 0.001270918466627748
215.5 0.0012359530064214826
216.5 0.0009775126483751707
217.5 0.0009212638645650907
218.5 0.0008802174547577351
219.5 0.0007069103911266782
220.5 0.0005807306869040668
221.5 0.0005974532983070634
222.5 0.0005062390542907181
223.5 0.00044847003308036583
224.5 0.00035877602646429267
225.5 0.00035725578906402024
226.5 0.0003146891418563923
227.5 0.00025387964584549523
228.5 0.0002873248686514886
229.5 0.0002341165596419537
230.5 0.0002234748978400467
231.5 0.00019915109943568788
232.5 0.00020675228643705
233.5 0.00015050350262697023
234.5 0.00017026658883051177
235.5 0.00019763086203541545
236.5 0.00017482730103132905
237.5 0.00015658445222805993
238.5 0.00015658445222805993
239.5 0.00014594279042615295
240.5 0.00014746302782642538
241.5 0.00014594279042615295
242.5 0.00015354397742751508
243.5 0.0001550642148277875
244.5 0.00015354397742751508
245.5 0.0001596249270286048
246.5 0.00016266540182914964
247.5 0.00017938801323214633
248.5 0.0001839487254329636
249.5 0.00019154991243432575
250.5 0.00020979276123759486
251.5 0.00023715703444249854
252.5 0.00023259632224168126
253.5 0.0002508391710449504
254.5 0.0002736427320490368
255.5 0.0002918855808523059
256.5 0.00029948676785366803
257.5 0.0003390129402607511
258.5 0.00038005935006810664
259.5 0.000424146234676007
260.5 0.0004575914574820004
261.5 0.0004393486086787313
262.5 0.0005092795290912628
263.5 0.0005792104495037948
264.5 0.0006369794707141473
265.5 0.0006567425569176887
266.5 0.0007205925277291306
267.5 0.0007874829733411172
268.5 0.0008832579295582803
269.5 0.0009395067133683596
270.5 0.0010611257053901536
271.5 0.0010854495037945125
272.5 0.001194906596614128
273.5 0.0013256470130375555
274.5 0.0013575719984432774
275.5 0.001584087371083868
276.5 0.0017376313485113833
277.5 0.0019823895699552442
278.5 0.0021100895115781283
279.5 0.002260593014205097
280.5 0.0023776512940260745
281.5 0.002500790523448141
282.5 0.002678658299280016
283.5 0.002851965362911072
284.5 0.0028945320101186997
285.5 0.0030526366997470317
286.5 0.003242666374781086
287.5 0.0032624294609846275
288.5 0.003260909223584355
289.5 0.003434216287215411
290.5 0.0034311758124148666
291.5 0.0033521234676007006
292.5 0.0034038115392099623
293.5 0.003406852014010509
294.5 0.0032730711227865346
295.5 0.0032837127845884405
296.5 0.003114966433158203
297.5 0.00297662482973341
298.5 0.0030374343257443077
299.5 0.002847404650710255
300.5 0.002657374975676201
301.5 0.002528154796653045
302.5 0.002446061977038334
303.5 0.0022788358630083686
304.5 0.001991510994356879
305.5 0.0018364467795290913
306.5 0.001757394434714926
307.5 0.0016403361548939482
308.5 0.0014503064798598946
309.5 0.001219230395018486
310.5 0.0011264959136018677
311.5 0.001007917396380619
312.5 0.0008118067717454759
313.5 0.0007297139521307645
314.5 0.0006765056431212297
315.5 0.0005412045144969839
316.5 0.0004651926444833625
317.5 0.0003709379256664721
318.5 0.000310128429655575
319.5 0.0002569201206460401
320.5 0.00020371181163650516
321.5 0.00019154991243432575
322.5 0.0001778677758318739
323.5 0.00011705827982097684
324.5 9.577495621716287e-05
325.5 7.44916326133489e-05
326.5 6.080949601089706e-05
327.5 5.624878381007978e-05
328.5 4.712735940844522e-05
329.5 2.7364273204903678e-05
330.5 3.040474800544853e-05
331.5 2.7364273204903678e-05
332.5 1.9763086203541545e-05
333.5 1.3682136602451839e-05
334.5 1.5202374002724266e-05
335.5 1.9763086203541545e-05
336.5 1.0641661801906986e-05
337.5 4.56071220081728e-06
338.5 4.56071220081728e-06
339.5 3.040474800544853e-06
340.5 4.56071220081728e-06
341.5 3.040474800544853e-06
342.5 3.040474800544853e-06
343.5 0.0
344.5 1.5202374002724266e-06
345.5 3.040474800544853e-06
346.5 1.5202374002724266e-06
347.5 1.5202374002724266e-06
348.5 0.0
349.5 3.040474800544853e-06
350.5 0.0
351.5 0.0
352.5 0.0
353.5 0.0
354.5 0.0
355.5 1.5202374002724266e-06
356.5 0.0
357.5 0.0
358.5 0.0
359.5 0.0
