0.5 1.5202374002724266e-06
1.5 0.0
2.5 1.5202374002724266e-06
3.5 3.040474800544853e-06
4.5 1.5202374002724266e-06
5.5 0.0
6.5 3.040474800544853e-06
7.5 0.0
8.5 1.5202374002724266e-06
9.5 1.5202374002724266e-06
10.5 0.0
11.5 4.56071220081728e-06
12.5 1.5202374002724266e-06
13.5 1.5202374002724266e-06
14.5 4.56071220081728e-06
15.5 9.12142440163456e-06
16.5 4.56071220081728e-06
17.5 3.040474800544853e-06
18.5 6.080949601089706e-06
19.5 0.0
20.5 4.56071220081728e-06
21.5 6.080949601089706e-06
22.5 6.080949601089706e-06
23.5 6.080949601089706e-06
24.5 0.0
25.5 6.080949601089706e-06
26.5 3.040474800544853e-06
27.5 6.080949601089706e-06
28.5 3.040474800544853e-06
29.5 9.12142440163456e-06
30.5 6.080949601089706e-06
31.5 4.56071220081728e-06
32.5 1.5202374002724266e-06
33.5 6.080949601089706e-06
34.5 1.0641661801906986e-05
35.5 4.56071220081728e-06
36.5 9.12142440163456e-06
37.5 7.601187001362133e-06
38.5 7.601187001362133e-06
39.5 6.080949601089706e-06
40.5 7.601187001362133e-06
41.5 9.12142440163456e-06
42.5 9.12142440163456e-06
43.5 4.56071220081728e-06
44.5 1.0641661801906986e-05
45.5 1.6722611402996692e-05
46.5 1.824284880326912e-05
47.5 9.12142440163456e-06
48.5 1.0641661801906986e-05
49.5 1.2161899202179412e-05
50.5 9.12142440163456e-06
51.5 1.5202374002724266e-05
52.5 1.5202374002724266e-05
53.5 1.6722611402996692e-05
54.5 1.2161899202179412e-05
55.5 6.080949601089706e-06
56.5 1.2161899202179412e-05
57.5 9.12142440163456e-06
58.5 2.1283323603813972e-05
59.5 1.5202374002724266e-05
60.5 1.6722611402996692e-05
61.5 2.1283323603813972e-05
62.5 7.601187001362133e-06
63.5 2.1283323603813972e-05
64.5 9.12142440163456e-06
65.5 1.2161899202179412e-05
66.5 1.824284880326912e-05
67.5 1.5202374002724266e-05
68.5 1.6722611402996692e-05
69.5 1.3682136602451839e-05
70.5 2.2803561004086398e-05
71.5 2.4323798404358825e-05
72.5 1.824284880326912e-05
73.5 3.040474800544853e-05
74.5 4.2566647207627943e-05
75.5 4.2566647207627943e-05
76.5 5.776902121035221e-05
77.5 5.9289258610624636e-05
78.5 3.952617240708309e-05
79.5 5.9289258610624636e-05
80.5 6.080949601089706e-05
81.5 8.361305701498346e-05
82.5 8.513329441525589e-05
83.5 0.00010489638061879743
84.5 9.273448141661802e-05
85.5 0.00011553804242070442
86.5 0.00012465946682233898
87.5 0.00011097733021988714
88.5 0.00011401780502043199
89.5 8.817376921580074e-05
90.5 0.00011705827982097684
91.5 0.00013074041642342868
92.5 0.00011553804242070442
93.5 0.00010793685541934229
94.5 8.817376921580074e-05
95.5 0.0001200987546215217
96.5 8.513329441525589e-05
97.5 8.057258221443861e-05
98.5 8.513329441525589e-05
99.5 9.881543101770773e-05
100.5 0.00010945709281961471
101.5 6.84106830122592e-05
102.5 8.665353181552831e-05
103.5 9.72951936174353e-05
104.5 0.00012769994162288383
105.5 0.00011249756762015956
106.5 0.00016874635143023935
107.5 0.00021891418563922942
108.5 0.0002341165596419537
109.5 0.0002751629694493092
110.5 0.0003724581630667445
111.5 0.0004591116948822728
112.5 0.0005351235648958941
113.5 0.0007069103911266788
114.5 0.0007677198871375755
115.5 0.000947107900369722
116.5 0.001135617338003503
117.5 0.0012800398910293833
118.5 0.0016874635143023936
119.5 0.0017239492119089316
120.5 0.0020127943179606934
121.5 0.0021876216189920224
122.5 0.002543357170655769
123.5 0.002774433255497178
124.5 0.003022231951741584
125.5 0.003397730589608874
126.5 0.0035664769410391124
127.5 0.0038249172990854246
128.5 0.004089438606732827
129.5 0.004255144483362521
130.5 0.004373723000583771
131.5 0.004791788285658688
132.5 0.004823713271064408
133.5 0.005114078614516442
134.5 0.005599034345203347
135.5 0.005620317668807162
136.5 0.005807306869040668
137.5 0.006073348414088344
138.5 0.006433644677952911
139.5 0.006678402899396771
140.5 0.0071283931698774075
141.5 0.007570782253356687
142.5 0.007725846468184474
143.5 0.008384109262502432
144.5 0.008583260361938122
145.5 0.0090089268340144
146.5 0.009656547966530453
147.5 0.010375620256859312
148.5 0.010824090289939673
149.5 0.011752955341506131
150.5 0.012221188460790035
151.5 0.013083163066744506
152.5 0.01389344960108971
153.5 0.014367763669974705
154.5 0.015281426347538431
155.5 0.016108435493286628
156.5 0.01704490173185445
157.5 0.017706205000972947
158.5 0.01792815966141273
159.5 0.018580341506129593
160.5 0.01939974946487644
161.5 0.019568495816306666
162.5 0.019855820684958163
163.5 0.01974332311733801
164.5 0.020351418077446965
165.5 0.0202784466822339
166.5 0.02022675861062464
167.5 0.02021611694882273
168.5 0.019875583771161717
169.5 0.019641467211519756
170.5 0.019525929169099055
171.5 0.019034892488811045
172.5 0.01855145699552442
173.5 0.018396392780696644
174.5 0.017897754913407282
175.5 0.01717716238567815
176.5 0.017174121910877603
177.5 0.016678524518388794
178.5 0.016105395018486093
179.5 0.015740538042420708
180.5 0.015434970324965951
181.5 0.01548209768437439
182.5 0.015059471687098659
183.5 0.01439360770577933
184.5 0.014249185152753453
185.5 0.013894969838489984
186.5 0.013441939093208795
187.5 0.013001070247129801
188.5 0.012514594279042626
189.5 0.01207676590776416
190.5 0.011553804242070446
191.5 0.011187427028604785
192.5 0.010460753551274573
193.5 0.009740161023545434
194.5 0.009331217162872153
195.5 0.008721601965362912
196.5 0.008221443860673283
197.5 0.007610308425763765
198.5 0.006859311150029188
199.5 0.006305944736330027
200.5 0.005396842770967114
201.5 0.005165766686125705
202.5 0.004461896769799571
203.5 0.003935894629305313
204.5 0.003589280502043197
205.5 0.0031332092819614703
206.5 0.0026862594862813783
207.5 0.002382212006226892
208.5 0.0020872859505740413
209.5 0.00177259680871765
210.5 0.0014487862424596228
211.5 0.001330207725238374
212.5 0.0010915304533956024
213.5 0.0010337614321852503
214.5 0.0008695757929558282
215.5 0.0007038699163261338
216.5 0.0006141759097100603
217.5 0.0004879962054874489
218.5 0.00045455098268145554
219.5 0.0003891807744697412
220.5 0.0002812439190503989
221.5 0.0002736427320490368
222.5 0.00020675228643705
223.5 0.0001885094376337809
224.5 0.00015810468962833236
225.5 0.00010945709281961471
226.5 0.00015050350262697023
227.5 0.00011705827982097684
228.5 9.577495621716287e-05
229.5 9.881543101770773e-05
230.5 5.9289258610624636e-05
231.5 6.080949601089706e-05
232.5 5.9289258610624636e-05
233.5 4.712735940844522e-05
234.5 4.408688460790037e-05
235.5 4.5607122008172797e-05
236.5 3.3445222805993384e-05
237.5 2.7364273204903678e-05
238.5 3.496546020626581e-05
239.5 3.040474800544853e-05
240.5 2.8884510605176105e-05
241.5 2.1283323603813972e-05
242.5 3.192498540572096e-05
243.5 2.2803561004086398e-05
244.5 2.2803561004086398e-05
245.5 1.9763086203541545e-05
246.5 1.0641661801906986e-05
247.5 2.2803561004086398e-05
248.5 1.6722611402996692e-05
249.5 1.6722611402996692e-05
250.5 2.2803561004086398e-05
251.5 1.3682136602451839e-05
252.5 1.9763086203541545e-05
253.5 3.192498540572096e-05
254.5 1.6722611402996692e-05
255.5 1.9763086203541545e-05
256.5 1.3682136602451839e-05
257.5 2.1283323603813972e-05
258.5 1.824284880326912e-05
259.5 1.2161899202179412e-05
260.5 1.6722611402996692e-05
261.5 1.9763086203541545e-05
262.5 1.0641661801906986e-05
263.5 2.1283323603813972e-05
264.5 1.9763086203541545e-05
265.5 2.1283323603813972e-05
266.5 2.584403580463125e-05
267.5 1.824284880326912e-05
268.5 1.5202374002724266e-05
269.5 1.0641661801906986e-05
270.5 7.601187001362133e-06
271.5 1.3682136602451839e-05
272.5 6.080949601089706e-06
273.5 6.080949601089706e-06
274.5 4.56071220081728e-06
275.5 9.12142440163456e-06
276.5 6.080949601089706e-06
277.5 7.601187001362133e-06
278.5 7.601187001362133e-06
279.5 3.040474800544853e-06
280.5 1.5202374002724266e-06
281.5 7.601187001362133e-06
282.5 7.601187001362133e-06
283.5 7.601187001362133e-06
284.5 9.12142440163456e-06
285.5 7.601187001362133e-06
286.5 9.12142440163456e-06
287.5 7.601187001362133e-06
288.5 1.5202374002724266e-05
289.5 1.2161899202179412e-05
290.5 7.601187001362133e-06
291.5 1.3682136602451839e-05
292.5 1.824284880326912e-05
293.5 1.0641661801906986e-05
294.5 2.8884510605176105e-05
295.5 1.9763086203541545e-05
296.5 1.9763086203541545e-05
297.5 3.040474800544853e-05
298.5 1.3682136602451839e-05
299.5 2.8884510605176105e-05
300.5 2.584403580463125e-05
301.5 3.192498540572096e-05
302.5 3.496546020626581e-05
303.5 3.3445222805993384e-05
304.5 3.952617240708309e-05
305.5 3.3445222805993384e-05
306.5 2.8884510605176105e-05
307.5 3.8005935006810664e-05
308.5 3.040474800544853e-05
309.5 2.1283323603813972e-05
310.5 1.9763086203541545e-05
311.5 2.4323798404358825e-05
312.5 2.8884510605176105e-05
313.5 3.3445222805993384e-05
314.5 2.1283323603813972e-05
315.5 1.0641661801906986e-05
316.5 7.601187001362133e-06
317.5 9.12142440163456e-06
318.5 1.6722611402996692e-05
319.5 1.6722611402996692e-05
320.5 1.0641661801906986e-05
321.5 9.12142440163456e-06
322.5 7.601187001362133e-06
323.5 1.2161899202179412e-05
324.5 9.12142440163456e-06
325.5 4.56071220081728e-06
326.5 9.12142440163456e-06
327.5 7.601187001362133e-06
328.5 7.601187001362133e-06
329.5 4.56071220081728e-06
330.5 0.0
331.5 4.56071220081728e-06
332.5 1.5202374002724266e-06
333.5 1.5202374002724266e-06
334.5 0.0
335.5 0.0
336.5 1.5202374002724266e-06
337.5 1.5202374002724266e-06
338.5 3.040474800544853e-06
339.5 1.5202374002724266e-06
340.5 0.0
341.5 1.5202374002724266e-06
342.5 3.040474800544853e-06
343.5 3.040474800544853e-06
344.5 0.0
345.5 3.040474800544853e-06
346.5 4.56071220081728e-06
347.5 1.5202374002724266e-06
348.5 0.0
349.5 0.0
350.5 3.040474800544853e-06
351.5 0.0
352.5 4.56071220081728e-06
353.5 1.5202374002724266e-06
354.5 1.5202374002724266e-06
355.5 0.0
356.5 0.0
357.5 4.56071220081728e-06
358.5 4.56071220081728e-06
359.5 0.0
