0.5 0.0
1.5 0.0
2.5 0.0
3.5 4.56071220081728e-06
4.5 0.0
5.5 0.0
6.5 0.0
7.5 0.0
8.5 1.5202374002724266e-06
9.5 0.0
10.5 0.0
11.5 1.5202374002724266e-06
12.5 0.0
13.5 0.0
14.5 3.040474800544853e-06
15.5 3.040474800544853e-06
16.5 0.0
17.5 4.56071220081728e-06
18.5 1.5202374002724266e-06
19.5 3.040474800544853e-06
20.5 4.56071220081728e-06
21.5 1.0641661801906986e-05
22.5 7.601187001362133e-06
23.5 1.2161899202179412e-05
24.5 1.0641661801906986e-05
25.5 9.12142440163456e-06
26.5 2.1283323603813972e-05
27.5 1.824284880326912e-05
28.5 2.7364273204903678e-05
29.5 4.408688460790037e-05
30.5 3.3445222805993384e-05
31.5 5.320830900953493e-05
32.5 5.624878381007978e-05
33.5 8.817376921580074e-05
34.5 9.881543101770773e-05
35.5 0.00010185590581825258
36.5 0.00016418563922942207
37.5 0.00020371181163650516
38.5 0.00019002967503405332
39.5 0.0002812439190503989
40.5 0.00027820344424985406
41.5 0.0003542153142634754
42.5 0.000434787896477914
43.5 0.0004393486086787313
44.5 0.0006080949601089706
45.5 0.0006673842187195952
46.5 0.000781402023740027
47.5 0.0008969400661607318
48.5 0.0010565649931893366
49.5 0.0011660220860089513
50.5 0.001351491048842186
51.5 0.0014989540766686116
52.5 0.001723949211908931
53.5 0.0018470884413309989
54.5 0.002062962152169683
55.5 0.002240829928001556
56.5 0.0025494381202568568
57.5 0.0026482535512745674
58.5 0.002736427320490368
59.5 0.0028838903483167913
60.5 0.003143850943763378
61.5 0.0031423307063631056
62.5 0.003279152072387624
63.5 0.0034068520140105095
64.5 0.0036044828760459224
65.5 0.0037108994940649944
66.5 0.003716980443666083
67.5 0.0036713733216579077
68.5 0.0037367435298696233
69.5 0.003730662580268536
70.5 0.0034935055458260346
71.5 0.0034950257832263095
72.5 0.003481343646623856
73.5 0.0033414818057987943
74.5 0.003152972368165011
75.5 0.002976624829733411
76.5 0.002997908153337225
77.5 0.002736427320490369
78.5 0.0025144726600505947
79.5 0.0024612643510410594
80.5 0.0021921823311928396
81.5 0.0021404942595835766
82.5 0.0020371181163650505
83.5 0.0018075622689239152
84.5 0.0017315503989102938
85.5 0.0015323992994746053
86.5 0.0014351041058571698
87.5 0.0012891613154310173
88.5 0.001097611402996692
89.5 0.0010580852305896089
90.5 0.0009592697995719011
91.5 0.0008832579295582797
92.5 0.000798124635143024
93.5 0.0007631591749367582
94.5 0.0006597830317182334
95.5 0.0006065747227086984
96.5 0.0005640080755010704
97.5 0.000524481903093987
98.5 0.0004575914574820004
99.5 0.000424146234676007
100.5 0.00036485697606538237
101.5 0.00038157958746837906
102.5 0.0003253308036582993
103.5 0.0003192498540572096
104.5 0.0003086081922553026
105.5 0.0002523594084452228
106.5 0.00022499513524031913
107.5 0.0002630010702471298
108.5 0.00021587371083868457
109.5 0.00014594279042615295
110.5 0.00017634753843160148
111.5 0.00017938801323214633
112.5 0.00016266540182914964
113.5 0.00015354397742751508
114.5 0.00016418563922942207
115.5 0.0001596249270286048
116.5 0.0001429023156256081
117.5 0.00016266540182914964
118.5 0.0001429023156256081
119.5 0.00015202374002724266
120.5 0.00016418563922942207
121.5 0.0001429023156256081
122.5 0.00013834160342479082
123.5 0.00013530112862424596
124.5 0.00016418563922942207
125.5 0.0001945903872348706
126.5 0.00018698920023350847
127.5 0.0001550642148277875
128.5 0.00018090825063241876
129.5 0.00022043442303950185
130.5 0.00026148083284685737
131.5 0.0002508391710449504
132.5 0.00030100700525394046
133.5 0.00031164866705584744
134.5 0.0003192498540572096
135.5 0.00040438314847246546
136.5 0.00042718670947655186
137.5 0.0004803950184860868
138.5 0.0005244819030939874
139.5 0.0006217770967114225
140.5 0.0007327544269313095
141.5 0.0007616389375364858
142.5 0.0009440674255691766
143.5 0.0010808887915936957
144.5 0.0011508197120062274
145.5 0.0012982827398326522
146.5 0.0014548671920607131
147.5 0.0016540182914963992
148.5 0.0019398229227476165
149.5 0.002216506129597198
150.5 0.0024734262502432384
151.5 0.0028002772913018085
152.5 0.003121047382759291
153.5 0.0034418174742167733
154.5 0.004016467211519749
155.5 0.004539428877213465
156.5 0.004963575111889474
157.5 0.0055883926834014415
158.5 0.006287701887526758
159.5 0.00687755399883246
160.5 0.007833783323603816
161.5 0.008599982973341113
162.5 0.009337298112473249
163.5 0.010241839365635337
164.5 0.011371375754037752
165.5 0.012070684958163064
166.5 0.013109007102549131
167.5 0.014036351916715314
168.5 0.01492113008367387
169.5 0.01581198920023351
170.5 0.016646599532983072
171.5 0.017657557404164227
172.5 0.01793272037361354
173.5 0.019106343646623846
174.5 0.019417992313679706
175.5 0.02039550496205488
176.5 0.020875899980540957
177.5 0.02110849630278264
178.5 0.021255959330609076
179.5 0.021634498443276903
180.5 0.02157672942206655
181.5 0.021525041350457286
182.5 0.02103704514496984
183.5 0.020892622591943976
184.5 0.020202434812220282
185.5 0.01966579100992412
186.5 0.019136748394629303
187.5 0.018381190406693913
188.5 0.017537458649542707
189.5 0.016582749562171626
190.5 0.015951851041058573
191.5 0.014939372932477137
192.5 0.013639569955244209
193.5 0.012899214341311535
194.5 0.012131494454173967
195.5 0.011423063825647008
196.5 0.010311770286047864
197.5 0.009522767075306476
198.5 0.008519410391126681
199.5 0.007886991632613347
200.5 0.00714815625608095
201.5 0.006462529188558087
202.5 0.005539745086592722
203.5 0.005062390542907179
204.5 0.0045971978984238136
205.5 0.004075756470130376
206.5 0.00359688168904456
207.5 0.0030891223973535703
208.5 0.002905173671920606
209.5 0.0023928536680287993
210.5 0.0021541763961860296
211.5 0.0018531693909320883
212.5 0.0017285099241097482
213.5 0.001529358824674061
214.5 0.0012906815528312895
215.5 0.0011523399494064981
216.5 0.0010459233313874295
217.5 0.0008634948433547383
218.5 0.0007829222611402996
219.5 0.0006415401829149639
220.5 0.0005594473633002528
221.5 0.0005640080755010702
222.5 0.0004819152558863592
223.5 0.0004423890834792761
224.5 0.00035877602646429267
225.5 0.0003724581630667445
226.5 0.00031164866705584744
227.5 0.00027820344424985406
228.5 0.0002645213076474022
229.5 0.0002113129986378673
230.5 0.00022195466043977428
231.5 0.00019307014983459817
232.5 0.0001885094376337809
233.5 0.00018698920023350847
234.5 0.00016114516442887721
235.5 0.00014746302782642538
236.5 0.00013530112862424596
237.5 0.00015810468962833236
238.5 0.0001550642148277875
239.5 0.00015202374002724266
240.5 0.00014746302782642538
241.5 0.0001489832652266978
242.5 0.00013986184082506324
243.5 0.00013530112862424596
244.5 0.00015050350262697023
245.5 0.00015202374002724266
246.5 0.00018090825063241876
247.5 0.0001778677758318739
248.5 0.0001550642148277875
249.5 0.00020371181163650516
250.5 0.00019915109943568788
251.5 0.0002006713368359603
252.5 0.00020827252383732244
253.5 0.00025996059544658494
254.5 0.0002690820198482195
255.5 0.00032229032885775443
256.5 0.0003162093792566647
257.5 0.0003435736524615684
258.5 0.0003907010118700136
259.5 0.00042566647207627943
260.5 0.0004180652850749173
261.5 0.00047735454368554194
262.5 0.0004651926444833625
263.5 0.0005655283129013422
264.5 0.0006491413699163263
265.5 0.0006765056431212305
266.5 0.0008148472465460206
267.5 0.0008665353181552832
268.5 0.0008908591165596421
269.5 0.0009440674255691764
270.5 0.0010565649931893366
271.5 0.0010915304533956022
272.5 0.0012359530064214824
273.5 0.0014959136018680684
274.5 0.0015552028604786934
275.5 0.001634255205292858
276.5 0.0019215800739443472
277.5 0.0019078979373418953
278.5 0.0022560323020042804
279.5 0.00222410731659856
280.5 0.002382212006226892
281.5 0.0026619356878770173
282.5 0.0027987570539015363
283.5 0.003035914088344036
284.5 0.00306327836154894
285.5 0.0031864175909710065
286.5 0.0032669901731854443
287.5 0.0034995864954271262
288.5 0.0034661412726211334
289.5 0.003609043588246742
290.5 0.0037519459038723485
291.5 0.0038021137380813406
292.5 0.003791472076279432
293.5 0.0037093792566647225
294.5 0.003627286437050011
295.5 0.0035710376532399305
296.5 0.0034722222222222246
297.5 0.0032213830511772725
298.5 0.0033430020431990657
299.5 0.003003989102938315
300.5 0.002929497470324966
301.5 0.0028808498735162476
302.5 0.002696901148083285
303.5 0.002464304825841603
304.5 0.002190662093792568
305.5 0.0020188752675617816
306.5 0.001872932477135629
307.5 0.001673781377699941
308.5 0.001506555263669974
309.5 0.0013347684374391904
310.5 0.0011280161510021404
311.5 0.0010246400077836154
312.5 0.000931905526366998
313.5 0.0007859627359408444
314.5 0.0007236330025296754
315.5 0.0005989735357073364
316.5 0.0005031985794901731
317.5 0.0004530307452811831
318.5 0.0003496546020626581
319.5 0.00030708795485503016
320.5 0.0002462784588441331
321.5 0.00019915109943568788
322.5 0.00017026658883051177
323.5 0.00014594279042615295
324.5 0.000103376143218525
325.5 7.753210741389375e-05
326.5 8.057258221443861e-05
327.5 4.408688460790037e-05
328.5 5.4728546409807356e-05
329.5 3.496546020626581e-05
330.5 3.192498540572096e-05
331.5 1.9763086203541545e-05
332.5 2.4323798404358825e-05
333.5 1.9763086203541545e-05
334.5 1.2161899202179412e-05
335.5 1.2161899202179412e-05
336.5 9.12142440163456e-06
337.5 9.12142440163456e-06
338.5 9.12142440163456e-06
339.5 4.56071220081728e-06
340.5 1.5202374002724266e-06
341.5 1.5202374002724266e-06
342.5 3.040474800544853e-06
343.5 4.56071220081728e-06
344.5 1.5202374002724266e-06
345.5 1.5202374002724266e-06
346.5 1.5202374002724266e-06
347.5 3.040474800544853e-06
348.5 1.5202374002724266e-06
349.5 0.0
350.5 0.0
351.5 0.0
352.5 0.0
353.5 1.5202374002724266e-06
354.5 0.0
355.5 0.0
356.5 0.0
357.5 0.0
358.5 1.5202374002724266e-06
359.5 1.5202374002724266e-06
