0.5 0.0
1.5 0.0
2.5 1.5202374002724266e-06
3.5 0.0
4.5 0.0
5.5 3.040474800544853e-06
6.5 1.5202374002724266e-06
7.5 0.0
8.5 4.56071220081728e-06
9.5 1.5202374002724266e-06
10.5 4.56071220081728e-06
11.5 0.0
12.5 3.040474800544853e-06
13.5 3.040474800544853e-06
14.5 0.0
15.5 0.0
16.5 7.601187001362133e-06
17.5 6.080949601089706e-06
18.5 7.601187001362133e-06
19.5 1.3682136602451839e-05
20.5 7.601187001362133e-06
21.5 6.080949601089706e-06
22.5 1.5202374002724266e-05
23.5 1.0641661801906986e-05
24.5 1.0641661801906986e-05
25.5 1.6722611402996692e-05
26.5 2.4323798404358825e-05
27.5 3.192498540572096e-05
28.5 4.712735940844522e-05
29.5 2.584403580463125e-05
30.5 5.776902121035221e-05
31.5 6.080949601089706e-05
32.5 7.753210741389375e-05
33.5 0.00011249756762015956
34.5 0.00013530112862424596
35.5 0.00016722611402996692
36.5 0.00021891418563922942
37.5 0.0002341165596419537
38.5 0.00025996059544658494
39.5 0.00039222124927028605
40.5 0.000424146234676007
41.5 0.0005016783420899009
42.5 0.0005670485503016152
43.5 0.000656742556917688
44.5 0.0007935639229422064
45.5 0.0009501483751702666
46.5 0.001091530453395602
47.5 0.0013043636894337412
48.5 0.0013849362716481805
49.5 0.001517196925471881
50.5 0.0018227646429266396
51.5 0.0019702276707530657
52.5 0.002208904942595836
53.5 0.0024202179412337035
54.5 0.0026938606732827388
55.5 0.0027835546798988153
56.5 0.003183377116170461
57.5 0.0032609092235843544
58.5 0.003542153142634754
59.5 0.003686575695660633
60.5 0.003964779139910487
61.5 0.004116802879937731
62.5 0.0042688266199649725
63.5 0.004355480151780504
64.5 0.004467977719400663
65.5 0.004612400272426541
66.5 0.0044482146331971196
67.5 0.004522706265810469
68.5 0.00453638840241292
69.5 0.004551590776415647
70.5 0.0044284515469935806
71.5 0.00436612181358241
72.5 0.004218658785755984
73.5 0.0038370791982876057
74.5 0.003993663650515666
75.5 0.003692656645261725
76.5 0.003463100797820588
77.5 0.0032913139715898035
78.5 0.0031879378283712796
79.5 0.0028489248881105288
80.5 0.0026847392488811047
81.5 0.0024308596030356107
82.5 0.0023381251216189917
83.5 0.0021404942595835775
84.5 0.0019383026853473434
85.5 0.0017285099241097484
86.5 0.0016433766296944934
87.5 0.0014715898034637078
88.5 0.0013742946098462736
89.5 0.001237473243821755
90.5 0.0010033566841798015
91.5 0.0010383221443860677
92.5 0.0008984603035610036
93.5 0.0008270091457481998
94.5 0.0007342746643315815
95.5 0.000684106830122592
96.5 0.0005366438022961665
97.5 0.0005320830900953492
98.5 0.00047887478108581436
99.5 0.000434787896477914
100.5 0.0004180652850749173
101.5 0.00038766053706946877
102.5 0.00035117483946293053
103.5 0.0002873248686514886
104.5 0.00031164866705584744
105.5 0.0002812439190503989
106.5 0.00022803561004086398
107.5 0.00021891418563922942
108.5 0.00021283323603813972
109.5 0.00015810468962833236
110.5 0.00020219157423623273
111.5 0.00015810468962833236
112.5 0.00017634753843160148
113.5 0.0001717868262307842
114.5 0.00014442255302588052
115.5 0.00018090825063241876
116.5 0.00015810468962833236
117.5 0.0001489832652266978
118.5 0.0001322606538237011
119.5 0.00015354397742751508
120.5 0.00012769994162288383
121.5 0.00014746302782642538
122.5 0.00013378089122397354
123.5 0.0001596249270286048
124.5 0.00016874635143023935
125.5 0.00016722611402996692
126.5 0.0001778677758318739
127.5 0.00018698920023350847
128.5 0.00019307014983459817
129.5 0.00019002967503405332
130.5 0.00019154991243432575
131.5 0.0002630010702471298
132.5 0.00021587371083868457
133.5 0.00028276415645067134
134.5 0.00029948676785366803
135.5 0.00037549863786728936
136.5 0.00038157958746837906
137.5 0.0004287069468768243
138.5 0.0004879962054874489
139.5 0.0005138402412920802
140.5 0.0006613032691185057
141.5 0.0007403556139326719
142.5 0.0008680555555555553
143.5 0.0009045412531620935
144.5 0.0010930506907958744
145.5 0.0012298720568203936
146.5 0.0013590922358435497
147.5 0.0016008099824868652
148.5 0.0017543539599143806
149.5 0.002041678828565869
150.5 0.0022803561004086396
151.5 0.0026178488032691178
152.5 0.0030009486281377695
153.5 0.003338441330998248
154.5 0.003691136407861452
155.5 0.004285549231367972
156.5 0.004762903775053516
157.5 0.005351235648958941
158.5 0.00598973535707336
159.5 0.006509656547966532
160.5 0.007382272815722906
161.5 0.008154553415061296
162.5 0.008663832944152556
163.5 0.0096322241681261
164.5 0.010278325063241875
165.5 0.011087091360186806
166.5 0.012274396769799575
167.5 0.012882491729908548
168.5 0.01391017221249271
169.5 0.014562354057209573
170.5 0.0153270334695466
171.5 0.01616924498929753
172.5 0.016784941136407855
173.5 0.017739650223778946
174.5 0.018641151002140494
175.5 0.01909722222222222
176.5 0.01929789355905818
177.5 0.019592819614711036
178.5 0.019895346857365246
179.5 0.019942474216773688
180.5 0.01969011480832847
181.5 0.01966579100992409
182.5 0.019419512551079966
183.5 0.019129147207627945
184.5 0.018600104592333133
185.5 0.01815315479665304
186.5 0.01783998589219692
187.5 0.016938485113835382
188.5 0.016412482973341115
189.5 0.015691890445611985
190.5 0.014614042128818838
191.5 0.01371102111305701
192.5 0.01287945125510799
193.5 0.012256153920996308
194.5 0.011097733021988715
195.5 0.010155185833819802
196.5 0.009369223097878968
197.5 0.00859238178633976
198.5 0.008111986767853662
199.5 0.007326024031912825
200.5 0.006482292274761627
201.5 0.006012538918077448
202.5 0.005275223778945319
203.5 0.004744660926250244
204.5 0.004093999318933647
205.5 0.003812755399883245
206.5 0.003428135337614321
207.5 0.0029948676785366813
208.5 0.002674097587079198
209.5 0.0024491024518388787
210.5 0.0019869502821560623
211.5 0.0018030015567230978
212.5 0.0015992897450865927
213.5 0.0013469303366413703
214.5 0.001217710157618213
215.5 0.0010763280793928786
216.5 0.0009623102743724458
217.5 0.0008482924693520142
218.5 0.0007357949017318545
219.5 0.0006597830317182328
220.5 0.0005533664136991634
221.5 0.0005153604786923525
222.5 0.00044847003308036583
223.5 0.00037549863786728936
224.5 0.0003709379256664721
225.5 0.0003086081922553026
226.5 0.00030708795485503016
227.5 0.0002706022572484919
228.5 0.0002234748978400467
229.5 0.00020827252383732244
230.5 0.00020827252383732244
231.5 0.00016874635143023935
232.5 0.00015658445222805993
233.5 0.0001885094376337809
234.5 0.00013378089122397354
235.5 0.00017634753843160148
236.5 0.00014594279042615295
237.5 0.00012922017902315626
238.5 0.00015050350262697023
239.5 0.00014138207822533567
240.5 0.00013834160342479082
241.5 0.00012465946682233898
242.5 0.0001429023156256081
243.5 0.00015202374002724266
244.5 0.00014138207822533567
245.5 0.00014594279042615295
246.5 0.0001550642148277875
247.5 0.0001489832652266978
248.5 0.00017938801323214633
249.5 0.0001778677758318739
250.5 0.00020523204903677758
251.5 0.0002295558474411364
252.5 0.00021587371083868457
253.5 0.00023715703444249854
254.5 0.0002401975092430434
255.5 0.0002508391710449504
256.5 0.000320770091457482
257.5 0.0003329319906596614
258.5 0.0003390129402607511
259.5 0.00044999027048063826
260.5 0.00044847003308036583
261.5 0.0005214414282934425
262.5 0.0005092795290912628
263.5 0.0005989735357073362
264.5 0.0006689044561198679
265.5 0.0006704246935201403
266.5 0.0008315698579490172
267.5 0.0008543734189531034
268.5 0.0009607900369721731
269.5 0.0010383221443860673
270.5 0.001106732827398327
271.5 0.0012937220276318345
272.5 0.00149135288966725
273.5 0.0015202374002724266
274.5 0.001720908737108387
275.5 0.001945903872348706
276.5 0.0021040085619770388
277.5 0.0022089049425958354
278.5 0.0026558547382759287
279.5 0.002671057112278654
280.5 0.002950780793928781
281.5 0.003140810468962832
282.5 0.0033718865538042426
283.5 0.0033870889278069657
284.5 0.0037245816306674434
285.5 0.0037473851916715287
286.5 0.0038963684568982288
287.5 0.00412136359213855
288.5 0.00426122543296361
289.5 0.004481659856003115
290.5 0.00445429558279821
291.5 0.004366121813582407
292.5 0.004609359797625998
293.5 0.00453030745281183
294.5 0.004545509826814555
295.5 0.004437572971395216
296.5 0.004527266978011285
297.5 0.004287069468768244
298.5 0.003987582700914576
299.5 0.004068155283129016
300.5 0.003812755399883246
301.5 0.003577118602841021
302.5 0.003321718719595252
303.5 0.0031271283323603826
304.5 0.0028641272621132527
305.5 0.0027501094570928203
306.5 0.0024080560420315237
307.5 0.0022575525394045526
308.5 0.0019960717065576968
309.5 0.0017877991827203743
310.5 0.0015278385872737887
311.5 0.0014244624440552635
312.5 0.0011690625608094965
313.5 0.0010383221443860677
314.5 0.0008999805409612767
315.5 0.0007418758513329446
316.5 0.0006673842187195951
317.5 0.0006217770967114227
318.5 0.0004864759680871765
319.5 0.000434787896477914
320.5 0.000342053415061296
321.5 0.00028276415645067134
322.5 0.0002584403580463125
323.5 0.00020675228643705
324.5 0.00016418563922942207
325.5 0.00011401780502043199
326.5 0.00012465946682233898
327.5 7.905234481416618e-05
328.5 6.080949601089706e-05
329.5 6.384997081144192e-05
330.5 4.408688460790037e-05
331.5 5.0167834208990076e-05
332.5 2.2803561004086398e-05
333.5 2.8884510605176105e-05
334.5 1.6722611402996692e-05
335.5 1.9763086203541545e-05
336.5 1.9763086203541545e-05
337.5 1.5202374002724266e-05
338.5 3.040474800544853e-06
339.5 7.601187001362133e-06
340.5 4.56071220081728e-06
341.5 6.080949601089706e-06
342.5 6.080949601089706e-06
343.5 3.040474800544853e-06
344.5 6.080949601089706e-06
345.5 3.040474800544853e-06
346.5 1.5202374002724266e-06
347.5 1.5202374002724266e-06
348.5 3.040474800544853e-06
349.5 3.040474800544853e-06
350.5 0.0
351.5 0.0
352.5 0.0
353.5 0.0
354.5 0.0
355.5 0.0
356.5 1.5202374002724266e-06
357.5 0.0
358.5 3.040474800544853e-06
359.5 0.0
