0.5 0.0
1.5 0.0
2.5 0.0
3.5 0.0
4.5 0.0
5.5 0.0
6.5 0.0
7.5 0.0
8.5 1.5202374002724266e-06
9.5 0.0
10.5 0.0
11.5 0.0
12.5 0.0
13.5 0.0
14.5 1.5202374002724266e-06
15.5 0.0
16.5 3.040474800544853e-06
17.5 3.040474800544853e-06
18.5 1.5202374002724266e-06
19.5 0.0
20.5 1.5202374002724266e-06
21.5 1.5202374002724266e-06
22.5 1.5202374002724266e-06
23.5 4.56071220081728e-06
24.5 3.040474800544853e-06
25.5 9.12142440163456e-06
26.5 9.12142440163456e-06
27.5 2.1283323603813972e-05
28.5 1.2161899202179412e-05
29.5 2.4323798404358825e-05
30.5 2.4323798404358825e-05
31.5 3.192498540572096e-05
32.5 5.16880716092625e-05
33.5 4.408688460790037e-05
34.5 5.0167834208990076e-05
35.5 0.00010033566841798015
36.5 0.00013986184082506324
37.5 0.00016874635143023935
38.5 0.00018546896283323604
39.5 0.0002675617824479471
40.5 0.00032837127845884414
41.5 0.0004180652850749173
42.5 0.0005503259388986184
43.5 0.0007738008367386648
44.5 0.0008057258221443862
45.5 0.001055044755789064
46.5 0.0012830803658299282
47.5 0.001442705292858534
48.5 0.0017467527729130177
49.5 0.0021921823311928383
50.5 0.002575282156061489
51.5 0.003040474800544855
52.5 0.0034418174742167733
53.5 0.004075756470130378
54.5 0.004545509826814556
55.5 0.005130801225919439
56.5 0.005935006810663552
57.5 0.0064853327495621735
58.5 0.007157277680482585
59.5 0.007830742848803269
60.5 0.00827617240708309
61.5 0.008811295971978982
62.5 0.00956077301031329
63.5 0.009723438412142434
64.5 0.010053329928001559
65.5 0.010067012064604003
66.5 0.01007613348900564
67.5 0.009965156158785756
68.5 0.010016844230395023
69.5 0.00960942060712201
70.5 0.009434593306090684
71.5 0.00891163164039697
72.5 0.00882649834598171
73.5 0.008279212881883633
74.5 0.0077881762015956394
75.5 0.007236330025296749
76.5 0.0065598243821755175
77.5 0.006106793636894335
78.5 0.005456132029577737
79.5 0.004696013329441527
80.5 0.0041380862035415465
81.5 0.0036896161704611805
82.5 0.0033977305896088737
83.5 0.002865647499513524
84.5 0.0024688655380424194
85.5 0.0022332287410001947
86.5 0.001827325355127456
87.5 0.0015749659466822343
88.5 0.001386456509048454
89.5 0.0010748078419926055
90.5 0.0010170388207822539
91.5 0.0008224484335473825
92.5 0.000719072290328858
93.5 0.0006080949601089708
94.5 0.0005366438022961668
95.5 0.00041046409807355517
96.5 0.0003952617240708309
97.5 0.0003146891418563923
98.5 0.0002706022572484919
99.5 0.0002645213076474022
100.5 0.0001945903872348706
101.5 0.0001839487254329636
102.5 0.00017482730103132905
103.5 0.00012922017902315626
104.5 0.00010793685541934229
105.5 8.665353181552831e-05
106.5 0.000103376143218525
107.5 8.361305701498346e-05
108.5 8.361305701498346e-05
109.5 8.057258221443861e-05
110.5 6.080949601089706e-05
111.5 6.232973341116949e-05
112.5 4.712735940844522e-05
113.5 5.624878381007978e-05
114.5 4.2566647207627943e-05
115.5 3.648569760653824e-05
116.5 4.712735940844522e-05
117.5 3.040474800544853e-05
118.5 3.496546020626581e-05
119.5 3.8005935006810664e-05
120.5 3.8005935006810664e-05
121.5 5.16880716092625e-05
122.5 3.648569760653824e-05
123.5 4.2566647207627943e-05
124.5 3.040474800544853e-05
125.5 5.4728546409807356e-05
126.5 3.192498540572096e-05
127.5 5.320830900953493e-05
128.5 3.8005935006810664e-05
129.5 5.0167834208990076e-05
130.5 5.776902121035221e-05
131.5 4.5607122008172797e-05
132.5 6.232973341116949e-05
133.5 9.577495621716287e-05
134.5 6.537020821171434e-05
135.5 8.969400661607317e-05
136.5 0.00011857851722124927
137.5 0.00012465946682233898
138.5 0.00015202374002724266
139.5 0.00015658445222805993
140.5 0.00017634753843160148
141.5 0.0002341165596419537
142.5 0.0002706022572484919
143.5 0.00030100700525394046
144.5 0.00036333673866510995
145.5 0.0004226259972757346
146.5 0.0005336033274956219
147.5 0.000652181844716871
148.5 0.0007297139521307643
149.5 0.0009121424401634564
150.5 0.001015518583381981
151.5 0.001251155380424206
152.5 0.0014320636310566264
153.5 0.001723949211908932
154.5 0.001891175325938899
155.5 0.002281876337808914
156.5 0.002655854738275929
157.5 0.0027577106440941817
158.5 0.0033430020431990666
159.5 0.0037139399688655384
160.5 0.00420953736135435
161.5 0.004735539501848608
162.5 0.005509340338587273
163.5 0.006111354349095155
164.5 0.006851709963027826
165.5 0.0076802393461763005
166.5 0.008236646234676006
167.5 0.008726162677563728
168.5 0.009689993189336443
169.5 0.010065491827203734
170.5 0.010933547382759288
171.5 0.01177727913991049
172.5 0.01248723000583771
173.5 0.01326559155477719
174.5 0.013762709184666282
175.5 0.01443161364078615
176.5 0.014939372932477138
177.5 0.01485271940066161
178.5 0.01550034053317766
179.5 0.015457773885970036
180.5 0.015425848900564315
181.5 0.015323992994746065
182.5 0.015115720470908731
183.5 0.014766065868846087
184.5 0.014171653045339567
185.5 0.013434337906207437
186.5 0.013288395115781282
187.5 0.012339766978011283
188.5 0.011652619673088152
189.5 0.011199588927806972
190.5 0.010412105954465845
191.5 0.009439154018291492
192.5 0.008712480540961279
193.5 0.008156073652461565
194.5 0.007531256080949597
195.5 0.006558304144775247
196.5 0.00602014010507881
197.5 0.005422686806771749
198.5 0.004933170363884024
199.5 0.004168490951546992
200.5 0.00380211373808134
201.5 0.0033201984821949796
202.5 0.002899092722319518
203.5 0.002443021502237789
204.5 0.002157216870986574
205.5 0.0019018169877408069
206.5 0.0016190528312901337
207.5 0.001389496983848998
208.5 0.0012222708698190312
209.5 0.0010778483167931503
210.5 0.0008969400661607314
211.5 0.0007084306285269509
212.5 0.000655222319517416
213.5 0.0005594473633002528
214.5 0.00047279383148472466
215.5 0.00035877602646429267
216.5 0.000331411753259389
217.5 0.0002706022572484919
218.5 0.0002234748978400467
219.5 0.00020371181163650516
220.5 0.00016266540182914964
221.5 0.00010489638061879743
222.5 0.0001200987546215217
223.5 0.00011401780502043199
224.5 8.817376921580074e-05
225.5 8.057258221443861e-05
226.5 8.057258221443861e-05
227.5 5.0167834208990076e-05
228.5 5.4728546409807356e-05
229.5 4.5607122008172797e-05
230.5 3.952617240708309e-05
231.5 4.408688460790037e-05
232.5 4.5607122008172797e-05
233.5 3.3445222805993384e-05
234.5 4.2566647207627943e-05
235.5 3.8005935006810664e-05
236.5 2.7364273204903678e-05
237.5 4.104640980735552e-05
238.5 3.192498540572096e-05
239.5 3.496546020626581e-05
240.5 3.496546020626581e-05
241.5 4.2566647207627943e-05
242.5 5.16880716092625e-05
243.5 3.496546020626581e-05
244.5 2.7364273204903678e-05
245.5 4.864759680871765e-05
246.5 5.9289258610624636e-05
247.5 5.0167834208990076e-05
248.5 5.624878381007978e-05
249.5 5.320830900953493e-05
250.5 7.145115781280405e-05
251.5 7.297139521307647e-05
252.5 7.297139521307647e-05
253.5 9.121424401634559e-05
254.5 0.00010793685541934229
255.5 0.00012313922942206655
256.5 0.00015354397742751508
257.5 0.00015658445222805993
258.5 0.00017938801323214633
259.5 0.00018090825063241876
260.5 0.0002295558474411364
261.5 0.0002797236816501265
262.5 0.00032381056625802686
263.5 0.00039678196147110333
264.5 0.0004651926444833625
265.5 0.00048495573068690407
266.5 0.0006491413699163264
267.5 0.0006977889667250442
268.5 0.000798124635143024
269.5 0.0009957554971784391
270.5 0.0010960911655964196
271.5 0.00140926007005254
272.5 0.001521757637672699
273.5 0.0018911753259388993
274.5 0.002131372835181942
275.5 0.002535755983654409
276.5 0.002879329636115976
277.5 0.0032989151585911653
278.5 0.003738263767269898
279.5 0.004239942109359799
280.5 0.004863239443471493
281.5 0.005463733216579097
282.5 0.005954769896867094
283.5 0.006850189725627556
284.5 0.007026537264059156
285.5 0.00782010118700136
286.5 0.008292895018486086
287.5 0.008790012648375166
288.5 0.009185274372446005
289.5 0.009322095738470516
290.5 0.009750802685347344
291.5 0.010135422747616269
292.5 0.010159746546020622
293.5 0.01009589657520918
294.5 0.010068532302004279
295.5 0.00993931212298113
296.5 0.009571414672115195
297.5 0.009366182623078421
298.5 0.008849301906985801
299.5 0.008359785464098072
300.5 0.007914355905818253
301.5 0.007152716968281765
302.5 0.0066084719789842395
303.5 0.0059988567814749936
304.5 0.005202252383732244
305.5 0.004664088344035805
306.5 0.004027108873321659
307.5 0.0034570198482194977
308.5 0.0028352427515080754
309.5 0.0026467333138742947
310.5 0.0020888061879743144
311.5 0.0017589146721151982
312.5 0.001631214730492313
313.5 0.0011933863592138545
314.5 0.0010915304533956015
315.5 0.0008330900953492894
316.5 0.0006461008951157814
317.5 0.0004925569176882662
318.5 0.00036485697606538237
319.5 0.0003162093792566647
320.5 0.00022499513524031913
321.5 0.00022043442303950185
322.5 0.0001839487254329636
323.5 0.00013530112862424596
324.5 0.00011401780502043199
325.5 8.209281961471103e-05
326.5 5.9289258610624636e-05
327.5 3.496546020626581e-05
328.5 2.8884510605176105e-05
329.5 1.6722611402996692e-05
330.5 1.9763086203541545e-05
331.5 1.9763086203541545e-05
332.5 7.601187001362133e-06
333.5 6.080949601089706e-06
334.5 1.0641661801906986e-05
335.5 7.601187001362133e-06
336.5 6.080949601089706e-06
337.5 1.5202374002724266e-06
338.5 1.5202374002724266e-06
339.5 9.12142440163456e-06
340.5 1.5202374002724266e-06
341.5 1.5202374002724266e-06
342.5 1.5202374002724266e-06
343.5 0.0
344.5 0.0
345.5 0.0
346.5 0.0
347.5 0.0
348.5 0.0
349.5 3.040474800544853e-06
350.5 0.0
351.5 0.0
352.5 0.0
353.5 0.0
354.5 0.0
355.5 0.0
356.5 0.0
357.5 0.0
358.5 1.5202374002724266e-06
359.5 1.5202374002724266e-06
