0 0.0
1 0.0
2 1.5202374002724266e-06
3 1.5202374002724266e-06
4 0.0
5 4.56071220081728e-06
6 0.0
7 3.040474800544853e-06
8 0.0
9 1.5202374002724266e-06
10 3.040474800544853e-06
11 6.080949601089706e-06
12 0.0
13 0.0
14 4.56071220081728e-06
15 0.0
16 6.080949601089706e-06
17 7.601187001362133e-06
18 4.56071220081728e-06
19 9.12142440163456e-06
20 6.080949601089706e-06
21 4.56071220081728e-06
22 1.0641661801906986e-05
23 1.5202374002724266e-05
24 1.9763086203541545e-05
25 1.824284880326912e-05
26 2.584403580463125e-05
27 2.7364273204903678e-05
28 2.584403580463125e-05
29 3.3445222805993384e-05
30 5.4728546409807356e-05
31 6.993092041253162e-05
32 9.425471881689045e-05
33 8.969400661607317e-05
34 0.00011401780502043199
35 0.00013834160342479082
36 0.00017026658883051177
37 0.00024171774664331582
38 0.0002751629694493092
39 0.00032837127845884414
40 0.0003937414866705585
41 0.0003998224362716482
42 0.0005320830900953492
43 0.0005852913991048837
44 0.0007099508659272234
45 0.0008254889083479278
46 0.0009759924109748975
47 0.0011188947266005055
48 0.0012313922942206652
49 0.001406219595251994
50 0.0016175325938898616
51 0.0017573944347149244
52 0.001980869332554972
53 0.002252991827203736
54 0.0024855881494454174
55 0.002596565479665307
56 0.0028063582409029
57 0.0030632783615489392
58 0.0032289842381786346
59 0.0034631007978205884
60 0.0037519459038723494
61 0.0038538018096906
62 0.003907010118700139
63 0.003963258902510217
64 0.004125924304339364
65 0.004171531426347539
66 0.004250583771161705
67 0.004352439676979954
68 0.004150248102743725
69 0.004072715995329829
70 0.004081837419731464
71 0.004062074333527923
72 0.003802113738081339
73 0.003663772134656548
74 0.003738263767269898
75 0.003400771064409419
76 0.00327611159758708
77 0.00316361402996692
78 0.002864127262113252
79 0.002740988032691186
80 0.0024339000778361565
81 0.002266673963806189
82 0.0022393096906012837
83 0.00207360381397159
84 0.0018166836933255501
85 0.0017026658883051184
86 0.00153543977427515
87 0.0013742946098462732
88 0.0012374732438217553
89 0.0010915304533956026
90 0.0009820733605759877
91 0.0009243043393656356
92 0.0008133270091457482
93 0.0007236330025296746
94 0.0006308985211130566
95 0.0006187366219108778
96 0.0005868116365051566
97 0.00047279383148472466
98 0.00048495573068690407
99 0.00040286291107219304
100 0.0003329319906596614
101 0.00031316890445611987
102 0.0002751629694493092
103 0.00032837127845884414
104 0.00023563679704222612
105 0.00023715703444249854
106 0.0002113129986378673
107 0.00020675228643705
108 0.00017938801323214633
109 0.00019611062463514303
110 0.00016874635143023935
111 0.00015810468962833236
112 0.00013074041642342868
113 0.00015354397742751508
114 0.0001489832652266978
115 0.00010793685541934229
116 0.00011401780502043199
117 0.00014138207822533567
118 0.00014594279042615295
119 0.00017026658883051177
120 0.0001200987546215217
121 0.00010033566841798015
122 0.00011401780502043199
123 0.00013378089122397354
124 0.00015354397742751508
125 0.00015202374002724266
126 0.0001596249270286048
127 0.00017330706363105663
128 0.0001885094376337809
129 0.00021435347343841214
130 0.00021283323603813972
131 0.00022195466043977428
132 0.00028884510605176105
133 0.00030556771745475774
134 0.00029492605565285075
135 0.0003390129402607511
136 0.0004165450476746449
137 0.0004469497956800934
138 0.0004697533566841798
139 0.0005640080755010702
140 0.0006217770967114227
141 0.0007418758513329443
142 0.0008908591165596421
143 0.0009091019653629114
144 0.001079368554193422
145 0.001220750632418758
146 0.0014046993578517217
147 0.0015886480832846862
148 0.0017649956217162866
149 0.0020021526561587863
150 0.0023350846468184463
151 0.0026573749756762005
152 0.0029538212687293245
153 0.0032350651877797237
154 0.0038963684568982288
155 0.004393486086787312
156 0.00486171920607122
157 0.005431808231173382
158 0.005944128235065187
159 0.006836507589025098
160 0.007364029966919637
161 0.0081545534150613
162 0.009150308912239733
163 0.009826814555360972
164 0.010717673671920603
165 0.011500595933060909
166 0.012236390834792768
167 0.013368967697995712
168 0.014291751799961075
169 0.015217576376726993
170 0.01602482243627165
171 0.016760617338003506
172 0.017633233605759874
173 0.01836446779529091
174 0.019273569760653815
175 0.019492483946293056
176 0.019760045728740995
177 0.020124902704806373
178 0.020343816890445614
179 0.02092606781474996
180 0.02056577155088539
181 0.02068891078030746
182 0.020661546507102547
183 0.019708357657131737
184 0.019474241097489787
185 0.018895030647986002
186 0.018549936758124157
187 0.017835425179996107
188 0.017397596808717636
189 0.01616164380229616
190 0.015173489492119092
191 0.01427502918855808
192 0.013619806869040674
193 0.012394495524421088
194 0.011310566258026854
195 0.010865136699747034
196 0.009816172893559062
197 0.0089922042226114
198 0.008020772523837321
199 0.007490209671142245
200 0.0066799231367970415
201 0.006202568593111502
202 0.005468293928779916
203 0.004785707336057599
204 0.004426931309593307
205 0.0038097149250827024
206 0.0033992508270091434
207 0.0029523010313290523
208 0.0024719060128429652
209 0.0024110965168320686
210 0.0020234359797625997
211 0.001768036096516833
212 0.0016068909320879543
213 0.0014001386456509051
214 0.0012313922942206652
215 0.0010352816695855223
216 0.0009151829149640011
217 0.0008254889083479273
218 0.0006962687293247713
219 0.0006080949601089704
220 0.0005731294999027045
221 0.0004879962054874489
222 0.00044390932087954855
223 0.0003724581630667445
224 0.0003435736524615684
225 0.00029948676785366803
226 0.0002751629694493092
227 0.0002295558474411364
228 0.0002462784588441331
229 0.00023715703444249854
230 0.00019915109943568788
231 0.00017482730103132905
232 0.00014138207822533567
233 0.0001489832652266978
234 0.0001368213660245184
235 0.00015810468962833236
236 0.00016114516442887721
237 0.00014746302782642538
238 0.00013074041642342868
239 0.00012922017902315626
240 0.00014442255302588052
241 0.0001368213660245184
242 0.00011705827982097684
243 0.00014746302782642538
244 0.0001429023156256081
245 0.0001261797042226114
246 0.0001368213660245184
247 0.00012769994162288383
248 0.00016874635143023935
249 0.00018242848803269119
250 0.00016114516442887721
251 0.00020219157423623273
252 0.0002401975092430434
253 0.0002462784588441331
254 0.0002401975092430434
255 0.00023715703444249854
256 0.0002918855808523059
257 0.00035877602646429267
258 0.000310128429655575
259 0.0003937414866705585
260 0.0004074236232730103
261 0.0004651926444833625
262 0.0004758343062852695
263 0.0005533664136991633
264 0.0006065747227086981
265 0.0006856270675228644
266 0.000802685347343841
267 0.0007890032107413891
268 0.0008908591165596422
269 0.0009911947849776221
270 0.0011310566258026851
271 0.001287641078030745
272 0.0013986184082506318
273 0.0015719254718816892
274 0.001719388499708115
275 0.0017330706363105656
276 0.0020447193033664144
277 0.0021876216189920224
278 0.002313801323214633
279 0.0025418369332554985
280 0.0027227451838879157
281 0.002899092722319517
282 0.0030647985989492124
283 0.003171215216968282
284 0.0035679971784393855
285 0.0037321828176688073
286 0.0036105638256470137
287 0.003815795874683792
288 0.004092479081533372
289 0.0040909588441331
290 0.004293150418369332
291 0.004163930239346176
292 0.003998224362716481
293 0.004116802879937732
294 0.004147207627943178
295 0.004052952909126288
296 0.00408335765713174
297 0.0039298136797042225
298 0.0036576911850554577
299 0.0036257661996497376
300 0.0033764472660050594
301 0.003245706849581629
302 0.003131689044561197
303 0.002903653434520334
304 0.002587444055263671
305 0.0023776512940260758
306 0.002309240611013816
307 0.0019565455341506127
308 0.0017528337225141079
309 0.001655538528896672
310 0.0014062195952519944
311 0.0012754791788285656
312 0.0011280161510021404
313 0.0009668709865732631
314 0.0008300496205487452
315 0.0007297139521307651
316 0.0005898521113057015
317 0.0005624878381007979
318 0.00042110575987546216
319 0.00037549863786728936
320 0.0003162093792566647
321 0.00023867727184277097
322 0.0002234748978400467
323 0.00019002967503405332
324 0.00014138207822533567
325 0.00012769994162288383
326 8.665353181552831e-05
327 6.689044561198677e-05
328 6.080949601089706e-05
329 8.817376921580074e-05
330 5.16880716092625e-05
331 5.776902121035221e-05
332 4.104640980735552e-05
333 2.2803561004086398e-05
334 2.7364273204903678e-05
335 2.1283323603813972e-05
336 2.1283323603813972e-05
337 6.080949601089706e-06
338 3.040474800544853e-06
339 4.56071220081728e-06
340 1.5202374002724266e-06
341 1.5202374002724266e-05
342 6.080949601089706e-06
343 3.040474800544853e-06
344 1.5202374002724266e-06
345 0.0
346 3.040474800544853e-06
347 6.080949601089706e-06
348 0.0
349 1.5202374002724266e-06
350 3.040474800544853e-06
351 0.0
352 0.0
353 0.0
354 0.0
355 0.0
356 0.0
357 0.0
358 1.5202374002724266e-06
