0 0.00018247969771807173
1 0.00026458760853829364
2 0.0003786255385481882
3 0.00047140323601497337
4 0.0005413456969449768
5 0.000675163890058735
6 0.0008272187034829155
7 0.0009442994745345807
8 0.0009184498201027816
9 0.0009062970973651703
10 0.0008713138726456098
11 0.0006979849184249037
12 0.0006356249886524737
13 0.0005246124349735256
14 0.0004075340301651741
15 0.00031020627336806087
16 0.00021135857597427953
17 0.0001779098059385533
18 0.00011252213370860824
19 9.579952403523595e-05
20 4.7137422017934954e-05
21 4.561540875485646e-05
22 2.737137677327631e-05
23 1.6727050542235183e-05
24 1.3686873006348082e-05
25 1.672734665385469e-05
26 7.603554396230705e-06
27 1.0646694662808729e-05
28 1.5205333159912912e-05
29 6.081837244569818e-06
30 3.0431395750649867e-06
31 3.0413627896805264e-06
32 4.561599959493483e-06
33 4.561600189952953e-06
34 4.56189607111299e-06
35 7.602074644842244e-06
36 9.125865385424332e-06
37 4.562784175579382e-06
38 6.081245482249743e-06
39 1.0643141207707172e-05
40 1.0643733315682808e-05
41 2.1286876367873973e-05
42 2.584877197813531e-05
43 4.8658253371744396e-05
44 7.146388565921444e-05
45 8.97179826709507e-05
46 0.00015813487953342844
47 0.0002736965995924594
48 0.00040598033560313156
49 0.0005747672405010432
50 0.0009153871455704104
51 0.0014612367283652222
52 0.0020223126440390778
53 0.003063922705386522
54 0.004531266730378642
55 0.006296603006730527
56 0.008410134623572903
57 0.010573886171280333
58 0.013137538009674689
59 0.015383279058567808
60 0.016776200689758713
61 0.0180152944825344
62 0.017480201115613117
63 0.01633968326786817
64 0.013576904321882136
65 0.011282401120736018
66 0.00892400530673527
67 0.006614332877420331
68 0.005037490625905958
69 0.004610212744807268
70 0.0054069210093935
71 0.007488453901075365
72 0.010676921774516594
73 0.014888701472975751
74 0.0200903173150744
75 0.025130728227636814
76 0.029930964103512116
77 0.033417374510380654
78 0.035191787813507645
79 0.03536816258164509
80 0.03347370559604793
81 0.029569024472700874
82 0.025450074867793906
83 0.02125495619215599
84 0.01663710557052039
85 0.01324349001415135
86 0.009747918823320467
87 0.007138751373872301
88 0.00490511805777528
89 0.0035686071238672282
90 0.0026532487181904372
91 0.0016968891774803748
92 0.0012118197973130897
93 0.0008286690744330565
94 0.0006097226288742549
95 0.0003588319619471803
96 0.0002843240493006212
97 0.00016421286640369248
98 0.00012619716305452763
99 0.00011099153481996186
100 8.05870840782956e-05
101 6.690228362390217e-05
102 6.233861134385631e-05
103 4.105262469447318e-05
104 3.3451437808239845e-05
105 2.4326166145084873e-05
106 2.8887469416776476e-05
107 2.889013326885283e-05
108 2.7366640369380066e-05
109 1.9765453368017934e-05
110 1.9766934618302113e-05
111 2.737019267171295e-05
112 1.672497856747308e-05
113 2.128717040448273e-05
114 2.5848772785113798e-05
115 3.649132038547834e-05
116 3.649220837474864e-05
117 3.9532091297777335e-05
118 3.041303648155483e-05
119 5.777612339509251e-05
120 9.274809436963605e-05
121 9.427336428515502e-05
122 9.122963317816176e-05
123 0.00012163941127812322
124 0.0001809402124806241
125 0.00020070715113482907
126 0.00020829708658279535
127 0.00024631811464007194
128 0.0002980112187643786
129 0.0003451504159547513
130 0.00039077203948018264
131 0.00043942466822843553
132 0.0004622252680011307
133 0.0004470273339436135
134 0.0004500589320802442
135 0.0005291263677539962
136 0.00045462644897021357
137 0.0004515770946241022
138 0.0004090051191341867
139 0.000396845885398175
140 0.000339068578364122
141 0.0002645627386145667
142 0.00024935503759873157
143 0.00020070714882774253
144 0.0001976651941612193
145 0.00015812895580126677
146 0.00011404148081366856
147 7.90656613097745e-05
148 9.731206137820793e-05
149 7.602311568676494e-05
150 6.690110009905997e-05
151 5.929813642798073e-05
152 6.234038743739104e-05
153 5.1695470020885696e-05
154 5.473594447577498e-05
155 6.081511832898553e-05
156 5.9296657252640004e-05
157 5.169547002095304e-05
158 5.321896338141202e-05
159 5.4735057408342616e-05
160 5.321541107907915e-05
161 4.561392854221253e-05
162 3.953090765794109e-05
163 6.234512360981771e-05
164 3.041007513415934e-05
165 3.953090696649534e-05
166 4.865440345802077e-05
167 5.0176416951827965e-05
168 4.8657954953644514e-05
169 5.321600364797372e-05
170 3.3449662060360634e-05
171 3.649339293669213e-05
172 3.953120284765538e-05
173 1.9765157717317367e-05
174 3.953120307804757e-05
175 3.345203026193833e-05
176 1.9766933465129243e-05
177 3.041096323808712e-05
178 1.8244328209069304e-05
179 2.128717121105723e-05
180 3.497256354350542e-05
181 4.1054400096427584e-05
182 3.496901089538235e-05
183 3.497374660695738e-05
184 3.649457772943187e-05
185 3.497049110768975e-05
186 2.1285986879842583e-05
187 3.34529189428564e-05
188 2.432675790727032e-05
189 3.0406819519224353e-05
190 4.409635568573141e-05
191 4.5615112873561805e-05
192 5.473860878910681e-05
193 2.5849954925583048e-05
194 4.713742259418461e-05
195 4.257079000472013e-05
196 3.497049064677081e-05
197 4.5616592624950264e-05
198 6.689961977135456e-05
199 3.497345176377413e-05
200 3.649339236017311e-05
201 6.538352781950205e-05
202 5.3220444285973356e-05
203 5.778056345616888e-05
204 6.233831557789236e-05
205 5.0172865110548655e-05
206 6.234098185164506e-05
207 6.538234221978382e-05
208 5.169665366072193e-05
209 6.690198670537148e-05
210 7.906743786436284e-05
211 6.385973673326439e-05
212 0.00010339182710893462
213 0.00012468847170410129
214 0.00014597001898318022
215 0.0001672580785299039
216 0.00021439135613699175
217 0.0002478495992111043
218 0.0002919521762398493
219 0.00028890844201973407
220 0.00035124172462139394
221 0.0003497306642628826
222 0.0004120683898071363
223 0.00041206720778294066
224 0.0004059794456514202
225 0.00043182555377801844
226 0.0003345185216869406
227 0.000323867981261305
228 0.00030257903361004767
229 0.0003086682707645298
230 0.0002554510840533066
231 0.0002311252173633555
232 0.00022656242915288332
233 0.00016574020806263824
234 0.00012012479838553987
235 0.00011708669190156684
236 7.298826527931934e-05
237 6.538263763995762e-05
238 5.4738017373115855e-05
239 2.889013407556196e-05
240 4.713505358596507e-05
241 3.193208862769719e-05
242 2.4327053557970886e-05
243 2.2807112730304248e-05
244 1.824669583439735e-05
245 2.1287762742917835e-05
246 1.520651737599881e-05
247 1.2165747616939982e-05
248 1.2166931256237399e-05
249 1.0644917646964799e-05
250 1.6727051118350215e-05
251 7.6032598987702965e-06
252 1.2164858705090908e-05
253 2.128598734089615e-05
254 2.2810369382071185e-05
255 1.976604570645304e-05
256 1.8245512079297727e-05
257 1.6725866671804845e-05
258 3.8013630567222e-05
259 5.018115427762943e-05
260 6.538086269892216e-05
261 7.29841207531412e-05
262 0.00010035283275115669
263 0.00015661700895076437
264 0.00018245985904048149
265 0.00031626087513858704
266 0.0004333502307783132
267 0.0006462148385179118
268 0.0008332448812974888
269 0.0012711419148662589
270 0.0017942160545844894
271 0.0026228942952240745
272 0.003606661632717968
273 0.005107435160996212
274 0.006377047369921646
275 0.00859854307339596
276 0.01056757071848643
277 0.013141794332878346
278 0.014794607890210016
279 0.01664658140070097
280 0.0178720741588378
281 0.01776263810113226
282 0.01662527053041199
283 0.014859956482264486
284 0.01272057490439397
285 0.009776922370701628
286 0.007357803214782995
287 0.005195605374106599
288 0.003985288044381192
289 0.003395333230732805
290 0.003614351608030212
291 0.00468787302695633
292 0.0068105897052450765
293 0.00955981674162902
294 0.012383541922785296
295 0.015182903024316581
296 0.01706996159611653
297 0.01863457148560284
298 0.018689346811437774
299 0.017479035099183474
300 0.015558479805815907
301 0.013184918664515306
302 0.010703365583758392
303 0.008165476395763805
304 0.0061279566780983105
305 0.0044081703965609415
306 0.002971226680097055
307 0.0020391030197106207
308 0.001370053249756879
309 0.0009001782459271284
310 0.0005702236918241341
311 0.000337570245159094
312 0.0002037603506666417
313 0.00014597327321387696
314 7.146358712585125e-05
315 5.9301392157640535e-05
316 3.1931200523230795e-05
317 3.345054947331399e-05
318 1.3682728364771913e-05
319 3.0407706817048902e-06
320 1.2163082842015652e-05
321 6.081837244569818e-06
322 1.0643733315682808e-05
323 4.561599844297392e-06
324 0.0
325 6.083317226417749e-06
326 7.60414661946972e-06
327 3.0410666780610194e-06
328 4.56189584065352e-06
329 6.081245482249743e-06
330 4.561303963137354e-06
331 3.0407706817048902e-06
332 6.0815413634097805e-06
333 7.6029627491740095e-06
334 9.124384250336242e-06
335 9.124088138582109e-06
336 1.6725274794288683e-05
337 1.368568902085628e-05
338 2.584995527170988e-05
339 4.105736282785941e-05
340 7.147010089117953e-05
341 8.059537474460869e-05
342 9.884029275625074e-05
343 0.0001383774151855749
344 0.0001991975684512138
345 0.00024025551854504288
346 0.0002904357879468608
347 0.0004151239620390999
348 0.0004379355184072827
349 0.0004653018652002993
350 0.0005839164931764799
351 0.0005550198442962662
352 0.0005474171774281171
353 0.000507870281927946
354 0.0004166365024958669
355 0.00036949967466118783
356 0.0002934679706971232
357 0.00019767525734668934
358 0.0001916123709037493
