0 0.0
1 1.5202374002724266e-06
2 0.0
3 0.0
4 1.5202374002724266e-06
5 0.0
6 1.5202374002724266e-06
7 1.5202374002724266e-06
8 0.0
9 0.0
10 3.040474800544853e-06
11 0.0
12 1.5202374002724266e-06
13 3.040474800544853e-06
14 1.5202374002724266e-06
15 7.601187001362133e-06
16 1.5202374002724266e-06
17 3.040474800544853e-06
18 3.040474800544853e-06
19 9.12142440163456e-06
20 9.12142440163456e-06
21 9.12142440163456e-06
22 7.601187001362133e-06
23 1.3682136602451839e-05
24 1.2161899202179412e-05
25 1.3682136602451839e-05
26 1.2161899202179412e-05
27 1.824284880326912e-05
28 2.584403580463125e-05
29 2.1283323603813972e-05
30 3.648569760653824e-05
31 5.776902121035221e-05
32 6.232973341116949e-05
33 7.44916326133489e-05
34 8.361305701498346e-05
35 0.0001200987546215217
36 0.00013834160342479082
37 0.00016418563922942207
38 0.00018546896283323604
39 0.00023107608484140884
40 0.00028276415645067134
41 0.00035269507686320296
42 0.0003785391126678342
43 0.0004363081338781864
44 0.0005472854640980732
45 0.0006324187585133292
46 0.0007692401245378475
47 0.0008878186417590973
48 0.0009379864759680877
49 0.0010626459427904257
50 0.001234432769021211
51 0.0013742946098462736
52 0.0015095957384705192
53 0.001619052831290135
54 0.001853169390932088
55 0.0020827252383732245
56 0.0020979276123759497
57 0.0022712346760070065
58 0.0024734262502432384
59 0.00265129402607511
60 0.002669536874878381
61 0.002871728449114614
62 0.0029538212687293237
63 0.0029827057793345023
64 0.0031848973535707347
65 0.0030556771745475766
66 0.0033065163455925288
67 0.0031818568787701884
68 0.0033369210935979754
69 0.003219862813776999
70 0.0030632783615489397
71 0.002987266491535319
72 0.0028671677369137955
73 0.0029553415061295985
74 0.002725785658688461
75 0.0027683523058960884
76 0.002482547674644873
77 0.002421738178633976
78 0.0022013037555944745
79 0.0022286680287993783
80 0.0019899907569566073
81 0.0018030015567230973
82 0.0017482730103132904
83 0.0015932087954855024
84 0.00155976357267951
85 0.0013302077252383732
86 0.001135617338003502
87 0.0011401780502043198
88 0.001004876921580074
89 0.0009303852889667248
90 0.0008604543685541934
91 0.0007266734773302197
92 0.0006795461179217744
93 0.000678025880521502
94 0.0005761699747032496
95 0.0005077592916909904
96 0.0005351235648958943
97 0.0004743140688849971
98 0.00043782837127845885
99 0.0003770188752675618
100 0.0003192498540572096
101 0.0003435736524615684
102 0.0002690820198482195
103 0.0002569201206460401
104 0.0002584403580463125
105 0.00022651537264059156
106 0.00019915109943568788
107 0.0001945903872348706
108 0.0001839487254329636
109 0.00017634753843160148
110 0.00016722611402996692
111 0.00017938801323214633
112 0.00014594279042615295
113 0.00012465946682233898
114 0.00014138207822533567
115 0.00012161899202179412
116 0.0001322606538237011
117 0.00012313922942206655
118 0.0001368213660245184
119 0.00013986184082506324
120 0.0001322606538237011
121 0.00015810468962833236
122 0.0001368213660245184
123 0.00015202374002724266
124 0.00014746302782642538
125 0.00016874635143023935
126 0.0001717868262307842
127 0.00015810468962833236
128 0.0001717868262307842
129 0.00017938801323214633
130 0.00020827252383732244
131 0.00022043442303950185
132 0.0002706022572484919
133 0.00030100700525394046
134 0.00031164866705584744
135 0.0003846200622689239
136 0.0004135045728741
137 0.00044999027048063826
138 0.0004864759680871765
139 0.0005396842770967114
140 0.0006445806577155091
141 0.0007129913407277681
142 0.0008847781669585521
143 0.0009303852889667249
144 0.0011082530647985992
145 0.0012283518194201202
146 0.0013925374586495425
147 0.0015217576376726988
148 0.0018531693909320881
149 0.0020827252383732245
150 0.00237461081922553
151 0.0027318666082895493
152 0.0031256080949601103
153 0.0036075233508464674
154 0.004046871959525199
155 0.004585035999221638
156 0.00511863932671726
157 0.005857474703249657
158 0.006356112570539015
159 0.0070812658104689626
160 0.007852026172407083
161 0.008843220957384702
162 0.009835935979762603
163 0.01060061539209963
164 0.011546203055069083
165 0.01257996448725433
166 0.013410014107803079
167 0.01452586835960304
168 0.015811989200233505
169 0.01689743870402802
170 0.01778981805798794
171 0.018437439190503987
172 0.019159551955633385
173 0.0205931358240903
174 0.021141941525588636
175 0.021636018680677164
176 0.022227391029383158
177 0.022385495719011484
178 0.02258616705584744
179 0.022564883732243638
180 0.02262265275345399
181 0.02266065868846079
182 0.021979592333138738
183 0.0218716554777194
184 0.02169074722708699
185 0.02047151683206849
186 0.019837577836154887
187 0.019235563825647027
188 0.018331022572484913
189 0.017467527729130176
190 0.016211811636505154
191 0.0152282180385289
192 0.0145942790426153
193 0.013549875948628139
194 0.012370171726016737
195 0.011293843646623862
196 0.01033609408445223
197 0.009524287312706752
198 0.008558936563533763
199 0.007760811928390739
200 0.007034138451060516
201 0.0062010483557112285
202 0.005352755886359215
203 0.005036546507102549
204 0.0044847003308036565
205 0.0039891029383148455
206 0.003449418661218136
207 0.002947740319128236
208 0.0026178488032691195
209 0.0024521429266394245
210 0.0020629621521696825
211 0.001839487254329636
212 0.0015886480832846856
213 0.00139709817085036
214 0.0012389934812220276
215 0.0010869697411947854
216 0.0009288650515664521
217 0.0007859627359408446
218 0.0007601187001362133
219 0.0006004937731076084
220 0.0005396842770967115
221 0.0004651926444833625
222 0.0005214414282934427
223 0.0003770188752675618
224 0.00034053317766102355
225 0.00028884510605176105
226 0.00026604154504767465
227 0.00021435347343841214
228 0.0002584403580463125
229 0.0002295558474411364
230 0.00020523204903677758
231 0.00018546896283323604
232 0.00017634753843160148
233 0.0001596249270286048
234 0.00016874635143023935
235 0.00015658445222805993
236 0.00012922017902315626
237 0.00014442255302588052
238 0.00014442255302588052
239 0.00013378089122397354
240 0.0001429023156256081
241 0.00012161899202179412
242 0.0001368213660245184
243 0.00014594279042615295
244 0.0001489832652266978
245 0.00013530112862424596
246 0.00013834160342479082
247 0.00015202374002724266
248 0.0001550642148277875
249 0.00016266540182914964
250 0.0001945903872348706
251 0.00019154991243432575
252 0.0002113129986378673
253 0.00023259632224168126
254 0.0002630010702471298
255 0.0002751629694493092
256 0.00032381056625802686
257 0.0002675617824479471
258 0.0003025272426542129
259 0.00034509388986184083
260 0.0003830998248686515
261 0.0004287069468768243
262 0.0005016783420899009
263 0.0005396842770967114
264 0.0005381640396964389
265 0.0006293782837127845
266 0.0007069103911266783
267 0.0007509972757345787
268 0.0007905234481416618
269 0.0009060614905623667
270 0.0010596054679898814
271 0.0010504840435882467
272 0.001138657812804048
273 0.0013590922358435499
274 0.0013469303366413694
275 0.0015141564506713377
276 0.0016981051761043005
277 0.0018714122397353566
278 0.0019443836349484337
279 0.001997591943957968
280 0.0022347489784004682
281 0.0023107608484140897
282 0.0025372762210546774
283 0.00249927028604787
284 0.002766832068495814
285 0.0029659831679315057
286 0.0029796653045339556
287 0.0031073652461568397
288 0.0032441866121813586
289 0.003232024712979179
290 0.0032761115975870796
291 0.0033703663164039686
292 0.003376447266005057
293 0.0031848973535707342
294 0.003304996108192253
295 0.0032715508853862606
296 0.0030693593111500305
297 0.00295686174352987
298 0.0029735843549328657
299 0.0027273058960887333
300 0.0026786582992800153
301 0.0024339000778361547
302 0.0022955584744113644
303 0.0022879572874100022
304 0.0020720835765713173
305 0.0019443836349484337
306 0.0017862789453201014
307 0.0015719254718816892
308 0.00145942790426153
309 0.0012481149056236618
310 0.0010945709281961476
311 0.0009714316987740806
312 0.000898460303561004
313 0.0007570782253356686
314 0.0006461008951157816
315 0.0006217770967114225
316 0.0005107997664915354
317 0.0004135045728741
318 0.0003602962638645651
319 0.000320770091457482
320 0.00022803561004086398
321 0.00021435347343841214
322 0.00017634753843160148
323 0.00015050350262697023
324 0.00010945709281961471
325 0.00010641661801906986
326 7.44916326133489e-05
327 7.145115781280405e-05
328 5.16880716092625e-05
329 2.7364273204903678e-05
330 3.8005935006810664e-05
331 3.8005935006810664e-05
332 2.2803561004086398e-05
333 2.7364273204903678e-05
334 2.4323798404358825e-05
335 1.6722611402996692e-05
336 1.2161899202179412e-05
337 7.601187001362133e-06
338 1.5202374002724266e-05
339 9.12142440163456e-06
340 7.601187001362133e-06
341 7.601187001362133e-06
342 4.56071220081728e-06
343 9.12142440163456e-06
344 4.56071220081728e-06
345 3.040474800544853e-06
346 0.0
347 1.5202374002724266e-06
348 0.0
349 0.0
350 0.0
351 0.0
352 0.0
353 0.0
354 1.5202374002724266e-06
355 0.0
356 0.0
357 0.0
358 0.0
