0 0.0
1 1.5202374002724266e-06
2 1.5202374002724266e-06
3 0.0
4 0.0
5 0.0
6 0.0
7 3.040474800544853e-06
8 1.5202374002724266e-06
9 3.040474800544853e-06
10 0.0
11 0.0
12 3.040474800544853e-06
13 3.040474800544853e-06
14 4.56071220081728e-06
15 3.040474800544853e-06
16 4.56071220081728e-06
17 3.040474800544853e-06
18 1.5202374002724266e-06
19 4.56071220081728e-06
20 6.080949601089706e-06
21 1.5202374002724266e-05
22 1.0641661801906986e-05
23 1.3682136602451839e-05
24 1.6722611402996692e-05
25 2.4323798404358825e-05
26 2.4323798404358825e-05
27 3.040474800544853e-05
28 2.7364273204903678e-05
29 4.712735940844522e-05
30 6.689044561198677e-05
31 7.601187001362133e-05
32 9.577495621716287e-05
33 0.00013530112862424596
34 0.0001200987546215217
35 0.00017938801323214633
36 0.00019002967503405332
37 0.00022043442303950185
38 0.0002918855808523059
39 0.00033597246546020627
40 0.0004393486086787313
41 0.000498637867289356
42 0.0006080949601089706
43 0.0007038699163261333
44 0.0007601187001362137
45 0.0008619746059544658
46 0.0011569006616073164
47 0.0012587565674255683
48 0.0013150053512356475
49 0.0016737813776999417
50 0.0018425277291301812
51 0.0019641467211519766
52 0.002251471589803464
53 0.0024247786534345207
54 0.002848924888110527
55 0.0028945320101187
56 0.003288273496789258
57 0.0034707019848219506
58 0.0037261018680677174
59 0.003862923234092235
60 0.003998224362716483
61 0.004107681455536098
62 0.004264265907764156
63 0.00444061344619576
64 0.0046397645456314465
65 0.004727938314847246
66 0.004702094279042615
67 0.004683851430239347
68 0.004662568106635532
69 0.004765944249854057
70 0.00455615148861646
71 0.004410208698190309
72 0.004276427806966335
73 0.004066635045728742
74 0.004089438606732828
75 0.003878125608094961
76 0.003695697120062269
77 0.003391649640007784
78 0.0032350651877797233
79 0.0030359140883440363
80 0.002734907083090097
81 0.0027318666082895493
82 0.002405015567230978
83 0.0021937025685931115
84 0.0020234359797626
85 0.0018835741389375356
86 0.0017452325355127463
87 0.0014229422066549915
88 0.0014807112278653442
89 0.0012998029772329244
90 0.0010839292663942402
91 0.0009957554971784391
92 0.0009197436271648179
93 0.0008634948433547384
94 0.0008467722319517414
95 0.0007205925277291301
96 0.0006187366219108776
97 0.0005792104495037946
98 0.0004864759680871765
99 0.0004636724070830901
100 0.0004743140688849971
101 0.0003998224362716482
102 0.00034509388986184083
103 0.00032837127845884414
104 0.0002812439190503989
105 0.0002630010702471298
106 0.0002508391710449504
107 0.00024323798404358825
108 0.000217393948238957
109 0.00020371181163650516
110 0.0002006713368359603
111 0.00018698920023350847
112 0.0001885094376337809
113 0.00012769994162288383
114 0.00018546896283323604
115 0.00013074041642342868
116 0.00016114516442887721
117 0.00011401780502043199
118 0.0001657058766296945
119 0.00011857851722124927
120 0.00013834160342479082
121 0.0001657058766296945
122 0.00015354397742751508
123 0.00015050350262697023
124 0.0001778677758318739
125 0.00014442255302588052
126 0.00017482730103132905
127 0.00016266540182914964
128 0.00017634753843160148
129 0.00020979276123759486
130 0.00021587371083868457
131 0.00025387964584549523
132 0.0002690820198482195
133 0.00028884510605176105
134 0.0003086081922553026
135 0.00036941768826619965
136 0.0003952617240708309
137 0.00043326765907764157
138 0.0004591116948822728
139 0.0005716092625024322
140 0.0006096151975092431
141 0.0007707603619381202
142 0.0007570782253356685
143 0.0008817376921580073
144 0.0010079173963806188
145 0.0012420339560225723
146 0.0014016588830511783
147 0.0015764861840825068
148 0.0017801979957190123
149 0.00200519313095933
150 0.0022773156256080947
151 0.002459744113640786
152 0.0028458844133099834
153 0.0032609092235843552
154 0.0037306625802685342
155 0.004148727865343451
156 0.004875401342673673
157 0.005153604786923525
158 0.005618797431406889
159 0.006471650612959718
160 0.007142075306479862
161 0.007757771453590196
162 0.00860606392294221
163 0.00926432671726017
164 0.01019167153142635
165 0.01120262940260751
166 0.012072205195563335
167 0.012830803658299278
168 0.013645650904845293
169 0.014258306577155079
170 0.01540304533956023
171 0.01622245329830707
172 0.016620755497178435
173 0.017376313485113835
174 0.0180999464876435
175 0.018542335571122785
176 0.01911242459622496
177 0.019199078128040465
178 0.01945599824868653
179 0.01958521842770968
180 0.019986561101381594
181 0.019639946974119474
182 0.01970227670753065
183 0.0189163139715898
184 0.018411595154699357
185 0.01810906791204515
186 0.017283579003697223
187 0.01665116024518388
188 0.0162422163845106
189 0.015553548842187197
190 0.014655088538626196
191 0.013732304436660831
192 0.012915936952714537
193 0.011816805312317567
194 0.011087091360186806
195 0.010187110819225527
196 0.009243043393656352
197 0.008501167542323407
198 0.007944760653823699
199 0.007020456314458066
200 0.006407800642148274
201 0.00573737594862814
202 0.005094315528312901
203 0.00466712881883635
204 0.004200415936952716
205 0.0036272864370500077
206 0.003227464000778362
207 0.0029051736719206056
208 0.002528154796653045
209 0.002205864467795292
210 0.0020036728935590585
211 0.001675301615100214
212 0.0015643242848803274
213 0.0013499708114419148
214 0.0011508197120062263
215 0.0010261602451838879
216 0.0009106222027631831
217 0.0008148472465460205
218 0.0007753210741389379
219 0.0005928925861062462
220 0.0005640080755010702
221 0.0005092795290912631
222 0.0003998224362716482
223 0.0004408688460790037
224 0.00034053317766102355
225 0.000320770091457482
226 0.0002508391710449504
227 0.0002918855808523059
228 0.00026148083284685737
229 0.00024931893364467795
230 0.00018546896283323604
231 0.00020523204903677758
232 0.00017634753843160148
233 0.00015810468962833236
234 0.0001778677758318739
235 0.00016722611402996692
236 0.00017330706363105663
237 0.00017634753843160148
238 0.00016266540182914964
239 0.00014746302782642538
240 0.00014594279042615295
241 0.00016722611402996692
242 0.00014594279042615295
243 0.00015658445222805993
244 0.00018698920023350847
245 0.0001489832652266978
246 0.00018090825063241876
247 0.00018698920023350847
248 0.00020371181163650516
249 0.00019154991243432575
250 0.00019915109943568788
251 0.00022803561004086398
252 0.0002797236816501265
253 0.00027668320684958163
254 0.0002812439190503989
255 0.000331411753259389
256 0.0003268510410585717
257 0.00032381056625802686
258 0.00039678196147110333
259 0.00039222124927028605
260 0.00042566647207627943
261 0.0005488057014983458
262 0.0005153604786923525
263 0.0006020140105078809
264 0.0006947484919244987
265 0.0008163674839462931
266 0.0008832579295582799
267 0.0008771769799571895
268 0.0009729519361743528
269 0.001185785172212493
270 0.0012465946682233898
271 0.0013317279626386454
272 0.0015384802490756952
273 0.0016798623273010318
274 0.0018151634559252765
275 0.001904857462541351
276 0.002151135921385484
277 0.002397414380229616
278 0.0026360916520723875
279 0.0028261213271064413
280 0.0029887867289355905
281 0.0032411461373808123
282 0.0033551639424012464
283 0.003548234092235843
284 0.0037565066160731675
285 0.00407119575792956
286 0.004157849289745089
287 0.004265786145164429
288 0.004536388402412923
289 0.0045348681650126494
290 0.0046230419342284486
291 0.004654966919634172
292 0.00473553950184861
293 0.004724897840046702
294 0.004612400272426544
295 0.00446797771940066
296 0.004477099143802298
297 0.004443653920996302
298 0.003983021988713757
299 0.004013426736719206
300 0.003850761334890058
301 0.0036774542712589998
302 0.003499586495427127
303 0.0031301688071609262
304 0.0029462200817279628
305 0.0026619356878770204
306 0.0025296750340533173
307 0.0022271477913991043
308 0.0019839098073555174
309 0.0017680360965168316
310 0.00161601235648959
311 0.001331727962638645
312 0.0012800398910293837
313 0.0010459233313874295
314 0.0008680555555555557
315 0.0007859627359408448
316 0.0006962687293247713
317 0.0006308985211130572
318 0.00048495573068690407
319 0.0003709379256664721
320 0.0003785391126678342
321 0.0002736427320490368
322 0.000217393948238957
323 0.00019154991243432575
324 0.00015202374002724266
325 0.00014138207822533567
326 9.273448141661802e-05
327 0.000103376143218525
328 8.665353181552831e-05
329 6.080949601089706e-05
330 5.16880716092625e-05
331 3.952617240708309e-05
332 3.952617240708309e-05
333 2.1283323603813972e-05
334 2.1283323603813972e-05
335 1.2161899202179412e-05
336 1.5202374002724266e-05
337 1.9763086203541545e-05
338 6.080949601089706e-06
339 6.080949601089706e-06
340 4.56071220081728e-06
341 9.12142440163456e-06
342 4.56071220081728e-06
343 3.040474800544853e-06
344 1.5202374002724266e-06
345 3.040474800544853e-06
346 1.5202374002724266e-06
347 6.080949601089706e-06
348 7.601187001362133e-06
349 1.5202374002724266e-06
350 0.0
351 1.5202374002724266e-06
352 1.5202374002724266e-06
353 0.0
354 0.0
355 1.5202374002724266e-06
356 4.56071220081728e-06
357 0.0
358 1.5202374002724266e-06
