0 1.5202374002724266e-06
1 0.0
2 3.040474800544853e-06
3 0.0
4 0.0
5 3.040474800544853e-06
6 0.0
7 1.5202374002724266e-06
8 1.5202374002724266e-06
9 0.0
10 1.5202374002724266e-06
11 1.5202374002724266e-06
12 3.040474800544853e-06
13 3.040474800544853e-06
14 6.080949601089706e-06
15 3.040474800544853e-06
16 7.601187001362133e-06
17 6.080949601089706e-06
18 4.56071220081728e-06
19 6.080949601089706e-06
20 1.0641661801906986e-05
21 1.3682136602451839e-05
22 2.2803561004086398e-05
23 1.2161899202179412e-05
24 3.3445222805993384e-05
25 1.6722611402996692e-05
26 3.648569760653824e-05
27 6.841097889341924e-05
28 4.104640980735552e-05
29 6.384997081144192e-05
30 7.601187001362133e-05
31 0.00010337643909968505
32 0.00010033596429914019
33 0.00013682166190567843
34 0.00016722611402996692
35 0.00020219187011739277
36 0.00024931893364467795
37 0.0003329322865408215
38 0.000355736735188388
39 0.00042870753863914437
40 0.0004864759680871765
41 0.0005761711582278897
42 0.0007342752560939023
43 0.0008589347229162414
44 0.000965351932697631
45 0.0010976140659271325
46 0.001349971699085395
47 0.0014305451689433138
48 0.0016114546031003722
49 0.0019322252863201747
50 0.0020644838689757553
51 0.0022423546036192295
52 0.0024247830916519207
53 0.002642176744009718
54 0.0028185242824413184
55 0.003156017281182959
56 0.0034053365107087953
57 0.0036014474312251006
58 0.0038902925372768593
59 0.004078803454316441
60 0.0043463661244078685
61 0.00434180304515777
62 0.004445181851306736
63 0.0046017627529608765
64 0.0047340284367643
65 0.0049377378813515215
66 0.004819160843536075
67 0.004776595083971924
68 0.004951419426191654
69 0.004676258527910463
70 0.004595683578646745
71 0.00460480737009766
72 0.004449742563507554
73 0.0043296435130048706
74 0.0041730569896086915
75 0.003949583275293285
76 0.0038507666607509377
77 0.003575602803658148
78 0.003435741850476565
79 0.003133212832535391
80 0.0030572015542840885
81 0.0027820382889536203
82 0.0024688690886163407
83 0.002380693544113581
84 0.002263636151936083
85 0.0020219187011739277
86 0.0018546934747874413
87 0.001635776034455451
88 0.0015019963267561185
89 0.0012724401834338219
90 0.0012678788794706834
91 0.0011356194091716233
92 0.0009942361474216473
93 0.0008893412462086497
94 0.0007768421991826903
95 0.0007859642153466444
96 0.0006962702087305714
97 0.0005761708623467299
98 0.0005138414248167204
99 0.0004621524655639777
100 0.0003998224362716482
101 0.00043934920044105135
102 0.0003800602377115868
103 0.0003329325824219815
104 0.00032077038733864207
105 0.0002477995838878856
106 0.00027364361969251693
107 0.00023411685552311373
108 0.00022043501480182193
109 0.00018242848803269119
110 0.00018242848803269119
111 0.00016570646839201458
112 0.00014290261150676814
113 0.00015810468962833236
114 0.00015354456918983516
115 0.00014138207822533567
116 0.00014442255302588052
117 0.00012465946682233898
118 0.00011401810090159203
119 0.0001216195837841142
120 0.00011401810090159203
121 0.00012465946682233898
122 0.00011401810090159203
123 0.00011553804242070442
124 0.0001124978635013196
125 0.00010641661801906986
126 0.00011401780502043199
127 0.0001368213660245184
128 0.00012465976270349902
129 0.00014898356110785784
130 0.0001717868262307842
131 0.00017482730103132905
132 0.00019611092051630307
133 0.00020371269927998525
134 0.00022043531068298194
135 0.0002706022572484919
136 0.00026756237421026715
137 0.00031772991253809716
138 0.00032381086213918687
139 0.00036333733042743003
140 0.000405904273516218
141 0.0005108009500161756
142 0.0005868128200297971
143 0.0006141770932347004
144 0.0007008306250502285
145 0.0008589347229162413
146 0.0009060623782058464
147 0.0010793697377180634
148 0.0012177125246674936
149 0.0014548695591099924
150 0.0016783444569500399
151 0.001944387185522355
152 0.0020203978720113357
153 0.002485591108257018
154 0.0029188608385027777
155 0.003338448432146088
156 0.003843166065511896
157 0.004297720007004952
158 0.00491797923336538
159 0.005445497764804829
160 0.0061645700551336904
161 0.007038708335577296
162 0.007814032368527834
163 0.008710974209975526
164 0.009606395518141781
165 0.01028746601580007
166 0.011340988758901905
167 0.012344344851319373
168 0.013400910436271037
169 0.014430117073878678
170 0.015615900470804203
171 0.01630000463799636
172 0.01731097552794856
173 0.018054364219652768
174 0.019091176186598027
175 0.019822408009079775
176 0.020264802122538773
177 0.020556682081649052
178 0.020903296208911154
179 0.02096866908005331
180 0.020860726011129593
181 0.021030995854652873
182 0.020573406764220162
183 0.020366652110733824
184 0.01983760505722162
185 0.019051643800686576
186 0.018271761422584507
187 0.01765910397498775
188 0.016756076449840406
189 0.015704076311188125
190 0.014538056000466143
191 0.013265615225269997
192 0.012557179566763322
193 0.011185925727598767
194 0.010377154400674098
195 0.009642882103391804
196 0.00874898162438814
197 0.00772433984131756
198 0.006917092302367102
199 0.0061007200843222475
200 0.005516948922617636
201 0.004899732242225872
202 0.004142653425127882
203 0.0037413086802878413
204 0.0032137865982744696
205 0.002888454906972689
206 0.0024582268350521125
207 0.0021116132995523213
208 0.0018759753189854541
209 0.0017087506843612885
210 0.001467029978906372
211 0.0012785211330349105
212 0.0010854500955568328
213 0.0008984614870856447
214 0.000836132049555635
215 0.0007601198836608535
216 0.0006354592333138739
217 0.0005685693794642078
218 0.0004819158476486793
219 0.0004591122866445929
220 0.00033597335310368636
221 0.0003481343646623857
222 0.00030100700525394046
223 0.0002538802376078153
224 0.00025996059544658494
225 0.00022347519372120674
226 0.00020979276123759486
227 0.00021131329451902733
228 0.00017482730103132905
229 0.00018090884239473884
230 0.00013378118710513358
231 0.00012770023750404387
232 0.00013378148298629362
233 0.00011249756762015956
234 0.00011705827982097684
235 0.00010033566841798015
236 0.00011097733021988714
237 0.00012618000010377144
238 0.00012009905050268174
239 0.00011553804242070442
240 0.00012618059186609153
241 0.00010185620169941262
242 0.00011401780502043199
243 0.00013074041642342868
244 0.0001429023156256081
245 0.00011097792198220722
246 0.00014898356110785784
247 0.0001292204749043163
248 0.0001520240359084027
249 0.0001976311579165755
250 0.00018394902131412365
251 0.00021131329451902733
252 0.0002447585173250207
253 0.00024475910908734077
254 0.00022803561004086398
255 0.00032533109953945935
256 0.0003268513369397317
257 0.00034205400682361606
258 0.00042870753863914437
259 0.0004028632069533531
260 0.00047887566872929446
261 0.0005168810119737851
262 0.0006369800624764664
263 0.0006673851063630756
264 0.0007464371552960817
265 0.0007540386381786038
266 0.0009273454059285007
267 0.0010383239196730281
268 0.0011690643360964558
269 0.0011553819036128439
270 0.001298285402763093
271 0.0014655112209119
272 0.0016677016116234916
273 0.001740674486242368
274 0.0019018202424335657
275 0.002132895735512655
276 0.002353330454433316
277 0.0025235976350261495
278 0.002751632949185852
279 0.003130172653616006
280 0.003069362565842789
281 0.003361249921982056
282 0.003560402204942384
283 0.0038948553206457986
284 0.0041563361534926535
285 0.004106168911045986
286 0.004369168206006151
287 0.004512071113394082
288 0.004583523750612687
289 0.004673216573704121
290 0.004823721851618052
291 0.004910376271077059
292 0.004852606362223228
293 0.004907334612751877
294 0.004810038531490958
295 0.004730986778439115
296 0.004578962150768389
297 0.004583522567088049
298 0.004474063994862632
299 0.004322045284815109
300 0.003916134797794531
301 0.003885730345670242
302 0.0036987414413178956
303 0.0034068549728221093
304 0.0032213880811569904
305 0.0030009504034247303
306 0.002744031466303331
307 0.0024141420216123336
308 0.0022925227337093792
309 0.0020325609547381536
310 0.0018881366264253134
311 0.0016220956731399588
312 0.0013514922323668273
313 0.0012617991133942342
314 0.0011842667100991804
315 0.0009866349604202849
316 0.0007981252269053439
317 0.0006825865927223196
318 0.0005883333533112293
319 0.0005077610669779508
320 0.0004393486086787313
321 0.00038005964594926665
322 0.0003177299125380972
323 0.00024323857580590833
324 0.0002021921659985528
325 0.000177868367594194
326 0.00013986184082506324
327 0.000103376143218525
328 8.817376921580074e-05
329 8.361305701498346e-05
330 8.817376921580074e-05
331 6.080949601089706e-05
332 5.3208900771855004e-05
333 3.648569760653824e-05
334 3.192498540572096e-05
335 1.824284880326912e-05
336 1.6722611402996692e-05
337 1.824284880326912e-05
338 6.080949601089706e-06
339 1.216219508333945e-05
340 6.080949601089706e-06
341 7.601187001362133e-06
342 9.12142440163456e-06
343 7.601187001362133e-06
344 0.0
345 1.5202374002724266e-06
346 3.040474800544853e-06
347 3.040474800544853e-06
348 1.5202374002724266e-06
349 3.040474800544853e-06
350 4.56071220081728e-06
351 3.040474800544853e-06
352 0.0
353 4.56071220081728e-06
354 0.0
355 1.5202374002724266e-06
356 1.5202374002724266e-06
357 1.5202374002724266e-06
358 1.5202374002724266e-06
