0 4.56071220081728e-06
1 1.5202374002724266e-06
2 3.040474800544853e-06
3 4.561008081977317e-06
4 1.5202374002724266e-06
5 4.56071220081728e-06
6 1.5202374002724266e-06
7 4.56071220081728e-06
8 7.601187001362133e-06
9 3.040474800544853e-06
10 7.601187001362133e-06
11 4.56071220081728e-06
12 6.080949601089706e-06
13 1.2161899202179412e-05
14 1.3682136602451839e-05
15 1.2161899202179412e-05
16 1.9763382084701582e-05
17 1.3682136602451839e-05
18 1.824284880326912e-05
19 1.824284880326912e-05
20 3.1925281286881e-05
21 3.648569760653824e-05
22 4.864759680871765e-05
23 5.4728546409807356e-05
24 7.44916326133489e-05
25 8.057258221443861e-05
26 9.72951936174353e-05
27 0.0001064169139002299
28 0.00015050379850813027
29 0.00015354397742751508
30 0.00016570617251085453
31 0.00019003056267753341
32 0.0002554001791269277
33 0.00025236029608870296
34 0.00032381204566382703
35 0.0004043849237594257
36 0.000487996797249769
37 0.0005868131159109567
38 0.0006780285434519429
39 0.0007510005304273391
40 0.0008042070641499136
41 0.0009790349569435632
42 0.0010352846283971226
43 0.0012131512207043573
44 0.0014518305637152484
45 0.0016403420725171498
46 0.0017558815943436539
47 0.0019854347788543503
48 0.0022149926974636067
49 0.002406540834610973
50 0.002522079172912837
51 0.0027273129972365737
52 0.003070886057935823
53 0.0032168294401242964
54 0.003403821303288242
55 0.003508717388025882
56 0.003738272051942377
57 0.004001276376882267
58 0.004062087056417804
59 0.0042125867125896955
60 0.0042399515775569194
61 0.004398057746591051
62 0.00451663685557462
63 0.00462305524888065
64 0.0044588648755526684
65 0.004515115434649708
66 0.004463429138327405
67 0.004525758279976255
68 0.004452786293000857
69 0.004436065456884821
70 0.004303802731893003
71 0.0041745819611075236
72 0.004016477567360352
73 0.0039602249370951905
74 0.0038598925233699686
75 0.0036865827968084754
76 0.0034813501560093767
77 0.003235073768333364
78 0.00318794670480608
79 0.0030146402329373433
80 0.0027759594105206515
81 0.002748594841434588
82 0.002528159530751606
83 0.0023107646948691686
84 0.0022773197679443347
85 0.0019747937088147624
86 0.0018668553739896196
87 0.001751316443925435
88 0.001696588785159109
89 0.0014290258191865216
90 0.0013454124662903774
91 0.0011584226742945495
92 0.00109001080775765
93 0.0010018367426606891
94 0.0009638322870596788
95 0.0009091046282933511
96 0.0007966049895050721
97 0.000719072882091178
98 0.0006506621990789189
99 0.0005852922867483645
100 0.0005685702671076879
101 0.0005260024363754195
102 0.00047887537284813445
103 0.0004743140688849971
104 0.0004226259972757346
105 0.0003785397044301543
106 0.00036333733042743003
107 0.0003192501499383696
108 0.0003040480718168054
109 0.0002751632653304693
110 0.00032989210762143664
111 0.0002265156685217516
112 0.00021891448152038946
113 0.00020827281971848248
114 0.00019459068311603064
115 0.00017178712211194424
116 0.0001930704457157582
117 0.00018394902131412365
118 0.0002234748978400467
119 0.00014746302782642538
120 0.00019459068311603064
121 0.00019915139531684792
122 0.00019002967503405332
123 0.00018090825063241876
124 0.00018090825063241876
125 0.00020371181163650516
126 0.00019915109943568788
127 0.00021891448152038946
128 0.00021131359040018737
129 0.00024779899212556554
130 0.0002523594084452228
131 0.0002447585173250207
132 0.00027212308641108443
133 0.00031316949621843995
134 0.00031772961665693715
135 0.00033749418226627887
136 0.0004074239191541704
137 0.0004758348980475896
138 0.000487996797249769
139 0.0005244827907374672
140 0.0005974535941882233
141 0.0007099514576895433
142 0.0007069112787701584
143 0.0008574147813971289
144 0.0009501495586949068
145 0.0010702483133164288
146 0.001315007422403769
147 0.0013773371558149386
148 0.001599291224492392
149 0.0018288482554581697
150 0.0020203975761301745
151 0.002272757576337718
152 0.0026619389425697805
153 0.003070883099124221
154 0.0033612496261008953
155 0.0038355651743916925
156 0.004349403344515652
157 0.005018308096516682
158 0.005486546837542627
159 0.006134166490652881
160 0.0068273935616524695
161 0.007391407554776745
162 0.008264020567840352
163 0.008888839618758124
164 0.009829863314833995
165 0.010869714573055132
166 0.011885232860555947
167 0.012751761669325715
168 0.01354685618550879
169 0.014729599699396105
170 0.015629579056832744
171 0.016652700898384203
172 0.017187828013854017
173 0.01823070968691626
174 0.018896573668235588
175 0.019519866564129896
176 0.019971384173158618
177 0.020010908570278752
178 0.02042136970954071
179 0.020406177099616268
180 0.020407689644106376
181 0.02032559682449166
182 0.02004283799390188
183 0.019703823278354158
184 0.018879850169189104
185 0.018451138488213732
186 0.017573968609404376
187 0.01677279876536224
188 0.015746639407821835
189 0.014598857211804548
190 0.014001407168190252
191 0.012978281776064861
192 0.011800100749665336
193 0.011277133462229583
194 0.00995148615331087
195 0.009373794757682706
196 0.008709447463189733
197 0.007637684830096231
198 0.0069201289307125715
199 0.006153926913925982
200 0.0056248848903935
201 0.004796354027839227
202 0.004484704769021059
203 0.003963261861321815
204 0.0033354047026527833
205 0.002874770995083279
206 0.002570724402672273
207 0.0023138033943827536
208 0.0020401630293829967
209 0.0017072289675552155
210 0.001701148905597605
211 0.0013514916406045076
212 0.0012025092630212893
213 0.0010292021993902332
214 0.0009060620823246864
215 0.000816369259233253
216 0.0007616395292988057
217 0.0006993106835311163
218 0.0005488068850229862
219 0.0005260021404942596
220 0.0004697542443276599
221 0.0004180661727183974
222 0.0003967825532334234
223 0.00033597335310368636
224 0.0003146894377375523
225 0.00033141204914054906
226 0.00026604154504767465
227 0.00020523234491793763
228 0.00022803590592202402
229 0.00019002997091521336
230 0.0002295558474411364
231 0.00019611092051630307
232 0.0001596249270286048
233 0.00018242878391385123
234 0.0001717868262307842
235 0.0001717868262307842
236 0.00015354397742751508
237 0.0001733076553933767
238 0.00015810468962833236
239 0.000167226705792287
240 0.00015050350262697023
241 0.00016266540182914964
242 0.00016722611402996692
243 0.0001550648065901076
244 0.0001657058766296945
245 0.00015354397742751508
246 0.0002295558474411364
247 0.00017330706363105663
248 0.00019611062463514303
249 0.00020523234491793763
250 0.0002249963187649593
251 0.0002569201206460401
252 0.00030252813029769303
253 0.00029644658893428325
254 0.0003724581630667445
255 0.0003420543027047761
256 0.0003329319906596614
257 0.0004241477140818072
258 0.00045607181184404805
259 0.0004940789303754989
260 0.0005336036233767817
261 0.0006232982217551749
262 0.0005883330574300695
263 0.0006932291421677063
264 0.0007129922283712485
265 0.0008437329406758371
266 0.0009091028530063906
267 0.0009425492593370245
268 0.0010155206545501016
269 0.0011462613668546905
270 0.0012770011915157991
271 0.0013271699133682695
272 0.0014503085510280149
273 0.0015582459982096779
274 0.0018014860534213864
275 0.0018516506329376162
276 0.001964151455250536
277 0.0021587406589607676
278 0.0022499546070959527
279 0.0023913369812024474
280 0.0025159955603813056
281 0.0026376169194523807
282 0.0028960563898552134
283 0.002847409384808817
284 0.003162098822546367
285 0.0031849017917881346
286 0.0033901335449437507
287 0.003498071879768895
288 0.0036014495023932204
289 0.0037291479646103043
290 0.0037808345568137646
291 0.0037382729395858587
292 0.003759553600259233
293 0.00382796517091497
294 0.00389637467040259
295 0.003919177047882035
296 0.0038766157265352885
297 0.003960228487669112
298 0.003688103330089908
299 0.0038082020847114303
300 0.0036607381692415246
301 0.0036987449918918164
302 0.0033506115148729094
303 0.003361253176674816
304 0.003046562259531463
305 0.003092169085658476
306 0.002815487062333537
307 0.0026239338952064473
308 0.0025281601225139263
309 0.002313806649075513
310 0.002193708190335153
311 0.0020325624341439546
312 0.001863814899189076
313 0.0016570637962766656
314 0.0014822359034830175
315 0.0012876434450800247
316 0.0010900131748069312
317 0.0010216004206265508
318 0.0008741376886812858
319 0.0007844448655898526
320 0.000662824690043418
321 0.0005609693759874859
322 0.0005123205956541277
323 0.00041502569791785254
324 0.0003496548979438182
325 0.0003040477759356453
326 0.0002751635612116293
327 0.0002477992880067256
328 0.00021131447804366747
329 0.00015354427330867512
330 0.00013530201626772606
331 0.00011097733021988714
332 7.449222437566898e-05
333 0.00010033566841798015
334 6.080949601089706e-05
335 4.864759680871765e-05
336 4.560741788933284e-05
337 4.2566647207627943e-05
338 3.192498540572096e-05
339 3.3445222805993384e-05
340 1.9763086203541545e-05
341 2.1283323603813972e-05
342 1.6722611402996692e-05
343 1.672290728415673e-05
344 1.3682136602451839e-05
345 7.601187001362133e-06
346 1.2161899202179412e-05
347 1.0641661801906986e-05
348 7.601187001362133e-06
349 7.601187001362133e-06
350 9.121720282794596e-06
351 3.040474800544853e-06
352 3.040474800544853e-06
353 4.56071220081728e-06
354 6.080949601089706e-06
355 1.5202374002724266e-06
356 4.56071220081728e-06
357 1.5202374002724266e-06
358 1.5202374002724266e-06
