0 0.0
1 1.5202374002724266e-06
2 0.0
3 0.0
4 1.5202374002724266e-06
5 1.5202374002724266e-06
6 1.5202374002724266e-06
7 0.0
8 4.56071220081728e-06
9 1.5202374002724266e-06
10 4.56071220081728e-06
11 0.0
12 3.040474800544853e-06
13 3.040474800544853e-06
14 0.0
15 1.5202374002724266e-06
16 1.5202374002724266e-06
17 1.0641661801906986e-05
18 9.12142440163456e-06
19 9.12142440163456e-06
20 7.601187001362133e-06
21 9.12142440163456e-06
22 1.3682136602451839e-05
23 1.2161899202179412e-05
24 1.0641661801906986e-05
25 1.9763086203541545e-05
26 2.2803561004086398e-05
27 3.648569760653824e-05
28 3.648569760653824e-05
29 3.496546020626581e-05
30 6.232973341116949e-05
31 5.624878381007978e-05
32 7.601187001362133e-05
33 0.00011705827982097684
34 0.00014442255302588052
35 0.00014594279042615295
36 0.00020979276123759486
37 0.0002462784588441331
38 0.0002569201206460401
39 0.00038614029966919634
40 0.000434787896477914
41 0.0005214414282934425
42 0.0005700890251021597
43 0.0006506616073165986
44 0.0007829222611402994
45 0.0009623102743724461
46 0.0010960911655964202
47 0.0012967625024323797
48 0.0013590922358435481
49 0.001559763572679509
50 0.0017482730103132913
51 0.002032557404164234
52 0.0022225870791982875
53 0.0024460619770383337
54 0.002636091652072387
55 0.0028732486865148867
56 0.0031362497567620166
57 0.003212261626775637
58 0.003478303171823312
59 0.003716980443666083
60 0.004022548161120839
61 0.0041107219303366405
62 0.004303792080171239
63 0.004335717065576962
64 0.0044026075111889456
65 0.004585035999221639
66 0.00451206460400856
67 0.004519665791009926
68 0.0045804752870208226
69 0.004530307452811831
70 0.004341798015178051
71 0.00441020869819031
72 0.0042080171239540776
73 0.003908530356100408
74 0.003987582700914575
75 0.0036546507102549128
76 0.0034418174742167724
77 0.003274591360186806
78 0.003235065187779723
79 0.0028550058377116165
80 0.0026300107024712976
81 0.0024703857754426917
82 0.002268194201206459
83 0.0021754597197898447
84 0.0019717479081533366
85 0.0017497932477135627
86 0.0016418563922942211
87 0.001438144580657716
88 0.0013834160342479078
89 0.0012177101576182137
90 0.0010459233313874293
91 0.0010565649931893362
92 0.000878697217357462
93 0.0007950841603424792
94 0.0007661996497373033
95 0.000687147304923137
96 0.0005214414282934425
97 0.0005336033274956218
98 0.0005123200038918077
99 0.00041958552247518973
100 0.0004119843354738276
101 0.00039222124927028605
102 0.00032837127845884414
103 0.0002873248686514886
104 0.00032381056625802686
105 0.00028276415645067134
106 0.00022195466043977428
107 0.00021891418563922942
108 0.00020523204903677758
109 0.00018242848803269119
110 0.00019002967503405332
111 0.00015050350262697023
112 0.00017938801323214633
113 0.00017026658883051177
114 0.00015810468962833236
115 0.0001717868262307842
116 0.00015810468962833236
117 0.0001429023156256081
118 0.00014746302782642538
119 0.0001429023156256081
120 0.0001322606538237011
121 0.00014442255302588052
122 0.00013834160342479082
123 0.00014442255302588052
124 0.0001717868262307842
125 0.00016722611402996692
126 0.00017482730103132905
127 0.0001885094376337809
128 0.00020827252383732244
129 0.0001839487254329636
130 0.0001885094376337809
131 0.0002690820198482195
132 0.00021587371083868457
133 0.0002706022572484919
134 0.00030708795485503016
135 0.0003724581630667445
136 0.00040286291107219304
137 0.0004165450476746449
138 0.00047735454368554194
139 0.0005336033274956217
140 0.0006643437439190502
141 0.0007129913407277681
142 0.0008710960303561004
143 0.0008954198287604591
144 0.001124975676201596
145 0.0012070684958163064
146 0.0013894969838489975
147 0.0015871278458844133
148 0.0017406718233119278
149 0.002062962152169683
150 0.002265153726405916
151 0.0026345714146721157
152 0.002946220081727963
153 0.003356684179801517
154 0.0037215411558668993
155 0.004230820684958164
156 0.004738579976649154
157 0.0054211665693714725
158 0.0060201401050788104
159 0.0065142172601673435
160 0.007400515664526171
161 0.008023812998637867
162 0.008855382856586885
163 0.009539489686709483
164 0.01031785123564896
165 0.011172224654602056
166 0.01205700282156061
167 0.012981307160926249
168 0.013876726989686705
169 0.014585157618213662
170 0.015349837030550689
171 0.01617988665109944
172 0.0166998078419926
173 0.01790839657520918
174 0.01854233557112279
175 0.019142829344230394
176 0.019296373321657918
177 0.019443836349484336
178 0.020187232438217562
179 0.019714438606732828
180 0.019737242167736917
181 0.019699236232730098
182 0.019335899494064997
183 0.019191476941039114
184 0.018425277291301802
185 0.018235247616267748
186 0.01771684666277485
187 0.017122433839268335
188 0.016386638937536484
189 0.015684289258610616
190 0.0145942790426153
191 0.013732304436660825
192 0.012899214341311537
193 0.012192303950184868
194 0.011157022280599338
195 0.010103497762210548
196 0.009352500486475963
197 0.008665353181552832
198 0.008151512940260746
199 0.007239370500097294
200 0.006505095835765709
201 0.005948688947266008
202 0.005276744016345593
203 0.004768984724654602
204 0.004135045728741001
205 0.003739784004670169
206 0.0035299912434325746
207 0.002941659369527146
208 0.0027333868456898233
209 0.0023396453590192627
210 0.0020416788285658695
211 0.0018151634559252765
212 0.0016038504572874102
213 0.0013834160342479083
214 0.0012222708698190307
215 0.0010656864175909709
216 0.0009334257637672698
217 0.0008528531815528314
218 0.0007433960887332164
219 0.0006582627943179605
220 0.000553366413699163
221 0.0005001581046896284
222 0.00044847003308036583
223 0.00039222124927028605
224 0.0003618165012648375
225 0.000320770091457482
226 0.0002873248686514886
227 0.0002797236816501265
228 0.00022499513524031913
229 0.00020827252383732244
230 0.00019763086203541545
231 0.00019307014983459817
232 0.00014442255302588052
233 0.0001778677758318739
234 0.00015202374002724266
235 0.0001717868262307842
236 0.00014442255302588052
237 0.00013530112862424596
238 0.0001489832652266978
239 0.00013378089122397354
240 0.00014746302782642538
241 0.00012465946682233898
242 0.00015050350262697023
243 0.00014442255302588052
244 0.00014442255302588052
245 0.00013834160342479082
246 0.00015658445222805993
247 0.00015050350262697023
248 0.00017026658883051177
249 0.00019307014983459817
250 0.0001885094376337809
251 0.0002295558474411364
252 0.00021435347343841214
253 0.0002523594084452228
254 0.000217393948238957
255 0.00025996059544658494
256 0.000331411753259389
257 0.00032229032885775443
258 0.0003481343646623857
259 0.00044999027048063826
260 0.0004651926444833625
261 0.0004879962054874489
262 0.0005427247518972564
263 0.0005640080755010703
264 0.0006719449309204122
265 0.0006780258805215018
266 0.0008330900953492895
267 0.0008376508075501072
268 0.0009851138353765322
269 0.0010185590581825257
270 0.001131056625802685
271 0.0013089244016345597
272 0.0014487862424596217
273 0.0015460814360770579
274 0.0017133075501070255
275 0.0019337419731465257
276 0.0021146502237789455
277 0.002201303755594474
278 0.0026725773496789266
279 0.0026482535512745682
280 0.002959902218330415
281 0.003125608094960108
282 0.003350603230200427
283 0.0034631007978205876
284 0.003616644775248103
285 0.003862923234092237
286 0.0038462006226892406
287 0.004150248102743723
288 0.004229300447557892
289 0.004477099143802295
290 0.004340277777777776
291 0.00454246935201401
292 0.0045105443666082915
293 0.004575914574820003
294 0.004554631251216192
295 0.004477099143802296
296 0.004337237302977234
297 0.004410208698190308
298 0.004030149348122203
299 0.004036230297723295
300 0.003830998248686515
301 0.0036044828760459233
302 0.003263949698384899
303 0.0031332092819614703
304 0.0029082141467211514
305 0.0026832190114808325
306 0.0024369405526367
307 0.0022590727768048253
308 0.0020264764545631446
309 0.0017634753843160152
310 0.0015126362132710654
311 0.0014153410196536284
312 0.0011918661218135826
313 0.0010702471297917883
314 0.0008802174547577348
315 0.0007479568009340336
316 0.0006704246935201401
317 0.0005731294999027049
318 0.0005107997664915353
319 0.0004636724070830901
320 0.0003146891418563923
321 0.0002858046312512162
322 0.0002630010702471298
323 0.00019763086203541545
324 0.00017938801323214633
325 0.00011857851722124927
326 0.000103376143218525
327 7.905234481416618e-05
328 7.145115781280405e-05
329 5.776902121035221e-05
330 5.4728546409807356e-05
331 3.952617240708309e-05
332 3.496546020626581e-05
333 1.824284880326912e-05
334 2.2803561004086398e-05
335 1.824284880326912e-05
336 1.824284880326912e-05
337 1.824284880326912e-05
338 6.080949601089706e-06
339 3.040474800544853e-06
340 7.601187001362133e-06
341 4.56071220081728e-06
342 3.040474800544853e-06
343 7.601187001362133e-06
344 6.080949601089706e-06
345 1.5202374002724266e-06
346 3.040474800544853e-06
347 0.0
348 4.56071220081728e-06
349 1.5202374002724266e-06
350 0.0
351 0.0
352 0.0
353 0.0
354 0.0
355 0.0
356 1.5202374002724266e-06
357 1.5202374002724266e-06
358 1.5202374002724266e-06
