0 1.5202374002724266e-06
1 0.0
2 0.0
3 0.0
4 0.0
5 0.0
6 7.601187001362133e-06
7 1.5202374002724266e-06
8 1.5202374002724266e-06
9 3.040474800544853e-06
10 1.5202374002724266e-06
11 1.5202374002724266e-06
12 3.040474800544853e-06
13 3.040474800544853e-06
14 1.5202374002724266e-06
15 4.56071220081728e-06
16 6.080949601089706e-06
17 4.56071220081728e-06
18 6.080949601089706e-06
19 4.56071220081728e-06
20 7.601187001362133e-06
21 1.2161899202179412e-05
22 4.56071220081728e-06
23 2.1283323603813972e-05
24 1.824284880326912e-05
25 2.7364273204903678e-05
26 2.8884510605176105e-05
27 5.320830900953493e-05
28 6.689044561198677e-05
29 5.320830900953493e-05
30 7.145115781280405e-05
31 0.00012313922942206655
32 0.00015810468962833236
33 0.00018090825063241876
34 0.0002401975092430434
35 0.0002584403580463125
36 0.000331411753259389
37 0.0003952617240708309
38 0.0005472854640980735
39 0.0005837711617046121
40 0.0007814020237400275
41 0.0008528531815528314
42 0.0008589341311539211
43 0.001153860186806772
44 0.001425982681455537
45 0.0014943933644677952
46 0.0017528337225141074
47 0.0019611062463514312
48 0.0022195466043977426
49 0.002482547674644872
50 0.0026512940260751123
51 0.003011590289939678
52 0.0032958746837906195
53 0.0034737424596224943
54 0.0036090435882467414
55 0.003827957773885971
56 0.00391613154310177
57 0.004045351722124924
58 0.004188254037750534
59 0.004428451546993578
60 0.004439093208795487
61 0.00437980395018486
62 0.004481659856003112
63 0.004401087273788678
64 0.004309873029772329
65 0.004168490951546991
66 0.00411528264253746
67 0.004135045728741003
68 0.003841639910488423
69 0.0036136043004475604
70 0.003397730589608872
71 0.003266990173185445
72 0.00303743432574431
73 0.0027592308814944544
74 0.002658895213076474
75 0.002473426250243237
76 0.0022697144386067333
77 0.0021313728351819417
78 0.00187901342673672
79 0.0017756372835181955
80 0.0015916885580852303
81 0.001612971881689045
82 0.0013332482000389177
83 0.0011873054096127652
84 0.0010976114029966925
85 0.00097143169877408
86 0.000861974605954466
87 0.0007890032107413895
88 0.000703869916326134
89 0.0006841068301225916
90 0.0005974532983070637
91 0.0005016783420899009
92 0.0005184009534928974
93 0.0004226259972757346
94 0.0003785391126678342
95 0.0003146891418563923
96 0.00032229032885775443
97 0.0002934058182525783
98 0.00023259632224168126
99 0.00018698920023350847
100 0.00017330706363105663
101 0.00017938801323214633
102 0.00015810468962833236
103 0.00015658445222805993
104 0.00013834160342479082
105 0.00010793685541934229
106 0.00012769994162288383
107 9.121424401634559e-05
108 8.361305701498346e-05
109 0.00010489638061879743
110 9.425471881689045e-05
111 8.361305701498346e-05
112 6.993092041253162e-05
113 7.44916326133489e-05
114 6.84106830122592e-05
115 4.864759680871765e-05
116 6.080949601089706e-05
117 5.4728546409807356e-05
118 6.232973341116949e-05
119 5.624878381007978e-05
120 5.9289258610624636e-05
121 6.080949601089706e-05
122 4.864759680871765e-05
123 6.84106830122592e-05
124 6.232973341116949e-05
125 6.080949601089706e-05
126 6.84106830122592e-05
127 9.121424401634559e-05
128 7.601187001362133e-05
129 0.00010945709281961471
130 0.00011401780502043199
131 0.00010945709281961471
132 0.00011401780502043199
133 0.0001489832652266978
134 0.00018698920023350847
135 0.0001945903872348706
136 0.00022651537264059156
137 0.0002584403580463125
138 0.0002934058182525783
139 0.0003678974508659272
140 0.00041046409807355517
141 0.0005123200038918078
142 0.0006020140105078809
143 0.0007266734773302194
144 0.0007874829733411164
145 0.0008695757929558278
146 0.0009972757345787118
147 0.0012693982292274761
148 0.0014001386456509043
149 0.001745232535512746
150 0.001933741973146527
151 0.002339645359019264
152 0.0026497737886748383
153 0.0030815212103522094
154 0.0034767829344230406
155 0.004132005253940453
156 0.004607839560225723
157 0.0052356976065382355
158 0.005986694882272819
159 0.0068091433158202
160 0.007763852403191282
161 0.008651671044950382
162 0.009554692060712206
163 0.0104364297528702
164 0.011599411364078615
165 0.012551079976649154
166 0.013691258026853476
167 0.01488008367386651
168 0.015971614127262116
169 0.01696280891223973
170 0.017887113251605368
171 0.019185395991438023
172 0.01978588976454562
173 0.02091086544074722
174 0.021365416423428686
175 0.021988713757540385
176 0.02261809204125316
177 0.022881093111500293
178 0.023022475189725628
179 0.02323226795096322
180 0.023045278750729713
181 0.023103047771940066
182 0.02251623613543491
183 0.021623856781474993
184 0.020795327398326523
185 0.02055665012648376
186 0.019715958844133092
187 0.018714122397353573
188 0.017431042031523646
189 0.016610113835376538
190 0.015441051274567037
191 0.01465508853862619
192 0.013396331971200623
193 0.01245682525783227
194 0.011128137769994162
195 0.010364978595057408
196 0.009028689920217941
197 0.008276172407083095
198 0.0073260240319128235
199 0.00660999221638451
200 0.005897000875656744
201 0.00527370354154505
202 0.004560712200817281
203 0.003932854154504767
204 0.003589280502043199
205 0.0029659831679315044
206 0.0026528142634753837
207 0.0023381251216189917
208 0.0020173550301615093
209 0.0017862789453201022
210 0.0015521623856781482
211 0.0013575719984432767
212 0.0012405137186223
213 0.0008969400661607318
214 0.0008026853473438411
215 0.0007418758513329444
216 0.0006308985211130567
217 0.0005579271258999803
218 0.00045455098268145554
219 0.0003557355516637478
220 0.00035725578906402024
221 0.0003025272426542129
222 0.00028428439385094377
223 0.000217393948238957
224 0.00021283323603813972
225 0.00017330706363105663
226 0.00016418563922942207
227 0.00012769994162288383
228 0.00013834160342479082
229 0.00011097733021988714
230 0.00013530112862424596
231 0.00011249756762015956
232 8.817376921580074e-05
233 8.969400661607317e-05
234 9.881543101770773e-05
235 0.00010033566841798015
236 7.145115781280405e-05
237 8.057258221443861e-05
238 5.624878381007978e-05
239 7.601187001362133e-05
240 6.84106830122592e-05
241 8.209281961471103e-05
242 8.969400661607317e-05
243 8.513329441525589e-05
244 8.209281961471103e-05
245 0.00011097733021988714
246 9.425471881689045e-05
247 0.00010033566841798015
248 0.00011401780502043199
249 0.00010489638061879743
250 0.00013530112862424596
251 0.00012465946682233898
252 0.00011249756762015956
253 0.00014138207822533567
254 0.0001489832652266978
255 0.00016874635143023935
256 0.00018698920023350847
257 0.00016874635143023935
258 0.00019763086203541545
259 0.00019915109943568788
260 0.00022195466043977428
261 0.0002645213076474022
262 0.00027820344424985406
263 0.00032989151585911656
264 0.0003481343646623857
265 0.0003602962638645651
266 0.00043174742167736914
267 0.0004697533566841798
268 0.0004879962054874489
269 0.0005564068884997078
270 0.00057008902510216
271 0.00067042469352014
272 0.0007281937147304923
273 0.0007966043977427516
274 0.0007844424985405719
275 0.0008923793539599145
276 0.0009623102743724461
277 0.0010884899785950576
278 0.0010307209573847053
279 0.001196426834014399
280 0.0013241267756372837
281 0.0014427052928585326
282 0.0014731100408639812
283 0.001646417104495038
284 0.0017786777583187394
285 0.0018987765129402608
286 0.002088806187974313
287 0.0022438704028021014
288 0.00222410731659856
289 0.0024308596030356107
290 0.002668016637478109
291 0.002730346370889279
292 0.002847404650710256
293 0.0029994283907374976
294 0.0031362497567620144
295 0.003197059252772913
296 0.0033551639424012464
297 0.003412932963611598
298 0.0033673258416034237
299 0.003572557890640204
300 0.0034783031718233102
301 0.0034387769994162283
302 0.003317158007394436
303 0.003387088927806967
304 0.0032593889861840817
305 0.003178816403969645
306 0.002972064117532594
307 0.0028854105857170657
308 0.002622409515469936
309 0.002563120256859312
310 0.002262113251605371
311 0.002079684763572679
312 0.0019808693325549724
313 0.0017148277875072976
314 0.0016281742556917681
315 0.0013742946098462743
316 0.0012617970422261137
317 0.0010109578711811637
318 0.0008817376921580078
319 0.0007890032107413893
320 0.0006765056431212299
321 0.0005716092625024324
322 0.00044847003308036583
323 0.0004226259972757346
324 0.0002918855808523059
325 0.0002751629694493092
326 0.00019763086203541545
327 0.00015810468962833236
328 0.00012922017902315626
329 0.00010489638061879743
330 6.537020821171434e-05
331 6.080949601089706e-05
332 5.776902121035221e-05
333 3.8005935006810664e-05
334 2.4323798404358825e-05
335 2.1283323603813972e-05
336 2.2803561004086398e-05
337 1.6722611402996692e-05
338 1.2161899202179412e-05
339 1.0641661801906986e-05
340 1.0641661801906986e-05
341 6.080949601089706e-06
342 4.56071220081728e-06
343 9.12142440163456e-06
344 4.56071220081728e-06
345 3.040474800544853e-06
346 4.56071220081728e-06
347 0.0
348 4.56071220081728e-06
349 0.0
350 4.56071220081728e-06
351 1.5202374002724266e-06
352 0.0
353 0.0
354 0.0
355 0.0
356 0.0
357 1.5202374002724266e-06
358 1.5202374002724266e-06
