0 1.5202374002724266e-06
1 0.0
2 0.0
3 4.56071220081728e-06
4 0.0
5 1.5202374002724266e-06
6 1.5202374002724266e-06
7 1.5202374002724266e-06
8 1.5202374002724266e-06
9 1.5202374002724266e-06
10 0.0
11 4.56071220081728e-06
12 1.5202374002724266e-06
13 3.040474800544853e-06
14 3.040474800544853e-06
15 9.12142440163456e-06
16 3.040474800544853e-06
17 4.56071220081728e-06
18 4.56071220081728e-06
19 1.5202374002724266e-06
20 3.040474800544853e-06
21 4.56071220081728e-06
22 1.0641661801906986e-05
23 1.5202374002724266e-06
24 4.56071220081728e-06
25 1.5202374002724266e-06
26 4.56071220081728e-06
27 4.56071220081728e-06
28 7.601187001362133e-06
29 7.601187001362133e-06
30 4.56071220081728e-06
31 6.080949601089706e-06
32 3.040474800544853e-06
33 6.080949601089706e-06
34 1.0641661801906986e-05
35 6.080949601089706e-06
36 6.080949601089706e-06
37 7.601187001362133e-06
38 6.080949601089706e-06
39 6.080949601089706e-06
40 7.601187001362133e-06
41 9.12142440163456e-06
42 1.2161899202179412e-05
43 0.0
44 1.6722611402996692e-05
45 1.6722611402996692e-05
46 1.0641661801906986e-05
47 1.2161899202179412e-05
48 1.2161899202179412e-05
49 1.0641661801906986e-05
50 9.12142440163456e-06
51 1.5202374002724266e-05
52 2.1283323603813972e-05
53 1.0641661801906986e-05
54 1.2161899202179412e-05
55 1.0641661801906986e-05
56 1.0641661801906986e-05
57 9.12142440163456e-06
58 1.9763086203541545e-05
59 1.3682136602451839e-05
60 2.1283323603813972e-05
61 1.824284880326912e-05
62 1.2161899202179412e-05
63 1.6722611402996692e-05
64 9.12142440163456e-06
65 1.0641661801906986e-05
66 1.9763086203541545e-05
67 1.5202374002724266e-05
68 1.0641661801906986e-05
69 1.9763086203541545e-05
70 2.584403580463125e-05
71 2.2803561004086398e-05
72 1.6722611402996692e-05
73 3.192498540572096e-05
74 4.2566647207627943e-05
75 5.320830900953493e-05
76 4.408688460790037e-05
77 5.320830900953493e-05
78 4.5607122008172797e-05
79 6.384997081144192e-05
80 6.080949601089706e-05
81 8.969400661607317e-05
82 8.057258221443861e-05
83 9.72951936174353e-05
84 0.00010185590581825258
85 0.00010793685541934229
86 0.0001200987546215217
87 0.00011857851722124927
88 0.00010793685541934229
89 0.00010033566841798015
90 0.00011097733021988714
91 0.00011705827982097684
92 0.00012313922942206655
93 0.00010793685541934229
94 9.577495621716287e-05
95 0.00011249756762015956
96 8.817376921580074e-05
97 7.601187001362133e-05
98 9.121424401634559e-05
99 0.00011097733021988714
100 8.513329441525589e-05
101 9.121424401634559e-05
102 7.601187001362133e-05
103 0.00010641661801906986
104 0.00013074041642342868
105 0.0001200987546215217
106 0.00014594279042615295
107 0.0002234748978400467
108 0.0002341165596419537
109 0.0002690820198482195
110 0.00039222124927028605
111 0.0004302271842770967
112 0.0005685687877018876
113 0.0006795461179217746
114 0.0008057258221443862
115 0.0009106222027631839
116 0.0011401780502043198
117 0.0013134851138353774
118 0.0016935444639034833
119 0.0016768218525004869
120 0.002043199065966142
121 0.0022058644677952917
122 0.002491669099046509
123 0.0027881153920996304
124 0.003031353376143219
125 0.0033825282156061476
126 0.00357711860284102
127 0.003805154212881884
128 0.004132005253940455
129 0.00421713854835571
130 0.004396526561587856
131 0.0047218573652461565
132 0.0049179679898813
133 0.005118639326717263
134 0.005553427223195172
135 0.005652242654212879
136 0.005779942595835762
137 0.006091591262891616
138 0.006511176785366804
139 0.006649518388791595
140 0.007114711033274953
141 0.007476527534539795
142 0.00782314166180191
143 0.008308097392488806
144 0.008645590095349289
145 0.0089481173380035
146 0.009658068203930727
147 0.010380180969060127
148 0.010863616462346763
149 0.011766637478108584
150 0.012180142050982683
151 0.013026914282934426
152 0.013916253162093798
153 0.014498504086398122
154 0.015120281183109558
155 0.01624069614711033
156 0.016862473243821754
157 0.017929679898813004
158 0.017771575209184674
159 0.018636590289939678
160 0.019218841214244005
161 0.019650588635921385
162 0.01988926590776416
163 0.019735721930336635
164 0.02041678828565869
165 0.0202617240708309
166 0.020219157423623273
167 0.020228278848024903
168 0.019930312317571523
169 0.019691635045728736
170 0.01942863397548161
171 0.018993846079003698
172 0.018598584354932876
173 0.018422236816501274
174 0.017865829928001554
175 0.017285099241097487
176 0.017073786242459626
177 0.016608593597976257
178 0.016119077155088538
179 0.01584999513524032
180 0.015403045339560223
181 0.015507941720179021
182 0.014980419342284487
183 0.014443775539988326
184 0.014278069663358626
185 0.013780952033469547
186 0.013630448530842583
187 0.01278215606149057
188 0.012589085911655968
189 0.012178621813582414
190 0.011518838781864174
191 0.011115975870791986
192 0.010501799961081927
193 0.009729519361743526
194 0.009305373127067525
195 0.008723122202763181
196 0.008229045047674643
197 0.007623990562366219
198 0.006847149250827007
199 0.006305944736330026
200 0.00541812609457093
201 0.005126240513718624
202 0.0044147694103911245
203 0.004005825549717844
204 0.003566476941039114
205 0.003125608094960108
206 0.0027850749172990854
207 0.0023198822728157224
208 0.0020386383537653245
209 0.0017984408445222812
210 0.0014335838684568984
211 0.0013514910488421881
212 0.0010900102159953303
213 0.0010322411947849778
214 0.000896940066160732
215 0.0006810663553220472
216 0.0006232973341116948
217 0.00047127359408445223
218 0.00044847003308036583
219 0.00041046409807355517
220 0.0002873248686514886
221 0.0002569201206460401
222 0.00022043442303950185
223 0.00019307014983459817
224 0.00014594279042615295
225 0.0001200987546215217
226 0.00015050350262697023
227 0.00011553804242070442
228 9.425471881689045e-05
229 9.72951936174353e-05
230 5.776902121035221e-05
231 6.689044561198677e-05
232 5.320830900953493e-05
233 5.16880716092625e-05
234 3.8005935006810664e-05
235 4.5607122008172797e-05
236 3.496546020626581e-05
237 3.952617240708309e-05
238 2.4323798404358825e-05
239 3.192498540572096e-05
240 2.8884510605176105e-05
241 3.040474800544853e-05
242 2.584403580463125e-05
243 1.9763086203541545e-05
244 2.1283323603813972e-05
245 2.2803561004086398e-05
246 9.12142440163456e-06
247 1.6722611402996692e-05
248 2.1283323603813972e-05
249 1.9763086203541545e-05
250 2.1283323603813972e-05
251 1.824284880326912e-05
252 1.9763086203541545e-05
253 2.8884510605176105e-05
254 1.9763086203541545e-05
255 1.2161899202179412e-05
256 1.824284880326912e-05
257 1.824284880326912e-05
258 1.9763086203541545e-05
259 1.2161899202179412e-05
260 1.824284880326912e-05
261 1.6722611402996692e-05
262 1.2161899202179412e-05
263 2.2803561004086398e-05
264 1.9763086203541545e-05
265 1.9763086203541545e-05
266 2.4323798404358825e-05
267 1.6722611402996692e-05
268 1.824284880326912e-05
269 1.0641661801906986e-05
270 6.080949601089706e-06
271 1.2161899202179412e-05
272 6.080949601089706e-06
273 1.0641661801906986e-05
274 3.040474800544853e-06
275 9.12142440163456e-06
276 4.56071220081728e-06
277 1.0641661801906986e-05
278 4.56071220081728e-06
279 4.56071220081728e-06
280 3.040474800544853e-06
281 9.12142440163456e-06
282 6.080949601089706e-06
283 7.601187001362133e-06
284 9.12142440163456e-06
285 3.040474800544853e-06
286 1.0641661801906986e-05
287 9.12142440163456e-06
288 1.5202374002724266e-05
289 1.3682136602451839e-05
290 4.56071220081728e-06
291 1.5202374002724266e-05
292 1.6722611402996692e-05
293 1.9763086203541545e-05
294 2.1283323603813972e-05
295 1.9763086203541545e-05
296 1.824284880326912e-05
297 3.192498540572096e-05
298 1.3682136602451839e-05
299 2.4323798404358825e-05
300 2.584403580463125e-05
301 3.3445222805993384e-05
302 3.952617240708309e-05
303 3.3445222805993384e-05
304 3.952617240708309e-05
305 3.192498540572096e-05
306 3.040474800544853e-05
307 3.496546020626581e-05
308 2.7364273204903678e-05
309 2.2803561004086398e-05
310 1.9763086203541545e-05
311 2.7364273204903678e-05
312 3.040474800544853e-05
313 2.8884510605176105e-05
314 2.2803561004086398e-05
315 1.2161899202179412e-05
316 7.601187001362133e-06
317 9.12142440163456e-06
318 1.5202374002724266e-05
319 1.5202374002724266e-05
320 1.3682136602451839e-05
321 1.2161899202179412e-05
322 4.56071220081728e-06
323 1.0641661801906986e-05
324 9.12142440163456e-06
325 6.080949601089706e-06
326 9.12142440163456e-06
327 9.12142440163456e-06
328 9.12142440163456e-06
329 1.5202374002724266e-06
330 1.5202374002724266e-06
331 4.56071220081728e-06
332 0.0
333 1.5202374002724266e-06
334 0.0
335 0.0
336 1.5202374002724266e-06
337 3.040474800544853e-06
338 1.5202374002724266e-06
339 1.5202374002724266e-06
340 0.0
341 0.0
342 3.040474800544853e-06
343 3.040474800544853e-06
344 1.5202374002724266e-06
345 6.080949601089706e-06
346 1.5202374002724266e-06
347 1.5202374002724266e-06
348 0.0
349 0.0
350 3.040474800544853e-06
351 3.040474800544853e-06
352 3.040474800544853e-06
353 0.0
354 1.5202374002724266e-06
355 0.0
356 0.0
357 6.080949601089706e-06
358 3.040474800544853e-06
