0 0.00036350341244037937
1 0.00033155829085514235
2 0.0003680706400192703
3 0.00042737706204278334
4 0.00043954073294985997
5 0.00045475257387567815
6 0.0005338416464776127
7 0.0006038039406569792
8 0.0006403050228005762
9 0.000719411867877474
10 0.0008562705078689228
11 0.0009262046634837162
12 0.00107829233342391
13 0.001196964152847156
14 0.0014752537185516808
15 0.0016364574801144014
16 0.0018493836714867855
17 0.002141375839079413
18 0.002413616710708599
19 0.0028029046520500413
20 0.0032652572318259314
21 0.0038933449781494334
22 0.0043177046889942014
23 0.005003538347132934
24 0.005797413093305028
25 0.006741861463565284
26 0.007456572280851214
27 0.00852419718707013
28 0.009473191510468446
29 0.010344570552070246
30 0.011486695362281528
31 0.012656052735197645
32 0.013598946832650356
33 0.014468848263529394
34 0.015017734710581657
35 0.015440492134649288
36 0.015504387963687253
37 0.015188062927737426
38 0.014933931534957322
39 0.014459412041003582
40 0.013478550205678992
41 0.012421453781640883
42 0.01110760371296804
43 0.009594355681045743
44 0.00821357372898169
45 0.00701826335338471
46 0.005606913494963364
47 0.004408590798086198
48 0.0034292627929179763
49 0.0025502648683627363
50 0.001928274930730789
51 0.001367135343647182
52 0.0009747838590756235
53 0.0006432637742372212
54 0.0005185708616606821
55 0.00029349520628784776
56 0.00017031394641209654
57 0.0001155688260480027
58 7.603347659922604e-05
59 4.2577894033405476e-05
60 2.128835508142028e-05
61 1.8245808651970803e-05
62 1.0644325538989163e-05
63 7.602370871657843e-06
64 6.083317226417749e-06
65 6.082133240925947e-06
66 0.0
67 0.0
68 0.0
69 0.0
70 1.5202374002724266e-06
71 0.0
72 0.0
73 0.0
74 1.5202374002724266e-06
75 0.0
76 0.0
77 0.0
78 0.0
79 0.0
80 0.0
81 0.0
82 0.0
83 0.0
84 0.0
85 0.0
86 0.0
87 0.0
88 0.0
89 0.0
90 0.0
91 0.0
92 0.0
93 0.0
94 0.0
95 0.0
96 0.0
97 0.0
98 0.0
99 0.0
100 0.0
101 0.0
102 0.0
103 0.0
104 0.0
105 0.0
106 0.0
107 0.0
108 0.0
109 0.0
110 0.0
111 0.0
112 0.0
113 0.0
114 0.0
115 0.0
116 0.0
117 0.0
118 0.0
119 0.0
120 0.0
121 0.0
122 0.0
123 0.0
124 0.0
125 0.0
126 0.0
127 0.0
128 0.0
129 0.0
130 0.0
131 0.0
132 0.0
133 0.0
134 0.0
135 0.0
136 0.0
137 0.0
138 0.0
139 0.0
140 0.0
141 0.0
142 0.0
143 0.0
144 0.0
145 0.0
146 0.0
147 0.0
148 0.0
149 0.0
150 0.0
151 0.0
152 0.0
153 0.0
154 0.0
155 0.0
156 0.0
157 0.0
158 0.0
159 0.0
160 0.0
161 0.0
162 0.0
163 0.0
164 0.0
165 0.0
166 0.0
167 0.0
168 0.0
169 0.0
170 0.0
171 0.0
172 0.0
173 0.0
174 0.0
175 0.0
176 0.0
177 0.0
178 0.0
179 0.0
180 0.0
181 0.0
182 0.0
183 0.0
184 0.0
185 0.0
186 0.0
187 0.0
188 0.0
189 0.0
190 0.0
191 0.0
192 0.0
193 0.0
194 0.0
195 0.0
196 0.0
197 0.0
198 0.0
199 0.0
200 0.0
201 0.0
202 0.0
203 0.0
204 0.0
205 0.0
206 0.0
207 0.0
208 0.0
209 0.0
210 0.0
211 0.0
212 0.0
213 0.0
214 0.0
215 0.0
216 0.0
217 0.0
218 0.0
219 0.0
220 0.0
221 0.0
222 0.0
223 0.0
224 0.0
225 0.0
226 0.0
227 0.0
228 0.0
229 0.0
230 0.0
231 0.0
232 0.0
233 0.0
234 0.0
235 0.0
236 0.0
237 0.0
238 0.0
239 0.0
240 0.0
241 0.0
242 0.0
243 0.0
244 0.0
245 0.0
246 0.0
247 0.0
248 0.0
249 0.0
250 0.0
251 0.0
252 0.0
253 0.0
254 0.0
255 0.0
256 0.0
257 0.0
258 0.0
259 0.0
260 0.0
261 0.0
262 0.0
263 0.0
264 0.0
265 0.0
266 0.0
267 0.0
268 0.0
269 0.0
270 0.0
271 0.0
272 0.0
273 0.0
274 0.0
275 0.0
276 0.0
277 0.0
278 0.0
279 1.5202374002724266e-06
280 0.0
281 0.0
282 1.5208292777885927e-06
283 0.0
284 1.5202374002724266e-06
285 1.5208292777885927e-06
286 1.5208292777885927e-06
287 1.5202374002724266e-06
288 1.520533281432464e-06
289 7.602963440956405e-06
290 1.5204445401236708e-05
291 1.5205629502126516e-05
292 1.8251139472346082e-05
293 4.71374215568141e-05
294 6.386388022166774e-05
295 0.00011100604256312849
296 0.00015662381456229315
297 0.00024785967162297036
298 0.0003862436002272753
299 0.0005489643590344403
300 0.0008561141608784466
301 0.001376181281240277
302 0.001900825395904744
303 0.002615522866702657
304 0.003762136749824228
305 0.005162653981124505
306 0.006876469460166296
307 0.009193944707460495
308 0.011496349602542531
309 0.014458599651794203
310 0.017691622759857136
311 0.021114815039151795
312 0.024242800009379558
313 0.02822863340736171
314 0.031224530918883085
315 0.03356492871899758
316 0.03524689026505002
317 0.03686812500046351
318 0.0373075801844516
319 0.037050701516120665
320 0.0359862888003187
321 0.03428921519033481
322 0.031548974235350885
323 0.029748610549008063
324 0.027017454372211935
325 0.024163077459291655
326 0.021396920578521585
327 0.018509101101151622
328 0.016305600700153723
329 0.014082294150247573
330 0.011874198102571456
331 0.00992917181121437
332 0.008221373017451666
333 0.0070626203310223835
334 0.005675565503224386
335 0.004819460536337152
336 0.00394647155650552
337 0.0033061804464506643
338 0.0027390052482099917
339 0.002092653327832324
340 0.00187976355186852
341 0.0014067702030059212
342 0.0012623070985932434
343 0.0010706618559349894
344 0.0008957993455214895
345 0.0007969175854638188
346 0.0006843978386481264
347 0.0005657719435422858
348 0.0005231830982251463
349 0.00042433806133480135
350 0.00035893854763557924
351 0.0003908549484582243
352 0.0003224371555246926
353 0.00033307793419059243
354 0.0002859464392498168
355 0.00031635177393972495
356 0.0003817554427849311
357 0.0003163523675494297
358 0.00033916333134932495
