0 0.0
1 0.0
2 1.5202374002724266e-06
3 0.0
4 0.0
5 0.0
6 1.5202374002724266e-06
7 1.5202374002724266e-06
8 0.0
9 1.5202374002724266e-06
10 1.5202374002724266e-06
11 0.0
12 1.5202374002724266e-06
13 0.0
14 0.0
15 0.0
16 0.0
17 0.0
18 0.0
19 0.0
20 0.0
21 0.0
22 3.040474800544853e-06
23 1.5202374002724266e-06
24 0.0
25 3.040474800544853e-06
26 1.5202374002724266e-06
27 1.5202374002724266e-06
28 0.0
29 0.0
30 0.0
31 1.5202374002724266e-06
32 0.0
33 0.0
34 1.5202374002724266e-06
35 3.040474800544853e-06
36 3.040474800544853e-06
37 1.5202374002724266e-06
38 6.080949601089706e-06
39 3.040474800544853e-06
40 3.040474800544853e-06
41 0.0
42 4.56071220081728e-06
43 3.040474800544853e-06
44 6.080949601089706e-06
45 4.56071220081728e-06
46 6.080949601089706e-06
47 4.56071220081728e-06
48 1.824284880326912e-05
49 1.2161899202179412e-05
50 1.5202374002724266e-05
51 1.5202374002724266e-05
52 1.5202374002724266e-05
53 1.824284880326912e-05
54 3.192498540572096e-05
55 3.496546020626581e-05
56 1.3682136602451839e-05
57 4.104640980735552e-05
58 4.864759680871765e-05
59 6.84106830122592e-05
60 8.057258221443861e-05
61 0.000103376143218525
62 8.665353181552831e-05
63 0.00012313922942206655
64 0.0001489832652266978
65 0.0002006713368359603
66 0.00020523204903677758
67 0.00025387964584549523
68 0.00027668320684958163
69 0.00035725578906402024
70 0.0004363081338781864
71 0.0005001581046896284
72 0.0005670485503016153
73 0.0006521818447168708
74 0.0007570782253356685
75 0.0009501483751702666
76 0.00098359359797626
77 0.0011508197120062267
78 0.001286120840630473
79 0.0014609481416618018
80 0.0016220933060906795
81 0.0016585790036972173
82 0.0019687074333527925
83 0.0022089049425958354
84 0.0023730905818252586
85 0.0027151439968865557
86 0.0027303463708892783
87 0.0029918272037361333
88 0.003210741389375366
89 0.0034098924888110536
90 0.0037413042420704414
91 0.004118323117338001
92 0.004300751605370695
93 0.004721857365246159
94 0.004869320393072581
95 0.004975737011091653
96 0.00520681309593306
97 0.005586872446001167
98 0.005922844911461375
99 0.006178244794707142
100 0.006363713757540376
101 0.006751374294609845
102 0.00706910391126678
103 0.007063022961665692
104 0.00746132516053707
105 0.007903714244016346
106 0.008011651099435687
107 0.007949321366024515
108 0.008257929558279826
109 0.008087662969449308
110 0.008295935493286635
111 0.008341542615294807
112 0.008288334306285266
113 0.008302016442887724
114 0.008391710449503792
115 0.00851028896672505
116 0.008412993773107608
117 0.008288334306285273
118 0.00833242119089317
119 0.008235125997275735
120 0.00843883780891224
121 0.008300496205487451
122 0.008218403385872737
123 0.008230565285074916
124 0.008087662969449306
125 0.008184958163066747
126 0.008054217746643316
127 0.008148472465460204
128 0.007896113057014986
129 0.0077319274177855574
130 0.007988847538431603
131 0.007663516734773304
132 0.007572302490756957
133 0.007631591749367584
134 0.0075434179801517785
135 0.007254572874100022
136 0.007178561004086399
137 0.006958126581046899
138 0.006529419634170071
139 0.006461008951157811
140 0.006117435298696247
141 0.006003417493675813
142 0.00567656645261724
143 0.0054105249075695645
144 0.005332992800155674
145 0.0047993894726600485
146 0.004688412142440164
147 0.0045242265032107406
148 0.004151768340143998
149 0.0037048185444639036
150 0.0037261018680677157
151 0.0032913139715898035
152 0.0031864175909710048
153 0.0029294974703249657
154 0.0028565260751118884
155 0.0025692012064603997
156 0.002474946487643511
157 0.002271234676007005
158 0.0021556966335863014
159 0.001962626483751702
160 0.0017148277875072976
161 0.0017741170461179217
162 0.0017467527729130188
163 0.0015749659466822337
164 0.001505035026269703
165 0.0014731100408639814
166 0.0014898326522669785
167 0.0013590922358435488
168 0.0012496351430239343
169 0.0011812244600116753
170 0.0011918661218135818
171 0.0011614613738081337
172 0.0011371375754037753
173 0.0011280161510021397
174 0.0010930506907958742
175 0.0010702471297917879
176 0.0010261602451838883
177 0.0011006518777972368
178 0.0010763280793928778
179 0.001052004280988519
180 0.001059605467989882
181 0.0010854495037945122
182 0.0011082530647985988
183 0.0011340971006032303
184 0.0011173744892002337
185 0.0010915304533956026
186 0.001111293539599143
187 0.0011736232730103124
188 0.0011797042226114026
189 0.0013089244016345587
190 0.0012405137186223005
191 0.001322606538237011
192 0.0013697338976454555
193 0.0014837517026658883
194 0.0014594279042615295
195 0.0015247981124732444
196 0.0016038504572874093
197 0.0017178682623078421
198 0.001723949211908931
199 0.001956545534150614
200 0.0020173550301615093
201 0.002119210935979764
202 0.002284916812609456
203 0.002461264351041059
204 0.002496229811247326
205 0.0027957165791009935
206 0.002850445125510799
207 0.0032548282739832644
208 0.003450938898618408
209 0.003703298307063631
210 0.00382795777388597
211 0.00405295290912629
212 0.004413249172990857
213 0.00440412774858922
214 0.004776585911655964
215 0.005111038139715897
216 0.005370998735162484
217 0.005588392683401444
218 0.005928925861062466
219 0.006131117435298692
220 0.006499014886164621
221 0.006470130375559447
222 0.006727050496205487
223 0.006965727768048258
224 0.007005253940455339
225 0.00737923234092236
226 0.0073579490173185415
227 0.007637672698968671
228 0.00787178925861063
229 0.007788176201595636
230 0.00780489881299864
231 0.007858107122008174
232 0.007899153531815528
233 0.0081211081922553
234 0.00793715946682234
235 0.008102865343452028
236 0.008061818933644676
237 0.008035974897840052
238 0.0083141783420899
239 0.008020772523837323
240 0.008347623564895894
241 0.008172796263864565
242 0.00841451401050788
243 0.008425155672309788
244 0.008429716384510604
245 0.008142391515859115
246 0.008257929558279819
247 0.008426675909710057
248 0.008061818933644677
249 0.00793867970422261
250 0.008318739054290715
251 0.008195599824868654
252 0.007944760653823702
253 0.00781402023740027
254 0.007783615489394828
255 0.0071770407666861295
256 0.007183121716287217
257 0.007006774177855612
258 0.006711848122202765
259 0.006289222124927029
260 0.006125036485697606
261 0.005862035415450475
262 0.005583831971200623
263 0.005310189239151587
264 0.005066951255107999
265 0.0046929728546409805
266 0.004556151488616459
267 0.004367642050982683
268 0.003983021988713758
269 0.0037032983070636304
270 0.0035041472076279426
271 0.0033049961081922552
272 0.003105845008756567
273 0.0029082141467211523
274 0.0025935250048647594
275 0.002313801323214633
276 0.0022013037555944728
277 0.0020173550301615098
278 0.0017087468379062077
279 0.0016266540182914967
280 0.0014655088538626196
281 0.0013119648764351047
282 0.0011234554388013234
283 0.0009455876629694497
284 0.0008999805409612761
285 0.000796604397742752
286 0.0006643437439190505
287 0.0005031985794901734
288 0.0005001581046896284
289 0.00046215216968281767
290 0.0003542153142634754
291 0.00028428439385094377
292 0.0002645213076474022
293 0.00021587371083868457
294 0.0001778677758318739
295 0.00015354397742751508
296 0.00012465946682233898
297 0.00010641661801906986
298 9.273448141661802e-05
299 7.905234481416618e-05
300 6.080949601089706e-05
301 6.84106830122592e-05
302 3.648569760653824e-05
303 3.3445222805993384e-05
304 1.0641661801906986e-05
305 2.7364273204903678e-05
306 1.824284880326912e-05
307 2.2803561004086398e-05
308 1.2161899202179412e-05
309 1.2161899202179412e-05
310 1.5202374002724266e-05
311 6.080949601089706e-06
312 6.080949601089706e-06
313 3.040474800544853e-06
314 3.040474800544853e-06
315 4.56071220081728e-06
316 4.56071220081728e-06
317 4.56071220081728e-06
318 4.56071220081728e-06
319 4.56071220081728e-06
320 3.040474800544853e-06
321 3.040474800544853e-06
322 4.56071220081728e-06
323 1.5202374002724266e-06
324 0.0
325 1.5202374002724266e-06
326 1.5202374002724266e-06
327 1.5202374002724266e-06
328 1.5202374002724266e-06
329 3.040474800544853e-06
330 0.0
331 1.5202374002724266e-06
332 0.0
333 1.5202374002724266e-06
334 1.5202374002724266e-06
335 0.0
336 0.0
337 0.0
338 0.0
339 1.5202374002724266e-06
340 0.0
341 3.040474800544853e-06
342 1.5202374002724266e-06
343 0.0
344 3.040474800544853e-06
345 1.5202374002724266e-06
346 0.0
347 0.0
348 1.5202374002724266e-06
349 0.0
350 0.0
351 0.0
352 0.0
353 0.0
354 0.0
355 0.0
356 0.0
357 1.5202374002724266e-06
358 1.5202374002724266e-06
