0 0.0
1 3.040474800544853e-06
2 0.0
3 1.5202374002724266e-06
4 1.5202374002724266e-06
5 1.5202374002724266e-06
6 1.5202374002724266e-06
7 1.5202374002724266e-06
8 0.0
9 4.56071220081728e-06
10 1.5202374002724266e-06
11 0.0
12 3.040474800544853e-06
13 4.56071220081728e-06
14 6.080949601089706e-06
15 4.56071220081728e-06
16 7.601187001362133e-06
17 4.56071220081728e-06
18 7.601187001362133e-06
19 1.2161899202179412e-05
20 9.12142440163456e-06
21 1.3682136602451839e-05
22 3.040474800544853e-06
23 1.6722611402996692e-05
24 3.192498540572096e-05
25 3.040474800544853e-05
26 4.104640980735552e-05
27 3.648569760653824e-05
28 6.080949601089706e-05
29 5.776902121035221e-05
30 6.993092041253162e-05
31 0.000103376143218525
32 0.00013074041642342868
33 0.00012161899202179412
34 0.0001839487254329636
35 0.00020979276123759486
36 0.0002630010702471298
37 0.00033597246546020627
38 0.00035877602646429267
39 0.0004013426736719206
40 0.00046063193228254525
41 0.0005640080755010702
42 0.0006917080171239547
43 0.0007753210741389379
44 0.0008969400661607318
45 0.0011553804242070437
46 0.0012405137186222996
47 0.0013803755594473629
48 0.001527838587273789
49 0.0016981051761042994
50 0.0019124586495427127
51 0.0023335644094181754
52 0.0024095762794317955
53 0.002646733313874294
54 0.0026680166374781064
55 0.0031377699941622893
56 0.003279152072387625
57 0.0036348876240513725
58 0.0036820149834598183
59 0.003914611305701499
60 0.004075756470130377
61 0.004287069468768241
62 0.004509024129208016
63 0.004443653920996304
64 0.0044877408056042
65 0.004661047869235258
66 0.004794828760459233
67 0.00461088003502627
68 0.0044603765323992985
69 0.004683851430239348
70 0.004554631251216192
71 0.004516625316209379
72 0.004451255107997664
73 0.004378283712784588
74 0.004156329052344814
75 0.003937414866705584
76 0.003653130472854642
77 0.003542153142634755
78 0.00333844133099825
79 0.003157533080365831
80 0.002800277291301811
81 0.002666496400077836
82 0.0024871083868456905
83 0.002310760848414088
84 0.0019763086203541547
85 0.0018349265421288184
86 0.001799961081922554
87 0.001556723097878965
88 0.0014107803074528118
89 0.0013104446390348316
90 0.0012131494454173963
91 0.0010352816695855223
92 0.000936466238567815
93 0.0008498127067522864
94 0.0008406912823506519
95 0.0007221127651294028
96 0.0006384997081144192
97 0.0005852913991048846
98 0.0005928925861062465
99 0.0004743140688849971
100 0.0004226259972757346
101 0.00039222124927028605
102 0.0003998224362716482
103 0.0003146891418563923
104 0.00025539988324576766
105 0.00022651537264059156
106 0.0002234748978400467
107 0.00019307014983459817
108 0.00019763086203541545
109 0.0001717868262307842
110 0.0001550642148277875
111 0.00016418563922942207
112 0.00016722611402996692
113 0.0001657058766296945
114 0.00015050350262697023
115 0.00013834160342479082
116 0.00012313922942206655
117 0.00011553804242070442
118 0.000103376143218525
119 0.00010033566841798015
120 0.0001200987546215217
121 9.273448141661802e-05
122 0.00011097733021988714
123 9.881543101770773e-05
124 0.00012922017902315626
125 0.00011401780502043199
126 0.00011097733021988714
127 0.0001489832652266978
128 0.00015354397742751508
129 0.00012922017902315626
130 0.00015810468962833236
131 0.00015810468962833236
132 0.00016114516442887721
133 0.000217393948238957
134 0.00023715703444249854
135 0.00021891418563922942
136 0.0002873248686514886
137 0.00031164866705584744
138 0.0004013426736719206
139 0.00038766053706946877
140 0.00047127359408445223
141 0.00048343549328663164
142 0.0005609676007005258
143 0.0006293782837127845
144 0.0006673842187195948
145 0.0008118067717454761
146 0.000988154310177077
147 0.0010793685541934223
148 0.0013666934228449119
149 0.001457907666861257
150 0.0016600992410974904
151 0.0020462395407666862
152 0.0022636334890056434
153 0.002557039307258221
154 0.002899092722319518
155 0.00325786874878381
156 0.0038112351624829737
157 0.004239942109359799
158 0.004869320393072582
159 0.005573190309398716
160 0.006196487643510412
161 0.006809143315820196
162 0.007815540474800538
163 0.008799134072776799
164 0.009655027729130183
165 0.010792165304533955
166 0.01137745670363884
167 0.012604288285658691
168 0.013714061587857566
169 0.014554752870208217
170 0.015670607122008174
171 0.01671196974119478
172 0.017681881202568604
173 0.01848912726211325
174 0.019033372251410788
175 0.019869502821560622
176 0.02037726211325161
177 0.02119058912239735
178 0.021449029480443662
179 0.02131676882661996
180 0.02135173428682624
181 0.021266600992410987
182 0.02102640348316794
183 0.020921507102549128
184 0.020317972854640966
185 0.019451437536485698
186 0.018598584354932862
187 0.0174280015567231
188 0.01649001508075501
189 0.01573293685541934
190 0.014541070733605757
191 0.013475384316014798
192 0.012493310955438803
193 0.01178183985211131
194 0.010504840435882465
195 0.009550131348511381
196 0.008710960303561003
197 0.007950841603424791
198 0.006929242070441719
199 0.0064549280015567265
200 0.00549413796458455
201 0.004910366802879941
202 0.00437980395018486
203 0.0037945125510799784
204 0.0033262794317960695
205 0.0030024688655380426
206 0.0025327155088538627
207 0.002189141856392294
208 0.0019519848219497963
209 0.0017634753843160152
210 0.0013955779334500877
211 0.0012405137186222996
212 0.0011599411364078616
213 0.0009060614905623669
214 0.0008270091457482
215 0.0007099508659272231
216 0.0006430604203152366
217 0.0005457652266978013
218 0.0004697533566841798
219 0.0004363081338781864
220 0.0004180652850749173
221 0.000342053415061296
222 0.00025539988324576766
223 0.0002797236816501265
224 0.0002630010702471298
225 0.0002006713368359603
226 0.00018698920023350847
227 0.0001945903872348706
228 0.0001657058766296945
229 0.00013834160342479082
230 0.00013834160342479082
231 0.0001368213660245184
232 0.00012769994162288383
233 0.00011857851722124927
234 0.00010641661801906986
235 0.00012922017902315626
236 0.0001200987546215217
237 0.000103376143218525
238 0.00011401780502043199
239 0.00012769994162288383
240 0.00012465946682233898
241 0.00013378089122397354
242 0.000103376143218525
243 0.00015658445222805993
244 0.0001489832652266978
245 0.0001489832652266978
246 0.0001550642148277875
247 0.00015658445222805993
248 0.00020219157423623273
249 0.00018698920023350847
250 0.00021283323603813972
251 0.00021435347343841214
252 0.0002295558474411364
253 0.00021891418563922942
254 0.00028276415645067134
255 0.0002675617824479471
256 0.0002858046312512162
257 0.0003192498540572096
258 0.0003937414866705585
259 0.00046671288188363495
260 0.0005047188168904455
261 0.0005518461762988912
262 0.0005533664136991633
263 0.0006050544853084257
264 0.0007251532399299477
265 0.0007509972757345789
266 0.0009410269507686323
267 0.0009364662385678143
268 0.001073287604592333
269 0.0011614613738081345
270 0.0013165255886359215
271 0.0014594279042615297
272 0.0015506421482778757
273 0.001777157520918467
274 0.001935262210546799
275 0.0021632978205876627
276 0.002272754913407277
277 0.0024643048258416026
278 0.0026345714146721153
279 0.002906693909320879
280 0.0030541569371473048
281 0.0032578687487838107
282 0.0034326960498151393
283 0.0037777899396769805
284 0.0038766053706946863
285 0.004095519556333918
286 0.004306832554971782
287 0.004433012259194394
288 0.0045059836544074725
289 0.004575914574820003
290 0.004729458552247521
291 0.004661047869235261
292 0.004822193033664136
293 0.004881482292274764
294 0.004841956119867682
295 0.004624562171628722
296 0.004384364662385679
297 0.00460479908542518
298 0.004361561101381592
299 0.004043831484724656
300 0.0038659637088927813
301 0.003758026853473438
302 0.0035299912434325746
303 0.003381007978205877
304 0.003081521210352209
305 0.0027926761043004485
306 0.0025692012064604
307 0.0025114321852500493
308 0.00217393948238957
309 0.0020690431017707724
310 0.0016996254135045736
311 0.001567364759680872
312 0.0013134851138353763
313 0.001156900661607316
314 0.0010930506907958738
315 0.0010504840435882467
316 0.0008726162677563725
317 0.0007266734773302198
318 0.0005868116365051568
319 0.0005396842770967116
320 0.00041502481027437245
321 0.0003146891418563923
322 0.00030708795485503016
323 0.00020979276123759486
324 0.00019763086203541545
325 0.00016114516442887721
326 0.00011857851722124927
327 0.00012465946682233898
328 9.121424401634559e-05
329 8.057258221443861e-05
330 5.16880716092625e-05
331 4.2566647207627943e-05
332 3.3445222805993384e-05
333 2.8884510605176105e-05
334 1.824284880326912e-05
335 3.952617240708309e-05
336 2.1283323603813972e-05
337 1.824284880326912e-05
338 9.12142440163456e-06
339 9.12142440163456e-06
340 1.2161899202179412e-05
341 6.080949601089706e-06
342 4.56071220081728e-06
343 4.56071220081728e-06
344 7.601187001362133e-06
345 3.040474800544853e-06
346 3.040474800544853e-06
347 1.5202374002724266e-06
348 1.5202374002724266e-06
349 1.5202374002724266e-06
350 0.0
351 0.0
352 0.0
353 1.5202374002724266e-06
354 0.0
355 1.5202374002724266e-06
356 1.5202374002724266e-06
357 0.0
358 1.5202374002724266e-06
