0 0.0
1 0.0
2 1.5202374002724266e-06
3 1.5202374002724266e-06
4 1.5202374002724266e-06
5 1.5202374002724266e-06
6 3.040474800544853e-06
7 1.5202374002724266e-06
8 0.0
9 0.0
10 0.0
11 0.0
12 4.56071220081728e-06
13 1.5202374002724266e-06
14 0.0
15 0.0
16 0.0
17 1.5202374002724266e-06
18 1.5202374002724266e-06
19 1.5202374002724266e-06
20 4.56071220081728e-06
21 0.0
22 6.080949601089706e-06
23 7.601187001362133e-06
24 9.12142440163456e-06
25 1.3682136602451839e-05
26 6.080949601089706e-06
27 1.6722611402996692e-05
28 9.12142440163456e-06
29 1.824284880326912e-05
30 4.408688460790037e-05
31 4.2566647207627943e-05
32 6.84106830122592e-05
33 6.080949601089706e-05
34 6.537020821171434e-05
35 9.72951936174353e-05
36 0.00013530112862424596
37 0.00014594279042615295
38 0.00019763086203541545
39 0.0002508391710449504
40 0.00025996059544658494
41 0.00035117483946293053
42 0.0004302271842770967
43 0.00043326765907764157
44 0.0005016783420899007
45 0.0006141759097100603
46 0.0007312341895310374
47 0.0008285293831484722
48 0.0008954198287604593
49 0.0010246400077836156
50 0.0011614613738081343
51 0.0014305433936563534
52 0.0015293588246740617
53 0.0016372956800934037
54 0.0019063776999416228
55 0.001941343160147889
56 0.002108569274177856
57 0.0023259632224168123
58 0.0025494381202568594
59 0.002608727378867484
60 0.0027227451838879166
61 0.0028945320101187
62 0.0030480759875462136
63 0.0031681747421677376
64 0.0031879378283712788
65 0.0032654699357851716
66 0.0032259437633780893
67 0.003397730589608873
68 0.003365805604203151
69 0.0033369210935979745
70 0.0034676615100214065
71 0.003174255691768827
72 0.003216822338976454
73 0.0030617581241486674
74 0.0028078784783031737
75 0.002782034442498542
76 0.0026421726016734766
77 0.0026619356878770178
78 0.0024399810274372447
79 0.0023153215606149065
80 0.0022970787118116367
81 0.002052320490367775
82 0.0018212444055263676
83 0.0016677004280988511
84 0.0016205730686904068
85 0.001517196925471882
86 0.0013043636894337419
87 0.0012420339560225725
88 0.0011021721151975087
89 0.0009714316987740805
90 0.0009516686125705392
91 0.0008376508075501073
92 0.0007890032107413893
93 0.0006871473049231366
94 0.0006156961471103328
95 0.0005366438022961666
96 0.0005260021404942596
97 0.00046215216968281767
98 0.00043782837127845885
99 0.00039222124927028605
100 0.0003678974508659272
101 0.00030708795485503016
102 0.00032837127845884414
103 0.0002918855808523059
104 0.00026604154504767465
105 0.0002706022572484919
106 0.00023867727184277097
107 0.0002508391710449504
108 0.0002295558474411364
109 0.00018242848803269119
110 0.00016114516442887721
111 0.00015354397742751508
112 0.00016114516442887721
113 0.00015810468962833236
114 0.00015050350262697023
115 0.0001261797042226114
116 0.00013378089122397354
117 0.0001550642148277875
118 0.00015050350262697023
119 0.00016874635143023935
120 0.00014138207822533567
121 0.00016266540182914964
122 0.0001368213660245184
123 0.00012769994162288383
124 0.00015202374002724266
125 0.0001550642148277875
126 0.0001717868262307842
127 0.00020979276123759486
128 0.00018242848803269119
129 0.0001839487254329636
130 0.00023867727184277097
131 0.00024323798404358825
132 0.00025387964584549523
133 0.00027668320684958163
134 0.00038157958746837906
135 0.00036485697606538237
136 0.00047279383148472466
137 0.0005107997664915353
138 0.0005290426152948044
139 0.0006415401829149637
140 0.0006962687293247717
141 0.0007418758513329439
142 0.0008923793539599143
143 0.0009607900369721738
144 0.0011462589998054093
145 0.001319566063436466
146 0.001492873127067523
147 0.0016692206654991242
148 0.0019337419731465266
149 0.00218002043199066
150 0.0025129524226503224
151 0.002804838003502628
152 0.003251787799182721
153 0.003543673380035027
154 0.0040164672115197515
155 0.004714256178244796
156 0.005158165499124343
157 0.005944128235065187
158 0.006427563728351816
159 0.007313862132710644
160 0.008001009437633778
161 0.008850822144386065
162 0.009571414672115204
163 0.010416666666666673
164 0.011696706557696054
165 0.01263925374586496
166 0.013040596419536874
167 0.014279589900758905
168 0.01529054777194006
169 0.016301505643121224
170 0.016991693422844914
171 0.017940321560614904
172 0.018700440260751128
173 0.019425593500681064
174 0.020316452617240705
175 0.02083637380813389
176 0.02146119137964585
177 0.021476393753648567
178 0.02161321511967309
179 0.021727232924693515
180 0.021975031620937936
181 0.02175155672309788
182 0.02156000681066356
183 0.02118754864759681
184 0.020980796361159758
185 0.019679473146526565
186 0.01978132905234482
187 0.018694359311150027
188 0.018116669099046512
189 0.01711483265226698
190 0.016062828371278457
191 0.015514022669780117
192 0.01418989589414283
193 0.013619806869040674
194 0.012453784783031715
195 0.01149603522086009
196 0.010688789161315432
197 0.009729519361743528
198 0.008758087662969448
199 0.007947801128624242
200 0.007154237205682039
201 0.00667232194979568
202 0.005865075890251022
203 0.005217454757734965
204 0.004658007394434717
205 0.004106161218135826
206 0.003776269702276708
207 0.003233544950379451
208 0.002924936758124149
209 0.0025129524226503203
210 0.002205864467795291
211 0.001938302685347344
212 0.0017756372835181936
213 0.00145942790426153
214 0.0013150053512356495
215 0.0011918661218135829
216 0.0009957554971784391
217 0.0009136626775637284
218 0.000872616267756373
219 0.0006749854057209573
220 0.0006172163845106055
221 0.0006004937731076088
222 0.0004971176298890834
223 0.00042566647207627943
224 0.0003998224362716482
225 0.0003542153142634754
226 0.0003025272426542129
227 0.0002569201206460401
228 0.0002858046312512162
229 0.0002295558474411364
230 0.0002234748978400467
231 0.00019763086203541545
232 0.00020979276123759486
233 0.0001596249270286048
234 0.00017026658883051177
235 0.0001778677758318739
236 0.00019307014983459817
237 0.00014594279042615295
238 0.00015050350262697023
239 0.00014746302782642538
240 0.00014594279042615295
241 0.00016114516442887721
242 0.0001429023156256081
243 0.00016266540182914964
244 0.00015354397742751508
245 0.0001550642148277875
246 0.00016418563922942207
247 0.0001885094376337809
248 0.00018698920023350847
249 0.00019307014983459817
250 0.0001885094376337809
251 0.00023107608484140884
252 0.0002508391710449504
253 0.0002462784588441331
254 0.0002645213076474022
255 0.0003025272426542129
256 0.0002934058182525783
257 0.0003602962638645651
258 0.00037549863786728936
259 0.00041502481027437245
260 0.00046671288188363495
261 0.0004302271842770967
262 0.0005077592916909904
263 0.000592892586106246
264 0.0006050544853084261
265 0.0006597830317182334
266 0.0007281937147304917
267 0.0007722805993383926
268 0.0009243043393656344
269 0.0009258245767659071
270 0.0010504840435882467
271 0.0010960911655964196
272 0.0011933863592138542
273 0.0013074041642342866
274 0.0013727743724460013
275 0.0016099314068884999
276 0.0017300301615100207
277 0.0019702276707530657
278 0.0021283323603813967
279 0.002312281085814361
280 0.0023016394240124543
281 0.002532715508853863
282 0.0026512940260751123
283 0.002830682039307257
284 0.0029021331971200636
285 0.003054156937147304
286 0.0032411461373808145
287 0.0032213830511772716
288 0.003412932963611599
289 0.003314117532593888
290 0.00345245913601868
291 0.0033399615683985208
292 0.0033779675034053304
293 0.0034387769994162283
294 0.0032168223389764544
295 0.003347562755399883
296 0.0030784807355516636
297 0.0030252724265421283
298 0.0030207117143413115
299 0.0028276415645067136
300 0.0026862594862813766
301 0.0025311952714535905
302 0.0024673453006421485
303 0.0022165061295971967
304 0.002053840727768049
305 0.0018318860673282732
306 0.0017437122981124728
307 0.0016068909320879562
308 0.0014442255302588056
309 0.0012526756178244801
310 0.0010824090289939677
311 0.0010003162093792566
312 0.0008665353181552835
313 0.0007327544269313095
314 0.0006704246935201402
315 0.0005107997664915353
316 0.0004758343062852695
317 0.0003907010118700136
318 0.00028276415645067134
319 0.0002645213076474022
320 0.0002113129986378673
321 0.00020827252383732244
322 0.00017634753843160148
323 0.000103376143218525
324 9.425471881689045e-05
325 6.384997081144192e-05
326 7.753210741389375e-05
327 5.16880716092625e-05
328 4.2566647207627943e-05
329 3.496546020626581e-05
330 2.4323798404358825e-05
331 2.7364273204903678e-05
332 1.9763086203541545e-05
333 1.3682136602451839e-05
334 1.5202374002724266e-05
335 1.9763086203541545e-05
336 7.601187001362133e-06
337 7.601187001362133e-06
338 6.080949601089706e-06
339 1.5202374002724266e-06
340 6.080949601089706e-06
341 3.040474800544853e-06
342 3.040474800544853e-06
343 0.0
344 1.5202374002724266e-06
345 3.040474800544853e-06
346 1.5202374002724266e-06
347 1.5202374002724266e-06
348 0.0
349 1.5202374002724266e-06
350 1.5202374002724266e-06
351 0.0
352 0.0
353 0.0
354 1.5202374002724266e-06
355 0.0
356 0.0
357 0.0
358 0.0
