0 7.145796342507319e-05
1 9.730229522606058e-05
2 0.00013379243151078377
3 0.00016115611272297521
4 0.0002052471400127044
5 0.00023565987727025824
6 0.00027062444960265173
7 0.0002569408334792036
8 0.00024325277902315887
9 0.00022957567286121207
10 0.00019156263647616834
11 0.0001505188899448414
12 0.00010186359953478621
13 9.882460437043372e-05
14 6.385529713310696e-05
15 3.952972332659181e-05
16 4.104729745083563e-05
17 2.888628600733242e-05
18 1.5203261761400468e-05
19 7.60148288252217e-06
20 3.040474800544853e-06
21 6.08183735976591e-06
22 4.561304078333446e-06
23 3.0413625592210566e-06
24 0.0
25 1.5202374002724266e-06
26 0.0
27 3.040474800544853e-06
28 0.0
29 1.520533281432464e-06
30 0.0
31 0.0
32 0.0
33 0.0
34 0.0
35 0.0
36 0.0
37 0.0
38 1.5202374002724266e-06
39 0.0
40 0.0
41 0.0
42 0.0
43 0.0
44 1.5202374002724266e-06
45 4.56071220081728e-06
46 4.561008081977317e-06
47 3.040474800544853e-06
48 7.60148288252217e-06
49 1.2162490964499487e-05
50 1.0641661801906986e-05
51 3.040593153008868e-05
52 3.6487177127534514e-05
53 7.29758337760653e-05
54 8.8180279177302e-05
55 0.00011554248075330109
56 0.00015963114053296559
57 0.00021284092940908507
58 0.00026149237290327537
59 0.000360307803805787
60 0.00034814767977537167
61 0.00045153003695904185
62 0.0005001785209504553
63 0.00047129253105467495
64 0.00046217199452691274
65 0.0004849767396316198
66 0.000585314478756936
67 0.0008072842301726369
68 0.001409343810411027
69 0.0024005794287166758
70 0.004107896872687271
71 0.006455267991933631
72 0.009850138014928437
73 0.01390477745784096
74 0.018120610592687703
75 0.02248544889027091
76 0.025599022316885992
77 0.027247015582739675
78 0.02714512890355283
79 0.02635612954468073
80 0.023919059681839848
81 0.020191261812940727
82 0.016775102839992236
83 0.01345167776222743
84 0.009912404127208826
85 0.0072412245111446215
86 0.005175135483304581
87 0.0035407994949672897
88 0.002397519718876022
89 0.0015780821715523957
90 0.0009790754946208216
91 0.0006750188421351794
92 0.0004180812632335398
93 0.00026149059715553077
94 0.00017635700720470318
95 0.00013530941398790354
96 7.297287461887668e-05
97 5.169310204976751e-05
98 3.3447590085665864e-05
99 2.584433168579129e-05
100 1.2162786845659524e-05
101 1.2162490964499487e-05
102 6.0815413634097805e-06
103 9.122016163954634e-06
104 9.121720282794596e-06
105 1.0641957683067023e-05
106 6.080949601089706e-06
107 3.0407706817048902e-06
108 3.040474800544853e-06
109 3.040474800544853e-06
110 4.56071220081728e-06
111 3.040474800544853e-06
112 1.5202374002724266e-06
113 4.56071220081728e-06
114 4.561303963137354e-06
115 1.5202374002724266e-06
116 6.0815413634097805e-06
117 1.5202374002724266e-06
118 4.56071220081728e-06
119 4.56071220081728e-06
120 4.561008081977317e-06
121 4.561008081977317e-06
122 3.040474800544853e-06
123 1.3683024361128042e-05
124 7.601187001362133e-06
125 1.6723203165316766e-05
126 9.122016279150725e-06
127 2.7366048607059992e-05
128 1.3682432483611876e-05
129 1.8243440565589193e-05
130 2.4326165568835213e-05
131 3.4966051968585885e-05
132 3.6487473008694555e-05
133 3.9527355931723246e-05
134 3.496575608742585e-05
135 3.952794780923941e-05
136 3.648717712753452e-05
137 5.016931361479027e-05
138 4.560919329148915e-05
139 5.016901773363023e-05
140 4.8650851616674156e-05
141 4.408836412889665e-05
142 5.0169905492306434e-05
143 4.5609489172649195e-05
144 3.952676416940317e-05
145 4.713150209027402e-05
146 4.86511474978342e-05
147 4.104818520951184e-05
148 6.385174609840214e-05
149 6.841157065573932e-05
150 7.297376226235677e-05
151 6.23344676249262e-05
152 7.753536210665419e-05
153 0.00010033892311074058
154 9.577850679108333e-05
155 0.00010489904354923778
156 9.273862398325075e-05
157 9.425945314584324e-05
158 0.00011858502683716228
159 0.00011706330991589361
160 0.00012162579740367106
161 0.00012618503019868818
162 9.273803199053849e-05
163 9.881809406334416e-05
164 7.905707914311898e-05
165 9.729963206522807e-05
166 8.209696218134378e-05
167 0.00010034129050560916
168 6.993239993352791e-05
169 5.9291033897584865e-05
170 5.32112679363314e-05
171 6.689281266126708e-05
172 5.321067617401133e-05
173 4.865025985435408e-05
174 4.408954765353681e-05
175 6.081245505288963e-05
176 5.0170497254626515e-05
177 3.1926168930361106e-05
178 4.408925177237677e-05
179 4.1048481090671875e-05
180 2.128450712845412e-05
181 3.1926168930361106e-05
182 2.8885398248656216e-05
183 4.7129726572921615e-05
184 2.7365752725899955e-05
185 2.4324981928998973e-05
186 1.6723795042832932e-05
187 2.888510236749618e-05
188 1.9763382084701582e-05
189 2.584551532562753e-05
190 2.4326165684031304e-05
191 3.0405635648928642e-05
192 3.8007414643003035e-05
193 3.040593164528477e-05
194 3.344611044947349e-05
195 3.496634784974592e-05
196 1.8244328324265396e-05
197 3.344611044947349e-05
198 3.800800617493093e-05
199 3.344640644582962e-05
200 2.7364569086063715e-05
201 4.408718048906041e-05
202 5.929310518090123e-05
203 5.77746432979812e-05
204 4.712854293308538e-05
205 5.0169313614790265e-05
206 6.841334594269955e-05
207 0.00010642046481973864
208 0.00013378680919276257
209 0.00017179156032934482
210 0.000174833810532046
211 0.0002766926755074872
212 0.0003603107627325834
213 0.00048497496411426737
214 0.0005792335293862383
215 0.000740381948507876
216 0.0009030568193405192
217 0.0010094843859992752
218 0.0011782230429066088
219 0.0012420747891202068
220 0.001289210434007506
221 0.0013135321617045287
222 0.0013302595068604977
223 0.0013469830068285429
224 0.0011919087304285685
225 0.0011478289473140977
226 0.0010946040681532284
227 0.0008772065694555471
228 0.0007692655713543762
229 0.0006476474667456696
230 0.0005123359820504304
231 0.0004484871951092168
232 0.00029493345291224383
233 0.00024324538153337359
234 0.00015962936547639754
235 0.00015506983691541653
236 8.361424053962362e-05
237 6.841275429557555e-05
238 5.929044213526479e-05
239 4.2567534966304146e-05
240 2.43243901666789e-05
241 2.4323798404358825e-05
242 2.280504064027877e-05
243 1.520296576504434e-05
244 1.5202374002724266e-05
245 1.0641957683067023e-05
246 9.121720282794596e-06
247 4.561008081977317e-06
248 1.5202374002724266e-06
249 4.56071220081728e-06
250 4.56071220081728e-06
251 4.56071220081728e-06
252 3.0407706817048902e-06
253 6.080949601089706e-06
254 6.080949601089706e-06
255 9.12142440163456e-06
256 6.081245482249743e-06
257 9.122016163954634e-06
258 9.12142440163456e-06
259 1.0641957683067023e-05
260 1.6722611402996692e-05
261 2.736516084838379e-05
262 3.34461104494735e-05
263 7.297405848910509e-05
264 8.209459501686735e-05
265 0.00012466508914036015
266 0.00019459808095140423
267 0.00032229890975698383
268 0.00045456518601390207
269 0.0007434185774293211
270 0.0011812694379798655
271 0.0017574500642896797
272 0.0027304410589658826
273 0.003943613880953255
274 0.00588048362121509
275 0.008182196724474624
276 0.011222748755531661
277 0.01476653931072665
278 0.01894884614580013
279 0.02294263348569955
280 0.02636326616980741
281 0.028972058054799632
282 0.029957202666885435
283 0.02919096750645551
284 0.02684974213708821
285 0.02304750915383074
286 0.01895796461231174
287 0.01573798195618209
288 0.012901123986195874
289 0.012378146040932968
290 0.013831550104689156
291 0.016730760003781372
292 0.021495335807302136
293 0.027558274247669226
294 0.03214802985844863
295 0.035504825591437694
296 0.03696885740643421
297 0.0354896678965269
298 0.03214047631223071
299 0.027830441421294733
300 0.022840900665061496
301 0.017158045838745573
302 0.01263818711755263
303 0.008586634314274172
304 0.005728470233342173
305 0.003808332279909591
306 0.00238229337746257
307 0.0014017050427008694
308 0.0007981568878022133
309 0.0004940937255854616
310 0.00031166227828038564
311 0.0001672341031668762
312 9.273951162673084e-05
313 4.2569310368460464e-05
314 2.584433168579129e-05
315 1.5202374002724266e-05
316 6.080949601089706e-06
317 1.3682728364771913e-05
318 1.5202374002724266e-06
319 3.040474800544853e-06
320 0.0
321 1.5202374002724266e-06
322 0.0
323 0.0
324 0.0
325 0.0
326 0.0
327 0.0
328 0.0
329 1.520533281432464e-06
330 0.0
331 1.5202374002724266e-06
332 0.0
333 1.5202374002724266e-06
334 0.0
335 0.0
336 0.0
337 0.0
338 0.0
339 1.5202374002724266e-06
340 1.5202374002724266e-06
341 1.5208292777885927e-06
342 3.0407706817048902e-06
343 4.56071220081728e-06
344 6.0815414786058725e-06
345 1.3682432483611876e-05
346 1.9764269843377785e-05
347 2.4326461680387433e-05
348 3.8009190045159346e-05
349 3.496930712213066e-05
350 4.865144395497469e-05
351 2.888924539491325e-05
352 4.56124487906222e-05
353 4.408866001005669e-05
354 3.800948592631939e-05
355 3.496841936345446e-05
356 3.04088910328656e-05
357 3.192676092307336e-05
358 3.34487738406982e-05
