0 0.0
1 1.5202374002724266e-06
2 0.0
3 0.0
4 1.5202374002724266e-06
5 1.5202374002724266e-06
6 0.0
7 3.040474800544853e-06
8 1.5202374002724266e-06
9 0.0
10 0.0
11 1.5202374002724266e-06
12 0.0
13 4.56071220081728e-06
14 1.5202374002724266e-06
15 7.601187001362133e-06
16 3.040474800544853e-06
17 7.601187001362133e-06
18 1.0641661801906986e-05
19 9.12142440163456e-06
20 7.601187001362133e-06
21 1.2161899202179412e-05
22 2.2803561004086398e-05
23 1.3682136602451839e-05
24 3.496546020626581e-05
25 1.5202374002724266e-05
26 1.9763086203541545e-05
27 2.584403580463125e-05
28 3.192498540572096e-05
29 4.2566647207627943e-05
30 5.776902121035221e-05
31 7.44916326133489e-05
32 0.00011401780502043199
33 8.969400661607317e-05
34 0.00016418563922942207
35 0.00016874635143023935
36 0.00018090825063241876
37 0.00021435347343841214
38 0.00028884510605176105
39 0.0003542153142634754
40 0.0004393486086787313
41 0.00046671288188363495
42 0.0005655283129013429
43 0.0006993092041253162
44 0.0008270091457482004
45 0.0009577495621716286
46 0.0011219352014010513
47 0.0012040280210157616
48 0.001357571998443277
49 0.0016464171044950373
50 0.0017923598949211913
51 0.0020538407277680484
52 0.0022514715898034636
53 0.002406535804631253
54 0.002643692839073751
55 0.003028312901342673
56 0.0031362497567620166
57 0.003403811539209962
58 0.003716980443666082
59 0.003768668515275345
60 0.004062074333527923
61 0.004171531426347538
62 0.004264265907764155
63 0.004493821755205295
64 0.004531827690212105
65 0.004806990659661414
66 0.004724897840046701
67 0.004661047869235259
68 0.004641284783031719
69 0.004639764545631447
70 0.0044831800934033855
71 0.004373723000583771
72 0.004358520626581047
73 0.0041563290523448145
74 0.003989102938314848
75 0.0038796458454952317
76 0.0035740781280404763
77 0.0034707019848219493
78 0.0032852330219887145
79 0.0030784807355516627
80 0.0028352427515080767
81 0.0025692012064603992
82 0.0023624489200233514
83 0.0023396453590192635
84 0.001993031231757151
85 0.001926140786145165
86 0.00164793734189531
87 0.0015840873710838681
88 0.001348450574041643
89 0.001321086300836739
90 0.0011781839852111307
91 0.0009547090873710838
92 0.0009030210157618215
93 0.0008558936563533764
94 0.0007585984627359408
95 0.0007053901537264057
96 0.000688667542323409
97 0.0005488057014983458
98 0.0005275223778945321
99 0.00047127359408445223
100 0.0004910366802879937
101 0.00042718670947655186
102 0.0003435736524615684
103 0.0003162093792566647
104 0.00030100700525394046
105 0.0002751629694493092
106 0.00028428439385094377
107 0.0002569201206460401
108 0.0002295558474411364
109 0.00021435347343841214
110 0.00019915109943568788
111 0.00018546896283323604
112 0.0001657058766296945
113 0.0001596249270286048
114 0.0001657058766296945
115 0.0001596249270286048
116 0.0001550642148277875
117 0.0001322606538237011
118 0.00013986184082506324
119 0.0001657058766296945
120 0.00014138207822533567
121 0.00017026658883051177
122 0.00015202374002724266
123 0.00017634753843160148
124 0.00013986184082506324
125 0.00017482730103132905
126 0.0001945903872348706
127 0.00016418563922942207
128 0.0002006713368359603
129 0.00022499513524031913
130 0.0001945903872348706
131 0.00024323798404358825
132 0.0002797236816501265
133 0.0002979665304533956
134 0.000331411753259389
135 0.00034661412726211325
136 0.0003770188752675618
137 0.0004226259972757346
138 0.0005366438022961666
139 0.0005366438022961666
140 0.0006232973341116948
141 0.0007129913407277679
142 0.0007814020237400271
143 0.000909101965362911
144 0.001056564993189337
145 0.0011371375754037753
146 0.0014305433936563532
147 0.0015126362132710641
148 0.0017710765713173766
149 0.0019398229227476158
150 0.0022849168126094573
151 0.0026300107024712963
152 0.0028306820393072594
153 0.0032609092235843552
154 0.003499586495427124
155 0.004177612375948629
156 0.004686891905039891
157 0.005196171434131154
158 0.0057236938120256865
159 0.006339389959136021
160 0.007021976551858334
161 0.007794257151196731
162 0.0085513353765324
163 0.009460437341895311
164 0.010196232243627163
165 0.010965472368165015
166 0.012069164720762785
167 0.01278367629889083
168 0.013592442595835762
169 0.01447113981319322
170 0.015162847830317171
171 0.016122117629889087
172 0.017104190990465066
173 0.017560262210546795
174 0.017750291885580857
175 0.018521052247518984
176 0.018928475870791984
177 0.01922948287604592
178 0.019541131543101765
179 0.019636906499318933
180 0.019644507686320298
181 0.020073214633197122
182 0.01919451741583967
183 0.0191975578906402
184 0.018603145067133682
185 0.018068021502237793
186 0.01754505983654408
187 0.01666940309398716
188 0.01611299620548745
189 0.015209975189725633
190 0.014877043199065965
191 0.013762709184666277
192 0.01271222514107803
193 0.011933863592138542
194 0.010928986670558473
195 0.010292007199844327
196 0.009189835084646821
197 0.008621266296944931
198 0.007917396380618797
199 0.007104069371473048
200 0.006404760167347734
201 0.005723693812025683
202 0.005155125024323798
203 0.004753782350651876
204 0.00404079100992411
205 0.0036728935590581817
206 0.003311077057793345
207 0.002842843938509438
208 0.0026178488032691186
209 0.0022393096906012837
210 0.0020143145553609657
211 0.0017801979957190119
212 0.0014518267172601682
213 0.0013226065382370108
214 0.0012009875462152169
215 0.0010139983459817087
216 0.0008999805409612762
217 0.0007798817863397553
218 0.0007601187001362131
219 0.0006035342479081532
220 0.0005472854640980736
221 0.0004879962054874489
222 0.0004971176298890834
223 0.0003663772134656548
224 0.00036333673866510995
225 0.00030556771745475774
226 0.00030708795485503016
227 0.0002690820198482195
228 0.00023867727184277097
229 0.00021891418563922942
230 0.00020675228643705
231 0.00017938801323214633
232 0.0001839487254329636
233 0.00018090825063241876
234 0.00019154991243432575
235 0.00015202374002724266
236 0.0001596249270286048
237 0.0001322606538237011
238 0.0001368213660245184
239 0.00014746302782642538
240 0.00014594279042615295
241 0.00013834160342479082
242 0.00014746302782642538
243 0.0001657058766296945
244 0.0001322606538237011
245 0.00017026658883051177
246 0.00019763086203541545
247 0.00016418563922942207
248 0.00018698920023350847
249 0.00020523204903677758
250 0.00023259632224168126
251 0.00023107608484140884
252 0.00017482730103132905
253 0.0002751629694493092
254 0.00029492605565285075
255 0.00031164866705584744
256 0.00034053317766102355
257 0.00041046409807355517
258 0.0004302271842770967
259 0.00046063193228254525
260 0.00047735454368554194
261 0.0005001581046896283
262 0.0005989735357073358
263 0.0006004937731076084
264 0.0006719449309204131
265 0.0007753210741389374
266 0.0008498127067522866
267 0.0010322411947849782
268 0.0010276804825841608
269 0.0011553804242070435
270 0.0012785196536291119
271 0.001357571998443277
272 0.001596249270286048
273 0.0015612838100797816
274 0.0017482730103132896
275 0.0020021526561587845
276 0.002152656158785755
277 0.002430859603035609
278 0.0023882929558279816
279 0.0028276415645067153
280 0.0030252724265421283
281 0.0032761115975870796
282 0.003485904358824674
283 0.0037230613932671716
284 0.0038507613348900587
285 0.004115282642537459
286 0.0041973754621521695
287 0.004293150418369331
288 0.004569833625218913
289 0.004528787215411557
290 0.004533347927612378
291 0.0044892610430044754
292 0.0046458454952325355
293 0.004551590776415645
294 0.004650406207433351
295 0.004607839560225727
296 0.004261225432963614
297 0.004328115878575598
298 0.004305312317571514
299 0.003856842284491146
300 0.003925252967503405
301 0.0036880959330609065
302 0.0034524591360186796
303 0.0033049961081922557
304 0.002958381980930141
305 0.002771392780696632
306 0.0024688655380424203
307 0.0021830609067912056
308 0.0020462395407666854
309 0.0017801979957190106
310 0.0015612838100797824
311 0.0014381445806577152
312 0.0012541958552247515
313 0.001074807841992605
314 0.0009151829149640007
315 0.0007464365635337614
316 0.0006658639813193228
317 0.000548805701498346
318 0.0004864759680871765
319 0.00042110575987546216
320 0.0003557355516637478
321 0.0002736427320490368
322 0.0002295558474411364
323 0.00020219157423623273
324 0.00017330706363105663
325 0.00012769994162288383
326 0.00012922017902315626
327 7.145115781280405e-05
328 9.577495621716287e-05
329 4.104640980735552e-05
330 5.9289258610624636e-05
331 3.192498540572096e-05
332 3.648569760653824e-05
333 2.8884510605176105e-05
334 1.5202374002724266e-05
335 1.3682136602451839e-05
336 1.3682136602451839e-05
337 6.080949601089706e-06
338 7.601187001362133e-06
339 9.12142440163456e-06
340 1.0641661801906986e-05
341 4.56071220081728e-06
342 3.040474800544853e-06
343 0.0
344 3.040474800544853e-06
345 4.56071220081728e-06
346 3.040474800544853e-06
347 3.040474800544853e-06
348 0.0
349 1.5202374002724266e-06
350 1.5202374002724266e-06
351 0.0
352 0.0
353 0.0
354 0.0
355 4.56071220081728e-06
356 1.5202374002724266e-06
357 0.0
358 0.0
