0 1.5202374002724266e-06
1 1.5202374002724266e-06
2 0.0
3 1.5202374002724266e-06
4 0.0
5 0.0
6 3.040474800544853e-06
7 4.56071220081728e-06
8 4.56071220081728e-06
9 4.56071220081728e-06
10 1.5202374002724266e-06
11 3.040474800544853e-06
12 6.080949601089706e-06
13 4.561008081977317e-06
14 3.040474800544853e-06
15 3.040474800544853e-06
16 6.080949601089706e-06
17 6.080949601089706e-06
18 4.561008081977317e-06
19 7.601187001362133e-06
20 1.216219508333945e-05
21 1.824284880326912e-05
22 1.5202374002724266e-05
23 1.672290728415673e-05
24 1.216219508333945e-05
25 1.8243144684429156e-05
26 1.5202374002724266e-05
27 3.040474800544853e-05
28 4.408688460790037e-05
29 5.624907969123982e-05
30 5.320830900953493e-05
31 6.841097889341924e-05
32 9.577495621716287e-05
33 9.425501469805049e-05
34 0.00015354427330867512
35 0.00019002997091521336
36 0.0001778677758318739
37 0.00024931922952583797
38 0.0002873257562949687
39 0.0003785391126678342
40 0.00042262747668153476
41 0.0004758351939287496
42 0.00057009139215144
43 0.0006765068266458704
44 0.0007479579844586744
45 0.000848293948757814
46 0.0010793691459557433
47 0.0011873071848997252
48 0.0013758166225335065
49 0.0015506442194459951
50 0.0017178718128817623
51 0.001977831224803708
52 0.0022058680183692113
53 0.0024521470689756646
54 0.002657381485061723
55 0.0028474099765711347
56 0.0031894625039889505
57 0.0034098995899588935
58 0.003540640006382321
59 0.00377627561989991
60 0.003967825236453074
61 0.004192822738742673
62 0.004401092303768395
63 0.004563760960290306
64 0.004493830927521253
65 0.004446704159875131
66 0.004848045650022408
67 0.004755308801556513
68 0.004694502856119535
69 0.004648893071180922
70 0.004651933841862627
71 0.004700583509839465
72 0.0043722092725690205
73 0.004183700130816398
74 0.00423539056947494
75 0.0039009374537715275
76 0.0036881012589217877
77 0.0035436792976582267
78 0.003273078519815534
79 0.0032289886763960337
80 0.0028246043443989287
81 0.002870212945812902
82 0.0025007952575467
83 0.002373093540636856
84 0.0020979314588310295
85 0.001910941666835201
86 0.0018030048114158585
87 0.0015673659432055111
88 0.001404701429019843
89 0.0012663592338327313
90 0.0011751455815787058
91 0.0010489649897126147
92 0.0009942379227086075
93 0.000790524631666302
94 0.0007874850445092369
95 0.0006932285504053866
96 0.0005989744233508159
97 0.0005533684848672837
98 0.00045607181184404805
99 0.0005336039192579416
100 0.0004165453435558049
101 0.0003891807744697412
102 0.00034813495642470576
103 0.00033597276134136634
104 0.00029796682633455567
105 0.00023715733032365858
106 0.00026148142460917745
107 0.00022803620180318406
108 0.00017482730103132905
109 0.00018242907979501127
110 0.00018394902131412365
111 0.0001596249270286048
112 0.00017634753843160148
113 0.00017330735951221667
114 0.00016266540182914964
115 0.00011553833830186446
116 0.0001292204749043163
117 0.00015658474810921998
118 0.00013834189930595086
119 0.00013378089122397354
120 0.0001277005333852039
121 0.0001429023156256081
122 0.0001322606538237011
123 0.00014898385698901788
124 0.00014442255302588052
125 0.0001748275969124891
126 0.00017026718059283185
127 0.00016722640991112696
128 0.00020067192859828039
129 0.00019003056267753341
130 0.00020219157423623273
131 0.0002584403580463125
132 0.00025540047500808774
133 0.00029948676785366803
134 0.00026604154504767465
135 0.0003222906247389145
136 0.00038614059555035636
137 0.0004636729988454102
138 0.0004910375679314739
139 0.000524481903093987
140 0.0005792116330284347
141 0.0006856288428098247
142 0.0007981252269053448
143 0.000855896023402656
144 0.0009835944856197406
145 0.0011599435034571406
146 0.001275480362353205
147 0.0014761534744761264
148 0.0017543560310825004
149 0.0019322252863201743
150 0.002184584694765396
151 0.0024627896184210504
152 0.0027744371019522594
153 0.0031438574531489
154 0.0035573614342606775
155 0.003943500550405235
156 0.0044847083195949785
157 0.005045675328533183
158 0.005556477462074
159 0.00622690038030718
160 0.007047830647622412
161 0.007769944596276456
162 0.00847685528328429
163 0.009104717176051883
164 0.009925643596912032
165 0.010760256888473204
166 0.011546217553245914
167 0.012572379573716775
168 0.013504290130063486
169 0.01425680823496066
170 0.014843618392060018
171 0.01579528582110591
172 0.016362340289030726
173 0.017241034547576604
174 0.017674308716039762
175 0.01839489503026453
176 0.01931160173320271
177 0.018899616805966576
178 0.01939673502761797
179 0.01936785022113164
180 0.01964149295318068
181 0.019366327616682083
182 0.019095728910007513
183 0.0191793404876167
184 0.018394897989076123
185 0.01817293948218127
186 0.017125495913393567
187 0.016742397863811872
188 0.015843939631418984
189 0.01531489316966911
190 0.01446355756258611
191 0.013323372115352788
192 0.012628629541051492
193 0.012119347349029787
194 0.010988294865563342
195 0.01000621647500764
196 0.009180725495491582
197 0.008657765309203671
198 0.007750180326548275
199 0.0070812732074979675
200 0.006371322045689581
201 0.005871167787455033
202 0.005159692245910139
203 0.004662572248971774
204 0.004036237398871136
205 0.0036713768722318294
206 0.0032989193009274062
207 0.002926462025504144
208 0.0025418384126612973
209 0.002234751049568588
210 0.0020386419043392436
211 0.0017209114000388268
212 0.0014807124113899836
213 0.0013332484959200773
214 0.0012222726451059914
215 0.0010109587588246443
216 0.0009501492628137469
217 0.0007190725862100177
218 0.0006278592298371527
219 0.0006415416623207645
220 0.0005944143029123191
221 0.0004636724070830901
222 0.00042110605575662217
223 0.0004135054605175801
224 0.00034965578558729827
225 0.00024627875472529317
226 0.00027364332381135686
227 0.00029948706373482804
228 0.0002158740067198446
229 0.00020067163271712035
230 0.0002249957270026392
231 0.00020219187011739277
232 0.00017330735951221667
233 0.00016418563922942207
234 0.00013378118710513358
235 0.0001596249270286048
236 0.0001520240359084027
237 0.00016114516442887721
238 0.00012618000010377144
239 0.00012922017902315626
240 0.0001489832652266978
241 0.0001429023156256081
242 0.000145943086307313
243 0.00011097733021988714
244 0.0001413823741064957
245 0.0001657067642731746
246 0.00014442284890704056
247 0.0001520240359084027
248 0.00016266540182914964
249 0.0001748275969124891
250 0.0001809085465135788
251 0.0001885094376337809
252 0.00020371269927998525
253 0.0002690820198482195
254 0.00025996089132774495
255 0.0003268513369397317
256 0.00028276445233183135
257 0.00037701917114872185
258 0.00038157958746837906
259 0.0003831001207498115
260 0.0004727950150093648
261 0.0005153610704546728
262 0.0005503268265420983
263 0.0006445818412401491
264 0.000652182436479191
265 0.0007798838575078749
266 0.0007662002414996225
267 0.0009516695002140198
268 0.001018561129350646
269 0.0011523414288122996
270 0.0013210883720048586
271 0.0013043651688395422
272 0.0017148301545565777
273 0.0017756396505674739
274 0.002000635081688955
275 0.00221802814228443
276 0.002313803986145073
277 0.002502315199065815
278 0.002877813245170786
279 0.0031164914046570348
280 0.003189465462800551
281 0.0034053371024711163
282 0.0037413101596936453
283 0.0037686767999478266
284 0.00426579265454995
285 0.004249069155503473
286 0.004445180963663257
287 0.0045439984658490855
288 0.004743151044690574
289 0.004901253959031943
290 0.004901254550794265
291 0.004981827428889865
292 0.0049377408401631235
293 0.00495902386788578
294 0.004949902739365306
295 0.004829807831198862
296 0.004705144222040281
297 0.004639773422066248
298 0.00433420600049265
299 0.004250593831121148
300 0.003905500237140464
301 0.0037002678922225278
302 0.003396216565712963
303 0.0032350728806898833
304 0.0031210559633129318
305 0.002813967712576742
306 0.002526640772757134
307 0.0023274890815591256
308 0.0021359368020755208
309 0.001942867244003242
310 0.0016935483103585646
311 0.0014639918711551085
312 0.001371256206213849
313 0.0011736262318219135
314 0.001000317984666217
315 0.0008619778606472265
316 0.0007251561987415475
317 0.0006917097924109144
318 0.0004895176264123615
319 0.00043630990916514666
320 0.0003618176847894777
321 0.0003146897336187124
322 0.0002569210082895202
323 0.0002295558474411364
324 0.0001733076553933767
325 0.0001550642148277875
326 0.00012618000010377144
327 0.00010489697238111751
328 6.537020821171434e-05
329 5.624878381007978e-05
330 3.952617240708309e-05
331 5.016813009015012e-05
332 4.104670568851556e-05
333 3.4966051968585885e-05
334 2.2803561004086398e-05
335 1.8243144684429156e-05
336 2.1283323603813972e-05
337 7.601187001362133e-06
338 4.561008081977317e-06
339 1.0641661801906986e-05
340 3.040474800544853e-06
341 3.040474800544853e-06
342 1.0641661801906986e-05
343 1.5202374002724266e-06
344 1.5202374002724266e-06
345 4.56071220081728e-06
346 1.5202374002724266e-06
347 1.5202374002724266e-06
348 3.040474800544853e-06
349 0.0
350 0.0
351 3.040474800544853e-06
352 0.0
353 4.56071220081728e-06
354 3.040474800544853e-06
355 0.0
356 3.040474800544853e-06
357 3.040474800544853e-06
358 1.5202374002724266e-06
