0 3.0407706817048902e-06
1 3.040474800544853e-06
2 6.080949601089706e-06
3 3.040474800544853e-06
4 1.5202374002724266e-06
5 0.0
6 1.5202374002724266e-06
7 1.5202374002724266e-06
8 7.601187001362133e-06
9 0.0
10 4.56071220081728e-06
11 1.5202374002724266e-06
12 1.5202374002724266e-06
13 9.12142440163456e-06
14 1.0641957683067023e-05
15 3.040474800544853e-06
16 7.601187001362133e-06
17 6.080949601089706e-06
18 1.5202374002724266e-06
19 7.60148288252217e-06
20 1.0641661801906986e-05
21 4.56071220081728e-06
22 1.6722611402996692e-05
23 1.0641661801906986e-05
24 7.601187001362133e-06
25 1.824284880326912e-05
26 1.8243144684429156e-05
27 2.7364569086063715e-05
28 3.192498540572096e-05
29 4.104670568851556e-05
30 4.1047889213155706e-05
31 3.1925281286881e-05
32 4.256753485110805e-05
33 3.8006230887970704e-05
34 6.08097918920571e-05
35 6.08097918920571e-05
36 7.753299505737388e-05
37 8.969459837839325e-05
38 8.665471534016846e-05
39 9.729667302323549e-05
40 0.0001292219543101165
41 0.00014594279042615295
42 0.00018243026331965143
43 0.00018699067963930867
44 0.00021587548612564481
45 0.0002645233788155225
46 0.00029948883902178834
47 0.00031621233806826513
48 0.00036637987639609514
49 0.0004013450407212009
50 0.000440871213128284
51 0.0004834369726924319
52 0.0005716134048386731
53 0.0005959366114807115
54 0.0006673895445804761
55 0.0007297198697539659
56 0.0007631647966787991
57 0.0008209329302456709
58 0.0009258310861514287
59 0.0009668780877211038
60 0.0010064054436528275
61 0.001006403076603547
62 0.0011006592748262376
63 0.0011675461698643043
64 0.0012040366015694031
65 0.0013043731576308634
66 0.0012998109660242456
67 0.0012709264554190687
68 0.001400147522085707
69 0.001470078738379398
70 0.001429034991502483
71 0.0014320754663030282
72 0.0012678859806185252
73 0.0013515005170393094
74 0.0012800502468699852
75 0.001254203844016073
76 0.0012116383803330846
77 0.001182752982084429
78 0.0012009967185311783
79 0.0011097795157032323
80 0.0010717744683399017
81 0.0010231268715311843
82 0.0009349528064342234
83 0.0008437373788932374
84 0.0008254930506841683
85 0.0007692492968538094
86 0.0006977931090612847
87 0.0006096199316078035
88 0.0006339428423686822
89 0.0005989767904000963
90 0.00046215601613789817
91 0.00038158136275533925
92 0.0003952664581693915
93 0.00039982450743976844
94 0.0003253331707075796
95 0.00028428498561326385
96 0.00028580640653817644
97 0.0002386790471297312
98 0.0002158740067198446
99 0.0001915510959589659
100 0.00018394990895760378
101 0.0001505040943892903
102 0.00015354486507099518
103 0.00012618088774725157
104 0.00012922077078547634
105 0.00012009964226500182
106 0.00010945798046309483
107 9.425531057921053e-05
108 7.905293657648626e-05
109 6.537020821171434e-05
110 6.841127477457928e-05
111 7.44916326133489e-05
112 5.9289554491784676e-05
113 4.2566647207627943e-05
114 7.449192849450894e-05
115 4.2566647207627943e-05
116 6.080949601089706e-05
117 3.952617240708309e-05
118 4.104640980735552e-05
119 4.5607122008172797e-05
120 5.168866337158258e-05
121 5.168836749042254e-05
122 5.9290146254104744e-05
123 5.624907969123982e-05
124 5.16880716092625e-05
125 7.297169109423652e-05
126 6.993092041253162e-05
127 7.449252025682902e-05
128 7.905234481416618e-05
129 7.449192849450894e-05
130 9.577554797948295e-05
131 0.00011097792198220722
132 0.00011705827982097684
133 0.0001383421951871109
134 0.00014898356110785784
135 0.00016114546031003726
136 0.00017634813019392156
137 0.00021891448152038946
138 0.00022651596440291164
139 0.00022803590592202402
140 0.0003207721626256023
141 0.0003678995220340475
142 0.0004074248067976505
143 0.0004986393466951561
144 0.0005883345368358695
145 0.0006749871810079177
146 0.0008133305597196686
147 0.000991198335551543
148 0.0010216042670816315
149 0.001187308072543206
150 0.0014533537599271211
151 0.0016646682379707887
152 0.001924627058130413
153 0.002242361113004752
154 0.002642181773989439
155 0.0029781571982612455
156 0.0035482429686706425
157 0.004040804916338631
158 0.004471034467665009
159 0.005062407999895624
160 0.005878782880870917
161 0.006462549900239289
162 0.0073458178897570095
163 0.008043606264719732
164 0.00908497095507446
165 0.009820767336212117
166 0.011021759024763576
167 0.012040319266470744
168 0.012856693851564878
169 0.013808365422947012
170 0.014978947037632147
171 0.015790769786960254
172 0.017105774250552437
173 0.01807264997122425
174 0.01815931208359342
175 0.019442389786492917
176 0.020375819692596414
177 0.02055824610946099
178 0.020917022135925285
179 0.021208908900302234
180 0.021360935303259918
181 0.02126365372017584
182 0.02163307584665944
183 0.020953514047036194
184 0.020266370292686978
185 0.0200185624241266
186 0.019354221934900308
187 0.01897417057362353
188 0.01760442454485051
189 0.017069300388192283
190 0.015736036506451896
191 0.015260203975453584
192 0.01425988717431201
193 0.013192668092312045
194 0.011991674628473628
195 0.01128932435778544
196 0.009717387938300829
197 0.009086494151286335
198 0.008092252678003814
199 0.007166425734188619
200 0.006535521887214687
201 0.005716111857299728
202 0.005065453800557048
203 0.004455832685424602
204 0.00392070586583595
205 0.0034600724541476026
206 0.0030572116142435317
207 0.002762281712135598
208 0.0023031703131344877
209 0.0020219263940840886
210 0.0017269961960949968
211 0.0014639945340855474
212 0.0013180520395405554
213 0.0011082566153725196
214 0.0009471105633001625
215 0.0007844448655898523
216 0.000722114836297523
217 0.0006521836200038313
218 0.0004956000554192513
219 0.0004849578018550244
220 0.00042718789300119197
221 0.0003511766147498908
222 0.0003405346570668238
223 0.0002751632653304693
224 0.0002554007708892478
225 0.00021587519024448475
226 0.00022195525220209436
227 0.00017634813019392156
228 0.00017634813019392156
229 0.00014746302782642538
230 0.00011705916746445697
231 0.0001368222536679985
232 0.00011401839678275207
233 0.00011401810090159203
234 0.00011705916746445697
235 9.881543101770773e-05
236 8.969400661607317e-05
237 9.5775843860643e-05
238 0.00010793744718166237
239 0.00011401898854507215
240 8.969489425955329e-05
241 9.121453989750563e-05
242 0.00010337673498084509
243 6.689103737430685e-05
244 8.36133528961435e-05
245 0.00011401780502043199
246 9.425560646037057e-05
247 0.00012770023750404387
248 0.00012466065034697914
249 0.00012769994162288383
250 0.0001565859316338601
251 0.0001702674764739919
252 0.00015810528139065244
253 0.0002067528781993701
254 0.00021587430260100465
255 0.00023867786360509105
256 0.0002614817204903375
257 0.00028428468973210383
258 0.00031316949621843995
259 0.0003983033823960159
260 0.00041958729776214997
261 0.00044695186684821366
262 0.0005336071739507022
263 0.0006491443287279264
264 0.000737317210300247
265 0.0007950883026787195
266 0.0009455906217810499
267 0.001061131327132194
268 0.0012329199286499398
269 0.0013560573827850456
270 0.001612981349886165
271 0.0016920307358887312
272 0.0019291901373805096
273 0.0022727634939609187
274 0.00256769250842537
275 0.002851983411661836
276 0.0031210677985593345
277 0.0034965640693773426
278 0.003736765720956627
279 0.0041867548079126266
280 0.004627628092209027
281 0.005240287610973899
282 0.005451604751948008
283 0.005699403744073576
284 0.006298378167424386
285 0.006769657383250878
286 0.0073108648565594625
287 0.007572353086435323
288 0.007855124639915
289 0.008078599537755037
290 0.008273183415604395
291 0.008741419197818746
292 0.008443452371484186
293 0.008762701337897916
294 0.008417608335679552
295 0.008457135099848957
296 0.008356801206717935
297 0.008051223133422577
298 0.007845994043197399
299 0.007678769408573234
300 0.00741424247918379
301 0.006984006418471892
302 0.006301422488680014
303 0.005927443200569519
304 0.005626436491196733
305 0.0050943486670028265
306 0.004554660247569873
307 0.004208042273852681
308 0.0037656487521560054
309 0.0033688688618530205
310 0.0029523184883174947
311 0.002701476654342103
312 0.002350299151948733
313 0.0019595972524352402
314 0.0018075732165268377
315 0.0015947379093205769
316 0.001296770491223701
317 0.001131063135188207
318 0.0009729572620352336
319 0.0008726195224491334
320 0.0007038734669000545
321 0.0005852958373222849
322 0.0005670523967566958
323 0.0004363096132839866
324 0.0003755007090354096
325 0.0003116495546993276
326 0.0002417183384056359
327 0.0002082737073619626
328 0.0001976311579165755
329 0.00017634872195624164
330 0.00013074189582922886
331 0.00010185649758057266
332 8.361394465846358e-05
333 6.233002929232953e-05
334 6.993121629369166e-05
335 8.36133528961435e-05
336 5.624967145355989e-05
337 3.496575608742585e-05
338 4.2566943088787984e-05
339 4.71279511707653e-05
340 2.2803856885246435e-05
341 1.6722611402996692e-05
342 3.344581456831346e-05
343 2.1283323603813972e-05
344 1.3682432483611876e-05
345 1.5202374002724266e-05
346 1.0641661801906986e-05
347 1.5202374002724266e-05
348 9.121720282794596e-06
349 1.0641957683067023e-05
350 9.12142440163456e-06
351 3.040474800544853e-06
352 0.0
353 4.56071220081728e-06
354 1.5202374002724266e-06
355 7.60148288252217e-06
356 3.0407706817048902e-06
357 4.56071220081728e-06
358 3.040474800544853e-06
