0 0.0
1 0.0
2 0.0
3 0.0
4 0.0
5 0.0
6 0.0
7 0.0
8 1.5202374002724266e-06
9 0.0
10 1.5202374002724266e-06
11 3.040474800544853e-06
12 0.0
13 0.0
14 0.0
15 0.0
16 1.5202374002724266e-06
17 0.0
18 0.0
19 0.0
20 1.5202374002724266e-06
21 0.0
22 0.0
23 0.0
24 0.0
25 0.0
26 1.5202374002724266e-06
27 0.0
28 0.0
29 3.040474800544853e-06
30 4.56071220081728e-06
31 1.5202374002724266e-06
32 0.0
33 3.040474800544853e-06
34 3.040474800544853e-06
35 0.0
36 1.5202374002724266e-06
37 1.5202374002724266e-06
38 1.5202374002724266e-06
39 6.080949601089706e-06
40 1.5202374002724266e-06
41 1.5202374002724266e-06
42 6.080949601089706e-06
43 6.080949601089706e-06
44 4.56071220081728e-06
45 7.601187001362133e-06
46 3.040474800544853e-06
47 6.080949601089706e-06
48 1.6722611402996692e-05
49 1.6722611402996692e-05
50 9.12142440163456e-06
51 1.824284880326912e-05
52 1.0641661801906986e-05
53 3.040474800544853e-05
54 2.4323798404358825e-05
55 2.4323798404358825e-05
56 4.408688460790037e-05
57 4.104640980735552e-05
58 6.384997081144192e-05
59 7.145115781280405e-05
60 5.624878381007978e-05
61 8.817376921580074e-05
62 9.72951936174353e-05
63 0.00014442255302588052
64 0.00013378089122397354
65 0.00015658445222805993
66 0.00018698920023350847
67 0.0002295558474411364
68 0.00028428439385094377
69 0.0003678974508659272
70 0.0003907010118700136
71 0.00048343549328663164
72 0.0005609676007005257
73 0.0006324187585133297
74 0.0007661996497373034
75 0.0009091019653629114
76 0.0009668709865732632
77 0.0011204149640007786
78 0.0012785196536291106
79 0.0013925374586495427
80 0.001587127845884414
81 0.0017543539599143804
82 0.002009753843160148
83 0.0022651537264059144
84 0.002477986962444056
85 0.0025433571706557686
86 0.0029857462541350434
87 0.0030374343257443086
88 0.0032457068495816317
89 0.003513268632029578
90 0.003786911364078614
91 0.003981501751313484
92 0.004212577836154895
93 0.00469297285464098
94 0.004779626386456509
95 0.0048571584938704
96 0.005360357073360576
97 0.005600554582603621
98 0.005816428293442307
99 0.0061387186223000574
100 0.006628235065187783
101 0.006795461179217743
102 0.006926201595641175
103 0.007330584744113644
104 0.007576863202957771
105 0.007908274956217163
106 0.007760811928390738
107 0.008197120062268923
108 0.008153033177661022
109 0.008466202082117149
110 0.00827769264448336
111 0.008568057987935394
112 0.008435797334111698
113 0.008510288966725043
114 0.008347623564895898
115 0.008495086592722323
116 0.008393230686904066
117 0.00836282593889862
118 0.008420594960108973
119 0.008385629499902706
120 0.008367386651099436
121 0.00803749513524032
122 0.00797668563922942
123 0.008008610624635143
124 0.00798124635143024
125 0.008174316501264838
126 0.008008610624635143
127 0.007814020237400274
128 0.007779054777194008
129 0.0076695976843743924
130 0.007564701303755592
131 0.007777534539793738
132 0.007687840533177664
133 0.007377712103522086
134 0.0074370013621327105
135 0.007210485989492117
136 0.006815224265421287
137 0.006949005156645256
138 0.006497494648764347
139 0.006404760167347732
140 0.005962371083868456
141 0.005865075890251022
142 0.005507820101187002
143 0.005456132029577737
144 0.005092795290912627
145 0.004854118019069857
146 0.004654966919634171
147 0.004600238373224362
148 0.00413352549134073
149 0.004028629110721929
150 0.003627286437050009
151 0.003435736524615683
152 0.0031803366413699166
153 0.0030845616851527527
154 0.0028990927223195156
155 0.0025099119478497744
156 0.002382212006226893
157 0.0023320441720179014
158 0.0021085692741778547
159 0.0018698920023350837
160 0.0018911753259388986
161 0.001780197995719012
162 0.0017513134851138356
163 0.0016220933060906793
164 0.0015415207238762404
165 0.0014943933644677952
166 0.0014229422066549913
167 0.001330207725238374
168 0.0012982827398326522
169 0.0012937220276318347
170 0.0012040280210157623
171 0.0011614613738081339
172 0.0010444030939871572
173 0.0011067328273983274
174 0.0011447387624051372
175 0.0010824090289939681
176 0.0010292007199844326
177 0.0011432185250048643
178 0.001042882856586885
179 0.0010884899785950576
180 0.0010459233313874301
181 0.0011036923525977814
182 0.00107784831679315
183 0.0010763280793928778
184 0.0010991316403969643
185 0.001106732827398326
186 0.0011569006616073169
187 0.0011477792372056824
188 0.0011356173380035028
189 0.0011888256470130379
190 0.0011888256470130375
191 0.001310444639034832
192 0.0013545315236427307
193 0.001535439774275151
194 0.0015643242848803265
195 0.0014715898034637085
196 0.001584087371083869
197 0.0017437122981124734
198 0.001842527729130181
199 0.0019002967503405324
200 0.0018926955633391707
201 0.0020857657131737694
202 0.0022636334890056425
203 0.002441501264837516
204 0.00257528215606149
205 0.0028717284491146145
206 0.002999428390737496
207 0.0032593889861840825
208 0.003504147207627941
209 0.003773229227476164
210 0.003865963708892782
211 0.004160889764545633
212 0.004320514691574237
213 0.004767464487254331
214 0.004902765615878573
215 0.00511255837711617
216 0.005126240513718621
217 0.005539745086592721
218 0.0058392318544463915
219 0.006141759097100604
220 0.006245135240319131
221 0.006301384024129209
222 0.006555263669974701
223 0.007154237205682039
224 0.007096468184471689
225 0.00748108824674061
226 0.007398995427125898
227 0.007519094181747425
228 0.007453723973535709
229 0.007698482194979568
230 0.00782466189920218
231 0.007947801128624246
232 0.007721285755983656
233 0.007864188071609261
234 0.007917396380618797
235 0.007877870208211716
236 0.007978205876629695
237 0.007996448725432969
238 0.008057258221443864
239 0.008388669974703252
240 0.008352184277096714
241 0.008209281961471105
242 0.008368906888499708
243 0.008508768729324774
244 0.008111986767853668
245 0.008446438995913597
246 0.008470762794317964
247 0.008385629499902703
248 0.008634948433547385
249 0.008306577155088537
250 0.008399311636505157
251 0.008247287896477915
252 0.008040535610040861
253 0.007959963027826426
254 0.007810979762599726
255 0.007680239346176296
256 0.007342746643315819
257 0.007058462249464873
258 0.006894276610235454
259 0.006416922066549914
260 0.006216250729713955
261 0.005974532983070638
262 0.005662884316014789
263 0.005225055944736331
264 0.0051049571901148096
265 0.004775065674255694
266 0.004443653920996305
267 0.004220179023156253
268 0.004049912434325746
269 0.003774749464876435
270 0.003507187682428487
271 0.003143850943763376
272 0.002984226016734775
273 0.0027835546798988127
274 0.002567680969060129
275 0.0022833965752091854
276 0.002026476454563144
277 0.0019823895699552442
278 0.0017421920607122014
279 0.001599289745086592
280 0.001495913601868068
281 0.0011599411364078614
282 0.0011994673088149444
283 0.0009197436271648181
284 0.0008680555555555553
285 0.000854373418953103
286 0.0006567425569176883
287 0.0005548866510994357
288 0.0004819152558863592
289 0.0004226259972757346
290 0.0003329319906596614
291 0.0002873248686514886
292 0.00026148083284685737
293 0.0002113129986378673
294 0.00019154991243432575
295 0.00014594279042615295
296 0.00013986184082506324
297 9.273448141661802e-05
298 8.665353181552831e-05
299 6.689044561198677e-05
300 6.84106830122592e-05
301 4.408688460790037e-05
302 5.16880716092625e-05
303 3.040474800544853e-05
304 2.584403580463125e-05
305 2.4323798404358825e-05
306 2.4323798404358825e-05
307 2.1283323603813972e-05
308 1.3682136602451839e-05
309 2.1283323603813972e-05
310 1.0641661801906986e-05
311 1.2161899202179412e-05
312 7.601187001362133e-06
313 7.601187001362133e-06
314 7.601187001362133e-06
315 6.080949601089706e-06
316 3.040474800544853e-06
317 1.5202374002724266e-06
318 4.56071220081728e-06
319 3.040474800544853e-06
320 4.56071220081728e-06
321 4.56071220081728e-06
322 1.5202374002724266e-06
323 1.5202374002724266e-06
324 4.56071220081728e-06
325 1.5202374002724266e-06
326 0.0
327 0.0
328 1.5202374002724266e-06
329 0.0
330 0.0
331 0.0
332 0.0
333 1.5202374002724266e-06
334 1.5202374002724266e-06
335 1.5202374002724266e-06
336 0.0
337 1.5202374002724266e-06
338 0.0
339 3.040474800544853e-06
340 0.0
341 0.0
342 0.0
343 0.0
344 1.5202374002724266e-06
345 3.040474800544853e-06
346 0.0
347 0.0
348 0.0
349 1.5202374002724266e-06
350 0.0
351 0.0
352 0.0
353 1.5202374002724266e-06
354 0.0
355 0.0
356 0.0
357 0.0
358 0.0
