0 6.841926460266512e-05
1 5.017434382490308e-05
2 5.321333933484385e-05
3 5.169576544099221e-05
4 6.993861401386916e-05
5 6.84198562497891e-05
6 6.537701428476785e-05
7 5.9293993169969615e-05
8 7.146092304304621e-05
9 8.514453893610214e-05
10 8.210317683766545e-05
11 0.00010642845441743229
12 9.122430501255171e-05
13 0.00012923260706864268
14 0.0001489965814916448
15 0.00016876440190894304
16 0.00018548908471045222
17 0.0002265384536749963
18 0.0002630294781791801
19 0.00032536276089711294
20 0.00031167944226757015
21 0.0003907341537854282
22 0.0004576293340719561
23 0.0006142271024497669
24 0.0006856865451654444
25 0.0008711670488614704
26 0.0009334905677315145
27 0.0012147584560357788
28 0.0013348696388179844
29 0.0015720447227024208
30 0.0017970516941107103
31 0.002142169553572004
32 0.002429514247989156
33 0.0030269980221709
34 0.003329540653294946
35 0.0038449333855680575
36 0.004425697509807913
37 0.0051098223889116615
38 0.005853245404327992
39 0.0066879311940307145
40 0.007600118908158717
41 0.008364833234011848
42 0.009518751124902183
43 0.01029865036581126
44 0.011171336169787296
45 0.012325245776811523
46 0.013517137639249261
47 0.014295542086003523
48 0.015140833145968608
49 0.01638596557410693
50 0.017079237325696005
51 0.018109996159094678
52 0.018274190969718496
53 0.01892337761417535
54 0.019317147805695878
55 0.019566462591129312
56 0.019393107592446404
57 0.019423565610349885
58 0.019133133387042447
59 0.018976532956425374
60 0.017640218536584297
61 0.01708834040535051
62 0.01629321126899818
63 0.015031343503917459
64 0.014050745998682944
65 0.01303516852619521
66 0.011572614931170318
67 0.010470415887446561
68 0.009451808599252596
69 0.008463593921485536
70 0.0073537546343320935
71 0.006538885196468675
72 0.0057027037308426485
73 0.004741842082450825
74 0.0039254544784704535
75 0.0033750800105689393
76 0.0029037933985198174
77 0.0023124050702728696
78 0.0019536015238655943
79 0.0016252030223816933
80 0.0012466511857872123
81 0.0010687789725443105
82 0.0008346499835897132
83 0.0006886971323977466
84 0.0005305823822339923
85 0.00040744285716115807
86 0.0003451154913752493
87 0.00024324686105436986
88 0.00017179363184305336
89 0.00017027309867681702
90 9.72975607819117e-05
91 0.00010186034438124145
92 7.601542093313006e-05
93 5.625263072594464e-05
94 4.408866001005669e-05
95 4.5608601529169073e-05
96 3.952735593172324e-05
97 1.976367796586162e-05
98 2.7365456844739918e-05
99 1.0641957683067023e-05
100 1.216219508333945e-05
101 3.040474800544853e-06
102 3.0407706817048902e-06
103 9.12142440163456e-06
104 4.56071220081728e-06
105 0.0
106 7.602370756394465e-06
107 0.0
108 1.5202374002724266e-06
109 0.0
110 1.5202374002724266e-06
111 1.5202374002724266e-06
112 0.0
113 1.5202374002724266e-06
114 0.0
115 0.0
116 0.0
117 1.5202374002724266e-06
118 0.0
119 0.0
120 1.5202374002724266e-06
121 0.0
122 1.5202374002724266e-06
123 1.5202374002724266e-06
124 1.5202374002724266e-06
125 1.5202374002724266e-06
126 0.0
127 3.040474800544853e-06
128 3.040474800544853e-06
129 4.56071220081728e-06
130 6.080949601089706e-06
131 4.561304078333446e-06
132 3.040474800544853e-06
133 7.601187001362133e-06
134 7.601187001362133e-06
135 1.6722611402996692e-05
136 2.2803561004086398e-05
137 1.2161899202179412e-05
138 2.7364569086063715e-05
139 2.584433168579129e-05
140 2.7364273204903678e-05
141 4.712735940844522e-05
142 3.3445222805993384e-05
143 5.624907969123982e-05
144 7.145115781280405e-05
145 7.44916326133489e-05
146 9.273448141661802e-05
147 8.209281961471103e-05
148 8.361305701498346e-05
149 9.121424401634559e-05
150 0.00010945768458193479
151 0.00011097821786336725
152 0.00011857851722124927
153 0.00012161928790295416
154 0.0001383421951871109
155 0.00010793715130050233
156 0.00016722818519808718
157 0.00015506510247126763
158 0.00011857940486472938
159 9.577702738528313e-05
160 0.00011858058838936953
161 0.00011097910550684737
162 0.0001125002305505999
163 8.513536558337614e-05
164 0.00012162224671455454
165 9.425708586617074e-05
166 9.881779806698802e-05
167 0.00010337969379244545
168 9.578028207804355e-05
169 5.625174262168016e-05
170 8.970022012043395e-05
171 6.081363834713759e-05
172 6.081186306017736e-05
173 6.689606735402748e-05
174 7.145648367368472e-05
175 5.929428859034527e-05
176 3.496812313670615e-05
177 5.169398923246325e-05
178 4.1050256262436e-05
179 2.8887765297936516e-05
180 3.192942362312152e-05
181 2.584640285391155e-05
182 2.7368119659984164e-05
183 2.5847882259711738e-05
184 1.6725570214597067e-05
185 2.128598653425431e-05
186 1.5203853408524453e-05
187 1.9765453252821842e-05
188 9.122607926274708e-06
189 9.122607926274708e-06
190 4.561303963137354e-06
191 1.5204741052004564e-05
192 4.561303963137354e-06
193 1.520533281432464e-06
194 6.0815413634097805e-06
195 0.0
196 0.0
197 6.082133125729856e-06
198 1.520533281432464e-06
199 0.0
200 1.520533281432464e-06
201 0.0
202 0.0
203 0.0
204 1.520533281432464e-06
205 0.0
206 1.5202374002724266e-06
207 0.0
208 1.520533281432464e-06
209 0.0
210 0.0
211 0.0
212 1.520533281432464e-06
213 0.0
214 0.0
215 0.0
216 0.0
217 0.0
218 0.0
219 0.0
220 0.0
221 0.0
222 0.0
223 0.0
224 0.0
225 0.0
226 0.0
227 0.0
228 0.0
229 0.0
230 1.5202374002724266e-06
231 0.0
232 0.0
233 0.0
234 0.0
235 0.0
236 0.0
237 0.0
238 0.0
239 0.0
240 0.0
241 0.0
242 0.0
243 0.0
244 0.0
245 0.0
246 0.0
247 0.0
248 0.0
249 0.0
250 0.0
251 0.0
252 0.0
253 0.0
254 0.0
255 1.5202374002724266e-06
256 1.520533281432464e-06
257 1.5202374002724266e-06
258 1.5202374002724266e-06
259 3.040474800544853e-06
260 4.56071220081728e-06
261 3.040474800544853e-06
262 9.122016279150725e-06
263 3.0407706817048902e-06
264 4.56071220081728e-06
265 1.2162786960855615e-05
266 1.064225356422706e-05
267 1.6722611402996692e-05
268 3.344640633063353e-05
269 2.128361948497401e-05
270 3.800652676913074e-05
271 5.016931372998636e-05
272 5.017020137346647e-05
273 8.36148323019437e-05
274 0.00013682639611943513
275 0.00011858265978788199
276 0.000159632620169158
277 0.00023564478583354716
278 0.0003101396733700487
279 0.0004059217310806407
280 0.0005366630351475496
281 0.0006552489497433879
282 0.0008391982665930834
283 0.0009836326553261496
284 0.0012679309557068114
285 0.0015871932371183304
286 0.00185932372044322
287 0.0024324866556081856
288 0.002964599334165127
289 0.0034891078688674398
290 0.004110921360228703
291 0.00489234971577923
292 0.0057315689923537905
293 0.006509966639601175
294 0.00746322354408193
295 0.008235515977975547
296 0.009380324868132279
297 0.010281882159680206
298 0.011317219456421359
299 0.012521290085936913
300 0.013392469260742123
301 0.014569224733670923
302 0.015119577301758752
303 0.01565626903772442
304 0.016223331792395237
305 0.01676153133679411
306 0.01707172515975715
307 0.017273933895561436
308 0.017065693918766917
309 0.016676487997854452
310 0.016839210803162964
311 0.016104853579693615
312 0.01537512838419396
313 0.014697106353353036
314 0.014076803630158159
315 0.013331835227097364
316 0.012296479880568674
317 0.011151707097129156
318 0.010215177831496797
319 0.009394183946852255
320 0.008600609964987379
321 0.007585006166794539
322 0.006750340204815812
323 0.006057090942268437
324 0.005366828597612522
325 0.004690278868774429
326 0.004152076659371581
327 0.0035211435202779956
328 0.003119771846796508
329 0.0026408600796441204
330 0.002280550504583237
331 0.0019460583288804219
332 0.0016541612087780716
333 0.0014990786472448316
334 0.001195009567059291
335 0.0010840195132583463
336 0.0008726958638202862
337 0.0007297793447470355
338 0.0006248743835745968
339 0.0005138852184538965
340 0.00041810671120202865
341 0.0003572895211290098
342 0.000323845186542477
343 0.0002782306665837345
344 0.000247823255993434
345 0.00022046194206091504
346 0.00018092837158806618
347 0.000150517114427489
348 0.0001292334945969267
349 0.00013075402799355527
350 0.00011554899059960629
351 8.666270470746997e-05
352 8.818294210774238e-05
353 0.00010338620409953503
354 5.929547280616197e-05
355 6.84189683759168e-05
356 6.537849380576412e-05
357 6.993743002844463e-05
358 6.233594714592246e-05
