0 0.0
1 0.0
2 0.0
3 0.0
4 0.0
5 0.0
6 0.0
7 0.0
8 0.0
9 0.0
10 0.0
11 0.0
12 0.0
13 0.0
14 0.0
15 0.0
16 0.0
17 0.0
18 0.0
19 0.0
20 0.0
21 0.0
22 0.0
23 0.0
24 0.0
25 0.0
26 0.0
27 0.0
28 1.5202374002724266e-06
29 0.0
30 0.0
31 0.0
32 0.0
33 0.0
34 0.0
35 3.040474800544853e-06
36 1.5202374002724266e-06
37 9.12142440163456e-06
38 7.601187001362133e-06
39 6.080949601089706e-06
40 1.2161899202179412e-05
41 1.5202374002724266e-05
42 2.7364273204903678e-05
43 3.496546020626581e-05
44 3.3445222805993384e-05
45 7.44916326133489e-05
46 8.057258221443861e-05
47 8.513329441525589e-05
48 9.121424401634559e-05
49 0.00013530112862424596
50 0.00018242848803269119
51 0.00020523204903677758
52 0.00022499513524031913
53 0.0002812439190503989
54 0.0002690820198482195
55 0.00032381056625802686
56 0.0004682331192839074
57 0.0005776902121035219
58 0.000644580657715509
59 0.0008452519945514692
60 0.0009729519361743534
61 0.0010565649931893366
62 0.001319566063436466
63 0.00154760167347733
64 0.0018531693909320888
65 0.002252991827203737
66 0.002692340435882468
67 0.0030359140883440354
68 0.0038902875072971393
69 0.004591116948822726
70 0.005644641467211523
71 0.006553743432574432
72 0.007858107122008172
73 0.009401148083284685
74 0.010974593792566645
75 0.013315759388986187
76 0.014899846760070055
77 0.01714371716287215
78 0.018875267561782448
79 0.021154103424790825
80 0.023356927417785566
81 0.025121923039501844
82 0.026429327203736135
83 0.027361232730103126
84 0.02749045290912629
85 0.02759534928974509
86 0.026377639132126884
87 0.025444213368359607
88 0.02301791447752481
89 0.020836373808133878
90 0.0182276464292664
91 0.015704052344814166
92 0.013180458260361945
93 0.010623418953103715
94 0.008823457871181162
95 0.006693605273399495
96 0.005097356003113447
97 0.004016467211519751
98 0.0029203760459233317
99 0.00213593354738276
100 0.001482231465265616
101 0.0010094376337808914
102 0.0007494770383343066
103 0.0005031985794901731
104 0.00035269507686320296
105 0.0002645213076474022
106 0.00019154991243432575
107 0.00012769994162288383
108 0.00010489638061879743
109 7.753210741389375e-05
110 4.5607122008172797e-05
111 5.16880716092625e-05
112 5.4728546409807356e-05
113 4.408688460790037e-05
114 4.2566647207627943e-05
115 3.496546020626581e-05
116 2.8884510605176105e-05
117 4.408688460790037e-05
118 2.584403580463125e-05
119 3.3445222805993384e-05
120 4.712735940844522e-05
121 4.104640980735552e-05
122 2.8884510605176105e-05
123 3.952617240708309e-05
124 3.8005935006810664e-05
125 3.496546020626581e-05
126 3.040474800544853e-05
127 2.584403580463125e-05
128 3.3445222805993384e-05
129 3.192498540572096e-05
130 2.584403580463125e-05
131 3.496546020626581e-05
132 2.4323798404358825e-05
133 2.1283323603813972e-05
134 2.4323798404358825e-05
135 1.9763086203541545e-05
136 7.601187001362133e-06
137 1.2161899202179412e-05
138 1.2161899202179412e-05
139 1.3682136602451839e-05
140 1.2161899202179412e-05
141 1.3682136602451839e-05
142 1.5202374002724266e-05
143 4.56071220081728e-06
144 4.56071220081728e-06
145 6.080949601089706e-06
146 1.5202374002724266e-05
147 7.601187001362133e-06
148 7.601187001362133e-06
149 6.080949601089706e-06
150 6.080949601089706e-06
151 7.601187001362133e-06
152 7.601187001362133e-06
153 1.5202374002724266e-06
154 1.5202374002724266e-06
155 0.0
156 1.5202374002724266e-06
157 3.040474800544853e-06
158 3.040474800544853e-06
159 1.5202374002724266e-06
160 0.0
161 0.0
162 0.0
163 0.0
164 0.0
165 1.5202374002724266e-06
166 0.0
167 0.0
168 0.0
169 0.0
170 1.5202374002724266e-06
171 0.0
172 0.0
173 0.0
174 0.0
175 0.0
176 0.0
177 0.0
178 0.0
179 0.0
180 0.0
181 0.0
182 0.0
183 0.0
184 0.0
185 0.0
186 0.0
187 0.0
188 0.0
189 0.0
190 0.0
191 0.0
192 0.0
193 0.0
194 0.0
195 0.0
196 0.0
197 0.0
198 3.040474800544853e-06
199 1.5202374002724266e-06
200 0.0
201 1.5202374002724266e-06
202 0.0
203 1.5202374002724266e-06
204 4.56071220081728e-06
205 3.040474800544853e-06
206 0.0
207 0.0
208 0.0
209 3.040474800544853e-06
210 3.040474800544853e-06
211 1.5202374002724266e-06
212 3.040474800544853e-06
213 3.040474800544853e-06
214 0.0
215 4.56071220081728e-06
216 6.080949601089706e-06
217 7.601187001362133e-06
218 7.601187001362133e-06
219 7.601187001362133e-06
220 6.080949601089706e-06
221 1.3682136602451839e-05
222 1.0641661801906986e-05
223 1.5202374002724266e-05
224 9.12142440163456e-06
225 1.0641661801906986e-05
226 1.3682136602451839e-05
227 1.5202374002724266e-05
228 2.2803561004086398e-05
229 1.2161899202179412e-05
230 7.601187001362133e-06
231 1.5202374002724266e-05
232 1.824284880326912e-05
233 2.1283323603813972e-05
234 2.2803561004086398e-05
235 1.6722611402996692e-05
236 1.824284880326912e-05
237 1.824284880326912e-05
238 3.192498540572096e-05
239 3.3445222805993384e-05
240 2.584403580463125e-05
241 2.2803561004086398e-05
242 2.584403580463125e-05
243 4.104640980735552e-05
244 2.7364273204903678e-05
245 3.8005935006810664e-05
246 3.496546020626581e-05
247 4.712735940844522e-05
248 6.232973341116949e-05
249 6.993092041253162e-05
250 8.209281961471103e-05
251 0.00010489638061879743
252 0.00015050350262697023
253 0.00018546896283323604
254 0.00025387964584549523
255 0.000424146234676007
256 0.0005001581046896284
257 0.000750997275734579
258 0.0010094376337808914
259 0.0014016588830511776
260 0.0019048574625413507
261 0.002579842868262309
262 0.0036804947460595443
263 0.004902765615878577
264 0.006293782837127848
265 0.008072460595446584
266 0.010284406012842966
267 0.012497871667639616
268 0.014790389667250436
269 0.01750249318933645
270 0.019533530356100413
271 0.021978072095738477
272 0.024653689920217936
273 0.025991498832457674
274 0.027025260264642928
275 0.02683979130180968
276 0.026972051955633385
277 0.025801469157423616
278 0.024696256567425568
279 0.02334476551858338
280 0.021511359213854834
281 0.01957913747810858
282 0.017716846662774864
283 0.015558109554388013
284 0.013691258026853472
285 0.011854811247324386
286 0.009762964584549524
287 0.008718561490562366
288 0.0071831217162872186
289 0.006316586398131934
290 0.00524481903093987
291 0.004388925374586495
292 0.0036713733216579107
293 0.003075440260751119
294 0.0026832190114808325
295 0.0022104251799961077
296 0.0018379670169293644
297 0.001527838587273789
298 0.0013560517610430043
299 0.001199467308814944
300 0.0009273448141661801
301 0.0008011651099435687
302 0.0006947484919244993
303 0.0005807306869040669
304 0.0005138402412920801
305 0.0004180652850749173
306 0.0003602962638645651
307 0.00028428439385094377
308 0.0002401975092430434
309 0.00019763086203541545
310 0.00017938801323214633
311 0.00013834160342479082
312 0.00011249756762015956
313 9.881543101770773e-05
314 7.44916326133489e-05
315 4.104640980735552e-05
316 4.2566647207627943e-05
317 4.2566647207627943e-05
318 2.584403580463125e-05
319 1.6722611402996692e-05
320 9.12142440163456e-06
321 1.3682136602451839e-05
322 4.56071220081728e-06
323 4.56071220081728e-06
324 3.040474800544853e-06
325 3.040474800544853e-06
326 6.080949601089706e-06
327 1.5202374002724266e-06
328 0.0
329 0.0
330 1.5202374002724266e-06
331 0.0
332 0.0
333 0.0
334 0.0
335 0.0
336 0.0
337 0.0
338 0.0
339 0.0
340 0.0
341 0.0
342 0.0
343 0.0
344 0.0
345 0.0
346 0.0
347 0.0
348 0.0
349 0.0
350 0.0
351 0.0
352 0.0
353 0.0
354 0.0
355 0.0
356 0.0
357 0.0
358 0.0
