0 3.9609604812454134e-05
1 5.940714386324437e-05
2 6.85561759511591e-05
3 7.006036987572636e-05
4 7.917376397779518e-05
5 6.397942108168244e-05
6 8.076707241113661e-05
7 8.683910314707332e-05
8 9.140159190268096e-05
9 0.00011729075792924024
10 0.00011574944338524771
11 0.0001354997273708472
12 0.0001203217206038205
13 0.00016445815998485214
14 0.0001827099085700336
15 0.0002146990274069608
16 0.00023751863177074836
17 0.00026482972456508394
18 0.0003058900495453637
19 0.0003606589710364262
20 0.0004671002125075153
21 0.0005537857375876734
22 0.0007027778467303958
23 0.0008062423834941811
24 0.0009597515891908217
25 0.0012061676934406473
26 0.0014721007350093208
27 0.0016986582726033351
28 0.0020786735577880307
29 0.002539433857423846
30 0.0030427642121501233
31 0.003486595219568403
32 0.003916846417604726
33 0.004481049931836975
34 0.005026791326045976
35 0.005312533321777292
36 0.005837058091366493
37 0.0064770141858491595
38 0.0068252015228522965
39 0.007141376723121884
40 0.007130746398831716
41 0.007153458699898162
42 0.007328290968475126
43 0.007092601956723215
44 0.006943568144263026
45 0.007022608563319014
46 0.006695756353838338
47 0.006435663539626338
48 0.006309487227940888
49 0.00612395976835157
50 0.005675464928592985
51 0.005704348591909617
52 0.005030865975771349
53 0.005000390347009449
54 0.004801212655348053
55 0.004658288379431393
56 0.004688712387554965
57 0.0044925351178378425
58 0.004343590730355722
59 0.004264488293027104
60 0.0043694038766300385
61 0.004311631022860251
62 0.004408923938618232
63 0.004469713246743518
64 0.004621754190244491
65 0.004875648951053311
66 0.004979026227234191
67 0.005308885789146039
68 0.005594723229878852
69 0.006134360034961335
70 0.006538812865847585
71 0.007049599278140649
72 0.007557385555952252
73 0.008197416526668236
74 0.008750852967152452
75 0.00961282724984261
76 0.010179896736330964
77 0.010693773830843911
78 0.011201498428288553
79 0.011878084718781245
80 0.012054414729720134
81 0.01207418089879963
82 0.012454311521267135
83 0.012090973552265946
84 0.012028604694575465
85 0.0115710653406902
86 0.011175764656089224
87 0.010512962059390014
88 0.009802900218343298
89 0.008699268510807039
90 0.007711021046693069
91 0.007033060758425764
92 0.006260753818403947
93 0.005315125847745333
94 0.004687250343061756
95 0.0040547561907410485
96 0.0032718645781924724
97 0.003089382636639184
98 0.0026423749642703167
99 0.002142271521125941
100 0.0018989899328459244
101 0.0015979856121410554
102 0.0015675167121986214
103 0.0013044616157514113
104 0.0012284553894440502
105 0.0011342425656996784
106 0.0010749556740231381
107 0.0009669915096801936
108 0.000837742838323991
109 0.0008225104703878082
110 0.0008620660228866137
111 0.0008165117873671253
112 0.0007419533398863511
113 0.0007297896434329915
114 0.0007206655561009169
115 0.0007343491722243646
116 0.0007313247407839251
117 0.000773914258697755
118 0.0007434602187059823
119 0.0006629176303098061
120 0.0006233504725530996
121 0.0007221614433891872
122 0.0006552739785530204
123 0.0006370424171622722
124 0.0007297825422851506
125 0.000709983522675926
126 0.0007479927123754972
127 0.0007860212222073498
128 0.0008103334373180274
129 0.0008696675496975751
130 0.0009015325474667722
131 0.0009197863878014011
132 0.0009851651985309767
133 0.0010748580216224102
134 0.0012177677562412396
135 0.0013591602342356143
136 0.0013591421195921934
137 0.001533945366392681
138 0.0017544151310755459
139 0.0019261784948378076
140 0.0020584516195986703
141 0.0022758815012433107
142 0.0026650385173633676
143 0.0029478314841076625
144 0.0034099483121471184
145 0.0037155460234201366
146 0.0042187211404417875
147 0.00476910053562719
148 0.0052829291936255926
149 0.0057648551451621515
150 0.006546204304377715
151 0.007227300061755706
152 0.008096912675760695
153 0.008911772394396509
154 0.009931796457252931
155 0.010621986901059692
156 0.011521961205399752
157 0.012382438740541308
158 0.013008783377837074
159 0.013952838923078779
160 0.014620240664679478
161 0.015225340891400306
162 0.01549741288857389
163 0.015755792963102516
164 0.016111522871060005
165 0.016137469359256577
166 0.016198224512489853
167 0.015664600702148895
168 0.015106663769394827
169 0.014194549842491196
170 0.013706556596967984
171 0.012844561509320807
172 0.011845741187229825
173 0.010830208060589926
174 0.010045808026804775
175 0.008837177124713939
176 0.00790376235247803
177 0.007417280740684592
178 0.006638933143240707
179 0.005974588215797016
180 0.005558035747976517
181 0.005089802628692608
182 0.004661131023459146
183 0.004323598224045161
184 0.004054509375813404
185 0.00393289632337903
186 0.003715496139671494
187 0.00367753949780364
188 0.003557410749363857
189 0.0033521712801812256
190 0.0032260171107478895
191 0.0031575817805898345
192 0.00302075031183007
193 0.002747117682516278
194 0.002646778146831633
195 0.0023609491650072264
196 0.002284941754483778
197 0.0021223075311501663
198 0.0019292076829172768
199 0.00175136218533784
200 0.0014959358611529973
201 0.0013499969379935116
202 0.001190399025159983
203 0.001048991116264211
204 0.0009106373373222306
205 0.000802726313034513
206 0.0006810702036212076
207 0.0005974681180174449
208 0.0005138583365068075
209 0.0004454728755101692
210 0.0003709649398615485
211 0.0003648732779480202
212 0.0002827807727207867
213 0.00023413704248728952
214 0.00019460017558263967
215 0.000199173654601778
216 0.00016419126396817664
217 0.00019917602464777215
218 0.00015203263957889757
219 0.0001277127084412049
220 0.00012163353527970948
221 0.00012164006662945004
222 9.731774878352545e-05
223 7.297169109423652e-05
224 8.819038594710444e-05
225 8.060464835345536e-05
226 7.90734194218221e-05
227 7.907134710106778e-05
228 6.994100464146072e-05
229 6.841780612431984e-05
230 6.386747518622574e-05
231 5.779039169916815e-05
232 6.234546019372499e-05
233 6.691181610080271e-05
234 6.234516431256495e-05
235 7.149153174115563e-05
236 5.930230165115411e-05
237 4.107164756283763e-05
238 5.629687261281208e-05
239 5.017286649397881e-05
240 6.844985260438494e-05
241 7.757187107360769e-05
242 6.994514697770125e-05
243 7.30144320718684e-05
244 6.390222276200043e-05
245 6.23876279153544e-05
246 7.456762440727174e-05
247 7.454090378808729e-05
248 0.0001095743635390528
249 8.368431125244357e-05
250 7.00024716837858e-05
251 7.155151822504649e-05
252 9.586104959369835e-05
253 0.00010955119810432499
254 0.00011565945893428517
255 0.00012175467441844778
256 0.00011565799688216852
257 0.0001384362993191871
258 0.00016135360012774281
259 0.00015824599491966076
260 0.00017200208916055037
261 0.0001521448780133469
262 0.0001719679321944617
263 0.00017501821223527087
264 0.00017349827117734678
265 0.00019020304185386232
266 0.00015519839585442124
267 0.00017044175405413477
268 0.0001400218710284508
269 0.00012785878830163126
270 0.0001095716994559784
271 7.000246937851771e-05
272 7.914260249116192e-05
273 7.458336969614483e-05
274 7.456347746049503e-05
275 4.262247054369258e-05
276 3.501564098870405e-05
277 3.043622122951117e-05
278 2.5864517497333033e-05
279 2.741326931006772e-05
280 2.4355271628421463e-05
281 1.216931819540008e-05
282 9.134191219955635e-06
283 1.5202374002724266e-06
284 4.561008081977317e-06
285 6.08866562810446e-06
286 3.0467102691253726e-06
287 4.568132346671997e-06
288 7.614842615797369e-06
289 1.5261769876929087e-06
290 1.520533281432464e-06
291 1.520533281432464e-06
292 3.0523539753858174e-06
293 0.0
294 1.5202374002724266e-06
295 1.520533281432464e-06
296 1.5202374002724266e-06
297 0.0
298 1.5202374002724266e-06
299 0.0
300 0.0
301 1.5214216163583252e-06
302 0.0
303 3.0464143879653355e-06
304 1.520533281432464e-06
305 0.0
306 0.0
307 7.6050358769068065e-06
308 0.0
309 6.083910256769877e-06
310 4.5618964169031785e-06
311 1.0645806212484756e-05
312 9.127659870215079e-06
313 6.08657549247831e-06
314 3.041659016630752e-06
315 1.2175240428463623e-05
316 2.4344559200248094e-05
317 2.2822249710152207e-05
318 1.520799897173627e-05
319 3.955820199330617e-05
320 4.106239730116887e-05
321 5.324625956112616e-05
322 4.714810158214741e-05
323 5.1708517325554994e-05
324 8.214146500986124e-05
325 6.388760593744415e-05
326 9.430097508240192e-05
327 7.606317914531502e-05
328 8.061377137226342e-05
329 8.367650453468839e-05
330 9.281101106517166e-05
331 6.998609738781455e-05
332 0.00011258921366635761
333 0.00010343453764192498
334 8.672143940246558e-05
335 9.278993461357068e-05
336 7.45773762011698e-05
337 9.283773030092594e-05
338 6.391791425918845e-05
339 5.933314863457497e-05
340 6.847533325531048e-05
341 6.239173957716757e-05
342 4.715552149707128e-05
343 5.631139782398214e-05
344 5.633247462157531e-05
345 3.653852569407832e-05
346 4.264976510965187e-05
347 3.807184360883843e-05
348 4.1122107909651663e-05
349 2.8922515870425047e-05
350 4.262511854024017e-05
351 3.045343064497288e-05
352 3.959535582187648e-05
353 3.502750223293842e-05
354 3.503018505326124e-05
355 4.112834349329354e-05
356 2.895933807222214e-05
357 3.199683451741107e-05
358 4.570539459005718e-05
