0.5 0.0
1.5 0.0
2.5 0.0
3.5 0.0
4.5 0.0
5.5 0.0
6.5 2.3148148148148148e-06
7.5 0.0
8.5 4.6296296296296296e-06
9.5 0.0
10.5 2.3148148148148148e-06
11.5 2.3148148148148148e-06
12.5 4.6296296296296296e-06
13.5 2.3148148148148148e-06
14.5 2.3148148148148148e-06
15.5 4.6296296296296296e-06
16.5 0.0
17.5 4.6296296296296296e-06
18.5 2.3148148148148148e-06
19.5 9.259259259259259e-06
20.5 9.259259259259259e-06
21.5 9.259259259259259e-06
22.5 4.6296296296296296e-06
23.5 1.1574074074074073e-05
24.5 1.1574074074074073e-05
25.5 3.472222222222222e-05
26.5 1.851851851851852e-05
27.5 2.3148148148148154e-05
28.5 4.629629629629628e-05
29.5 3.9351851851851844e-05
30.5 6.249999999999999e-05
31.5 5.324074074074073e-05
32.5 8.564814814814812e-05
33.5 9.722222222222218e-05
34.5 0.00011574074074074072
35.5 0.00014120370370370374
36.5 0.00022453703703703722
37.5 0.00023148148148148168
38.5 0.00028703703703703725
39.5 0.0003217592592592593
40.5 0.00037500000000000017
41.5 0.0004583333333333338
42.5 0.0005231481481481482
43.5 0.0006342592592592599
44.5 0.000717592592592593
45.5 0.0008379629629629637
46.5 0.0009791666666666666
47.5 0.0011041666666666678
48.5 0.0012916666666666667
49.5 0.0014236111111111125
50.5 0.0015092592592592597
51.5 0.0019212962962962975
52.5 0.0019930555555555565
53.5 0.002000000000000002
54.5 0.0024074074074074098
55.5 0.002541666666666671
56.5 0.0028518518518518554
57.5 0.002807870370370372
58.5 0.0032314814814814836
59.5 0.003437500000000001
60.5 0.0035625000000000023
61.5 0.0036944444444444464
62.5 0.0037662037037037043
63.5 0.0038888888888888922
64.5 0.003976851851851854
65.5 0.004057870370370372
66.5 0.004298611111111114
67.5 0.004238425925925931
68.5 0.004305555555555557
69.5 0.004115740740740743
70.5 0.004127314814814818
71.5 0.004000000000000003
72.5 0.003842592592592594
73.5 0.0037106481481481487
74.5 0.003641203703703707
75.5 0.00350462962962963
76.5 0.0033564814814814837
77.5 0.0030740740740740746
78.5 0.0029421296296296313
79.5 0.0025671296296296314
80.5 0.0025833333333333364
81.5 0.0024259259259259277
82.5 0.002152777777777778
83.5 0.0020138888888888897
84.5 0.0018541666666666676
85.5 0.001634259259259261
86.5 0.001530092592592593
87.5 0.0014583333333333338
88.5 0.0011990740740740746
89.5 0.001143518518518519
90.5 0.0010115740740740747
91.5 0.0009490740740740746
92.5 0.0008611111111111114
93.5 0.0007777777777777781
94.5 0.0006921296296296298
95.5 0.0005810185185185185
96.5 0.0005856481481481482
97.5 0.00048611111111111104
98.5 0.00042824074074074097
99.5 0.0003958333333333332
100.5 0.0003449074074074073
101.5 0.0003402777777777778
102.5 0.0003194444444444444
103.5 0.0003449074074074076
104.5 0.00026157407407407406
105.5 0.00024074074074074083
106.5 0.00020833333333333348
107.5 0.00021759259259259288
108.5 0.00019212962962962974
109.5 0.00020138888888888908
110.5 0.00020138888888888908
111.5 0.00017824074074074083
112.5 0.00013194444444444446
113.5 0.00019212962962962977
114.5 0.00014351851851851857
115.5 0.0001620370370370372
116.5 0.0001435185185185186
117.5 0.00011574074074074072
118.5 0.00013425925925925926
119.5 0.00011805555555555555
120.5 0.00011805555555555556
121.5 0.00013657407407407412
122.5 0.00015509259259259268
123.5 0.00014583333333333343
124.5 0.00014814814814814823
125.5 0.00016666666666666682
126.5 0.00019675925925925948
127.5 0.00017824074074074083
128.5 0.0001921296296296298
129.5 0.00018518518518518537
130.5 0.00020833333333333343
131.5 0.00021990740740740757
132.5 0.00022685185185185208
133.5 0.0003032407407407408
134.5 0.00038888888888888914
135.5 0.0003935185185185185
136.5 0.00041666666666666664
137.5 0.0004606481481481482
138.5 0.0005092592592592595
139.5 0.0005879629629629635
140.5 0.0006527777777777783
141.5 0.0007291666666666671
142.5 0.000782407407407408
143.5 0.0009120370370370374
144.5 0.001069444444444445
145.5 0.001215277777777779
146.5 0.0013726851851851851
147.5 0.001583333333333334
148.5 0.0018009259259259265
149.5 0.0020069444444444444
150.5 0.0022824074074074088
151.5 0.0026412037037037055
152.5 0.003062500000000002
153.5 0.003402777777777781
154.5 0.0038333333333333366
155.5 0.004324074074074077
156.5 0.004990740740740743
157.5 0.005300925925925929
158.5 0.00630092592592593
159.5 0.006571759259259264
160.5 0.007247685185185187
161.5 0.008243055555555556
162.5 0.009097222222222222
163.5 0.010020833333333335
164.5 0.010657407407407409
165.5 0.011712962962962963
166.5 0.012502314814814813
167.5 0.013398148148148149
168.5 0.014240740740740741
169.5 0.014777777777777786
170.5 0.01636342592592592
171.5 0.016812499999999994
172.5 0.017722222222222236
173.5 0.018384259259259253
174.5 0.018861111111111117
175.5 0.019442129629629615
176.5 0.019918981481481468
177.5 0.020486111111111115
178.5 0.02064351851851852
179.5 0.020694444444444442
180.5 0.021027777777777788
181.5 0.02056249999999999
182.5 0.02036342592592592
183.5 0.019828703703703703
184.5 0.019539351851851846
185.5 0.0192175925925926
186.5 0.018347222222222223
187.5 0.0176712962962963
188.5 0.016981481481481483
189.5 0.015976851851851846
190.5 0.01506249999999999
191.5 0.014224537037037034
192.5 0.013615740740740755
193.5 0.012717592592592595
194.5 0.011675925925925923
195.5 0.010768518518518516
196.5 0.009652777777777777
197.5 0.009069444444444448
198.5 0.008104166666666668
199.5 0.007537037037037038
200.5 0.006872685185185188
201.5 0.0058865740740740745
202.5 0.00553240740740741
203.5 0.004687500000000003
204.5 0.004247685185185189
205.5 0.0038703703703703743
206.5 0.003275462962962963
207.5 0.0029282407407407412
208.5 0.002553240740740742
209.5 0.0025740740740740763
210.5 0.00207638888888889
211.5 0.0017569444444444455
212.5 0.001585648148148149
213.5 0.0014120370370370374
214.5 0.001252314814814815
215.5 0.001057870370370371
216.5 0.0009305555555555562
217.5 0.0008495370370370379
218.5 0.0006481481481481489
219.5 0.0006388888888888894
220.5 0.0004930555555555556
221.5 0.00047685185185185216
222.5 0.0004513888888888891
223.5 0.0003449074074074077
224.5 0.0004305555555555557
225.5 0.00031481481481481486
226.5 0.00024768518518518537
227.5 0.00021527777777777797
228.5 0.00021990740740740762
229.5 0.00019675925925925948
230.5 0.00018750000000000014
231.5 0.0001736111111111112
232.5 0.00018750000000000006
233.5 0.00013888888888888897
234.5 0.00016435185185185191
235.5 0.00010648148148148143
236.5 0.00013194444444444446
237.5 0.00017129629629629645
238.5 0.00015046296296296303
239.5 0.00010648148148148143
240.5 0.00011805555555555555
241.5 9.259259259259255e-05
242.5 0.00011111111111111106
243.5 0.00011574074074074075
244.5 0.000125
245.5 0.00015277777777777786
246.5 0.00012731481481481483
247.5 0.00016435185185185186
248.5 0.00013425925925925934
249.5 0.00019907407407407425
250.5 0.0001759259259259261
251.5 0.00022685185185185202
252.5 0.00020138888888888897
253.5 0.00022916666666666672
254.5 0.00021990740740740762
255.5 0.0002731481481481482
256.5 0.00030555555555555566
257.5 0.00035648148148148166
258.5 0.000349537037037037
259.5 0.00038888888888888903
260.5 0.00040046296296296314
261.5 0.0004421296296296298
262.5 0.0004745370370370371
263.5 0.0005856481481481483
264.5 0.0006458333333333337
265.5 0.0006087962962962964
266.5 0.0007361111111111112
267.5 0.0008287037037037042
268.5 0.0009074074074074077
269.5 0.001060185185185186
270.5 0.0011203703703703705
271.5 0.0012476851851851859
272.5 0.00132175925925926
273.5 0.001564814814814815
274.5 0.0016296296296296304
275.5 0.0018356481481481492
276.5 0.0019467592592592596
277.5 0.0020925925925925955
278.5 0.002342592592592595
279.5 0.0024953703703703705
280.5 0.0028310185185185196
281.5 0.0028981481481481506
282.5 0.0030254629629629655
283.5 0.003273148148148151
284.5 0.003449074074074076
285.5 0.0036712962962962997
286.5 0.003962962962962964
287.5 0.00376388888888889
288.5 0.003979166666666668
289.5 0.004215277777777781
290.5 0.004155092592592594
291.5 0.0042245370370370405
292.5 0.004212962962962966
293.5 0.004050925925925927
294.5 0.004229166666666671
295.5 0.004321759259259263
296.5 0.003976851851851852
297.5 0.0037916666666666693
298.5 0.0037453703703703733
299.5 0.0034537037037037062
300.5 0.003319444444444446
301.5 0.0030925925925925947
302.5 0.0030810185185185203
303.5 0.0028564814814814824
304.5 0.0026898148148148155
305.5 0.0023402777777777797
306.5 0.0021064814814814817
307.5 0.0018564814814814828
308.5 0.001923611111111112
309.5 0.0017060185185185195
310.5 0.0013217592592592595
311.5 0.0012361111111111117
312.5 0.001081018518518519
313.5 0.0008796296296296299
314.5 0.0008449074074074075
315.5 0.0007592592592592598
316.5 0.0006388888888888895
317.5 0.0005300925925925931
318.5 0.0004745370370370374
319.5 0.00033796296296296303
320.5 0.00029166666666666664
321.5 0.0003194444444444446
322.5 0.00024074074074074077
323.5 0.00020601851851851868
324.5 0.0001736111111111111
325.5 0.0001296296296296296
326.5 0.00010648148148148143
327.5 6.48148148148148e-05
328.5 6.018518518518517e-05
329.5 4.8611111111111115e-05
330.5 5.324074074074072e-05
331.5 3.0092592592592597e-05
332.5 3.703703703703703e-05
333.5 1.851851851851852e-05
334.5 1.6203703703703704e-05
335.5 1.851851851851852e-05
336.5 9.259259259259259e-06
337.5 1.1574074074074073e-05
338.5 4.6296296296296296e-06
339.5 1.1574074074074073e-05
340.5 4.6296296296296296e-06
341.5 0.0
342.5 1.1574074074074073e-05
343.5 2.3148148148148148e-06
344.5 0.0
345.5 2.3148148148148148e-06
346.5 4.6296296296296296e-06
347.5 4.6296296296296296e-06
348.5 0.0
349.5 0.0
350.5 4.6296296296296296e-06
351.5 0.0
352.5 0.0
353.5 2.3148148148148148e-06
354.5 2.3148148148148148e-06
355.5 4.6296296296296296e-06
356.5 0.0
357.5 4.6296296296296296e-06
358.5 0.0
359.5 2.3148148148148148e-06
