0.5 0.02995370370370372
1.5 0.029930555555555554
2.5 0.029856481481481494
3.5 0.02950462962962963
4.5 0.02884490740740741
5.5 0.02852777777777778
6.5 0.027465277777777783
7.5 0.02686574074074075
8.5 0.02547453703703704
9.5 0.0247175925925926
10.5 0.023462962962962956
11.5 0.022608796296296304
12.5 0.021173611111111126
13.5 0.019604166666666673
14.5 0.018194444444444437
15.5 0.016518518518518516
16.5 0.015238425925925926
17.5 0.01364814814814815
18.5 0.012004629629629626
19.5 0.01046064814814815
20.5 0.008743055555555553
21.5 0.007030092592592597
22.5 0.006125000000000005
23.5 0.004946759259259265
24.5 0.003888888888888893
25.5 0.003164351851851855
26.5 0.0023541666666666676
27.5 0.001717592592592594
28.5 0.001319444444444445
29.5 0.00088425925925926
30.5 0.0006712962962962968
31.5 0.0005138888888888892
32.5 0.0003518518518518518
33.5 0.00019907407407407422
34.5 0.00010879629629629623
35.5 0.00011111111111111106
36.5 6.249999999999999e-05
37.5 3.935185185185185e-05
38.5 1.388888888888889e-05
39.5 1.1574074074074073e-05
40.5 6.944444444444445e-06
41.5 2.3148148148148148e-06
42.5 0.0
43.5 0.0
44.5 0.0
45.5 0.0
46.5 0.0
47.5 0.0
48.5 0.0
49.5 0.0
50.5 0.0
51.5 0.0
52.5 0.0
53.5 0.0
54.5 0.0
55.5 0.0
56.5 0.0
57.5 0.0
58.5 0.0
59.5 0.0
60.5 0.0
61.5 0.0
62.5 0.0
63.5 0.0
64.5 0.0
65.5 0.0
66.5 0.0
67.5 0.0
68.5 0.0
69.5 0.0
70.5 0.0
71.5 0.0
72.5 0.0
73.5 0.0
74.5 0.0
75.5 0.0
76.5 0.0
77.5 0.0
78.5 0.0
79.5 0.0
80.5 0.0
81.5 0.0
82.5 0.0
83.5 0.0
84.5 0.0
85.5 0.0
86.5 0.0
87.5 0.0
88.5 0.0
89.5 0.0
90.5 0.0
91.5 0.0
92.5 0.0
93.5 0.0
94.5 0.0
95.5 0.0
96.5 0.0
97.5 0.0
98.5 0.0
99.5 0.0
100.5 0.0
101.5 0.0
102.5 0.0
103.5 0.0
104.5 0.0
105.5 0.0
106.5 0.0
107.5 0.0
108.5 0.0
109.5 0.0
110.5 0.0
111.5 0.0
112.5 0.0
113.5 0.0
114.5 0.0
115.5 0.0
116.5 0.0
117.5 0.0
118.5 0.0
119.5 0.0
120.5 0.0
121.5 0.0
122.5 0.0
123.5 0.0
124.5 0.0
125.5 0.0
126.5 0.0
127.5 0.0
128.5 0.0
129.5 0.0
130.5 0.0
131.5 0.0
132.5 0.0
133.5 0.0
134.5 0.0
135.5 0.0
136.5 0.0
137.5 0.0
138.5 0.0
139.5 0.0
140.5 0.0
141.5 0.0
142.5 0.0
143.5 0.0
144.5 0.0
145.5 0.0
146.5 0.0
147.5 0.0
148.5 0.0
149.5 0.0
150.5 0.0
151.5 4.6296296296296296e-06
152.5 6.944444444444445e-06
153.5 4.6296296296296296e-06
154.5 6.944444444444445e-06
155.5 0.0
156.5 9.259259259259259e-06
157.5 1.1574074074074075e-05
158.5 2.777777777777778e-05
159.5 3.472222222222222e-05
160.5 1.8518518518518518e-05
161.5 3.240740740740741e-05
162.5 5.324074074074074e-05
163.5 7.175925925925926e-05
164.5 7.638888888888889e-05
165.5 9.027777777777777e-05
166.5 0.00013194444444444443
167.5 0.00012962962962962963
168.5 0.00013425925925925926
169.5 0.00016435185185185183
170.5 0.00018981481481481483
171.5 0.00021759259259259258
172.5 0.00021759259259259258
173.5 0.00022685185185185183
174.5 0.00021296296296296295
175.5 0.00026157407407407406
176.5 0.00026388888888888886
177.5 0.00030555555555555555
178.5 0.00031944444444444446
179.5 0.0002453703703703704
180.5 0.00032870370370370367
181.5 0.0002731481481481481
182.5 0.00028703703703703703
183.5 0.00023842592592592592
184.5 0.0002685185185185185
185.5 0.0002476851851851852
186.5 0.00026388888888888886
187.5 0.00018287037037037038
188.5 0.00020833333333333332
189.5 0.00018055555555555555
190.5 0.00014814814814814815
191.5 0.00012037037037037036
192.5 0.00011574074074074075
193.5 0.00011342592592592592
194.5 6.481481481481482e-05
195.5 9.25925925925926e-05
196.5 8.333333333333333e-05
197.5 7.638888888888889e-05
198.5 3.472222222222222e-05
199.5 5.555555555555556e-05
200.5 1.388888888888889e-05
201.5 2.314814814814815e-05
202.5 1.388888888888889e-05
203.5 1.8518518518518518e-05
204.5 2.3148148148148148e-06
205.5 6.944444444444445e-06
206.5 4.6296296296296296e-06
207.5 2.3148148148148148e-06
208.5 4.6296296296296296e-06
209.5 0.0
210.5 0.0
211.5 0.0
212.5 0.0
213.5 0.0
214.5 0.0
215.5 0.0
216.5 0.0
217.5 0.0
218.5 0.0
219.5 0.0
220.5 0.0
221.5 0.0
222.5 0.0
223.5 0.0
224.5 0.0
225.5 0.0
226.5 0.0
227.5 0.0
228.5 0.0
229.5 0.0
230.5 0.0
231.5 0.0
232.5 0.0
233.5 0.0
234.5 0.0
235.5 0.0
236.5 0.0
237.5 0.0
238.5 0.0
239.5 0.0
240.5 0.0
241.5 0.0
242.5 0.0
243.5 0.0
244.5 0.0
245.5 0.0
246.5 0.0
247.5 0.0
248.5 0.0
249.5 0.0
250.5 0.0
251.5 0.0
252.5 0.0
253.5 0.0
254.5 0.0
255.5 0.0
256.5 0.0
257.5 0.0
258.5 0.0
259.5 0.0
260.5 0.0
261.5 0.0
262.5 0.0
263.5 0.0
264.5 0.0
265.5 0.0
266.5 0.0
267.5 0.0
268.5 0.0
269.5 0.0
270.5 0.0
271.5 0.0
272.5 0.0
273.5 0.0
274.5 0.0
275.5 0.0
276.5 0.0
277.5 0.0
278.5 0.0
279.5 0.0
280.5 0.0
281.5 0.0
282.5 0.0
283.5 0.0
284.5 0.0
285.5 0.0
286.5 0.0
287.5 0.0
288.5 0.0
289.5 0.0
290.5 0.0
291.5 0.0
292.5 0.0
293.5 0.0
294.5 0.0
295.5 0.0
296.5 0.0
297.5 0.0
298.5 0.0
299.5 0.0
300.5 0.0
301.5 0.0
302.5 0.0
303.5 0.0
304.5 0.0
305.5 0.0
306.5 0.0
307.5 0.0
308.5 0.0
309.5 0.0
310.5 0.0
311.5 0.0
312.5 0.0
313.5 0.0
314.5 0.0
315.5 2.3148148148148148e-06
316.5 2.3148148148148148e-06
317.5 2.3148148148148148e-06
318.5 2.3148148148148148e-06
319.5 6.944444444444445e-06
320.5 1.1574074074074073e-05
321.5 1.851851851851852e-05
322.5 2.5462962962962965e-05
323.5 4.62962962962963e-05
324.5 9.490740740740736e-05
325.5 0.00011574074074074075
326.5 0.0002129629629629632
327.5 0.000300925925925926
328.5 0.0003912037037037037
329.5 0.0006828703703703704
330.5 0.0008680555555555564
331.5 0.001312500000000001
332.5 0.0016134259259259264
333.5 0.002402777777777779
334.5 0.003050925925925928
335.5 0.003942129629629632
336.5 0.0050208333333333355
337.5 0.0060949074074074065
338.5 0.007493055555555557
339.5 0.008629629629629635
340.5 0.010092592592592587
341.5 0.011770833333333338
342.5 0.01337037037037037
343.5 0.015222222222222213
344.5 0.01682407407407408
345.5 0.018229166666666664
346.5 0.020030092592592592
347.5 0.02104861111111112
348.5 0.02241203703703703
349.5 0.023675925925925927
350.5 0.02494212962962963
351.5 0.025784722222222233
352.5 0.026601851851851845
353.5 0.027912037037037048
354.5 0.028118055555555545
355.5 0.02883796296296299
356.5 0.029587962962962972
357.5 0.029956018518518517
358.5 0.029900462962962962
359.5 0.03007175925925927
