0.5 0.0
1.5 0.0
2.5 0.0
3.5 0.0
4.5 4.6296296296296296e-06
5.5 0.0
6.5 2.3148148148148148e-06
7.5 0.0
8.5 0.0
9.5 4.6296296296296296e-06
10.5 2.3148148148148148e-06
11.5 4.6296296296296296e-06
12.5 2.3148148148148148e-06
13.5 6.944444444444445e-06
14.5 6.944444444444445e-06
15.5 2.3148148148148148e-06
16.5 4.6296296296296296e-06
17.5 0.0
18.5 2.3148148148148148e-06
19.5 0.0
20.5 4.6296296296296296e-06
21.5 6.944444444444445e-06
22.5 1.6203703703703704e-05
23.5 2.3148148148148148e-06
24.5 2.777777777777778e-05
25.5 1.6203703703703704e-05
26.5 4.398148148148147e-05
27.5 4.166666666666666e-05
28.5 2.5462962962962968e-05
29.5 4.398148148148147e-05
30.5 4.8611111111111095e-05
31.5 6.48148148148148e-05
32.5 9.490740740740736e-05
33.5 9.490740740740736e-05
34.5 0.00013657407407407412
35.5 0.00017361111111111117
36.5 0.00020833333333333348
37.5 0.0003148148148148148
38.5 0.00026388888888888886
39.5 0.00031944444444444446
40.5 0.00040740740740740733
41.5 0.0004884259259259262
42.5 0.0005648148148148151
43.5 0.0006805555555555557
44.5 0.0007453703703703712
45.5 0.0008541666666666672
46.5 0.001050925925925926
47.5 0.001226851851851853
48.5 0.00143287037037037
49.5 0.0015370370370370377
50.5 0.0018819444444444454
51.5 0.0020671296296296314
52.5 0.002159722222222223
53.5 0.002354166666666668
54.5 0.002613425925925929
55.5 0.002972222222222225
56.5 0.0031875000000000015
57.5 0.0033055555555555577
58.5 0.003675925925925928
59.5 0.0037916666666666706
60.5 0.003844907407407411
61.5 0.004076388888888892
62.5 0.0042847222222222245
63.5 0.00454166666666667
64.5 0.004416666666666669
65.5 0.004703703703703707
66.5 0.0044837962962963
67.5 0.004706018518518519
68.5 0.004914351851851857
69.5 0.004581018518518521
70.5 0.004483796296296297
71.5 0.004500000000000001
72.5 0.0041157407407407445
73.5 0.004298611111111112
74.5 0.0041666666666666675
75.5 0.0038750000000000034
76.5 0.0035439814814814843
77.5 0.0034375000000000026
78.5 0.0032893518518518528
79.5 0.0030925925925925956
80.5 0.0027870370370370397
81.5 0.00258564814814815
82.5 0.002358796296296298
83.5 0.002043981481481482
84.5 0.0019050925925925928
85.5 0.0018842592592592602
86.5 0.0017222222222222237
87.5 0.0014837962962962964
88.5 0.0013981481481481492
89.5 0.0011481481481481486
90.5 0.0011481481481481492
91.5 0.0010347222222222225
92.5 0.0009976851851851857
93.5 0.000939814814814815
94.5 0.0006643518518518524
95.5 0.0007060185185185188
96.5 0.000664351851851852
97.5 0.000555555555555556
98.5 0.0005046296296296297
99.5 0.0004814814814814818
100.5 0.0003888888888888891
101.5 0.00044907407407407423
102.5 0.0003981481481481483
103.5 0.00033564814814814834
104.5 0.0002847222222222222
105.5 0.000287037037037037
106.5 0.00024305555555555563
107.5 0.00022453703703703711
108.5 0.00019444444444444457
109.5 0.00023148148148148168
110.5 0.00019212962962962977
111.5 0.00024305555555555593
112.5 0.00019444444444444468
113.5 0.00018518518518518528
114.5 0.0001296296296296296
115.5 0.0001736111111111112
116.5 0.00014351851851851857
117.5 0.00017361111111111125
118.5 0.00013425925925925926
119.5 0.00013657407407407406
120.5 0.00014583333333333345
121.5 0.00017361111111111123
122.5 0.0001736111111111112
123.5 0.0001365740740740741
124.5 0.00015972222222222223
125.5 0.00016666666666666672
126.5 0.0001944444444444446
127.5 0.0001875000000000001
128.5 0.00022222222222222223
129.5 0.0002476851851851852
130.5 0.0002685185185185188
131.5 0.0002291666666666669
132.5 0.0002847222222222222
133.5 0.0002962962962962963
134.5 0.00029166666666666675
135.5 0.00034490740740740754
136.5 0.00039351851851851863
137.5 0.0004166666666666668
138.5 0.0005162037037037037
139.5 0.0005370370370370373
140.5 0.0006250000000000003
141.5 0.0006990740740740746
142.5 0.0008240740740740746
143.5 0.0008333333333333339
144.5 0.0009861111111111116
145.5 0.0012175925925925932
146.5 0.0013032407407407409
147.5 0.0015300925925925933
148.5 0.0016921296296296307
149.5 0.001983796296296297
150.5 0.002270833333333333
151.5 0.002537037037037039
152.5 0.0028587962962962976
153.5 0.0032615740740740756
154.5 0.003763888888888892
155.5 0.004097222222222224
156.5 0.0044791666666666695
157.5 0.005011574074074075
158.5 0.005923611111111112
159.5 0.006243055555555561
160.5 0.007298611111111117
161.5 0.008145833333333331
162.5 0.008622685185185193
163.5 0.009261574074074077
164.5 0.010340277777777775
165.5 0.011039351851851849
166.5 0.011740740740740746
167.5 0.012650462962962964
168.5 0.013770833333333336
169.5 0.014405092592592594
170.5 0.015416666666666665
171.5 0.015900462962962967
172.5 0.016694444444444442
173.5 0.01737962962962964
174.5 0.018041666666666678
175.5 0.019178240740740735
176.5 0.018976851851851856
177.5 0.019662037037037054
178.5 0.01997222222222223
179.5 0.020041666666666676
180.5 0.01953703703703703
181.5 0.019481481481481485
182.5 0.019254629629629625
183.5 0.019402777777777783
184.5 0.018868055555555537
185.5 0.018231481481481474
186.5 0.01753472222222223
187.5 0.017219907407407406
188.5 0.015817129629629622
189.5 0.015307870370370374
190.5 0.014497685185185186
191.5 0.013634259259259256
192.5 0.012791666666666668
193.5 0.011766203703703704
194.5 0.01120138888888889
195.5 0.01026388888888889
196.5 0.009351851851851854
197.5 0.008574074074074074
198.5 0.007590277777777779
199.5 0.0069629629629629685
200.5 0.006118055555555556
201.5 0.005826388888888891
202.5 0.005168981481481487
203.5 0.004761574074074077
204.5 0.004108796296296297
205.5 0.0037523148148148186
206.5 0.003261574074074077
207.5 0.002701388888888892
208.5 0.002645833333333335
209.5 0.002229166666666669
210.5 0.0018310185185185191
211.5 0.0017430555555555567
212.5 0.0015300925925925935
213.5 0.0013750000000000004
214.5 0.0013148148148148144
215.5 0.001210648148148149
216.5 0.0009652777777777784
217.5 0.0007986111111111119
218.5 0.0007013888888888893
219.5 0.0006875000000000009
220.5 0.000530092592592593
221.5 0.0004884259259259261
222.5 0.00043981481481481497
223.5 0.00038425925925925927
224.5 0.00039120370370370383
225.5 0.0003541666666666666
226.5 0.000324074074074074
227.5 0.0002870370370370369
228.5 0.00026851851851851847
229.5 0.00020833333333333354
230.5 0.00021990740740740757
231.5 0.00015277777777777786
232.5 0.00020601851851851868
233.5 0.0001666666666666667
234.5 0.00018287037037037046
235.5 0.00015972222222222229
236.5 0.00017592592592592605
237.5 0.0001782407407407409
238.5 0.000150462962962963
239.5 0.00015509259259259266
240.5 0.0001435185185185185
241.5 0.00013657407407407414
242.5 0.00012962962962962966
243.5 0.00018055555555555566
244.5 0.00018055555555555566
245.5 0.00017361111111111123
246.5 0.00016435185185185191
247.5 0.00019444444444444465
248.5 0.0001967592592592594
249.5 0.00018287037037037048
250.5 0.00018981481481481497
251.5 0.00022916666666666683
252.5 0.0002291666666666669
253.5 0.00027777777777777783
254.5 0.000289351851851852
255.5 0.0003171296296296296
256.5 0.0003564814814814816
257.5 0.0004374999999999999
258.5 0.0003634259259259258
259.5 0.0003865740740740739
260.5 0.0005347222222222225
261.5 0.0005324074074074077
262.5 0.0006041666666666668
263.5 0.0006504629629629629
264.5 0.0006921296296296303
265.5 0.0007523148148148155
266.5 0.0009328703703703708
267.5 0.0009675925925925936
268.5 0.0009976851851851854
269.5 0.0012361111111111117
270.5 0.0012337962962962964
271.5 0.0014351851851851852
272.5 0.0015509259259259272
273.5 0.0017476851851851859
274.5 0.002041666666666669
275.5 0.0020416666666666673
276.5 0.0021157407407407423
277.5 0.0024907407407407417
278.5 0.002798611111111113
279.5 0.002842592592592595
280.5 0.0030787037037037068
281.5 0.0031620370370370383
282.5 0.0034097222222222224
283.5 0.0036087962962962974
284.5 0.003821759259259263
285.5 0.004002314814814818
286.5 0.004060185185185188
287.5 0.004189814814814819
288.5 0.004363425925925929
289.5 0.004386574074074074
290.5 0.004548611111111114
291.5 0.004567129629629633
292.5 0.004745370370370372
293.5 0.004620370370370375
294.5 0.004502314814814818
295.5 0.004701388888888891
296.5 0.0043796296296296335
297.5 0.0042986111111111116
298.5 0.004050925925925932
299.5 0.003937500000000003
300.5 0.0036736111111111136
301.5 0.003539351851851855
302.5 0.0034629629629629663
303.5 0.003243055555555557
304.5 0.002854166666666668
305.5 0.002606481481481483
306.5 0.002418981481481482
307.5 0.0022175925925925944
308.5 0.002006944444444446
309.5 0.0017083333333333334
310.5 0.0015300925925925942
311.5 0.0014236111111111114
312.5 0.0011666666666666674
313.5 0.001046296296296297
314.5 0.0009722222222222225
315.5 0.0007500000000000002
316.5 0.0006828703703703706
317.5 0.0006273148148148149
318.5 0.0004953703703703704
319.5 0.00038657407407407423
320.5 0.0003796296296296297
321.5 0.0003449074074074073
322.5 0.00028472222222222234
323.5 0.00022222222222222237
324.5 0.00016898148148148157
325.5 0.00014814814814814823
326.5 0.00012962962962962963
327.5 8.33333333333333e-05
328.5 7.638888888888886e-05
329.5 8.564814814814812e-05
330.5 3.2407407407407415e-05
331.5 2.3148148148148154e-05
332.5 4.1666666666666665e-05
333.5 1.6203703703703704e-05
334.5 1.6203703703703704e-05
335.5 2.0833333333333336e-05
336.5 1.1574074074074073e-05
337.5 9.259259259259259e-06
338.5 1.1574074074074073e-05
339.5 4.6296296296296296e-06
340.5 4.6296296296296296e-06
341.5 1.1574074074074073e-05
342.5 4.6296296296296296e-06
343.5 4.6296296296296296e-06
344.5 4.6296296296296296e-06
345.5 6.944444444444445e-06
346.5 6.944444444444445e-06
347.5 2.3148148148148148e-06
348.5 4.6296296296296296e-06
349.5 0.0
350.5 2.3148148148148148e-06
351.5 2.3148148148148148e-06
352.5 2.3148148148148148e-06
353.5 2.3148148148148148e-06
354.5 2.3148148148148148e-06
355.5 2.3148148148148148e-06
356.5 0.0
357.5 0.0
358.5 0.0
359.5 2.3148148148148148e-06
