0.5 0.0
1.5 0.0
2.5 0.0
3.5 0.0
4.5 0.0
5.5 2.3148148148148148e-06
6.5 0.0
7.5 0.0
8.5 0.0
9.5 0.0
10.5 0.0
11.5 0.0
12.5 2.3148148148148148e-06
13.5 2.3148148148148148e-06
14.5 2.3148148148148148e-06
15.5 0.0
16.5 2.3148148148148148e-06
17.5 6.944444444444445e-06
18.5 1.1574074074074073e-05
19.5 1.388888888888889e-05
20.5 2.314814814814815e-05
21.5 3.009259259259259e-05
22.5 3.009259259259259e-05
23.5 3.472222222222222e-05
24.5 7.638888888888887e-05
25.5 9.027777777777775e-05
26.5 0.00012037037037037036
27.5 0.0001643518518518519
28.5 0.00024537037037037057
29.5 0.00034953703703703714
30.5 0.0004652777777777778
31.5 0.0005648148148148152
32.5 0.0007939814814814818
33.5 0.0009722222222222231
34.5 0.0013009259259259263
35.5 0.0017708333333333337
36.5 0.0022129629629629635
37.5 0.002831018518518521
38.5 0.00363425925925926
39.5 0.0044930555555555566
40.5 0.005483796296296297
41.5 0.006678240740740742
42.5 0.008043981481481484
43.5 0.00999074074074074
44.5 0.0112962962962963
45.5 0.013398148148148147
46.5 0.015328703703703702
47.5 0.017226851851851854
48.5 0.019696759259259265
49.5 0.02181250000000001
50.5 0.02388194444444444
51.5 0.025666666666666667
52.5 0.02738425925925925
53.5 0.028548611111111115
54.5 0.030094907407407397
55.5 0.02995601851851852
56.5 0.030365740740740745
57.5 0.030284722222222227
58.5 0.02927546296296296
59.5 0.028490740740740754
60.5 0.026462962962962966
61.5 0.025152777777777774
62.5 0.022898148148148154
63.5 0.021164351851851854
64.5 0.018719907407407407
65.5 0.017245370370370373
66.5 0.014388888888888892
67.5 0.01255787037037037
68.5 0.010645833333333334
69.5 0.008745370370370376
70.5 0.007388888888888889
71.5 0.005972222222222225
72.5 0.004622685185185185
73.5 0.0037824074074074097
74.5 0.002988425925925926
75.5 0.0022731481481481496
76.5 0.001796296296296297
77.5 0.001361111111111111
78.5 0.0010023148148148148
79.5 0.0007962962962962964
80.5 0.0005625000000000002
81.5 0.00036574074074074075
82.5 0.0003333333333333334
83.5 0.00022222222222222218
84.5 0.0001782407407407408
85.5 0.0001388888888888889
86.5 7.870370370370369e-05
87.5 6.018518518518518e-05
88.5 6.25e-05
89.5 1.6203703703703704e-05
90.5 1.8518518518518518e-05
91.5 1.1574074074074073e-05
92.5 1.1574074074074073e-05
93.5 4.6296296296296296e-06
94.5 2.3148148148148148e-06
95.5 4.6296296296296296e-06
96.5 0.0
97.5 4.6296296296296296e-06
98.5 0.0
99.5 0.0
100.5 0.0
101.5 2.3148148148148148e-06
102.5 0.0
103.5 0.0
104.5 0.0
105.5 0.0
106.5 0.0
107.5 0.0
108.5 0.0
109.5 0.0
110.5 0.0
111.5 0.0
112.5 0.0
113.5 0.0
114.5 0.0
115.5 0.0
116.5 0.0
117.5 0.0
118.5 0.0
119.5 0.0
120.5 0.0
121.5 0.0
122.5 0.0
123.5 0.0
124.5 0.0
125.5 0.0
126.5 2.3148148148148148e-06
127.5 0.0
128.5 0.0
129.5 0.0
130.5 0.0
131.5 0.0
132.5 0.0
133.5 0.0
134.5 0.0
135.5 0.0
136.5 0.0
137.5 4.6296296296296296e-06
138.5 0.0
139.5 0.0
140.5 0.0
141.5 2.3148148148148148e-06
142.5 2.3148148148148148e-06
143.5 4.6296296296296296e-06
144.5 2.3148148148148148e-06
145.5 2.3148148148148148e-06
146.5 9.259259259259259e-06
147.5 0.0
148.5 2.3148148148148148e-06
149.5 1.1574074074074073e-05
150.5 2.314814814814815e-05
151.5 1.8518518518518518e-05
152.5 2.5462962962962965e-05
153.5 3.7037037037037037e-05
154.5 2.546296296296296e-05
155.5 4.8611111111111115e-05
156.5 6.25e-05
157.5 7.63888888888889e-05
158.5 8.333333333333333e-05
159.5 0.00011342592592592592
160.5 0.000125
161.5 0.00017361111111111112
162.5 0.00020601851851851852
163.5 0.00023611111111111112
164.5 0.00024305555555555558
165.5 0.00031944444444444446
166.5 0.00034722222222222224
167.5 0.0003958333333333333
168.5 0.00043055555555555555
169.5 0.0005324074074074073
170.5 0.0005046296296296296
171.5 0.0005694444444444445
172.5 0.0006064814814814815
173.5 0.0006365740740740741
174.5 0.000599537037037037
175.5 0.0006944444444444444
176.5 0.0007060185185185186
177.5 0.0006944444444444445
178.5 0.0007337962962962962
179.5 0.0006412037037037036
180.5 0.0006134259259259259
181.5 0.0004652777777777778
182.5 0.0005208333333333333
183.5 0.00044444444444444447
184.5 0.00043055555555555555
185.5 0.0004143518518518518
186.5 0.0003773148148148148
187.5 0.00030324074074074075
188.5 0.0002546296296296296
189.5 0.0002453703703703704
190.5 0.00021064814814814812
191.5 0.00017361111111111112
192.5 0.00013657407407407406
193.5 0.0001226851851851852
194.5 8.101851851851852e-05
195.5 9.259259259259259e-05
196.5 8.101851851851852e-05
197.5 4.398148148148148e-05
198.5 4.398148148148148e-05
199.5 3.009259259259259e-05
200.5 2.777777777777778e-05
201.5 2.546296296296296e-05
202.5 1.1574074074074073e-05
203.5 1.388888888888889e-05
204.5 1.1574074074074073e-05
205.5 4.6296296296296296e-06
206.5 2.3148148148148148e-06
207.5 4.6296296296296296e-06
208.5 2.3148148148148148e-06
209.5 6.944444444444445e-06
210.5 0.0
211.5 2.3148148148148148e-06
212.5 0.0
213.5 0.0
214.5 2.3148148148148148e-06
215.5 0.0
216.5 0.0
217.5 0.0
218.5 0.0
219.5 0.0
220.5 0.0
221.5 0.0
222.5 0.0
223.5 0.0
224.5 0.0
225.5 0.0
226.5 0.0
227.5 0.0
228.5 0.0
229.5 0.0
230.5 0.0
231.5 0.0
232.5 0.0
233.5 0.0
234.5 0.0
235.5 0.0
236.5 0.0
237.5 0.0
238.5 0.0
239.5 0.0
240.5 0.0
241.5 0.0
242.5 0.0
243.5 2.3148148148148148e-06
244.5 0.0
245.5 0.0
246.5 0.0
247.5 0.0
248.5 0.0
249.5 0.0
250.5 0.0
251.5 0.0
252.5 0.0
253.5 0.0
254.5 2.3148148148148148e-06
255.5 2.3148148148148148e-06
256.5 2.3148148148148148e-06
257.5 6.944444444444445e-06
258.5 2.3148148148148148e-06
259.5 4.6296296296296296e-06
260.5 4.6296296296296296e-06
261.5 9.259259259259259e-06
262.5 4.6296296296296296e-06
263.5 1.388888888888889e-05
264.5 9.259259259259259e-06
265.5 1.8518518518518518e-05
266.5 1.8518518518518518e-05
267.5 4.6296296296296294e-05
268.5 6.018518518518518e-05
269.5 0.00011805555555555555
270.5 0.00011111111111111112
271.5 0.0001550925925925926
272.5 0.00017824074074074075
273.5 0.00025
274.5 0.00031250000000000006
275.5 0.00040277777777777783
276.5 0.0004768518518518518
277.5 0.0006064814814814814
278.5 0.0009097222222222222
279.5 0.0011064814814814817
280.5 0.0014560185185185186
281.5 0.0018055555555555563
282.5 0.002247685185185186
283.5 0.0028101851851851847
284.5 0.003444444444444445
285.5 0.0040740740740740754
286.5 0.004708333333333332
287.5 0.0054004629629629645
288.5 0.006634259259259257
289.5 0.007821759259259257
290.5 0.008444444444444445
291.5 0.009687499999999996
292.5 0.010912037037037038
293.5 0.011937500000000002
294.5 0.012782407407407404
295.5 0.013583333333333336
296.5 0.014743055555555554
297.5 0.015499999999999995
298.5 0.0155625
299.5 0.015763888888888886
300.5 0.015990740740740736
301.5 0.015763888888888883
302.5 0.015009259259259266
303.5 0.014497685185185183
304.5 0.013851851851851851
305.5 0.012763888888888889
306.5 0.011784722222222222
307.5 0.01052546296296296
308.5 0.009381944444444446
309.5 0.007953703703703704
310.5 0.0069953703703703705
311.5 0.006097222222222223
312.5 0.004946759259259258
313.5 0.0040439814814814835
314.5 0.003275462962962964
315.5 0.0027939814814814824
316.5 0.0022361111111111115
317.5 0.0017824074074074081
318.5 0.0014375000000000004
319.5 0.0010555555555555557
320.5 0.0007916666666666666
321.5 0.0006018518518518519
322.5 0.000525462962962963
323.5 0.0003518518518518519
324.5 0.00030092592592592595
325.5 0.00019907407407407412
326.5 0.00011574074074074075
327.5 0.0001273148148148148
328.5 8.101851851851849e-05
329.5 4.86111111111111e-05
330.5 3.935185185185185e-05
331.5 3.935185185185185e-05
332.5 1.851851851851852e-05
333.5 1.6203703703703704e-05
334.5 1.1574074074074073e-05
335.5 1.1574074074074073e-05
336.5 1.1574074074074073e-05
337.5 2.3148148148148148e-06
338.5 0.0
339.5 4.6296296296296296e-06
340.5 0.0
341.5 2.3148148148148148e-06
342.5 2.3148148148148148e-06
343.5 0.0
344.5 0.0
345.5 2.3148148148148148e-06
346.5 0.0
347.5 0.0
348.5 0.0
349.5 0.0
350.5 0.0
351.5 0.0
352.5 0.0
353.5 0.0
354.5 0.0
355.5 0.0
356.5 0.0
357.5 0.0
358.5 0.0
359.5 0.0
