0.5 5.555555555555553e-05
1.5 0.00011342592592592592
2.5 0.00012037037037037039
3.5 0.00016898148148148162
4.5 0.00024074074074074072
5.5 0.0002592592592592593
6.5 0.00023611111111111112
7.5 0.00027083333333333327
8.5 0.0002500000000000001
9.5 0.00025
10.5 0.0002685185185185185
11.5 0.000125
12.5 0.00013194444444444449
13.5 9.953703703703699e-05
14.5 6.48148148148148e-05
15.5 6.249999999999999e-05
16.5 3.4722222222222215e-05
17.5 1.6203703703703704e-05
18.5 9.259259259259259e-06
19.5 1.388888888888889e-05
20.5 2.3148148148148148e-06
21.5 1.388888888888889e-05
22.5 0.0
23.5 2.3148148148148148e-06
24.5 0.0
25.5 0.0
26.5 0.0
27.5 4.6296296296296296e-06
28.5 0.0
29.5 0.0
30.5 0.0
31.5 0.0
32.5 0.0
33.5 0.0
34.5 0.0
35.5 0.0
36.5 0.0
37.5 0.0
38.5 0.0
39.5 0.0
40.5 0.0
41.5 0.0
42.5 0.0
43.5 0.0
44.5 0.0
45.5 2.3148148148148148e-06
46.5 2.3148148148148148e-06
47.5 2.3148148148148148e-06
48.5 6.944444444444445e-06
49.5 1.388888888888889e-05
50.5 2.3148148148148148e-06
51.5 2.3148148148148154e-05
52.5 4.6296296296296294e-05
53.5 4.629629629629629e-05
54.5 6.944444444444443e-05
55.5 0.00011111111111111112
56.5 0.0001689814814814815
57.5 0.00021064814814814828
58.5 0.00025925925925925926
59.5 0.0002800925925925926
60.5 0.0003935185185185184
61.5 0.0003495370370370371
62.5 0.00041203703703703715
63.5 0.00041435185185185195
64.5 0.0004004629629629631
65.5 0.0004282407407407407
66.5 0.0005231481481481481
67.5 0.000655092592592593
68.5 0.0011180555555555553
69.5 0.001953703703703704
70.5 0.0032569444444444473
71.5 0.0053472222222222246
72.5 0.008321759259259261
73.5 0.011381944444444441
74.5 0.015245370370370373
75.5 0.018631944444444437
76.5 0.021055555555555557
77.5 0.02279629629629629
78.5 0.02378009259259258
79.5 0.022064814814814808
80.5 0.02029629629629629
81.5 0.01719212962962963
82.5 0.013918981481481478
83.5 0.010997685185185185
84.5 0.008532407407407407
85.5 0.005928240740740741
86.5 0.004261574074074075
87.5 0.002886574074074076
88.5 0.0019861111111111117
89.5 0.0011921296296296298
90.5 0.0009004629629629633
91.5 0.000564814814814815
92.5 0.0003356481481481482
93.5 0.00021296296296296303
94.5 0.00016666666666666674
95.5 8.564814814814812e-05
96.5 8.333333333333332e-05
97.5 4.629629629629629e-05
98.5 4.6296296296296294e-05
99.5 1.6203703703703704e-05
100.5 2.7777777777777786e-05
101.5 1.1574074074074073e-05
102.5 9.259259259259259e-06
103.5 2.3148148148148148e-06
104.5 9.259259259259259e-06
105.5 9.259259259259259e-06
106.5 2.3148148148148148e-06
107.5 0.0
108.5 4.6296296296296296e-06
109.5 2.3148148148148148e-06
110.5 0.0
111.5 2.3148148148148148e-06
112.5 2.3148148148148148e-06
113.5 0.0
114.5 2.3148148148148148e-06
115.5 0.0
116.5 2.3148148148148148e-06
117.5 2.3148148148148148e-06
118.5 0.0
119.5 4.6296296296296296e-06
120.5 1.388888888888889e-05
121.5 0.0
122.5 6.944444444444445e-06
123.5 4.6296296296296296e-06
124.5 1.388888888888889e-05
125.5 1.62037037037037e-05
126.5 1.851851851851852e-05
127.5 9.259259259259259e-06
128.5 1.1574074074074073e-05
129.5 1.62037037037037e-05
130.5 3.472222222222222e-05
131.5 3.0092592592592597e-05
132.5 2.7777777777777786e-05
133.5 1.8518518518518518e-05
134.5 3.240740740740741e-05
135.5 5.092592592592591e-05
136.5 4.398148148148148e-05
137.5 5.787037037037036e-05
138.5 5.0925925925925916e-05
139.5 4.629629629629629e-05
140.5 5.555555555555556e-05
141.5 4.1666666666666665e-05
142.5 4.398148148148148e-05
143.5 4.6296296296296294e-05
144.5 5.787037037037036e-05
145.5 5.3240740740740744e-05
146.5 5.324074074074074e-05
147.5 4.8611111111111115e-05
148.5 5.787037037037037e-05
149.5 5.5555555555555545e-05
150.5 8.333333333333332e-05
151.5 9.953703703703702e-05
152.5 0.00011805555555555552
153.5 0.00011574074074074072
154.5 0.00012731481481481483
155.5 0.00015277777777777783
156.5 0.00015972222222222223
157.5 0.0001296296296296296
158.5 0.00018287037037037046
159.5 0.00015740740740740743
160.5 0.00015277777777777777
161.5 0.00014120370370370372
162.5 0.00015972222222222229
163.5 0.00014120370370370372
164.5 0.00013888888888888892
165.5 0.0001319444444444444
166.5 0.0001273148148148148
167.5 0.00013888888888888892
168.5 0.0001435185185185185
169.5 0.00010185185185185183
170.5 9.027777777777776e-05
171.5 0.00010879629629629626
172.5 8.564814814814812e-05
173.5 6.48148148148148e-05
174.5 6.249999999999999e-05
175.5 6.944444444444443e-05
176.5 7.407407407407406e-05
177.5 5.787037037037036e-05
178.5 3.472222222222222e-05
179.5 6.249999999999999e-05
180.5 5.0925925925925916e-05
181.5 5.787037037037036e-05
182.5 2.546296296296296e-05
183.5 5.555555555555556e-05
184.5 3.0092592592592597e-05
185.5 6.018518518518518e-05
186.5 4.629629629629631e-05
187.5 4.8611111111111115e-05
188.5 3.703703703703703e-05
189.5 5.787037037037037e-05
190.5 2.777777777777778e-05
191.5 4.861111111111111e-05
192.5 5.0925925925925916e-05
193.5 5.0925925925925916e-05
194.5 3.2407407407407415e-05
195.5 4.166666666666667e-05
196.5 4.398148148148148e-05
197.5 4.166666666666666e-05
198.5 4.86111111111111e-05
199.5 3.703703703703703e-05
200.5 3.935185185185185e-05
201.5 4.86111111111111e-05
202.5 5.5555555555555545e-05
203.5 7.175925925925926e-05
204.5 8.796296296296293e-05
205.5 6.25e-05
206.5 8.796296296296296e-05
207.5 0.00011342592592592589
208.5 0.00016435185185185186
209.5 0.00016203703703703706
210.5 0.0002523148148148148
211.5 0.0003865740740740741
212.5 0.00045370370370370383
213.5 0.0005995370370370373
214.5 0.0007337962962962966
215.5 0.0008981481481481484
216.5 0.0010902777777777777
217.5 0.001296296296296297
218.5 0.0013263888888888889
219.5 0.0014861111111111117
220.5 0.0017106481481481484
221.5 0.00181712962962963
222.5 0.0016481481481481488
223.5 0.001671296296296297
224.5 0.0016342592592592596
225.5 0.001479166666666667
226.5 0.0012268518518518522
227.5 0.0010486111111111115
228.5 0.0009074074074074081
229.5 0.0007129629629629634
230.5 0.0005925925925925927
231.5 0.0004513888888888887
232.5 0.00035879629629629624
233.5 0.0002592592592592594
234.5 0.00022916666666666677
235.5 0.00016898148148148157
236.5 0.00011342592592592592
237.5 0.00010416666666666662
238.5 3.9351851851851844e-05
239.5 3.935185185185185e-05
240.5 4.861111111111111e-05
241.5 2.5462962962962968e-05
242.5 2.3148148148148154e-05
243.5 9.259259259259259e-06
244.5 2.3148148148148148e-06
245.5 6.944444444444445e-06
246.5 1.1574074074074073e-05
247.5 6.944444444444445e-06
248.5 9.259259259259259e-06
249.5 4.6296296296296296e-06
250.5 4.6296296296296296e-06
251.5 6.944444444444445e-06
252.5 2.3148148148148148e-06
253.5 2.3148148148148148e-06
254.5 6.944444444444445e-06
255.5 6.944444444444445e-06
256.5 1.6203703703703704e-05
257.5 4.6296296296296296e-06
258.5 1.1574074074074073e-05
259.5 2.0833333333333336e-05
260.5 2.7777777777777786e-05
261.5 3.703703703703704e-05
262.5 3.9351851851851844e-05
263.5 6.48148148148148e-05
264.5 9.259259259259255e-05
265.5 0.0001365740740740741
266.5 0.00021759259259259277
267.5 0.000375
268.5 0.00044444444444444447
269.5 0.0007268518518518523
270.5 0.0012129629629629636
271.5 0.001655092592592593
272.5 0.0024212962962962977
273.5 0.0036759259259259275
274.5 0.005349537037037041
275.5 0.00773842592592593
276.5 0.010289351851851846
277.5 0.013453703703703702
278.5 0.017173611111111108
279.5 0.020766203703703696
280.5 0.023988425925925917
281.5 0.026166666666666668
282.5 0.02651157407407408
283.5 0.025729166666666678
284.5 0.02343981481481481
285.5 0.020437499999999994
286.5 0.016874999999999984
287.5 0.014266203703703708
288.5 0.01212268518518518
289.5 0.012694444444444439
290.5 0.014909722222222218
291.5 0.019388888888888886
292.5 0.025400462962962944
293.5 0.03236342592592593
294.5 0.03872685185185187
295.5 0.042442129629629635
296.5 0.04456018518518518
297.5 0.043307870370370344
298.5 0.03911342592592594
299.5 0.033381944444444436
300.5 0.027585648148148154
301.5 0.021002314814814828
302.5 0.015136574074074075
303.5 0.010907407407407409
304.5 0.007344907407407411
305.5 0.004719907407407412
306.5 0.002972222222222225
307.5 0.0017314814814814823
308.5 0.000997685185185186
309.5 0.0006018518518518522
310.5 0.0003981481481481484
311.5 0.00019444444444444454
312.5 0.00010879629629629629
313.5 7.870370370370369e-05
314.5 3.703703703703703e-05
315.5 3.240740740740741e-05
316.5 3.009259259259259e-05
317.5 6.944444444444445e-06
318.5 9.259259259259259e-06
319.5 4.6296296296296296e-06
320.5 0.0
321.5 0.0
322.5 6.944444444444445e-06
323.5 0.0
324.5 0.0
325.5 0.0
326.5 0.0
327.5 0.0
328.5 0.0
329.5 0.0
330.5 2.3148148148148148e-06
331.5 0.0
332.5 2.3148148148148148e-06
333.5 2.3148148148148148e-06
334.5 0.0
335.5 2.3148148148148148e-06
336.5 0.0
337.5 0.0
338.5 0.0
339.5 6.944444444444445e-06
340.5 9.259259259259259e-06
341.5 6.944444444444445e-06
342.5 6.944444444444445e-06
343.5 6.944444444444445e-06
344.5 1.6203703703703704e-05
345.5 2.314814814814815e-05
346.5 3.472222222222222e-05
347.5 4.398148148148147e-05
348.5 5.555555555555556e-05
349.5 3.935185185185186e-05
350.5 7.175925925925925e-05
351.5 6.712962962962963e-05
352.5 8.564814814814813e-05
353.5 6.944444444444443e-05
354.5 5.324074074074074e-05
355.5 6.018518518518518e-05
356.5 5.324074074074074e-05
357.5 3.703703703703703e-05
358.5 3.7037037037037037e-05
359.5 5.092592592592593e-05
