0.5 0.0
1.5 2.3148148148148148e-06
2.5 0.0
3.5 0.0
4.5 0.0
5.5 2.3148148148148148e-06
6.5 2.3148148148148148e-06
7.5 0.0
8.5 0.0
9.5 0.0
10.5 0.0
11.5 0.0
12.5 2.3148148148148148e-06
13.5 0.0
14.5 0.0
15.5 0.0
16.5 0.0
17.5 2.3148148148148148e-06
18.5 0.0
19.5 0.0
20.5 0.0
21.5 2.3148148148148148e-06
22.5 4.6296296296296296e-06
23.5 0.0
24.5 0.0
25.5 0.0
26.5 0.0
27.5 0.0
28.5 2.3148148148148148e-06
29.5 4.6296296296296296e-06
30.5 0.0
31.5 6.944444444444445e-06
32.5 2.3148148148148148e-06
33.5 2.3148148148148148e-06
34.5 6.944444444444445e-06
35.5 0.0
36.5 6.944444444444445e-06
37.5 1.388888888888889e-05
38.5 9.259259259259259e-06
39.5 9.259259259259259e-06
40.5 2.314814814814815e-05
41.5 1.388888888888889e-05
42.5 1.388888888888889e-05
43.5 1.851851851851852e-05
44.5 1.6203703703703704e-05
45.5 1.388888888888889e-05
46.5 1.1574074074074073e-05
47.5 2.0833333333333333e-05
48.5 2.3148148148148147e-05
49.5 3.703703703703704e-05
50.5 3.009259259259259e-05
51.5 1.8518518518518518e-05
52.5 2.5462962962962965e-05
53.5 3.472222222222222e-05
54.5 1.8518518518518518e-05
55.5 2.0833333333333333e-05
56.5 1.6203703703703704e-05
57.5 3.240740740740741e-05
58.5 2.546296296296296e-05
59.5 1.6203703703703704e-05
60.5 2.777777777777778e-05
61.5 1.62037037037037e-05
62.5 2.777777777777778e-05
63.5 1.388888888888889e-05
64.5 2.0833333333333333e-05
65.5 1.388888888888889e-05
66.5 2.3148148148148147e-05
67.5 4.6296296296296296e-06
68.5 9.259259259259259e-06
69.5 4.6296296296296296e-06
70.5 6.944444444444445e-06
71.5 1.851851851851852e-05
72.5 4.6296296296296296e-06
73.5 9.259259259259259e-06
74.5 6.944444444444445e-06
75.5 2.3148148148148148e-06
76.5 2.3148148148148148e-06
77.5 6.944444444444445e-06
78.5 4.6296296296296296e-06
79.5 4.6296296296296296e-06
80.5 2.3148148148148148e-06
81.5 2.3148148148148148e-06
82.5 0.0
83.5 0.0
84.5 2.3148148148148148e-06
85.5 0.0
86.5 0.0
87.5 0.0
88.5 0.0
89.5 0.0
90.5 0.0
91.5 2.3148148148148148e-06
92.5 0.0
93.5 0.0
94.5 0.0
95.5 0.0
96.5 0.0
97.5 2.3148148148148148e-06
98.5 0.0
99.5 0.0
100.5 0.0
101.5 0.0
102.5 0.0
103.5 0.0
104.5 0.0
105.5 0.0
106.5 0.0
107.5 0.0
108.5 0.0
109.5 0.0
110.5 0.0
111.5 0.0
112.5 0.0
113.5 0.0
114.5 0.0
115.5 0.0
116.5 0.0
117.5 0.0
118.5 0.0
119.5 0.0
120.5 0.0
121.5 0.0
122.5 0.0
123.5 0.0
124.5 0.0
125.5 0.0
126.5 0.0
127.5 0.0
128.5 0.0
129.5 0.0
130.5 0.0
131.5 0.0
132.5 0.0
133.5 0.0
134.5 0.0
135.5 0.0
136.5 0.0
137.5 0.0
138.5 2.3148148148148148e-06
139.5 0.0
140.5 4.6296296296296296e-06
141.5 2.3148148148148148e-06
142.5 4.6296296296296296e-06
143.5 6.944444444444445e-06
144.5 4.6296296296296296e-06
145.5 4.6296296296296296e-06
146.5 6.944444444444445e-06
147.5 9.259259259259259e-06
148.5 1.6203703703703704e-05
149.5 2.5462962962962965e-05
150.5 3.703703703703704e-05
151.5 5.787037037037037e-05
152.5 9.027777777777776e-05
153.5 0.00012499999999999998
154.5 0.00015972222222222223
155.5 0.00021990740740740749
156.5 0.0002800925925925927
157.5 0.0003935185185185185
158.5 0.00047222222222222224
159.5 0.000650462962962963
160.5 0.0007870370370370374
161.5 0.0010416666666666669
162.5 0.0012824074074074083
163.5 0.0016620370370370376
164.5 0.002106481481481482
165.5 0.002432870370370371
166.5 0.003104166666666668
167.5 0.0037754629629629635
168.5 0.004581018518518521
169.5 0.0054305555555555565
170.5 0.006356481481481483
171.5 0.00739351851851852
172.5 0.008486111111111111
173.5 0.009555555555555552
174.5 0.011111111111111108
175.5 0.012078703703703697
176.5 0.013293981481481483
177.5 0.0144212962962963
178.5 0.014997685185185176
179.5 0.01610648148148148
180.5 0.01709259259259258
181.5 0.017567129629629627
182.5 0.017988425925925915
183.5 0.017865740740740734
184.5 0.017854166666666667
185.5 0.01771527777777778
186.5 0.017243055555555557
187.5 0.016682870370370365
188.5 0.016238425925925917
189.5 0.015212962962962968
190.5 0.014560185185185185
191.5 0.012812499999999998
192.5 0.012134259259259258
193.5 0.011293981481481481
194.5 0.009962962962962958
195.5 0.009020833333333332
196.5 0.008060185185185184
197.5 0.006974537037037037
198.5 0.0062916666666666685
199.5 0.005548611111111111
200.5 0.004942129629629631
201.5 0.0041504629629629634
202.5 0.003537037037037037
203.5 0.003111111111111112
204.5 0.00264351851851852
205.5 0.0022870370370370375
206.5 0.0018888888888888894
207.5 0.0016458333333333333
208.5 0.001354166666666667
209.5 0.0011087962962962972
210.5 0.0010138888888888888
211.5 0.0009212962962962964
212.5 0.0006018518518518523
213.5 0.0005069444444444447
214.5 0.00047685185185185195
215.5 0.00037500000000000006
216.5 0.00034259259259259263
217.5 0.0002731481481481482
218.5 0.00024768518518518526
219.5 0.00021296296296296308
220.5 0.00023611111111111117
221.5 0.00014583333333333337
222.5 0.0001481481481481482
223.5 0.00010879629629629626
224.5 0.00010648148148148146
225.5 0.00010648148148148143
226.5 9.953703703703702e-05
227.5 6.71296296296296e-05
228.5 6.944444444444442e-05
229.5 7.870370370370367e-05
230.5 7.638888888888887e-05
231.5 4.629629629629629e-05
232.5 5.787037037037036e-05
233.5 3.472222222222222e-05
234.5 4.398148148148148e-05
235.5 4.861111111111111e-05
236.5 3.935185185185185e-05
237.5 4.1666666666666665e-05
238.5 3.2407407407407415e-05
239.5 4.398148148148148e-05
240.5 4.398148148148148e-05
241.5 7.175925925925925e-05
242.5 5.555555555555556e-05
243.5 5.324074074074074e-05
244.5 6.249999999999999e-05
245.5 7.175925925925926e-05
246.5 7.638888888888886e-05
247.5 9.722222222222219e-05
248.5 8.333333333333332e-05
249.5 7.87037037037037e-05
250.5 0.0001412037037037037
251.5 0.00012037037037037035
252.5 0.00015277777777777777
253.5 0.00017129629629629634
254.5 0.00019907407407407425
255.5 0.0002245370370370371
256.5 0.0003194444444444444
257.5 0.0003379629629629631
258.5 0.00037499999999999985
259.5 0.0004421296296296297
260.5 0.000530092592592593
261.5 0.0005254629629629631
262.5 0.0006273148148148152
263.5 0.0008518518518518519
264.5 0.0009837962962962966
265.5 0.0012476851851851859
266.5 0.0013333333333333335
267.5 0.001650462962962963
268.5 0.0018495370370370373
269.5 0.0022199074074074087
270.5 0.0026550925925925934
271.5 0.002888888888888889
272.5 0.0033634259259259277
273.5 0.0038263888888888913
274.5 0.004703703703703707
275.5 0.005365740740740744
276.5 0.005988425925925929
277.5 0.006743055555555559
278.5 0.007907407407407406
279.5 0.008898148148148143
280.5 0.009761574074074075
281.5 0.010624999999999996
282.5 0.011925925925925927
283.5 0.012944444444444442
284.5 0.013856481481481478
285.5 0.014999999999999994
286.5 0.015835648148148133
287.5 0.01656249999999999
288.5 0.01801851851851852
289.5 0.018249999999999995
290.5 0.019222222222222217
291.5 0.019432870370370368
292.5 0.019944444444444438
293.5 0.020018518518518512
294.5 0.020055555555555556
295.5 0.019627314814814813
296.5 0.019210648148148136
297.5 0.018715277777777765
298.5 0.01827777777777777
299.5 0.01741203703703703
300.5 0.016634259259259255
301.5 0.015300925925925928
302.5 0.01419675925925925
303.5 0.013520833333333327
304.5 0.012129629629629633
305.5 0.011050925925925922
306.5 0.009960648148148147
307.5 0.008842592592592595
308.5 0.00762037037037037
309.5 0.00686805555555556
310.5 0.005791666666666668
311.5 0.005196759259259259
312.5 0.004418981481481485
313.5 0.003740740740740742
314.5 0.003175925925925927
315.5 0.0026180555555555566
316.5 0.002194444444444445
317.5 0.0017893518518518519
318.5 0.0014745370370370377
319.5 0.0013796296296296302
320.5 0.0010787037037037041
321.5 0.0007847222222222224
322.5 0.0006828703703703706
323.5 0.0005254629629629628
324.5 0.0005254629629629631
325.5 0.0003472222222222222
326.5 0.0002546296296296297
327.5 0.00021064814814814817
328.5 0.00016666666666666672
329.5 0.00012962962962962966
330.5 0.00012037037037037039
331.5 8.796296296296293e-05
332.5 7.870370370370369e-05
333.5 7.638888888888887e-05
334.5 4.166666666666666e-05
335.5 3.703703703703703e-05
336.5 3.009259259259259e-05
337.5 1.388888888888889e-05
338.5 2.777777777777778e-05
339.5 2.0833333333333333e-05
340.5 1.6203703703703704e-05
341.5 1.6203703703703704e-05
342.5 1.1574074074074073e-05
343.5 1.1574074074074073e-05
344.5 2.3148148148148148e-06
345.5 6.944444444444445e-06
346.5 4.6296296296296296e-06
347.5 4.6296296296296296e-06
348.5 6.944444444444445e-06
349.5 2.3148148148148148e-06
350.5 4.6296296296296296e-06
351.5 2.3148148148148148e-06
352.5 0.0
353.5 0.0
354.5 0.0
355.5 2.3148148148148148e-06
356.5 0.0
357.5 0.0
358.5 0.0
359.5 0.0
