0.5 0.0
1.5 0.0
2.5 0.0
3.5 0.0
4.5 0.0
5.5 2.3148148148148148e-06
6.5 2.3148148148148148e-06
7.5 0.0
8.5 2.3148148148148148e-06
9.5 0.0
10.5 2.3148148148148148e-06
11.5 4.6296296296296296e-06
12.5 0.0
13.5 4.6296296296296296e-06
14.5 4.6296296296296296e-06
15.5 6.944444444444445e-06
16.5 4.6296296296296296e-06
17.5 0.0
18.5 2.3148148148148148e-06
19.5 6.944444444444445e-06
20.5 2.3148148148148148e-06
21.5 4.6296296296296296e-06
22.5 9.259259259259259e-06
23.5 1.851851851851852e-05
24.5 1.1574074074074073e-05
25.5 2.5462962962962968e-05
26.5 3.935185185185185e-05
27.5 4.86111111111111e-05
28.5 3.935185185185185e-05
29.5 5.092592592592592e-05
30.5 6.71296296296296e-05
31.5 5.0925925925925916e-05
32.5 0.00010416666666666662
33.5 0.00010879629629629623
34.5 0.00012037037037037035
35.5 0.00016203703703703714
36.5 0.00015740740740740743
37.5 0.00021527777777777797
38.5 0.0002777777777777779
39.5 0.0003148148148148147
40.5 0.0003564814814814814
41.5 0.000439814814814815
42.5 0.000541666666666667
43.5 0.0006412037037037039
44.5 0.0007013888888888893
45.5 0.0008564814814814818
46.5 0.000965277777777778
47.5 0.0011250000000000001
48.5 0.0012754629629629635
49.5 0.0015092592592592597
50.5 0.0016597222222222239
51.5 0.0018773148148148162
52.5 0.00212962962962963
53.5 0.0023703703703703725
54.5 0.0026250000000000028
55.5 0.002835648148148149
56.5 0.0029398148148148157
57.5 0.003057870370370372
58.5 0.003456018518518522
59.5 0.003782407407407409
60.5 0.0037268518518518523
61.5 0.004067129629629632
62.5 0.004069444444444447
63.5 0.004199074074074076
64.5 0.004164351851851855
65.5 0.004428240740740743
66.5 0.004516203703703706
67.5 0.004388888888888888
68.5 0.00432175925925926
69.5 0.004372685185185187
70.5 0.004226851851851856
71.5 0.003974537037037042
72.5 0.004175925925925927
73.5 0.003937500000000001
74.5 0.003622685185185189
75.5 0.0035277777777777825
76.5 0.0034884259259259287
77.5 0.0032662037037037056
78.5 0.0030740740740740763
79.5 0.0028865740740740774
80.5 0.0026875000000000037
81.5 0.002266203703703705
82.5 0.002321759259259259
83.5 0.002131944444444446
84.5 0.0017893518518518525
85.5 0.0018078703703703703
86.5 0.0014675925925925937
87.5 0.001456018518518519
88.5 0.0012523148148148161
89.5 0.0011388888888888894
90.5 0.0010416666666666667
91.5 0.000960648148148149
92.5 0.0008680555555555559
93.5 0.0007731481481481489
94.5 0.0007500000000000002
95.5 0.0006041666666666673
96.5 0.0005462962962962966
97.5 0.0004699074074074076
98.5 0.0005162037037037036
99.5 0.0004027777777777779
100.5 0.0003472222222222223
101.5 0.0004027777777777778
102.5 0.0002986111111111113
103.5 0.000289351851851852
104.5 0.00031944444444444457
105.5 0.00025925925925925926
106.5 0.00023148148148148168
107.5 0.00018981481481481497
108.5 0.00020138888888888905
109.5 0.00019444444444444462
110.5 0.00018287037037037056
111.5 0.00014351851851851857
112.5 0.0001689814814814816
113.5 0.00013888888888888897
114.5 0.00011111111111111106
115.5 0.0001666666666666667
116.5 0.00016666666666666666
117.5 0.00012037037037037035
118.5 0.00017129629629629637
119.5 0.000125
120.5 0.00015046296296296303
121.5 0.00011342592592592589
122.5 0.00014814814814814823
123.5 0.00012037037037037035
124.5 0.00013194444444444449
125.5 0.0001226851851851852
126.5 0.00015509259259259263
127.5 0.00021296296296296317
128.5 0.00017129629629629645
129.5 0.00025
130.5 0.00021990740740740757
131.5 0.0002500000000000002
132.5 0.00030324074074074086
133.5 0.0002939814814814816
134.5 0.00032407407407407406
135.5 0.00034953703703703725
136.5 0.0003912037037037039
137.5 0.00046296296296296325
138.5 0.0004259259259259261
139.5 0.0005578703703703706
140.5 0.0006180555555555565
141.5 0.0007430555555555563
142.5 0.0008657407407407411
143.5 0.0009953703703703709
144.5 0.001032407407407408
145.5 0.0012291666666666675
146.5 0.0013819444444444456
147.5 0.00151851851851852
148.5 0.001921296296296297
149.5 0.002111111111111112
150.5 0.0023125000000000016
151.5 0.0024652777777777793
152.5 0.0028541666666666698
153.5 0.003250000000000001
154.5 0.003780092592592594
155.5 0.004138888888888891
156.5 0.004678240740740743
157.5 0.00557407407407408
158.5 0.006055555555555559
159.5 0.006495370370370374
160.5 0.007136574074074077
161.5 0.008134259259259265
162.5 0.009041666666666668
163.5 0.009682870370370375
164.5 0.0105324074074074
165.5 0.011240740740740744
166.5 0.012069444444444449
167.5 0.013131944444444441
168.5 0.014071759259259261
169.5 0.01577083333333333
170.5 0.016180555555555563
171.5 0.01678240740740742
172.5 0.017310185185185182
173.5 0.01804629629629629
174.5 0.0185625
175.5 0.019233796296296297
176.5 0.019530092592592595
177.5 0.020196759259259265
178.5 0.02012268518518518
179.5 0.020229166666666673
180.5 0.02030555555555556
181.5 0.020604166666666666
182.5 0.019875000000000007
183.5 0.019157407407407404
184.5 0.019349537037037023
185.5 0.01866203703703704
186.5 0.018252314814814805
187.5 0.017706018518518517
188.5 0.01651157407407407
189.5 0.01608101851851852
190.5 0.015120370370370367
191.5 0.014104166666666664
192.5 0.013196759259259255
193.5 0.01252314814814815
194.5 0.011229166666666669
195.5 0.010317129629629633
196.5 0.00979861111111111
197.5 0.008951388888888892
198.5 0.008050925925925927
199.5 0.007449074074074074
200.5 0.006553240740740742
201.5 0.005733796296296295
202.5 0.005372685185185189
203.5 0.004775462962962965
204.5 0.004164351851851854
205.5 0.003870370370370373
206.5 0.003576388888888893
207.5 0.0030185185185185215
208.5 0.002481481481481483
209.5 0.0023425925925925936
210.5 0.0019328703703703721
211.5 0.0017407407407407415
212.5 0.001576388888888889
213.5 0.001400462962962964
214.5 0.0012500000000000007
215.5 0.0011018518518518523
216.5 0.0009143518518518527
217.5 0.0007662037037037043
218.5 0.0007268518518518522
219.5 0.0006319444444444448
220.5 0.000537037037037037
221.5 0.0005509259259259262
222.5 0.00041203703703703725
223.5 0.0003981481481481479
224.5 0.0003125000000000001
225.5 0.00033333333333333343
226.5 0.0002962962962962962
227.5 0.0002870370370370372
228.5 0.00022685185185185197
229.5 0.0001712962962962964
230.5 0.00021064814814814842
231.5 0.00017129629629629643
232.5 0.00018750000000000014
233.5 0.000189814814814815
234.5 0.00016435185185185205
235.5 0.0001643518518518519
236.5 0.00012962962962962963
237.5 0.0001412037037037037
238.5 9.259259259259255e-05
239.5 0.00015509259259259268
240.5 9.259259259259256e-05
241.5 0.00016435185185185194
242.5 0.0001458333333333334
243.5 0.000125
244.5 0.0001273148148148148
245.5 0.00012962962962962966
246.5 0.00015277777777777788
247.5 0.00013888888888888897
248.5 0.00018518518518518528
249.5 0.00017592592592592603
250.5 0.00016203703703703711
251.5 0.0001851851851851854
252.5 0.00019212962962962982
253.5 0.00023611111111111117
254.5 0.00028472222222222234
255.5 0.0003032407407407408
256.5 0.0003055555555555556
257.5 0.0002986111111111112
258.5 0.0003541666666666665
259.5 0.0004120370370370371
260.5 0.0004027777777777777
261.5 0.00045833333333333354
262.5 0.0005648148148148152
263.5 0.0005717592592592599
264.5 0.0006365740740740748
265.5 0.0006736111111111113
266.5 0.0007870370370370375
267.5 0.0007893518518518527
268.5 0.0008888888888888893
269.5 0.0010532407407407415
270.5 0.001074074074074075
271.5 0.001212962962962964
272.5 0.001469907407407409
273.5 0.0015787037037037048
274.5 0.0016412037037037048
275.5 0.0019120370370370374
276.5 0.0021504629629629643
277.5 0.0023194444444444465
278.5 0.0023472222222222228
279.5 0.002564814814814817
280.5 0.0026782407407407414
281.5 0.0030208333333333363
282.5 0.003192129629629633
283.5 0.0033171296296296325
284.5 0.0034351851851851883
285.5 0.00389351851851852
286.5 0.0037523148148148173
287.5 0.00409027777777778
288.5 0.004085648148148149
289.5 0.004342592592592596
290.5 0.004402777777777783
291.5 0.0042777777777777805
292.5 0.004421296296296301
293.5 0.004324074074074076
294.5 0.00430092592592593
295.5 0.004203703703703708
296.5 0.004064814814814816
297.5 0.003803240740740743
298.5 0.0037638888888888913
299.5 0.0036736111111111127
300.5 0.0035092592592592623
301.5 0.0033287037037037057
302.5 0.002956018518518519
303.5 0.00303703703703704
304.5 0.002611111111111111
305.5 0.0024675925925925946
306.5 0.0023333333333333353
307.5 0.002231481481481482
308.5 0.0018680555555555577
309.5 0.0016689814814814824
310.5 0.001358796296296297
311.5 0.0013009259259259267
312.5 0.0011921296296296304
313.5 0.001002314814814816
314.5 0.0008171296296296304
315.5 0.0007361111111111116
316.5 0.0005601851851851854
317.5 0.0005138888888888891
318.5 0.00044444444444444447
319.5 0.00039351851851851863
320.5 0.0003078703703703704
321.5 0.00026851851851851874
322.5 0.00022685185185185202
323.5 0.00016435185185185191
324.5 0.00015740740740740754
325.5 0.00014351851851851857
326.5 0.00011574074074074069
327.5 8.333333333333329e-05
328.5 8.56481481481481e-05
329.5 9.027777777777773e-05
330.5 5.555555555555556e-05
331.5 4.166666666666666e-05
332.5 3.240740740740741e-05
333.5 2.3148148148148154e-05
334.5 1.6203703703703704e-05
335.5 4.6296296296296296e-06
336.5 1.388888888888889e-05
337.5 1.1574074074074073e-05
338.5 1.851851851851852e-05
339.5 2.3148148148148148e-06
340.5 9.259259259259259e-06
341.5 9.259259259259259e-06
342.5 6.944444444444445e-06
343.5 1.1574074074074073e-05
344.5 2.3148148148148148e-06
345.5 4.6296296296296296e-06
346.5 0.0
347.5 4.6296296296296296e-06
348.5 2.3148148148148148e-06
349.5 0.0
350.5 0.0
351.5 2.3148148148148148e-06
352.5 4.6296296296296296e-06
353.5 0.0
354.5 4.6296296296296296e-06
355.5 2.3148148148148148e-06
356.5 2.3148148148148148e-06
357.5 0.0
358.5 0.0
359.5 0.0
