0.5 0.0003958333333333334
1.5 0.00035879629629629635
2.5 0.0004097222222222222
3.5 0.0003541666666666667
4.5 0.00037731481481481486
5.5 0.00036805555555555566
6.5 0.0003518518518518518
7.5 0.0003819444444444445
8.5 0.000337962962962963
9.5 0.00027314814814814823
10.5 0.0003587962962962963
11.5 0.00036805555555555566
12.5 0.0003356481481481482
13.5 0.0003773148148148149
14.5 0.00035879629629629635
15.5 0.00032638888888888903
16.5 0.00031712962962962966
17.5 0.000423611111111111
18.5 0.0004050925925925927
19.5 0.0003819444444444445
20.5 0.00039814814814814807
21.5 0.0004513888888888887
22.5 0.00042361111111111104
23.5 0.0004907407407407408
24.5 0.0004212962962962963
25.5 0.00037500000000000006
26.5 0.0004097222222222223
27.5 0.00043055555555555555
28.5 0.00042592592592592606
29.5 0.00036111111111111104
30.5 0.0004282407407407408
31.5 0.00032175925925925926
32.5 0.0003402777777777778
33.5 0.0003402777777777778
34.5 0.00027314814814814807
35.5 0.0001851851851851852
36.5 0.00019444444444444446
37.5 0.00019444444444444446
38.5 0.00014583333333333332
39.5 0.00014814814814814823
40.5 0.0001273148148148148
41.5 0.0001273148148148148
42.5 6.71296296296296e-05
43.5 7.870370370370366e-05
44.5 5.787037037037036e-05
45.5 6.48148148148148e-05
46.5 3.9351851851851844e-05
47.5 1.851851851851852e-05
48.5 2.5462962962962965e-05
49.5 1.388888888888889e-05
50.5 1.388888888888889e-05
51.5 1.388888888888889e-05
52.5 9.259259259259259e-06
53.5 9.259259259259259e-06
54.5 2.3148148148148148e-06
55.5 9.259259259259259e-06
56.5 2.3148148148148148e-06
57.5 9.259259259259259e-06
58.5 6.944444444444445e-06
59.5 4.6296296296296296e-06
60.5 0.0
61.5 2.3148148148148148e-06
62.5 2.3148148148148148e-06
63.5 4.6296296296296296e-06
64.5 2.3148148148148148e-06
65.5 0.0
66.5 2.3148148148148148e-06
67.5 0.0
68.5 0.0
69.5 6.944444444444445e-06
70.5 2.3148148148148148e-06
71.5 2.3148148148148148e-06
72.5 6.944444444444445e-06
73.5 2.3148148148148148e-06
74.5 0.0
75.5 4.6296296296296296e-06
76.5 4.6296296296296296e-06
77.5 1.388888888888889e-05
78.5 1.8518518518518518e-05
79.5 1.388888888888889e-05
80.5 3.0092592592592597e-05
81.5 4.6296296296296294e-05
82.5 3.472222222222222e-05
83.5 5.5555555555555545e-05
84.5 5.555555555555556e-05
85.5 6.944444444444443e-05
86.5 9.259259259259257e-05
87.5 0.00011342592592592592
88.5 0.00013657407407407412
89.5 0.00016203703703703706
90.5 0.00016203703703703703
91.5 0.00021527777777777778
92.5 0.0002037037037037038
93.5 0.00021064814814814823
94.5 0.0002106481481481482
95.5 0.0002986111111111111
96.5 0.00022685185185185183
97.5 0.0002361111111111111
98.5 0.0002245370370370371
99.5 0.00022916666666666672
100.5 0.00020370370370370377
101.5 0.00019675925925925926
102.5 0.0002060185185185186
103.5 0.00014583333333333343
104.5 0.00014351851851851852
105.5 0.00015740740740740743
106.5 0.0001273148148148148
107.5 0.00011342592592592589
108.5 9.027777777777776e-05
109.5 0.00012268518518518517
110.5 7.638888888888889e-05
111.5 0.00012037037037037036
112.5 7.175925925925925e-05
113.5 0.00010185185185185183
114.5 7.870370370370369e-05
115.5 8.564814814814814e-05
116.5 9.027777777777777e-05
117.5 7.870370370370369e-05
118.5 8.796296296296295e-05
119.5 7.175925925925925e-05
120.5 9.259259259259257e-05
121.5 0.00010879629629629629
122.5 9.72222222222222e-05
123.5 0.0001388888888888889
124.5 0.00011111111111111112
125.5 0.00015972222222222223
126.5 0.00014351851851851854
127.5 0.0001226851851851852
128.5 0.00015277777777777783
129.5 0.00014120370370370372
130.5 0.00021990740740740749
131.5 0.00021527777777777783
132.5 0.00020833333333333337
133.5 0.00020833333333333337
134.5 0.00022685185185185192
135.5 0.0002847222222222221
136.5 0.00032407407407407406
137.5 0.00036574074074074075
138.5 0.00037500000000000017
139.5 0.00043518518518518515
140.5 0.00048148148148148144
141.5 0.0005416666666666668
142.5 0.0006666666666666666
143.5 0.0008425925925925931
144.5 0.0009189814814814815
145.5 0.0010069444444444449
146.5 0.0013611111111111113
147.5 0.0013750000000000004
148.5 0.0016342592592592598
149.5 0.0018912037037037035
150.5 0.0022175925925925935
151.5 0.002648148148148149
152.5 0.0029305555555555565
153.5 0.0032847222222222227
154.5 0.003817129629629628
155.5 0.004210648148148149
156.5 0.004842592592592593
157.5 0.005185185185185186
158.5 0.005689814814814817
159.5 0.00627314814814815
160.5 0.006912037037037039
161.5 0.00724074074074074
162.5 0.007659722222222224
163.5 0.008055555555555554
164.5 0.007805555555555553
165.5 0.008638888888888885
166.5 0.008562499999999999
167.5 0.008553240740740735
168.5 0.008432870370370374
169.5 0.008168981481481478
170.5 0.008113425925925925
171.5 0.007650462962962962
172.5 0.007497685185185186
173.5 0.0073032407407407395
174.5 0.006738425925925926
175.5 0.006597222222222223
176.5 0.006222222222222224
177.5 0.006064814814814818
178.5 0.005861111111111112
179.5 0.005606481481481483
180.5 0.005780092592592594
181.5 0.005458333333333332
182.5 0.00575462962962963
183.5 0.005974537037037039
184.5 0.006055555555555554
185.5 0.006449074074074076
186.5 0.006895833333333334
187.5 0.007004629629629629
188.5 0.007303240740740741
189.5 0.007810185185185186
190.5 0.008252314814814815
191.5 0.008495370370370374
192.5 0.008812500000000003
193.5 0.008807870370370369
194.5 0.009016203703703705
195.5 0.009145833333333332
196.5 0.009412037037037038
197.5 0.009465277777777777
198.5 0.009296296296296299
199.5 0.008745370370370369
200.5 0.00882175925925926
201.5 0.008226851851851855
202.5 0.007571759259259258
203.5 0.007347222222222223
204.5 0.006694444444444444
205.5 0.006016203703703706
206.5 0.005703703703703706
207.5 0.005199074074074074
208.5 0.00451851851851852
209.5 0.004192129629629631
210.5 0.003736111111111113
211.5 0.003261574074074074
212.5 0.0028171296296296295
213.5 0.002717592592592593
214.5 0.0022777777777777783
215.5 0.0019328703703703695
216.5 0.001858796296296297
217.5 0.0014953703703703704
218.5 0.001393518518518519
219.5 0.0012037037037037042
220.5 0.001069444444444445
221.5 0.0009537037037037041
222.5 0.0008750000000000002
223.5 0.0007314814814814818
224.5 0.0006736111111111114
225.5 0.0005787037037037039
226.5 0.0005486111111111112
227.5 0.0005462962962962962
228.5 0.0005370370370370369
229.5 0.0004606481481481479
230.5 0.00043518518518518526
231.5 0.00036342592592592595
232.5 0.0003888888888888889
233.5 0.00038657407407407407
234.5 0.00031944444444444446
235.5 0.0003541666666666665
236.5 0.0003564814814814815
237.5 0.0003356481481481482
238.5 0.00033333333333333343
239.5 0.00031481481481481486
240.5 0.00034722222222222234
241.5 0.00030787037037037046
242.5 0.000337962962962963
243.5 0.00030092592592592606
244.5 0.00031018518518518526
245.5 0.00041203703703703693
246.5 0.0003495370370370371
247.5 0.0003935185185185185
248.5 0.00041666666666666675
249.5 0.0004652777777777778
250.5 0.0004907407407407408
251.5 0.0005625000000000002
252.5 0.0006087962962962967
253.5 0.0006967592592592596
254.5 0.0007314814814814815
255.5 0.0008333333333333336
256.5 0.0009814814814814812
257.5 0.0010879629629629629
258.5 0.00125462962962963
259.5 0.0016157407407407414
260.5 0.0018564814814814822
261.5 0.002187500000000001
262.5 0.0027476851851851863
263.5 0.0032152777777777796
264.5 0.003747685185185185
265.5 0.004717592592592594
266.5 0.005481481481481483
267.5 0.006067129629629631
268.5 0.007275462962962964
269.5 0.008189814814814813
270.5 0.009349537037037031
271.5 0.010108796296296293
272.5 0.01104629629629629
273.5 0.012178240740740741
274.5 0.012668981481481477
275.5 0.01302083333333333
276.5 0.013793981481481475
277.5 0.013956018518518517
278.5 0.014247685185185183
279.5 0.013814814814814811
280.5 0.013814814814814813
281.5 0.013293981481481483
282.5 0.012888888888888887
283.5 0.012013888888888886
284.5 0.011370370370370366
285.5 0.01058101851851852
286.5 0.010081018518518517
287.5 0.009224537037037035
288.5 0.0085787037037037
289.5 0.008009259259259261
290.5 0.007164351851851854
291.5 0.006562500000000001
292.5 0.006106481481481481
293.5 0.00564351851851852
294.5 0.005069444444444448
295.5 0.005069444444444447
296.5 0.004780092592592594
297.5 0.004361111111111111
298.5 0.004254629629629632
299.5 0.004284722222222223
300.5 0.00396064814814815
301.5 0.00376851851851852
302.5 0.003745370370370373
303.5 0.0038773148148148165
304.5 0.003803240740740742
305.5 0.0037893518518518523
306.5 0.0037476851851851872
307.5 0.003868055555555556
308.5 0.003946759259259259
309.5 0.00400925925925926
310.5 0.004039351851851854
311.5 0.004525462962962964
312.5 0.004435185185185188
313.5 0.0043935185185185206
314.5 0.004798611111111111
315.5 0.00492824074074074
316.5 0.005180555555555557
317.5 0.005236111111111112
318.5 0.005534722222222224
319.5 0.005541666666666668
320.5 0.0056851851851851855
321.5 0.0054907407407407405
322.5 0.005682870370370373
323.5 0.005511574074074074
324.5 0.005476851851851854
325.5 0.005375000000000004
326.5 0.004993055555555556
327.5 0.004962962962962964
328.5 0.004597222222222221
329.5 0.004048611111111113
330.5 0.00399074074074074
331.5 0.0035486111111111126
332.5 0.0032407407407407415
333.5 0.002995370370370372
334.5 0.002652777777777779
335.5 0.002351851851851852
336.5 0.0020277777777777785
337.5 0.0018449074074074067
338.5 0.0017314814814814818
339.5 0.0015115740740740743
340.5 0.0013564814814814815
341.5 0.0012361111111111112
342.5 0.0011319444444444448
343.5 0.0010462962962962967
344.5 0.0009583333333333332
345.5 0.0008888888888888891
346.5 0.0008611111111111115
347.5 0.0007754629629629631
348.5 0.0006574074074074074
349.5 0.0005717592592592594
350.5 0.0006319444444444444
351.5 0.0006064814814814815
352.5 0.0006018518518518519
353.5 0.0004884259259259261
354.5 0.0005324074074074075
355.5 0.00046296296296296287
356.5 0.0004236111111111112
357.5 0.0003935185185185186
358.5 0.00046990740740740733
359.5 0.00040972222222222224
