0.5 0.0
1.5 2.3148148148148148e-06
2.5 2.3148148148148148e-06
3.5 0.0
4.5 2.3148148148148148e-06
5.5 0.0
6.5 0.0
7.5 6.944444444444445e-06
8.5 4.6296296296296296e-06
9.5 2.3148148148148148e-06
10.5 2.3148148148148148e-06
11.5 6.944444444444445e-06
12.5 2.3148148148148148e-06
13.5 9.259259259259259e-06
14.5 6.944444444444445e-06
15.5 9.259259259259259e-06
16.5 4.6296296296296296e-06
17.5 4.6296296296296296e-06
18.5 6.944444444444445e-06
19.5 6.944444444444445e-06
20.5 9.259259259259259e-06
21.5 1.388888888888889e-05
22.5 1.388888888888889e-05
23.5 2.3148148148148154e-05
24.5 2.5462962962962968e-05
25.5 4.398148148148147e-05
26.5 5.5555555555555545e-05
27.5 4.6296296296296294e-05
28.5 6.712962962962962e-05
29.5 9.490740740740738e-05
30.5 0.00013888888888888894
31.5 0.0001712962962962964
32.5 0.00017592592592592603
33.5 0.0002569444444444444
34.5 0.0003263888888888889
35.5 0.00036342592592592584
36.5 0.00047685185185185206
37.5 0.0005787037037037042
38.5 0.0006087962962962968
39.5 0.0008518518518518528
40.5 0.0011319444444444443
41.5 0.001229166666666668
42.5 0.0014305555555555556
43.5 0.0016412037037037042
44.5 0.0019305555555555565
45.5 0.002141203703703704
46.5 0.002493055555555557
47.5 0.0027106481481481504
48.5 0.0029837962962962978
49.5 0.0034259259259259277
50.5 0.003740740740740741
51.5 0.003976851851851854
52.5 0.004356481481481484
53.5 0.004539351851851852
54.5 0.00490277777777778
55.5 0.0050254629629629625
56.5 0.005289351851851855
57.5 0.005449074074074075
58.5 0.005541666666666667
59.5 0.005824074074074077
60.5 0.00574537037037037
61.5 0.005405092592592597
62.5 0.005671296296296299
63.5 0.0056574074074074105
64.5 0.005650462962962966
65.5 0.0052453703703703725
66.5 0.005319444444444446
67.5 0.0050625
68.5 0.004777777777777783
69.5 0.004324074074074077
70.5 0.004326388888888893
71.5 0.004087962962962964
72.5 0.004069444444444445
73.5 0.0034675925925925933
74.5 0.003349537037037038
75.5 0.0030740740740740754
76.5 0.0029212962962962986
77.5 0.0026134259259259275
78.5 0.0025833333333333346
79.5 0.002217592592592593
80.5 0.0019282407407407408
81.5 0.0017523148148148157
82.5 0.0015601851851851862
83.5 0.001548611111111112
84.5 0.0012430555555555558
85.5 0.001141203703703704
86.5 0.0011944444444444452
87.5 0.0009398148148148156
88.5 0.0009027777777777782
89.5 0.0007824074074074081
90.5 0.0007013888888888893
91.5 0.0005833333333333337
92.5 0.0005486111111111112
93.5 0.0004976851851851852
94.5 0.0004560185185185184
95.5 0.00041203703703703725
96.5 0.00031944444444444446
97.5 0.00027546296296296314
98.5 0.0002777777777777779
99.5 0.00020370370370370383
100.5 0.00021990740740740762
101.5 0.00016898148148148146
102.5 0.00016435185185185194
103.5 0.00016666666666666677
104.5 0.0001574074074074075
105.5 0.0001319444444444444
106.5 0.000125
107.5 0.00010879629629629626
108.5 0.00010879629629629626
109.5 9.027777777777773e-05
110.5 8.333333333333332e-05
111.5 6.944444444444442e-05
112.5 5.787037037037036e-05
113.5 6.018518518518517e-05
114.5 6.71296296296296e-05
115.5 6.018518518518516e-05
116.5 5.0925925925925916e-05
117.5 5.0925925925925916e-05
118.5 6.249999999999999e-05
119.5 4.629629629629628e-05
120.5 7.638888888888886e-05
121.5 4.398148148148147e-05
122.5 6.249999999999997e-05
123.5 4.3981481481481466e-05
124.5 6.94444444444444e-05
125.5 4.629629629629628e-05
126.5 8.101851851851849e-05
127.5 6.944444444444442e-05
128.5 0.00011805555555555552
129.5 8.33333333333333e-05
130.5 9.027777777777775e-05
131.5 0.00012037037037037036
132.5 0.00013194444444444443
133.5 0.0001226851851851852
134.5 0.000175925925925926
135.5 0.00020370370370370396
136.5 0.00021759259259259277
137.5 0.00022222222222222231
138.5 0.0002962962962962964
139.5 0.00026157407407407433
140.5 0.00034953703703703714
141.5 0.0004467592592592593
142.5 0.0004328703703703703
143.5 0.0006180555555555555
144.5 0.0005856481481481485
145.5 0.0008310185185185191
146.5 0.0009606481481481485
147.5 0.0010648148148148153
148.5 0.0013356481481481494
149.5 0.001534722222222223
150.5 0.0018981481481481492
151.5 0.0020972222222222243
152.5 0.002391203703703704
153.5 0.0027638888888888904
154.5 0.0032500000000000016
155.5 0.003578703703703706
156.5 0.004219907407407409
157.5 0.004930555555555559
158.5 0.005537037037037037
159.5 0.006388888888888891
160.5 0.007078703703703704
161.5 0.00761342592592593
162.5 0.008724537037037038
163.5 0.009722222222222222
164.5 0.010854166666666663
165.5 0.011581018518518525
166.5 0.013027777777777782
167.5 0.013865740740740746
168.5 0.015263888888888898
169.5 0.016037037037037027
170.5 0.016951388888888898
171.5 0.018037037037037032
172.5 0.01880324074074075
173.5 0.019178240740740735
174.5 0.020585648148148148
175.5 0.020851851851851858
176.5 0.021363425925925928
177.5 0.021706018518518524
178.5 0.022388888888888882
179.5 0.022212962962962973
180.5 0.02229398148148148
181.5 0.022013888888888875
182.5 0.021592592592592594
183.5 0.020976851851851847
184.5 0.020643518518518526
185.5 0.01957870370370371
186.5 0.019509259259259254
187.5 0.01790277777777778
188.5 0.01710185185185185
189.5 0.015893518518518515
190.5 0.014909722222222227
191.5 0.013993055555555554
192.5 0.012724537037037038
193.5 0.01216666666666666
194.5 0.01124768518518519
195.5 0.009997685185185186
196.5 0.008988425925925931
197.5 0.008379629629629634
198.5 0.007472222222222223
199.5 0.00663425925925926
200.5 0.005754629629629631
201.5 0.005155092592592595
202.5 0.004423611111111113
203.5 0.004081018518518522
204.5 0.003483796296296299
205.5 0.003060185185185186
206.5 0.0026574074074074087
207.5 0.002296296296296298
208.5 0.001993055555555557
209.5 0.0017708333333333345
210.5 0.0015694444444444456
211.5 0.0012222222222222228
212.5 0.0010300925925925937
213.5 0.0009606481481481487
214.5 0.0007407407407407411
215.5 0.0006597222222222225
216.5 0.000604166666666667
217.5 0.0005740740740740744
218.5 0.00047222222222222224
219.5 0.00046296296296296303
220.5 0.0003726851851851853
221.5 0.0003333333333333334
222.5 0.0002962962962962964
223.5 0.0002337962962962965
224.5 0.00021064814814814834
225.5 0.00022222222222222237
226.5 0.0001273148148148148
227.5 0.0001620370370370371
228.5 0.00015740740740740754
229.5 0.00015509259259259263
230.5 0.0001296296296296296
231.5 0.0001273148148148148
232.5 0.00011574074074074072
233.5 9.9537037037037e-05
234.5 8.564814814814812e-05
235.5 8.796296296296292e-05
236.5 6.944444444444443e-05
237.5 0.00010648148148148145
238.5 8.564814814814812e-05
239.5 7.870370370370369e-05
240.5 9.259259259259255e-05
241.5 9.027777777777773e-05
242.5 8.796296296296292e-05
243.5 0.000125
244.5 9.722222222222218e-05
245.5 0.00010416666666666662
246.5 0.00012268518518518517
247.5 0.00010416666666666663
248.5 0.00013657407407407412
249.5 0.0001273148148148148
250.5 0.00013888888888888892
251.5 0.00012268518518518517
252.5 0.00013194444444444446
253.5 0.0001875000000000001
254.5 0.0001458333333333334
255.5 0.0001736111111111112
256.5 0.0002060185185185186
257.5 0.0002199074074074075
258.5 0.00026851851851851863
259.5 0.00024305555555555577
260.5 0.0002800925925925927
261.5 0.00041666666666666664
262.5 0.00036805555555555566
263.5 0.00040972222222222235
264.5 0.0004050925925925929
265.5 0.0004560185185185183
266.5 0.000490740740740741
267.5 0.0005810185185185189
268.5 0.0005740740740740745
269.5 0.0006296296296296299
270.5 0.0006828703703703709
271.5 0.0007083333333333339
272.5 0.0007152777777777778
273.5 0.000858796296296297
274.5 0.000872685185185186
275.5 0.0010625000000000003
276.5 0.0010231481481481482
277.5 0.001097222222222222
278.5 0.0012083333333333334
279.5 0.0013287037037037043
280.5 0.0014467592592592596
281.5 0.0014583333333333336
282.5 0.0015717592592592595
283.5 0.0016504629629629632
284.5 0.0017291666666666673
285.5 0.0017268518518518531
286.5 0.001960648148148149
287.5 0.002006944444444445
288.5 0.002196759259259259
289.5 0.002361111111111112
290.5 0.0024305555555555556
291.5 0.0026458333333333342
292.5 0.002747685185185186
293.5 0.002812500000000001
294.5 0.002923611111111111
295.5 0.002872685185185187
296.5 0.002965277777777777
297.5 0.0028356481481481514
298.5 0.003050925925925927
299.5 0.0030555555555555575
300.5 0.0031689814814814827
301.5 0.0029976851851851857
302.5 0.0030324074074074086
303.5 0.002965277777777779
304.5 0.0028842592592592605
305.5 0.002703703703703704
306.5 0.0027615740740740743
307.5 0.0025509259259259274
308.5 0.002340277777777779
309.5 0.002240740740740741
310.5 0.0018958333333333338
311.5 0.0017361111111111114
312.5 0.0017291666666666664
313.5 0.0015046296296296307
314.5 0.0013611111111111115
315.5 0.001175925925925926
316.5 0.001030092592592593
317.5 0.0009398148148148152
318.5 0.0008125000000000001
319.5 0.0006921296296296298
320.5 0.0005069444444444447
321.5 0.0004004629629629629
322.5 0.00036574074074074075
323.5 0.00037268518518518526
324.5 0.00025231481481481497
325.5 0.00021759259259259258
326.5 0.00016435185185185191
327.5 0.00012037037037037035
328.5 0.0001273148148148148
329.5 9.72222222222222e-05
330.5 8.10185185185185e-05
331.5 5.0925925925925916e-05
332.5 4.1666666666666665e-05
333.5 4.398148148148148e-05
334.5 2.5462962962962968e-05
335.5 2.314814814814815e-05
336.5 1.6203703703703704e-05
337.5 2.0833333333333336e-05
338.5 6.944444444444445e-06
339.5 1.1574074074074073e-05
340.5 4.6296296296296296e-06
341.5 2.3148148148148148e-06
342.5 4.6296296296296296e-06
343.5 4.6296296296296296e-06
344.5 2.3148148148148148e-06
345.5 6.944444444444445e-06
346.5 0.0
347.5 2.3148148148148148e-06
348.5 4.6296296296296296e-06
349.5 4.6296296296296296e-06
350.5 4.6296296296296296e-06
351.5 0.0
352.5 2.3148148148148148e-06
353.5 0.0
354.5 2.3148148148148148e-06
355.5 4.6296296296296296e-06
356.5 2.3148148148148148e-06
357.5 6.944444444444445e-06
358.5 0.0
359.5 0.0
