0.5 4.6296296296296296e-06
1.5 2.3148148148148148e-06
2.5 2.3148148148148148e-06
3.5 2.3148148148148148e-06
4.5 0.0
5.5 2.3148148148148148e-06
6.5 4.6296296296296296e-06
7.5 2.3148148148148148e-06
8.5 0.0
9.5 2.3148148148148148e-06
10.5 4.6296296296296296e-06
11.5 0.0
12.5 4.6296296296296296e-06
13.5 4.6296296296296296e-06
14.5 2.3148148148148148e-06
15.5 2.3148148148148148e-06
16.5 0.0
17.5 1.388888888888889e-05
18.5 4.6296296296296296e-06
19.5 0.0
20.5 4.6296296296296296e-06
21.5 1.6203703703703704e-05
22.5 4.6296296296296296e-06
23.5 1.851851851851852e-05
24.5 1.1574074074074073e-05
25.5 9.259259259259259e-06
26.5 3.009259259259259e-05
27.5 2.5462962962962968e-05
28.5 4.8611111111111095e-05
29.5 7.638888888888886e-05
30.5 7.407407407407403e-05
31.5 0.00010185185185185182
32.5 8.564814814814812e-05
33.5 0.00010416666666666663
34.5 0.0001226851851851852
35.5 0.00017361111111111125
36.5 0.00019212962962962971
37.5 0.0002476851851851852
38.5 0.00029861111111111126
39.5 0.0003634259259259261
40.5 0.0004745370370370372
41.5 0.0005879629629629635
42.5 0.0005810185185185184
43.5 0.0006944444444444451
44.5 0.0008078703703703708
45.5 0.0009537037037037047
46.5 0.0011111111111111115
47.5 0.0012546296296296307
48.5 0.0014675925925925941
49.5 0.0016250000000000006
50.5 0.0017685185185185204
51.5 0.0019189814814814824
52.5 0.0022314814814814827
53.5 0.00252314814814815
54.5 0.002805555555555557
55.5 0.0030578703703703736
56.5 0.0032199074074074096
57.5 0.0034861111111111134
58.5 0.0036388888888888907
59.5 0.003914351851851853
60.5 0.004087962962962968
61.5 0.004101851851851854
62.5 0.004229166666666668
63.5 0.004386574074074075
64.5 0.0046435185185185225
65.5 0.004648148148148152
66.5 0.004692129629629633
67.5 0.0046574074074074105
68.5 0.0047592592592592626
69.5 0.004773148148148149
70.5 0.00447453703703704
71.5 0.004425925925925929
72.5 0.004356481481481483
73.5 0.004375
74.5 0.0041365740740740755
75.5 0.0040532407407407435
76.5 0.003928240740740739
77.5 0.003386574074074076
78.5 0.003333333333333336
79.5 0.0031157407407407436
80.5 0.002886574074074078
81.5 0.0025925925925925934
82.5 0.0023680555555555573
83.5 0.002231481481481482
84.5 0.002182870370370371
85.5 0.0019375000000000013
86.5 0.0017337962962962973
87.5 0.0015324074074074085
88.5 0.001347222222222223
89.5 0.0012847222222222231
90.5 0.0011782407407407419
91.5 0.0010254629629629635
92.5 0.0008055555555555564
93.5 0.0007847222222222227
94.5 0.0007986111111111117
95.5 0.0006851851851851857
96.5 0.0005902777777777783
97.5 0.0005393518518518525
98.5 0.0005023148148148154
99.5 0.0005185185185185186
100.5 0.0003796296296296299
101.5 0.00037268518518518515
102.5 0.0003472222222222221
103.5 0.0002731481481481483
104.5 0.00022453703703703722
105.5 0.0002476851851851853
106.5 0.00021296296296296308
107.5 0.00021990740740740757
108.5 0.00021064814814814834
109.5 0.00016666666666666682
110.5 0.00020601851851851865
111.5 0.0001273148148148148
112.5 0.00015740740740740748
113.5 0.00017361111111111128
114.5 0.00010879629629629626
115.5 0.00016666666666666674
116.5 0.00012962962962962963
117.5 9.9537037037037e-05
118.5 0.0001574074074074075
119.5 0.0001296296296296296
120.5 0.0001481481481481482
121.5 0.0001273148148148148
122.5 0.00015972222222222237
123.5 0.00012037037037037036
124.5 0.000150462962962963
125.5 0.00013194444444444446
126.5 0.00017824074074074085
127.5 0.0001736111111111112
128.5 0.00017592592592592603
129.5 0.0002037037037037039
130.5 0.00017824074074074085
131.5 0.00024074074074074088
132.5 0.00020138888888888903
133.5 0.0002615740740740741
134.5 0.00031712962962962977
135.5 0.0003125
136.5 0.0004467592592592594
137.5 0.00040509259259259285
138.5 0.0004745370370370377
139.5 0.0006018518518518519
140.5 0.0006203703703703704
141.5 0.0006759259259259265
142.5 0.0007731481481481487
143.5 0.0008912037037037041
144.5 0.0009560185185185187
145.5 0.0011527777777777784
146.5 0.0011898148148148163
147.5 0.0014699074074074072
148.5 0.0017199074074074083
149.5 0.0019398148148148163
150.5 0.0022407407407407424
151.5 0.002425925925925927
152.5 0.002891203703703705
153.5 0.003037037037037039
154.5 0.0035115740740740767
155.5 0.0038495370370370385
156.5 0.004421296296296298
157.5 0.005243055555555559
158.5 0.005543981481481485
159.5 0.006159722222222226
160.5 0.006981481481481482
161.5 0.007597222222222226
162.5 0.008067129629629632
163.5 0.008921296296296297
164.5 0.009983796296296298
165.5 0.010807870370370372
166.5 0.011874999999999998
167.5 0.012384259259259262
168.5 0.013407407407407408
169.5 0.01457407407407407
170.5 0.01490740740740741
171.5 0.01557870370370371
172.5 0.01664583333333334
173.5 0.017143518518518516
174.5 0.017909722222222216
175.5 0.018458333333333316
176.5 0.019185185185185177
177.5 0.01956249999999999
178.5 0.019888888888888887
179.5 0.020023148148148144
180.5 0.019824074074074077
181.5 0.019106481481481478
182.5 0.019300925925925916
183.5 0.01901157407407408
184.5 0.018534722222222216
185.5 0.017932870370370363
186.5 0.017307870370370373
187.5 0.016467592592592596
188.5 0.015981481481481485
189.5 0.015263888888888886
190.5 0.014370370370370374
191.5 0.013569444444444438
192.5 0.01258564814814815
193.5 0.011738425925925925
194.5 0.011166666666666665
195.5 0.00994212962962963
196.5 0.009303240740740742
197.5 0.008694444444444446
198.5 0.0077523148148148195
199.5 0.007208333333333338
200.5 0.006252314814814817
201.5 0.0054722222222222255
202.5 0.005305555555555556
203.5 0.004391203703703708
204.5 0.003983796296296296
205.5 0.003699074074074076
206.5 0.0032754629629629644
207.5 0.0030069444444444466
208.5 0.0025925925925925947
209.5 0.0020833333333333346
210.5 0.001995370370370371
211.5 0.0017453703703703717
212.5 0.0015694444444444456
213.5 0.00131712962962963
214.5 0.001222222222222223
215.5 0.0010000000000000009
216.5 0.0008842592592592595
217.5 0.0006898148148148154
218.5 0.0006574074074074077
219.5 0.0006157407407407409
220.5 0.0005254629629629635
221.5 0.0004652777777777781
222.5 0.000439814814814815
223.5 0.00037500000000000006
224.5 0.00035416666666666685
225.5 0.0003194444444444445
226.5 0.00030555555555555566
227.5 0.0002824074074074076
228.5 0.0002731481481481483
229.5 0.00020833333333333346
230.5 0.00019675925925925945
231.5 0.00018981481481481502
232.5 0.00019212962962962974
233.5 0.00015972222222222223
234.5 0.00015740740740740743
235.5 0.00017129629629629645
236.5 0.00014814814814814817
237.5 0.00014583333333333335
238.5 0.00016666666666666682
239.5 0.00012731481481481483
240.5 0.00015509259259259263
241.5 0.00015277777777777783
242.5 0.00011574074074074072
243.5 0.0001759259259259261
244.5 0.00016435185185185194
245.5 0.00013888888888888892
246.5 0.0001296296296296296
247.5 0.00015277777777777783
248.5 0.0001458333333333334
249.5 0.00017824074074074085
250.5 0.00017361111111111125
251.5 0.0002453703703703705
252.5 0.00022916666666666672
253.5 0.00026851851851851874
254.5 0.0002685185185185186
255.5 0.0002615740740740741
256.5 0.00036574074074074075
257.5 0.00031712962962962955
258.5 0.0003912037037037037
259.5 0.00043750000000000017
260.5 0.00041666666666666664
261.5 0.0004976851851851854
262.5 0.0005787037037037041
263.5 0.0005787037037037038
264.5 0.0007361111111111114
265.5 0.0007800925925925935
266.5 0.0008240740740740746
267.5 0.0008726851851851857
268.5 0.0010925925925925927
269.5 0.0012638888888888897
270.5 0.0013287037037037043
271.5 0.0014837962962962966
272.5 0.0016157407407407418
273.5 0.0018541666666666667
274.5 0.0019467592592592607
275.5 0.0021180555555555558
276.5 0.002381944444444446
277.5 0.00246990740740741
278.5 0.0026851851851851867
279.5 0.0030949074074074073
280.5 0.0033472222222222232
281.5 0.0034629629629629667
282.5 0.0038148148148148143
283.5 0.0038912037037037053
284.5 0.004101851851851854
285.5 0.0042939814814814846
286.5 0.0044166666666666686
287.5 0.0046736111111111145
288.5 0.00459027777777778
289.5 0.004828703703703707
290.5 0.005016203703703706
291.5 0.004949074074074075
292.5 0.004986111111111112
293.5 0.004983796296296295
294.5 0.00484027777777778
295.5 0.004837962962962964
296.5 0.004546296296296302
297.5 0.004391203703703704
298.5 0.004344907407407411
299.5 0.004243055555555558
300.5 0.0038194444444444465
301.5 0.0037615740740740747
302.5 0.0034907407407407426
303.5 0.0031712962962962975
304.5 0.003125000000000001
305.5 0.0026574074074074087
306.5 0.0026342592592592615
307.5 0.002303240740740742
308.5 0.002046296296296298
309.5 0.001840277777777779
310.5 0.0016736111111111118
311.5 0.001435185185185186
312.5 0.0011620370370370372
313.5 0.0010902777777777777
314.5 0.000918981481481482
315.5 0.0008055555555555556
316.5 0.0006921296296296298
317.5 0.0006226851851851854
318.5 0.0005856481481481482
319.5 0.0004652777777777778
320.5 0.0003518518518518521
321.5 0.0002824074074074077
322.5 0.00022453703703703711
323.5 0.00020601851851851865
324.5 0.0001805555555555557
325.5 0.00015277777777777788
326.5 0.00010648148148148143
327.5 6.48148148148148e-05
328.5 0.00010879629629629626
329.5 5.0925925925925916e-05
330.5 5.787037037037036e-05
331.5 3.935185185185185e-05
332.5 2.5462962962962965e-05
333.5 2.3148148148148154e-05
334.5 1.8518518518518518e-05
335.5 2.0833333333333336e-05
336.5 6.944444444444445e-06
337.5 1.388888888888889e-05
338.5 9.259259259259259e-06
339.5 1.388888888888889e-05
340.5 9.259259259259259e-06
341.5 6.944444444444445e-06
342.5 2.3148148148148148e-06
343.5 4.6296296296296296e-06
344.5 4.6296296296296296e-06
345.5 2.3148148148148148e-06
346.5 2.3148148148148148e-06
347.5 0.0
348.5 0.0
349.5 2.3148148148148148e-06
350.5 2.3148148148148148e-06
351.5 4.6296296296296296e-06
352.5 2.3148148148148148e-06
353.5 2.3148148148148148e-06
354.5 0.0
355.5 0.0
356.5 0.0
357.5 0.0
358.5 0.0
359.5 2.3148148148148148e-06
