0.5 2.3148148148148148e-06
1.5 0.0
2.5 0.0
3.5 0.0
4.5 4.6296296296296296e-06
5.5 2.3148148148148148e-06
6.5 2.3148148148148148e-06
7.5 0.0
8.5 0.0
9.5 0.0
10.5 0.0
11.5 2.3148148148148148e-06
12.5 2.3148148148148148e-06
13.5 6.944444444444445e-06
14.5 4.6296296296296296e-06
15.5 2.3148148148148148e-06
16.5 1.1574074074074073e-05
17.5 6.944444444444445e-06
18.5 6.944444444444445e-06
19.5 6.944444444444445e-06
20.5 6.944444444444445e-06
21.5 2.3148148148148154e-05
22.5 6.944444444444445e-06
23.5 1.1574074074074073e-05
24.5 1.1574074074074073e-05
25.5 1.851851851851852e-05
26.5 1.851851851851852e-05
27.5 3.472222222222222e-05
28.5 3.4722222222222215e-05
29.5 6.018518518518517e-05
30.5 3.935185185185186e-05
31.5 8.33333333333333e-05
32.5 7.870370370370369e-05
33.5 0.00010648148148148143
34.5 0.00014351851851851863
35.5 0.00013888888888888894
36.5 0.00019444444444444457
37.5 0.00019212962962962977
38.5 0.00028703703703703703
39.5 0.0003472222222222221
40.5 0.0003773148148148149
41.5 0.00039351851851851863
42.5 0.0005416666666666668
43.5 0.000638888888888889
44.5 0.0007847222222222227
45.5 0.0008773148148148154
46.5 0.0009421296296296296
47.5 0.0011527777777777786
48.5 0.0012361111111111123
49.5 0.0013333333333333346
50.5 0.0015972222222222234
51.5 0.0017476851851851863
52.5 0.0020347222222222225
53.5 0.0020925925925925942
54.5 0.0024027777777777776
55.5 0.0026712962962962988
56.5 0.0029421296296296326
57.5 0.003131944444444446
58.5 0.003282407407407409
59.5 0.003393518518518518
60.5 0.0035717592592592637
61.5 0.003886574074074075
62.5 0.004025462962962963
63.5 0.003993055555555558
64.5 0.004025462962962963
65.5 0.004115740740740745
66.5 0.004145833333333337
67.5 0.004409722222222225
68.5 0.004120370370370375
69.5 0.004247685185185188
70.5 0.0043148148148148165
71.5 0.004115740740740743
72.5 0.0039814814814814825
73.5 0.00379166666666667
74.5 0.0035462962962962983
75.5 0.003608796296296299
76.5 0.003337962962962965
77.5 0.003212962962962963
78.5 0.0031967592592592603
79.5 0.0027129629629629635
80.5 0.0025856481481481507
81.5 0.0023981481481481506
82.5 0.0021203703703703706
83.5 0.002076388888888891
84.5 0.0018379629629629644
85.5 0.0017199074074074091
86.5 0.0014629629629629634
87.5 0.0014375000000000015
88.5 0.0013750000000000001
89.5 0.001136574074074075
90.5 0.0010578703703703713
91.5 0.0009027777777777782
92.5 0.0008564814814814819
93.5 0.000793981481481482
94.5 0.0007083333333333338
95.5 0.000631944444444445
96.5 0.0005833333333333335
97.5 0.0004907407407407409
98.5 0.0004050925925925925
99.5 0.0003958333333333333
100.5 0.000375
101.5 0.00034953703703703704
102.5 0.000337962962962963
103.5 0.0002500000000000003
104.5 0.00027777777777777783
105.5 0.00025000000000000017
106.5 0.00021759259259259277
107.5 0.0001967592592592594
108.5 0.00019444444444444457
109.5 0.00015046296296296297
110.5 0.0001759259259259261
111.5 0.00015277777777777786
112.5 0.00017129629629629637
113.5 9.953703703703699e-05
114.5 0.00014814814814814823
115.5 0.0001319444444444444
116.5 0.0001226851851851852
117.5 0.00013657407407407414
118.5 0.00013888888888888892
119.5 0.00016666666666666674
120.5 0.00010648148148148146
121.5 0.00014814814814814825
122.5 0.0001412037037037038
123.5 0.00017129629629629645
124.5 0.00015509259259259268
125.5 0.0001921296296296298
126.5 0.00015046296296296303
127.5 0.00015972222222222229
128.5 0.00019907407407407428
129.5 0.0002245370370370371
130.5 0.0001967592592592594
131.5 0.00021990740740740768
132.5 0.00028009259259259263
133.5 0.00027546296296296303
134.5 0.00031712962962962966
135.5 0.00033796296296296303
136.5 0.00038425925925925927
137.5 0.0003958333333333334
138.5 0.0004953703703703707
139.5 0.0005439814814814821
140.5 0.0006435185185185187
141.5 0.0006898148148148151
142.5 0.0007569444444444446
143.5 0.0008356481481481485
144.5 0.0010092592592592592
145.5 0.0012407407407407413
146.5 0.0012430555555555563
147.5 0.0015578703703703711
148.5 0.0017962962962962978
149.5 0.0019837962962962977
150.5 0.0023935185185185196
151.5 0.002604166666666669
152.5 0.00302777777777778
153.5 0.0033101851851851877
154.5 0.0040000000000000036
155.5 0.00432638888888889
156.5 0.004775462962962967
157.5 0.005335648148148148
158.5 0.005881944444444445
159.5 0.006347222222222224
160.5 0.007372685185185192
161.5 0.00825
162.5 0.00916898148148148
163.5 0.009800925925925925
164.5 0.010719907407407407
165.5 0.01165509259259259
166.5 0.012141203703703708
167.5 0.013368055555555555
168.5 0.01403240740740741
169.5 0.014951388888888886
170.5 0.01607638888888888
171.5 0.016965277777777777
172.5 0.01782407407407408
173.5 0.01835416666666666
174.5 0.018958333333333327
175.5 0.019324074074074077
176.5 0.020185185185185188
177.5 0.020379629629629623
178.5 0.020550925925925917
179.5 0.020687500000000004
180.5 0.020414351851851854
181.5 0.020520833333333318
182.5 0.02036342592592593
183.5 0.02009953703703703
184.5 0.019548611111111114
185.5 0.01858333333333334
186.5 0.01841435185185185
187.5 0.01771527777777777
188.5 0.017219907407407406
189.5 0.015965277777777787
190.5 0.01519907407407408
191.5 0.01434027777777778
192.5 0.013574074074074075
193.5 0.012379629629629636
194.5 0.011532407407407406
195.5 0.010747685185185183
196.5 0.009898148148148147
197.5 0.009069444444444448
198.5 0.00816898148148148
199.5 0.007270833333333333
200.5 0.006803240740740745
201.5 0.006138888888888893
202.5 0.00526388888888889
203.5 0.00480324074074074
204.5 0.004435185185185189
205.5 0.003680555555555557
206.5 0.003543981481481483
207.5 0.0029097222222222246
208.5 0.0025300925925925938
209.5 0.0023564814814814837
210.5 0.001979166666666668
211.5 0.001770833333333335
212.5 0.0015972222222222225
213.5 0.0013634259259259266
214.5 0.0012337962962962975
215.5 0.0010740740740740745
216.5 0.0009560185185185192
217.5 0.000865740740740741
218.5 0.000717592592592593
219.5 0.0005972222222222226
220.5 0.0005625000000000001
221.5 0.00044444444444444463
222.5 0.0004282407407407407
223.5 0.0004513888888888889
224.5 0.0003587962962962965
225.5 0.00031944444444444446
226.5 0.00026851851851851863
227.5 0.00030092592592592606
228.5 0.0002476851851851852
229.5 0.00017592592592592605
230.5 0.00016898148148148157
231.5 0.000201388888888889
232.5 0.00015046296296296306
233.5 0.00017129629629629637
234.5 0.00015509259259259266
235.5 0.00015740740740740748
236.5 0.00014351851851851857
237.5 0.00014351851851851854
238.5 0.000150462962962963
239.5 0.00010648148148148142
240.5 0.00012037037037037036
241.5 0.00015972222222222226
242.5 0.00016435185185185191
243.5 0.00012037037037037039
244.5 0.00013657407407407412
245.5 0.00013425925925925923
246.5 0.00017129629629629637
247.5 0.00013888888888888892
248.5 0.00017361111111111123
249.5 0.00016666666666666685
250.5 0.00020370370370370388
251.5 0.00017361111111111117
252.5 0.00019675925925925942
253.5 0.00021990740740740757
254.5 0.00019444444444444454
255.5 0.0002546296296296297
256.5 0.0003009259259259261
257.5 0.0003449074074074074
258.5 0.0004166666666666669
259.5 0.0003981481481481481
260.5 0.0004375000000000001
261.5 0.0004699074074074078
262.5 0.0005231481481481481
263.5 0.0005300925925925929
264.5 0.0005717592592592594
265.5 0.0006643518518518522
266.5 0.0008148148148148154
267.5 0.0008263888888888899
268.5 0.000921296296296297
269.5 0.0010833333333333337
270.5 0.0010995370370370369
271.5 0.0012361111111111108
272.5 0.0014282407407407412
273.5 0.00144675925925926
274.5 0.0017314814814814823
275.5 0.0017523148148148161
276.5 0.002062500000000002
277.5 0.002108796296296298
278.5 0.002479166666666669
279.5 0.0025324074074074086
280.5 0.0026967592592592616
281.5 0.0030231481481481515
282.5 0.003097222222222225
283.5 0.0032754629629629653
284.5 0.003557870370370374
285.5 0.0034212962962962994
286.5 0.003921296296296299
287.5 0.0038194444444444465
288.5 0.004136574074074076
289.5 0.003953703703703707
290.5 0.0042685185185185204
291.5 0.004219907407407412
292.5 0.004120370370370374
293.5 0.004289351851851854
294.5 0.004062500000000002
295.5 0.004180555555555559
296.5 0.004027777777777779
297.5 0.0038217592592592626
298.5 0.0036342592592592616
299.5 0.003678240740740744
300.5 0.0033865740740740753
301.5 0.0032800925925925957
302.5 0.0028750000000000026
303.5 0.002710648148148149
304.5 0.00264351851851852
305.5 0.0024328703703703734
306.5 0.0020902777777777786
307.5 0.0018773148148148158
308.5 0.0018518518518518534
309.5 0.0016018518518518534
310.5 0.0013865740740740754
311.5 0.0012175925925925932
312.5 0.0010879629629629633
313.5 0.0010023148148148157
314.5 0.000833333333333334
315.5 0.000717592592592593
316.5 0.00056712962962963
317.5 0.0005254629629629633
318.5 0.0004166666666666668
319.5 0.00039583333333333343
320.5 0.0002962962962962963
321.5 0.00026620370370370367
322.5 0.00016435185185185191
323.5 0.00021759259259259277
324.5 0.00012731481481481483
325.5 0.00012037037037037036
326.5 7.175925925925923e-05
327.5 9.9537037037037e-05
328.5 6.018518518518517e-05
329.5 6.48148148148148e-05
330.5 4.86111111111111e-05
331.5 3.472222222222222e-05
332.5 3.0092592592592597e-05
333.5 2.3148148148148154e-05
334.5 2.5462962962962968e-05
335.5 1.6203703703703704e-05
336.5 4.6296296296296296e-06
337.5 1.1574074074074073e-05
338.5 1.1574074074074073e-05
339.5 1.1574074074074073e-05
340.5 1.1574074074074073e-05
341.5 0.0
342.5 1.1574074074074073e-05
343.5 2.3148148148148148e-06
344.5 2.3148148148148148e-06
345.5 2.3148148148148148e-06
346.5 4.6296296296296296e-06
347.5 2.3148148148148148e-06
348.5 2.3148148148148148e-06
349.5 0.0
350.5 2.3148148148148148e-06
351.5 2.3148148148148148e-06
352.5 0.0
353.5 0.0
354.5 2.3148148148148148e-06
355.5 0.0
356.5 0.0
357.5 0.0
358.5 0.0
359.5 2.3148148148148148e-06
