0.5 2.3148148148148148e-06
1.5 0.0
2.5 2.3148148148148148e-06
3.5 4.6296296296296296e-06
4.5 2.3148148148148148e-06
5.5 0.0
6.5 2.3148148148148148e-06
7.5 0.0
8.5 4.6296296296296296e-06
9.5 0.0
10.5 0.0
11.5 2.3148148148148148e-06
12.5 2.3148148148148148e-06
13.5 6.944444444444445e-06
14.5 0.0
15.5 4.6296296296296296e-06
16.5 6.944444444444445e-06
17.5 1.1574074074074073e-05
18.5 2.3148148148148148e-06
19.5 9.259259259259259e-06
20.5 6.944444444444445e-06
21.5 4.6296296296296296e-06
22.5 2.5462962962962968e-05
23.5 1.1574074074074073e-05
24.5 2.3148148148148154e-05
25.5 2.0833333333333336e-05
26.5 1.6203703703703704e-05
27.5 4.861111111111111e-05
28.5 4.86111111111111e-05
29.5 4.398148148148148e-05
30.5 6.249999999999999e-05
31.5 8.101851851851849e-05
32.5 9.027777777777775e-05
33.5 0.00013194444444444446
34.5 0.00013194444444444443
35.5 0.00019675925925925942
36.5 0.00018750000000000017
37.5 0.00023611111111111136
38.5 0.00030324074074074086
39.5 0.00034259259259259263
40.5 0.0003958333333333334
41.5 0.0004907407407407408
42.5 0.000569444444444445
43.5 0.000678240740740741
44.5 0.0007777777777777778
45.5 0.0009074074074074076
46.5 0.0010671296296296303
47.5 0.0011597222222222228
48.5 0.0014097222222222232
49.5 0.0014953703703703713
50.5 0.0017592592592592605
51.5 0.0020509259259259283
52.5 0.002310185185185186
53.5 0.0025486111111111113
54.5 0.002828703703703706
55.5 0.0030393518518518534
56.5 0.0033449074074074093
57.5 0.003504629629629633
58.5 0.003678240740740745
59.5 0.0036504629629629647
60.5 0.004011574074074075
61.5 0.0042314814814814845
62.5 0.004222222222222225
63.5 0.004574074074074078
64.5 0.004592592592592593
65.5 0.0045208333333333385
66.5 0.004608796296296297
67.5 0.00459953703703704
68.5 0.004793981481481484
69.5 0.004583333333333336
70.5 0.004557870370370373
71.5 0.004328703703703707
72.5 0.004365740740740744
73.5 0.00414351851851852
74.5 0.004057870370370372
75.5 0.003891203703703706
76.5 0.0035717592592592598
77.5 0.0031851851851851867
78.5 0.0030231481481481507
79.5 0.0028634259259259264
80.5 0.002814814814814815
81.5 0.0025324074074074086
82.5 0.002351851851851852
83.5 0.0020810185185185194
84.5 0.0019791666666666664
85.5 0.0017291666666666673
86.5 0.001620370370370372
87.5 0.001518518518518518
88.5 0.0013101851851851861
89.5 0.0011365740740740744
90.5 0.001168981481481482
91.5 0.0010324074074074074
92.5 0.0009375000000000004
93.5 0.0008402777777777781
94.5 0.000733796296296297
95.5 0.0006226851851851858
96.5 0.0005509259259259262
97.5 0.0005648148148148153
98.5 0.0005138888888888891
99.5 0.0004884259259259261
100.5 0.0004513888888888889
101.5 0.0003611111111111111
102.5 0.00029861111111111126
103.5 0.0003148148148148148
104.5 0.00030555555555555555
105.5 0.0002800925925925927
106.5 0.0002500000000000002
107.5 0.00023379629629629643
108.5 0.00023842592592592603
109.5 0.00016435185185185194
110.5 0.0002083333333333335
111.5 0.00020833333333333356
112.5 0.00015740740740740746
113.5 0.00018287037037037046
114.5 0.00012037037037037036
115.5 0.00014120370370370377
116.5 0.0001273148148148148
117.5 0.00011805555555555555
118.5 0.00012268518518518515
119.5 0.00013888888888888892
120.5 0.000125
121.5 0.00013657407407407406
122.5 0.0001712962962962964
123.5 0.0001365740740740741
124.5 0.00015509259259259263
125.5 0.0001273148148148148
126.5 0.00017592592592592603
127.5 0.00017592592592592603
128.5 0.00020601851851851865
129.5 0.00020601851851851868
130.5 0.00023611111111111112
131.5 0.00023379629629629637
132.5 0.00025462962962962966
133.5 0.00031712962962962966
134.5 0.0003402777777777778
135.5 0.0003750000000000001
136.5 0.00037268518518518526
137.5 0.00048148148148148166
138.5 0.000490740740740741
139.5 0.0006388888888888893
140.5 0.000652777777777778
141.5 0.0007013888888888891
142.5 0.0008935185185185192
143.5 0.0009791666666666672
144.5 0.001055555555555556
145.5 0.0012824074074074072
146.5 0.0013171296296296306
147.5 0.0016273148148148158
148.5 0.0017662037037037039
149.5 0.0019907407407407426
150.5 0.0024143518518518533
151.5 0.0025972222222222247
152.5 0.003002314814814817
153.5 0.0033564814814814824
154.5 0.003641203703703706
155.5 0.003995370370370375
156.5 0.00471990740740741
157.5 0.005280092592592597
158.5 0.005986111111111113
159.5 0.006601851851851855
160.5 0.007340277777777785
161.5 0.007988425925925927
162.5 0.00877777777777778
163.5 0.00937037037037038
164.5 0.01016666666666667
165.5 0.010888888888888887
166.5 0.01220138888888889
167.5 0.01283796296296296
168.5 0.014187499999999999
169.5 0.014238425925925925
170.5 0.015622685185185182
171.5 0.016175925925925934
172.5 0.017006944444444453
173.5 0.017680555555555554
174.5 0.017949074074074065
175.5 0.018631944444444444
176.5 0.019583333333333328
177.5 0.019289351851851853
178.5 0.01985416666666666
179.5 0.019425925925925937
180.5 0.019483796296296305
181.5 0.019657407407407405
182.5 0.01921759259259259
183.5 0.01862962962962965
184.5 0.01891203703703704
185.5 0.01797916666666666
186.5 0.017284722222222215
187.5 0.016763888888888884
188.5 0.016025462962962967
189.5 0.015351851851851851
190.5 0.014645833333333327
191.5 0.013407407407407408
192.5 0.012828703703703703
193.5 0.012162037037037035
194.5 0.011238425925925923
195.5 0.010171296296296293
196.5 0.009476851851851853
197.5 0.008597222222222221
198.5 0.007990740740740736
199.5 0.007206018518518525
200.5 0.006333333333333336
201.5 0.0056944444444444456
202.5 0.0051921296296296325
203.5 0.004627314814814817
204.5 0.004277777777777777
205.5 0.003763888888888892
206.5 0.003199074074074077
207.5 0.0030810185185185203
208.5 0.0024560185185185197
209.5 0.0023518518518518532
210.5 0.0020439814814814817
211.5 0.0018171296296296312
212.5 0.0015092592592592597
213.5 0.001303240740740741
214.5 0.0010763888888888897
215.5 0.0010000000000000002
216.5 0.0010509259259259267
217.5 0.0007708333333333339
218.5 0.0006828703703703706
219.5 0.000604166666666667
220.5 0.0005694444444444445
221.5 0.0004837962962962966
222.5 0.0004791666666666667
223.5 0.00037268518518518504
224.5 0.0003726851851851851
225.5 0.00030092592592592606
226.5 0.00030787037037037046
227.5 0.00028009259259259263
228.5 0.00022453703703703728
229.5 0.00021759259259259277
230.5 0.00018750000000000006
231.5 0.00021759259259259282
232.5 0.00018518518518518528
233.5 0.0001782407407407409
234.5 0.00014120370370370372
235.5 0.0001666666666666667
236.5 0.00015972222222222234
237.5 0.00015509259259259268
238.5 0.00016666666666666685
239.5 0.00015277777777777783
240.5 0.00012962962962962963
241.5 0.0001620370370370372
242.5 0.00015046296296296297
243.5 0.00017361111111111123
244.5 0.00015046296296296303
245.5 0.0001481481481481482
246.5 0.00017129629629629643
247.5 0.000189814814814815
248.5 0.00019675925925925945
249.5 0.0001990740740740742
250.5 0.00019675925925925945
251.5 0.0002106481481481483
252.5 0.00022222222222222237
253.5 0.00023842592592592608
254.5 0.00026620370370370383
255.5 0.00030324074074074075
256.5 0.00030555555555555566
257.5 0.00033333333333333365
258.5 0.00040277777777777783
259.5 0.0004259259259259261
260.5 0.0004120370370370371
261.5 0.00043981481481481476
262.5 0.0005462962962962968
263.5 0.0005833333333333337
264.5 0.0007083333333333335
265.5 0.0007500000000000006
266.5 0.0008240740740740746
267.5 0.0009814814814814816
268.5 0.0010555555555555565
269.5 0.0010879629629629633
270.5 0.001159722222222223
271.5 0.001270833333333334
272.5 0.001435185185185186
273.5 0.0016643518518518528
274.5 0.001766203703703705
275.5 0.0020949074074074095
276.5 0.0020995370370370386
277.5 0.002307870370370371
278.5 0.002479166666666667
279.5 0.00278240740740741
280.5 0.0029583333333333354
281.5 0.003064814814814817
282.5 0.0033055555555555564
283.5 0.0036226851851851863
284.5 0.00356712962962963
285.5 0.0038865740740740753
286.5 0.004175925925925928
287.5 0.004166666666666669
288.5 0.004224537037037042
289.5 0.00451388888888889
290.5 0.004590277777777782
291.5 0.004581018518518522
292.5 0.004673611111111113
293.5 0.004736111111111114
294.5 0.004680555555555558
295.5 0.0046157407407407414
296.5 0.004530092592592593
297.5 0.0044421296296296335
298.5 0.004280092592592596
299.5 0.004055555555555558
300.5 0.0037013888888888908
301.5 0.0036851851851851893
302.5 0.0032847222222222253
303.5 0.003356481481481484
304.5 0.002939814814814816
305.5 0.0026087962962962974
306.5 0.002557870370370372
307.5 0.002256944444444445
308.5 0.0019976851851851865
309.5 0.0017569444444444464
310.5 0.0016574074074074087
311.5 0.001333333333333334
312.5 0.0012106481481481488
313.5 0.0011296296296296302
314.5 0.0010046296296296305
315.5 0.0008680555555555559
316.5 0.0006180555555555555
317.5 0.0005277777777777779
318.5 0.0004884259259259264
319.5 0.00038425925925925927
320.5 0.00032870370370370383
321.5 0.0002615740740740742
322.5 0.00023379629629629643
323.5 0.00017824074074074083
324.5 0.00016435185185185197
325.5 0.00013657407407407406
326.5 8.101851851851849e-05
327.5 8.796296296296292e-05
328.5 7.870370370370367e-05
329.5 5.5555555555555545e-05
330.5 4.8611111111111095e-05
331.5 3.935185185185185e-05
332.5 2.5462962962962968e-05
333.5 1.8518518518518518e-05
334.5 2.0833333333333336e-05
335.5 1.851851851851852e-05
336.5 2.0833333333333336e-05
337.5 9.259259259259259e-06
338.5 9.259259259259259e-06
339.5 2.0833333333333336e-05
340.5 9.259259259259259e-06
341.5 4.6296296296296296e-06
342.5 9.259259259259259e-06
343.5 2.3148148148148148e-06
344.5 4.6296296296296296e-06
345.5 0.0
346.5 2.3148148148148148e-06
347.5 2.3148148148148148e-06
348.5 2.3148148148148148e-06
349.5 4.6296296296296296e-06
350.5 0.0
351.5 0.0
352.5 2.3148148148148148e-06
353.5 0.0
354.5 0.0
355.5 2.3148148148148148e-06
356.5 0.0
357.5 2.3148148148148148e-06
358.5 2.3148148148148148e-06
359.5 2.3148148148148148e-06
