0.5 0.0
1.5 0.0
2.5 2.3148148148148148e-06
3.5 0.0
4.5 6.944444444444445e-06
5.5 4.6296296296296296e-06
6.5 2.3148148148148148e-06
7.5 4.6296296296296296e-06
8.5 4.6296296296296296e-06
9.5 2.3148148148148148e-06
10.5 6.944444444444445e-06
11.5 0.0
12.5 4.6296296296296296e-06
13.5 2.3148148148148148e-06
14.5 6.944444444444445e-06
15.5 9.259259259259259e-06
16.5 9.259259259259259e-06
17.5 9.259259259259259e-06
18.5 1.388888888888889e-05
19.5 2.0833333333333336e-05
20.5 2.0833333333333336e-05
21.5 2.0833333333333336e-05
22.5 3.472222222222222e-05
23.5 4.166666666666666e-05
24.5 6.249999999999999e-05
25.5 4.86111111111111e-05
26.5 4.629629629629628e-05
27.5 8.101851851851848e-05
28.5 0.00011111111111111109
29.5 0.00010879629629629623
30.5 0.00014814814814814823
31.5 0.00015277777777777783
32.5 0.00022222222222222231
33.5 0.0002175925925925927
34.5 0.00029861111111111126
35.5 0.00033796296296296303
36.5 0.00040509259259259236
37.5 0.0004976851851851853
38.5 0.000525462962962963
39.5 0.000729166666666667
40.5 0.000694444444444445
41.5 0.0008472222222222227
42.5 0.000990740740740742
43.5 0.0011342592592592602
44.5 0.0012407407407407415
45.5 0.0013842592592592596
46.5 0.0016342592592592604
47.5 0.0016944444444444457
48.5 0.0018981481481481497
49.5 0.0022060185185185203
50.5 0.002432870370370371
51.5 0.0025879629629629655
52.5 0.002571759259259261
53.5 0.002988425925925928
54.5 0.003226851851851853
55.5 0.0032754629629629653
56.5 0.003493055555555557
57.5 0.003699074074074075
58.5 0.0036967592592592616
59.5 0.0038680555555555573
60.5 0.003916666666666669
61.5 0.004199074074074078
62.5 0.004087962962962966
63.5 0.004252314814814816
64.5 0.004125000000000005
65.5 0.004148148148148149
66.5 0.004173611111111113
67.5 0.004233796296296299
68.5 0.0041759259259259275
69.5 0.0042060185185185195
70.5 0.004240740740740743
71.5 0.003953703703703706
72.5 0.003891203703703707
73.5 0.004043981481481483
74.5 0.0037569444444444456
75.5 0.00344675925925926
76.5 0.003414351851851855
77.5 0.0031365740740740776
78.5 0.003071759259259261
79.5 0.002837962962962964
80.5 0.0027152777777777787
81.5 0.0026180555555555566
82.5 0.002275462962962964
83.5 0.002164351851851853
84.5 0.0021296296296296306
85.5 0.0020300925925925938
86.5 0.0018055555555555568
87.5 0.0016736111111111118
88.5 0.0015069444444444457
89.5 0.0015162037037037032
90.5 0.0013472222222222227
91.5 0.0011712962962962966
92.5 0.001261574074074075
93.5 0.0010625
94.5 0.0009791666666666677
95.5 0.0008263888888888891
96.5 0.0008796296296296303
97.5 0.0007638888888888896
98.5 0.0007060185185185192
99.5 0.0006597222222222225
100.5 0.000581018518518519
101.5 0.0005208333333333334
102.5 0.000516203703703704
103.5 0.0004189814814814814
104.5 0.0004884259259259264
105.5 0.0004004629629629631
106.5 0.00036111111111111104
107.5 0.00034953703703703704
108.5 0.0002939814814814815
109.5 0.0003356481481481481
110.5 0.00022685185185185197
111.5 0.00026157407407407433
112.5 0.00023842592592592608
113.5 0.00021527777777777797
114.5 0.00022916666666666677
115.5 0.00023379629629629648
116.5 0.00020370370370370388
117.5 0.00024305555555555577
118.5 0.0002083333333333335
119.5 0.00017592592592592605
120.5 0.00017824074074074088
121.5 0.00022685185185185202
122.5 0.00021064814814814826
123.5 0.00021064814814814828
124.5 0.000164351851851852
125.5 0.00020138888888888903
126.5 0.00019907407407407425
127.5 0.00022685185185185208
128.5 0.00027314814814814823
129.5 0.00021527777777777805
130.5 0.00029629629629629635
131.5 0.0002708333333333335
132.5 0.0002847222222222223
133.5 0.0003310185185185188
134.5 0.00033101851851851847
135.5 0.0003912037037037038
136.5 0.0004236111111111112
137.5 0.0005370370370370373
138.5 0.0005115740740740742
139.5 0.0006273148148148151
140.5 0.0007175925925925931
141.5 0.0006342592592592596
142.5 0.0008541666666666671
143.5 0.0008888888888888893
144.5 0.0010092592592592594
145.5 0.0011875000000000004
146.5 0.0014074074074074089
147.5 0.0015277777777777787
148.5 0.0017546296296296307
149.5 0.00206712962962963
150.5 0.002238425925925927
151.5 0.002560185185185186
152.5 0.00296064814814815
153.5 0.003372685185185186
154.5 0.003722222222222224
155.5 0.004097222222222227
156.5 0.004680555555555558
157.5 0.005171296296296296
158.5 0.0057986111111111155
159.5 0.006608796296296304
160.5 0.007560185185185193
161.5 0.00788194444444445
162.5 0.008747685185185186
163.5 0.00956944444444444
164.5 0.010787037037037036
165.5 0.01146527777777778
166.5 0.012710648148148145
167.5 0.01374305555555555
168.5 0.01474768518518518
169.5 0.015587962962962955
170.5 0.016627314814814817
171.5 0.01780324074074075
172.5 0.01848611111111112
173.5 0.019296296296296304
174.5 0.019557870370370364
175.5 0.020025462962962967
176.5 0.020439814814814817
177.5 0.021166666666666653
178.5 0.021092592592592597
179.5 0.021224537037037024
180.5 0.021113425925925935
181.5 0.021259259259259245
182.5 0.020212962962962953
183.5 0.020409722222222232
184.5 0.019233796296296304
185.5 0.01877314814814814
186.5 0.01774768518518518
187.5 0.01693055555555557
188.5 0.016219907407407405
189.5 0.0149212962962963
190.5 0.013717592592592592
191.5 0.012875
192.5 0.011930555555555554
193.5 0.010689814814814813
194.5 0.010039351851851858
195.5 0.008995370370370376
196.5 0.008363425925925932
197.5 0.007173611111111113
198.5 0.006574074074074076
199.5 0.005793981481481491
200.5 0.005342592592592596
201.5 0.0046736111111111145
202.5 0.004097222222222227
203.5 0.003652777777777781
204.5 0.0032569444444444477
205.5 0.0029606481481481497
206.5 0.0026481481481481495
207.5 0.0019861111111111117
208.5 0.0019930555555555565
209.5 0.00170601851851852
210.5 0.001493055555555556
211.5 0.0012384259259259267
212.5 0.0010856481481481485
213.5 0.0010810185185185194
214.5 0.0009305555555555564
215.5 0.000694444444444445
216.5 0.0006805555555555556
217.5 0.0005972222222222226
218.5 0.0005069444444444448
219.5 0.0005277777777777782
220.5 0.0004513888888888892
221.5 0.00043055555555555566
222.5 0.00031481481481481486
223.5 0.00035185185185185195
224.5 0.00029398148148148144
225.5 0.00025462962962962977
226.5 0.0002685185185185184
227.5 0.0002129629629629632
228.5 0.0002152777777777779
229.5 0.00016666666666666677
230.5 0.0001435185185185186
231.5 0.00014583333333333345
232.5 0.00014814814814814825
233.5 0.00014814814814814825
234.5 0.000150462962962963
235.5 0.00013888888888888894
236.5 0.00014120370370370374
237.5 0.00012962962962962963
238.5 0.00015972222222222226
239.5 0.00011574074074074072
240.5 0.00011805555555555555
241.5 0.0001620370370370371
242.5 0.00018287037037037043
243.5 0.0001597222222222223
244.5 0.00014583333333333337
245.5 0.00015740740740740748
246.5 0.00011805555555555555
247.5 0.00016666666666666682
248.5 0.00018287037037037048
249.5 0.00016435185185185194
250.5 0.00019907407407407422
251.5 0.00023148148148148163
252.5 0.0002476851851851852
253.5 0.0002662037037037039
254.5 0.0003263888888888889
255.5 0.00032175925925925926
256.5 0.00034490740740740765
257.5 0.0003842592592592593
258.5 0.0003819444444444446
259.5 0.00041666666666666653
260.5 0.0004791666666666666
261.5 0.00044907407407407407
262.5 0.0005555555555555558
263.5 0.0006250000000000002
264.5 0.0006412037037037043
265.5 0.0007685185185185193
266.5 0.0008125000000000006
267.5 0.00088425925925926
268.5 0.0009490740740740752
269.5 0.0009143518518518524
270.5 0.0011134259259259266
271.5 0.0011180555555555557
272.5 0.0012500000000000015
273.5 0.001460648148148149
274.5 0.0015370370370370384
275.5 0.001625
276.5 0.0017800925925925935
277.5 0.0019560185185185197
278.5 0.0020879629629629638
279.5 0.0023310185185185187
280.5 0.0021620370370370387
281.5 0.002435185185185188
282.5 0.0026111111111111122
283.5 0.00284027777777778
284.5 0.0029675925925925937
285.5 0.003067129629629632
286.5 0.003041666666666669
287.5 0.0032824074074074084
288.5 0.003423611111111113
289.5 0.003370370370370372
290.5 0.003555555555555558
291.5 0.003745370370370372
292.5 0.0035694444444444467
293.5 0.00376851851851852
294.5 0.0036666666666666683
295.5 0.003645833333333335
296.5 0.0036134259259259288
297.5 0.003560185185185188
298.5 0.003560185185185188
299.5 0.0035462962962962974
300.5 0.0034050925925925932
301.5 0.0033935185185185197
302.5 0.003284722222222224
303.5 0.0031597222222222252
304.5 0.003118055555555557
305.5 0.002819444444444445
306.5 0.002731481481481483
307.5 0.002296296296296298
308.5 0.002328703703703706
309.5 0.0022476851851851868
310.5 0.0019328703703703706
311.5 0.0019398148148148154
312.5 0.0017245370370370372
313.5 0.0015324074074074083
314.5 0.0015254629629629637
315.5 0.001273148148148149
316.5 0.0011365740740740741
317.5 0.0009930555555555563
318.5 0.000844907407407408
319.5 0.0006990740740740744
320.5 0.000655092592592593
321.5 0.0005069444444444444
322.5 0.0004027777777777779
323.5 0.000439814814814815
324.5 0.0003310185185185187
325.5 0.0002800925925925927
326.5 0.0002500000000000001
327.5 0.00019444444444444451
328.5 0.0001712962962962963
329.5 0.0001273148148148148
330.5 0.00010416666666666662
331.5 9.490740740740735e-05
332.5 7.870370370370367e-05
333.5 7.870370370370367e-05
334.5 6.48148148148148e-05
335.5 4.629629629629629e-05
336.5 2.0833333333333333e-05
337.5 3.0092592592592597e-05
338.5 2.3148148148148154e-05
339.5 2.7777777777777786e-05
340.5 3.703703703703704e-05
341.5 1.1574074074074073e-05
342.5 1.1574074074074073e-05
343.5 9.259259259259259e-06
344.5 4.6296296296296296e-06
345.5 6.944444444444445e-06
346.5 6.944444444444445e-06
347.5 6.944444444444445e-06
348.5 0.0
349.5 4.6296296296296296e-06
350.5 1.388888888888889e-05
351.5 4.6296296296296296e-06
352.5 4.6296296296296296e-06
353.5 2.3148148148148148e-06
354.5 6.944444444444445e-06
355.5 4.6296296296296296e-06
356.5 0.0
357.5 0.0
358.5 0.0
359.5 4.6296296296296296e-06
