0.5 0.0
1.5 0.0
2.5 0.0
3.5 2.3148148148148148e-06
4.5 0.0
5.5 0.0
6.5 0.0
7.5 0.0
8.5 0.0
9.5 0.0
10.5 0.0
11.5 2.3148148148148148e-06
12.5 0.0
13.5 0.0
14.5 4.6296296296296296e-06
15.5 0.0
16.5 2.3148148148148148e-06
17.5 2.3148148148148148e-06
18.5 2.3148148148148148e-06
19.5 0.0
20.5 0.0
21.5 2.3148148148148148e-06
22.5 6.944444444444445e-06
23.5 2.3148148148148148e-06
24.5 9.259259259259259e-06
25.5 4.6296296296296296e-06
26.5 2.0833333333333336e-05
27.5 2.0833333333333336e-05
28.5 1.6203703703703704e-05
29.5 3.0092592592592597e-05
30.5 2.3148148148148154e-05
31.5 4.3981481481481466e-05
32.5 3.240740740740741e-05
33.5 7.407407407407406e-05
34.5 7.175925925925923e-05
35.5 0.0001226851851851852
36.5 0.00014351851851851857
37.5 0.00016898148148148157
38.5 0.00017592592592592605
39.5 0.00021990740740740757
40.5 0.00019907407407407425
41.5 0.0002916666666666667
42.5 0.0003703703703703705
43.5 0.0004027777777777777
44.5 0.0005000000000000003
45.5 0.0005856481481481486
46.5 0.000715277777777778
47.5 0.0008148148148148153
48.5 0.0009074074074074077
49.5 0.0010671296296296305
50.5 0.0011597222222222221
51.5 0.0012824074074074072
52.5 0.0014907407407407415
53.5 0.0017662037037037054
54.5 0.0018842592592592602
55.5 0.0018726851851851875
56.5 0.0021643518518518535
57.5 0.0022523148148148164
58.5 0.0024444444444444453
59.5 0.0026041666666666696
60.5 0.0027083333333333343
61.5 0.0028148148148148164
62.5 0.0030115740740740754
63.5 0.0031666666666666688
64.5 0.003328703703703705
65.5 0.003222222222222224
66.5 0.003375000000000002
67.5 0.0033379629629629653
68.5 0.0032083333333333347
69.5 0.003263888888888892
70.5 0.0031898148148148155
71.5 0.003199074074074076
72.5 0.003053240740740742
73.5 0.0030208333333333346
74.5 0.002960648148148151
75.5 0.002763888888888891
76.5 0.0026712962962962975
77.5 0.002615740740740744
78.5 0.002548611111111112
79.5 0.002224537037037038
80.5 0.0020995370370370373
81.5 0.0020300925925925925
82.5 0.0017546296296296303
83.5 0.0016087962962962974
84.5 0.0015787037037037046
85.5 0.001428240740740741
86.5 0.0012453703703703706
87.5 0.0010879629629629633
88.5 0.001108796296296297
89.5 0.0010740740740740743
90.5 0.0009027777777777784
91.5 0.0008402777777777781
92.5 0.0007939814814814818
93.5 0.0007083333333333335
94.5 0.0005949074074074079
95.5 0.0005370370370370375
96.5 0.0005023148148148151
97.5 0.0004560185185185184
98.5 0.0004953703703703703
99.5 0.0004375000000000005
100.5 0.0004236111111111112
101.5 0.0003101851851851853
102.5 0.0003564814814814815
103.5 0.00027546296296296325
104.5 0.0002800925925925928
105.5 0.00024074074074074088
106.5 0.0002476851851851852
107.5 0.00021759259259259277
108.5 0.00021527777777777807
109.5 0.00018055555555555566
110.5 0.00015972222222222229
111.5 0.0001574074074074075
112.5 0.00016435185185185194
113.5 0.00011342592592592589
114.5 0.00018518518518518528
115.5 0.00015509259259259266
116.5 0.00015740740740740757
117.5 0.00013425925925925926
118.5 0.00012268518518518515
119.5 0.00015046296296296303
120.5 0.00011574074074074075
121.5 0.00015509259259259266
122.5 0.00017129629629629643
123.5 0.00014583333333333343
124.5 0.0001597222222222223
125.5 0.000175925925925926
126.5 0.00015972222222222223
127.5 0.000201388888888889
128.5 0.00022685185185185208
129.5 0.00021759259259259282
130.5 0.00022222222222222231
131.5 0.00021527777777777797
132.5 0.0002847222222222223
133.5 0.00029861111111111115
134.5 0.00032407407407407406
135.5 0.00041435185185185195
136.5 0.0005347222222222227
137.5 0.0005254629629629631
138.5 0.0006087962962962964
139.5 0.0005740740740740744
140.5 0.000726851851851852
141.5 0.0008148148148148156
142.5 0.0009421296296296305
143.5 0.0008912037037037043
144.5 0.0012037037037037053
145.5 0.0013819444444444452
146.5 0.0015925925925925936
147.5 0.0017523148148148146
148.5 0.0019513888888888894
149.5 0.0022199074074074083
150.5 0.002643518518518521
151.5 0.002884259259259261
152.5 0.0033287037037037052
153.5 0.003706018518518522
154.5 0.004199074074074076
155.5 0.004726851851851854
156.5 0.005298611111111113
157.5 0.005787037037037039
158.5 0.006449074074074078
159.5 0.007324074074074077
160.5 0.008083333333333336
161.5 0.008868055555555558
162.5 0.009877314814814818
163.5 0.010578703703703705
164.5 0.011525462962962967
165.5 0.012553240740740736
166.5 0.01355787037037036
167.5 0.014162037037037044
168.5 0.015240740740740737
169.5 0.01649537037037037
170.5 0.01682175925925926
171.5 0.017979166666666668
172.5 0.018729166666666654
173.5 0.019662037037037023
174.5 0.020206018518518512
175.5 0.020620370370370365
176.5 0.021506944444444447
177.5 0.021993055555555554
178.5 0.02202777777777777
179.5 0.021979166666666668
180.5 0.021675925925925918
181.5 0.02225231481481481
182.5 0.022358796296296293
183.5 0.021863425925925925
184.5 0.02062268518518519
185.5 0.02033564814814814
186.5 0.01944907407407407
187.5 0.018999999999999996
188.5 0.017895833333333333
189.5 0.017546296296296296
190.5 0.016692129629629633
191.5 0.01520138888888889
192.5 0.014226851851851848
193.5 0.013354166666666665
194.5 0.012372685185185188
195.5 0.011287037037037033
196.5 0.010543981481481482
197.5 0.00978240740740741
198.5 0.008967592592592595
199.5 0.008171296296296303
200.5 0.007298611111111117
201.5 0.006648148148148155
202.5 0.0060138888888888915
203.5 0.005370370370370375
204.5 0.004680555555555558
205.5 0.004261574074074075
206.5 0.0037384259259259276
207.5 0.0032129629629629648
208.5 0.002865740740740743
209.5 0.0025671296296296314
210.5 0.002199074074074077
211.5 0.00208564814814815
212.5 0.0018240740740740752
213.5 0.0015138888888888893
214.5 0.0011759259259259266
215.5 0.001182870370370371
216.5 0.0009629629629629633
217.5 0.0009745370370370374
218.5 0.0007476851851851858
219.5 0.0006388888888888889
220.5 0.0005393518518518521
221.5 0.0005856481481481486
222.5 0.0005740740740740745
223.5 0.00047222222222222256
224.5 0.00042592592592592606
225.5 0.00030787037037037057
226.5 0.0003449074074074073
227.5 0.0002916666666666668
228.5 0.0002407407407407409
229.5 0.00023148148148148163
230.5 0.00022222222222222237
231.5 0.00019675925925925945
232.5 0.00020601851851851865
233.5 0.0002083333333333335
234.5 0.0001296296296296296
235.5 0.0001666666666666668
236.5 0.00016898148148148162
237.5 0.0001435185185185186
238.5 0.00013194444444444449
239.5 0.0001574074074074075
240.5 0.00013888888888888894
241.5 0.0001365740740740741
242.5 0.000125
243.5 0.000150462962962963
244.5 0.00017592592592592603
245.5 0.000175925925925926
246.5 0.00017592592592592605
247.5 0.00016898148148148165
248.5 0.0001828703703703704
249.5 0.00016898148148148162
250.5 0.00016435185185185194
251.5 0.0002083333333333335
252.5 0.00023148148148148163
253.5 0.00022685185185185192
254.5 0.0002430555555555557
255.5 0.0002870370370370372
256.5 0.0002847222222222224
257.5 0.0003310185185185186
258.5 0.00028009259259259285
259.5 0.00039351851851851863
260.5 0.0003842592592592593
261.5 0.0004421296296296296
262.5 0.0005023148148148154
263.5 0.00048611111111111137
264.5 0.0005949074074074079
265.5 0.0006180555555555562
266.5 0.000724537037037037
267.5 0.000775462962962963
268.5 0.0009097222222222227
269.5 0.0009212962962962966
270.5 0.0008912037037037041
271.5 0.0010787037037037043
272.5 0.0012800925925925935
273.5 0.0013055555555555561
274.5 0.0013217592592592595
275.5 0.0016597222222222245
276.5 0.0016203703703703712
277.5 0.0018263888888888902
278.5 0.0018865740740740757
279.5 0.0020972222222222234
280.5 0.0021527777777777786
281.5 0.0023888888888888896
282.5 0.0024513888888888892
283.5 0.0026689814814814844
284.5 0.002986111111111112
285.5 0.0028194444444444456
286.5 0.003023148148148149
287.5 0.0030231481481481494
288.5 0.003261574074074077
289.5 0.0033564814814814833
290.5 0.0034166666666666685
291.5 0.00316203703703704
292.5 0.0033148148148148173
293.5 0.0032847222222222227
294.5 0.003312500000000001
295.5 0.0031458333333333355
296.5 0.0030046296296296305
297.5 0.002937500000000001
298.5 0.0029259259259259264
299.5 0.002842592592592595
300.5 0.002622685185185186
301.5 0.002425925925925927
302.5 0.0022569444444444442
303.5 0.0021643518518518526
304.5 0.001986111111111112
305.5 0.0018472222222222247
306.5 0.0016990740740740744
307.5 0.0014328703703703717
308.5 0.0012592592592592603
309.5 0.0012824074074074083
310.5 0.0011157407407407416
311.5 0.0009861111111111119
312.5 0.0008657407407407417
313.5 0.0006782407407407413
314.5 0.0006041666666666667
315.5 0.0005393518518518521
316.5 0.00041203703703703704
317.5 0.0003865740740740741
318.5 0.00031944444444444435
319.5 0.0002731481481481482
320.5 0.0002731481481481482
321.5 0.00019675925925925937
322.5 0.00014814814814814823
323.5 0.00010416666666666662
324.5 0.00010416666666666662
325.5 8.796296296296292e-05
326.5 6.018518518518517e-05
327.5 5.324074074074072e-05
328.5 4.166666666666666e-05
329.5 3.472222222222223e-05
330.5 3.935185185185185e-05
331.5 1.1574074074074073e-05
332.5 1.1574074074074073e-05
333.5 1.6203703703703704e-05
334.5 9.259259259259259e-06
335.5 1.388888888888889e-05
336.5 2.3148148148148148e-06
337.5 1.388888888888889e-05
338.5 9.259259259259259e-06
339.5 6.944444444444445e-06
340.5 2.3148148148148148e-06
341.5 2.3148148148148148e-06
342.5 6.944444444444445e-06
343.5 2.3148148148148148e-06
344.5 0.0
345.5 0.0
346.5 0.0
347.5 0.0
348.5 0.0
349.5 4.6296296296296296e-06
350.5 0.0
351.5 0.0
352.5 0.0
353.5 0.0
354.5 0.0
355.5 0.0
356.5 0.0
357.5 0.0
358.5 0.0
359.5 0.0
