0.5 0.00017592592592592603
1.5 0.00027083333333333343
2.5 0.0003703703703703704
3.5 0.0004467592592592593
4.5 0.0006134259259259263
5.5 0.0007430555555555564
6.5 0.0008425925925925931
7.5 0.0009745370370370381
8.5 0.0009652777777777782
9.5 0.0008634259259259268
10.5 0.0008240740740740747
11.5 0.0007129629629629633
12.5 0.0006250000000000007
13.5 0.0005023148148148151
14.5 0.0004050925925925925
15.5 0.0003310185185185186
16.5 0.00020138888888888894
17.5 0.0002129629629629632
18.5 0.0001342592592592593
19.5 6.249999999999999e-05
20.5 4.86111111111111e-05
21.5 5.3240740740740724e-05
22.5 1.6203703703703704e-05
23.5 1.1574074074074073e-05
24.5 1.388888888888889e-05
25.5 9.259259259259259e-06
26.5 1.388888888888889e-05
27.5 1.1574074074074073e-05
28.5 6.944444444444445e-06
29.5 6.944444444444445e-06
30.5 4.6296296296296296e-06
31.5 2.3148148148148148e-06
32.5 6.944444444444445e-06
33.5 6.944444444444445e-06
34.5 6.944444444444445e-06
35.5 2.3148148148148148e-06
36.5 9.259259259259259e-06
37.5 2.3148148148148148e-06
38.5 9.259259259259259e-06
39.5 1.6203703703703704e-05
40.5 6.944444444444445e-06
41.5 3.472222222222222e-05
42.5 4.861111111111111e-05
43.5 5.092592592592591e-05
44.5 6.48148148148148e-05
45.5 0.00013194444444444446
46.5 0.00020601851851851868
47.5 0.0002962962962962964
48.5 0.00043287037037037014
49.5 0.0006550925925925934
50.5 0.0011296296296296304
51.5 0.0015578703703703705
52.5 0.002520833333333334
53.5 0.0037199074074074088
54.5 0.005203703703703708
55.5 0.007405092592592598
56.5 0.010219907407407405
57.5 0.01284953703703703
58.5 0.015608796296296289
59.5 0.0184375
60.5 0.020437499999999994
61.5 0.02169212962962963
62.5 0.021495370370370352
63.5 0.019562499999999993
64.5 0.017381944444444433
65.5 0.01416435185185185
66.5 0.010833333333333328
67.5 0.007807870370370372
68.5 0.005858796296296302
69.5 0.005231481481481484
70.5 0.005611111111111115
71.5 0.0075671296296296285
72.5 0.010618055555555554
73.5 0.0149537037037037
74.5 0.02056712962962961
75.5 0.025988425925925922
76.5 0.030486111111111103
77.5 0.034289351851851856
78.5 0.03609490740740738
79.5 0.03615972222222222
80.5 0.03362962962962963
81.5 0.030324074074074066
82.5 0.02661805555555555
83.5 0.021636574074074082
84.5 0.01719907407407406
85.5 0.013344907407407406
86.5 0.009858796296296298
87.5 0.007307870370370371
88.5 0.0051180555555555545
89.5 0.003805555555555557
90.5 0.002620370370370372
91.5 0.0017800925925925935
92.5 0.0011967592592592596
93.5 0.0009189814814814817
94.5 0.000592592592592593
95.5 0.00039120370370370356
96.5 0.0002615740740740742
97.5 0.0001967592592592594
98.5 0.00014351851851851854
99.5 0.00011342592592592589
100.5 0.0001018518518518518
101.5 7.175925925925923e-05
102.5 4.629629629629629e-05
103.5 4.8611111111111095e-05
104.5 4.166666666666666e-05
105.5 3.009259259259259e-05
106.5 3.009259259259259e-05
107.5 4.1666666666666665e-05
108.5 3.703703703703703e-05
109.5 3.7037037037037037e-05
110.5 3.472222222222222e-05
111.5 4.629629629629629e-05
112.5 1.6203703703703704e-05
113.5 3.0092592592592597e-05
114.5 2.3148148148148154e-05
115.5 3.240740740740741e-05
116.5 5.324074074074073e-05
117.5 6.48148148148148e-05
118.5 7.175925925925923e-05
119.5 9.027777777777775e-05
120.5 8.796296296296293e-05
121.5 0.00011111111111111109
122.5 0.00013194444444444446
123.5 0.00012037037037037032
124.5 0.00017361111111111125
125.5 0.00022685185185185197
126.5 0.0002847222222222224
127.5 0.0003611111111111112
128.5 0.00043518518518518505
129.5 0.0005555555555555558
130.5 0.0004907407407407409
131.5 0.000590277777777778
132.5 0.0006828703703703709
133.5 0.0006134259259259263
134.5 0.0007060185185185191
135.5 0.0006458333333333338
136.5 0.0006666666666666672
137.5 0.0006620370370370373
138.5 0.0005879629629629631
139.5 0.0005625000000000002
140.5 0.0005092592592592595
141.5 0.00038888888888888887
142.5 0.0003981481481481481
143.5 0.00032870370370370367
144.5 0.00025
145.5 0.00018287037037037043
146.5 0.00015972222222222229
147.5 0.0001365740740740741
148.5 0.00010185185185185182
149.5 9.259259259259257e-05
150.5 9.9537037037037e-05
151.5 5.787037037037036e-05
152.5 7.175925925925923e-05
153.5 5.3240740740740724e-05
154.5 5.787037037037036e-05
155.5 5.787037037037036e-05
156.5 6.018518518518517e-05
157.5 6.249999999999999e-05
158.5 6.48148148148148e-05
159.5 6.48148148148148e-05
160.5 6.48148148148148e-05
161.5 4.86111111111111e-05
162.5 6.249999999999999e-05
163.5 6.018518518518517e-05
164.5 3.0092592592592597e-05
165.5 3.7037037037037037e-05
166.5 5.0925925925925916e-05
167.5 2.5462962962962968e-05
168.5 3.24074074074074e-05
169.5 3.472222222222222e-05
170.5 3.240740740740741e-05
171.5 3.472222222222223e-05
172.5 3.935185185185185e-05
173.5 3.935185185185186e-05
174.5 3.2407407407407415e-05
175.5 3.7037037037037037e-05
176.5 2.0833333333333336e-05
177.5 3.472222222222222e-05
178.5 2.0833333333333336e-05
179.5 3.0092592592592597e-05
180.5 3.703703703703703e-05
181.5 3.7037037037037037e-05
182.5 2.7777777777777786e-05
183.5 3.0092592592592597e-05
184.5 2.3148148148148154e-05
185.5 2.3148148148148154e-05
186.5 2.7777777777777786e-05
187.5 3.24074074074074e-05
188.5 3.009259259259259e-05
189.5 4.86111111111111e-05
190.5 4.166666666666666e-05
191.5 3.703703703703704e-05
192.5 3.935185185185185e-05
193.5 6.018518518518518e-05
194.5 3.009259259259259e-05
195.5 3.703703703703704e-05
196.5 5.092592592592592e-05
197.5 4.629629629629629e-05
198.5 4.398148148148147e-05
199.5 4.6296296296296294e-05
200.5 5.555555555555556e-05
201.5 5.0925925925925916e-05
202.5 3.935185185185185e-05
203.5 4.3981481481481466e-05
204.5 4.166666666666666e-05
205.5 4.86111111111111e-05
206.5 3.009259259259259e-05
207.5 3.935185185185185e-05
208.5 6.018518518518518e-05
209.5 3.703703703703703e-05
210.5 6.018518518518517e-05
211.5 7.638888888888886e-05
212.5 9.9537037037037e-05
213.5 9.722222222222219e-05
214.5 0.00011111111111111106
215.5 0.00013425925925925926
216.5 0.00020833333333333343
217.5 0.0002523148148148148
218.5 0.00019212962962962977
219.5 0.00028009259259259263
220.5 0.00033564814814814807
221.5 0.0003680555555555555
222.5 0.00032175925925925926
223.5 0.0003194444444444444
224.5 0.00033796296296296287
225.5 0.0003425925925925925
226.5 0.00033101851851851847
227.5 0.00029166666666666685
228.5 0.00023379629629629624
229.5 0.00021527777777777786
230.5 0.0001967592592592593
231.5 0.00018518518518518526
232.5 0.00015277777777777783
233.5 0.0001319444444444445
234.5 0.00011574074074074072
235.5 6.944444444444443e-05
236.5 6.25e-05
237.5 6.48148148148148e-05
238.5 4.398148148148148e-05
239.5 3.472222222222222e-05
240.5 5.3240740740740724e-05
241.5 2.7777777777777786e-05
242.5 9.259259259259259e-06
243.5 1.851851851851852e-05
244.5 1.388888888888889e-05
245.5 9.259259259259259e-06
246.5 1.6203703703703704e-05
247.5 1.388888888888889e-05
248.5 1.1574074074074073e-05
249.5 0.0
250.5 1.851851851851852e-05
251.5 4.6296296296296296e-06
252.5 2.314814814814815e-05
253.5 2.0833333333333336e-05
254.5 9.259259259259259e-06
255.5 9.259259259259259e-06
256.5 2.0833333333333336e-05
257.5 3.7037037037037037e-05
258.5 2.3148148148148154e-05
259.5 3.935185185185186e-05
260.5 5.787037037037036e-05
261.5 8.10185185185185e-05
262.5 9.490740740740736e-05
263.5 0.00011805555555555555
264.5 0.00018981481481481486
265.5 0.00020601851851851863
266.5 0.00037037037037037024
267.5 0.000486111111111111
268.5 0.000791666666666667
269.5 0.0011967592592592594
270.5 0.0017083333333333338
271.5 0.002321759259259259
272.5 0.0032222222222222222
273.5 0.004134259259259261
274.5 0.00587037037037037
275.5 0.007525462962962964
276.5 0.009446759259259257
277.5 0.011393518518518518
278.5 0.013557870370370368
279.5 0.015087962962962958
280.5 0.015520833333333326
281.5 0.015557870370370366
282.5 0.014997685185185183
283.5 0.013164351851851854
284.5 0.011439814814814812
285.5 0.008969907407407406
286.5 0.006655092592592596
287.5 0.004685185185185186
288.5 0.0035925925925925934
289.5 0.0029930555555555574
290.5 0.0030347222222222242
291.5 0.004099537037037041
292.5 0.0056851851851851855
293.5 0.008041666666666666
294.5 0.01013888888888889
295.5 0.012525462962962957
296.5 0.014706018518518514
297.5 0.01567361111111111
298.5 0.015930555555555552
299.5 0.015189814814814814
300.5 0.013398148148148149
301.5 0.011465277777777774
302.5 0.008884259259259253
303.5 0.007097222222222225
304.5 0.0053634259259259295
305.5 0.003743055555555559
306.5 0.002678240740740743
307.5 0.001807870370370371
308.5 0.0011250000000000001
309.5 0.0007893518518518523
310.5 0.00048611111111111115
311.5 0.0003078703703703704
312.5 0.00022222222222222237
313.5 0.00014351851851851852
314.5 8.796296296296293e-05
315.5 6.018518518518517e-05
316.5 4.166666666666667e-05
317.5 2.7777777777777786e-05
318.5 1.388888888888889e-05
319.5 1.6203703703703704e-05
320.5 2.3148148148148148e-06
321.5 4.6296296296296296e-06
322.5 6.944444444444445e-06
323.5 2.3148148148148148e-06
324.5 1.1574074074074073e-05
325.5 0.0
326.5 6.944444444444445e-06
327.5 2.3148148148148148e-06
328.5 0.0
329.5 0.0
330.5 4.6296296296296296e-06
331.5 9.259259259259259e-06
332.5 4.6296296296296296e-06
333.5 6.944444444444445e-06
334.5 9.259259259259259e-06
335.5 1.388888888888889e-05
336.5 1.388888888888889e-05
337.5 2.0833333333333336e-05
338.5 2.3148148148148154e-05
339.5 3.472222222222223e-05
340.5 4.398148148148147e-05
341.5 7.638888888888886e-05
342.5 7.870370370370367e-05
343.5 0.00010416666666666663
344.5 0.000164351851851852
345.5 0.0001990740740740742
346.5 0.00033564814814814823
347.5 0.00038194444444444446
348.5 0.00040740740740740733
349.5 0.0004953703703703707
350.5 0.0004652777777777779
351.5 0.0005162037037037039
352.5 0.0004976851851851856
353.5 0.0004143518518518518
354.5 0.0004305555555555555
355.5 0.00036342592592592584
356.5 0.0003263888888888889
357.5 0.00016666666666666674
358.5 0.0001365740740740741
359.5 0.00016203703703703706
