0.5 0.00015277777777777783
1.5 0.00013888888888888892
2.5 0.00014583333333333337
3.5 0.00020138888888888905
4.5 0.00013425925925925923
5.5 0.00017824074074074083
6.5 0.00017361111111111114
7.5 0.00018981481481481497
8.5 0.00022222222222222237
9.5 0.00023148148148148157
10.5 0.0002569444444444444
11.5 0.00023611111111111117
12.5 0.0002847222222222223
13.5 0.00031250000000000006
14.5 0.0003518518518518519
15.5 0.0003773148148148148
16.5 0.0004652777777777778
17.5 0.0005300925925925929
18.5 0.000615740740740741
19.5 0.0006550925925925931
20.5 0.000768518518518519
21.5 0.000951388888888889
22.5 0.001152777777777778
23.5 0.0011574074074074082
24.5 0.0016226851851851851
25.5 0.001747685185185185
26.5 0.0021458333333333334
27.5 0.0023541666666666685
28.5 0.0029143518518518524
29.5 0.0032754629629629644
30.5 0.0035902777777777803
31.5 0.004395833333333336
32.5 0.004659722222222225
33.5 0.005553240740740742
34.5 0.005856481481481483
35.5 0.0063356481481481475
36.5 0.006798611111111116
37.5 0.007006944444444447
38.5 0.007756944444444445
39.5 0.007997685185185184
40.5 0.008273148148148151
41.5 0.008305555555555556
42.5 0.008650462962962964
43.5 0.0084537037037037
44.5 0.008254629629629627
45.5 0.008064814814814816
46.5 0.008085648148148149
47.5 0.007935185185185186
48.5 0.007733796296296298
49.5 0.007363425925925928
50.5 0.00715277777777778
51.5 0.007222222222222224
52.5 0.006826388888888888
53.5 0.006548611111111114
54.5 0.006217592592592596
55.5 0.006310185185185186
56.5 0.0060254629629629625
57.5 0.005962962962962964
58.5 0.005909722222222225
59.5 0.005884259259259259
60.5 0.006000000000000002
61.5 0.006067129629629634
62.5 0.005983796296296301
63.5 0.006192129629629629
64.5 0.00644675925925926
65.5 0.006687500000000005
66.5 0.006976851851851857
67.5 0.007486111111111114
68.5 0.008108796296296298
69.5 0.008537037037037032
70.5 0.009106481481481486
71.5 0.009847222222222224
72.5 0.01034259259259259
73.5 0.010652777777777775
74.5 0.01105787037037037
75.5 0.01171527777777777
76.5 0.011724537037037037
77.5 0.011972222222222217
78.5 0.012057870370370365
79.5 0.011956018518518519
80.5 0.011504629629629627
81.5 0.011224537037037035
82.5 0.010594907407407402
83.5 0.01035648148148148
84.5 0.008921296296296293
85.5 0.008381944444444447
86.5 0.007215277777777779
87.5 0.006472222222222224
88.5 0.005712962962962965
89.5 0.004833333333333336
90.5 0.004032407407407408
91.5 0.0034166666666666664
92.5 0.0029421296296296318
93.5 0.0022638888888888895
94.5 0.0018217592592592606
95.5 0.0014837962962962966
96.5 0.001226851851851852
97.5 0.0009884259259259267
98.5 0.0008425925925925931
99.5 0.0006597222222222227
100.5 0.0005509259259259265
101.5 0.0004768518518518518
102.5 0.00036342592592592595
103.5 0.00029398148148148144
104.5 0.00030787037037037046
105.5 0.00024074074074074077
106.5 0.00021759259259259263
107.5 0.00016435185185185191
108.5 0.0001365740740740741
109.5 0.0001527777777777779
110.5 0.00011574074074074076
111.5 0.00011342592592592592
112.5 0.00010416666666666663
113.5 7.870370370370369e-05
114.5 8.10185185185185e-05
115.5 7.870370370370367e-05
116.5 8.564814814814812e-05
117.5 7.175925925925925e-05
118.5 6.25e-05
119.5 7.870370370370369e-05
120.5 6.48148148148148e-05
121.5 6.25e-05
122.5 7.87037037037037e-05
123.5 9.490740740740739e-05
124.5 9.490740740740738e-05
125.5 7.87037037037037e-05
126.5 9.722222222222222e-05
127.5 0.00013194444444444446
128.5 0.0001365740740740741
129.5 0.00013194444444444449
130.5 0.00015046296296296303
131.5 0.00015046296296296303
132.5 0.00020370370370370375
133.5 0.00018518518518518526
134.5 0.0002708333333333333
135.5 0.00026620370370370367
136.5 0.00028472222222222207
137.5 0.0002546296296296296
138.5 0.000324074074074074
139.5 0.00028935185185185184
140.5 0.0003148148148148148
141.5 0.00040740740740740733
142.5 0.00042592592592592584
143.5 0.00034027777777777767
144.5 0.000412037037037037
145.5 0.00042361111111111104
146.5 0.00043981481481481465
147.5 0.0004421296296296296
148.5 0.00038194444444444436
149.5 0.00040972222222222213
150.5 0.00036111111111111104
151.5 0.00042361111111111104
152.5 0.00035185185185185173
153.5 0.00029398148148148155
154.5 0.0002800925925925925
155.5 0.0002662037037037037
156.5 0.00022916666666666664
157.5 0.00019675925925925932
158.5 0.0001712962962962963
159.5 0.000125
160.5 0.00011574074074074076
161.5 9.953703703703703e-05
162.5 8.101851851851852e-05
163.5 6.48148148148148e-05
164.5 4.6296296296296294e-05
165.5 2.5462962962962965e-05
166.5 3.24074074074074e-05
167.5 1.388888888888889e-05
168.5 3.009259259259259e-05
169.5 1.388888888888889e-05
170.5 1.8518518518518518e-05
171.5 9.259259259259259e-06
172.5 2.3148148148148148e-06
173.5 6.944444444444445e-06
174.5 4.6296296296296296e-06
175.5 6.944444444444445e-06
176.5 2.3148148148148148e-06
177.5 4.6296296296296296e-06
178.5 6.944444444444445e-06
179.5 2.3148148148148148e-06
180.5 0.0
181.5 0.0
182.5 2.3148148148148148e-06
183.5 2.3148148148148148e-06
184.5 6.944444444444445e-06
185.5 4.6296296296296296e-06
186.5 9.259259259259259e-06
187.5 2.0833333333333336e-05
188.5 1.62037037037037e-05
189.5 1.388888888888889e-05
190.5 2.0833333333333336e-05
191.5 3.009259259259259e-05
192.5 3.472222222222222e-05
193.5 3.935185185185185e-05
194.5 6.018518518518517e-05
195.5 6.48148148148148e-05
196.5 8.333333333333333e-05
197.5 9.953703703703703e-05
198.5 0.000125
199.5 0.00017361111111111117
200.5 0.0002268518518518519
201.5 0.0002476851851851852
202.5 0.0002453703703703704
203.5 0.00035648148148148144
204.5 0.00036805555555555555
205.5 0.00044444444444444447
206.5 0.0004074074074074074
207.5 0.00044444444444444436
208.5 0.0004652777777777779
209.5 0.0005347222222222225
210.5 0.0005023148148148149
211.5 0.0005833333333333336
212.5 0.0005486111111111113
213.5 0.0005671296296296297
214.5 0.0005949074074074074
215.5 0.0005601851851851854
216.5 0.0004768518518518518
217.5 0.0005231481481481482
218.5 0.0004699074074074075
219.5 0.00047222222222222224
220.5 0.0003634259259259259
221.5 0.00033796296296296287
222.5 0.00031249999999999995
223.5 0.00030787037037037035
224.5 0.00025925925925925926
225.5 0.00026388888888888886
226.5 0.00018750000000000003
227.5 0.00014583333333333335
228.5 0.00016666666666666677
229.5 0.00015972222222222223
230.5 0.000125
231.5 6.944444444444443e-05
232.5 6.712962962962962e-05
233.5 8.333333333333332e-05
234.5 8.333333333333332e-05
235.5 9.027777777777775e-05
236.5 6.249999999999999e-05
237.5 4.8611111111111095e-05
238.5 4.3981481481481486e-05
239.5 6.249999999999999e-05
240.5 3.7037037037037037e-05
241.5 4.398148148148147e-05
242.5 4.398148148148148e-05
243.5 4.6296296296296294e-05
244.5 6.944444444444443e-05
245.5 5.787037037037037e-05
246.5 5.555555555555556e-05
247.5 7.638888888888889e-05
248.5 7.407407407407407e-05
249.5 5.0925925925925916e-05
250.5 8.101851851851852e-05
251.5 9.490740740740739e-05
252.5 9.722222222222219e-05
253.5 0.00013425925925925923
254.5 0.00013888888888888886
255.5 0.00024074074074074077
256.5 0.00021527777777777786
257.5 0.00028472222222222234
258.5 0.00036111111111111115
259.5 0.00041898148148148155
260.5 0.0005370370370370373
261.5 0.0006250000000000001
262.5 0.0008657407407407409
263.5 0.0010300925925925929
264.5 0.001208333333333333
265.5 0.0016643518518518518
266.5 0.001900462962962964
267.5 0.0022962962962962963
268.5 0.002837962962962964
269.5 0.0036273148148148154
270.5 0.004081018518518522
271.5 0.004775462962962963
272.5 0.005513888888888889
273.5 0.0061504629629629635
274.5 0.00695601851851852
275.5 0.0076851851851851855
276.5 0.00853472222222222
277.5 0.008981481481481483
278.5 0.009199074074074073
279.5 0.009722222222222219
280.5 0.009874999999999991
281.5 0.010064814814814813
282.5 0.009974537037037033
283.5 0.00988888888888889
284.5 0.009587962962962961
285.5 0.009219907407407406
286.5 0.008743055555555556
287.5 0.008444444444444445
288.5 0.00830787037037037
289.5 0.007960648148148149
290.5 0.0073425925925925915
291.5 0.006678240740740742
292.5 0.006337962962962964
293.5 0.006439814814814818
294.5 0.0060254629629629625
295.5 0.0055694444444444454
296.5 0.005550925925925928
297.5 0.005238425925925928
298.5 0.004722222222222221
299.5 0.005016203703703704
300.5 0.004851851851851854
301.5 0.004868055555555556
302.5 0.004881944444444448
303.5 0.00522453703703704
304.5 0.005076388888888888
305.5 0.0053680555555555565
306.5 0.005361111111111114
307.5 0.005858796296296297
308.5 0.005740740740740742
309.5 0.006041666666666668
310.5 0.006328703703703705
311.5 0.006803240740740744
312.5 0.007092592592592591
313.5 0.007428240740740741
314.5 0.00744212962962963
315.5 0.007851851851851853
316.5 0.007900462962962963
317.5 0.008189814814814813
318.5 0.008023148148148142
319.5 0.008106481481481484
320.5 0.007981481481481482
321.5 0.007879629629629627
322.5 0.007453703703703705
323.5 0.007347222222222221
324.5 0.006689814814814817
325.5 0.006187499999999999
326.5 0.005858796296296296
327.5 0.005173611111111112
328.5 0.004578703703703705
329.5 0.004074074074074074
330.5 0.003537037037037038
331.5 0.0030486111111111113
332.5 0.0028287037037037035
333.5 0.0024930555555555565
334.5 0.002034722222222222
335.5 0.0017777777777777783
336.5 0.0015555555555555555
337.5 0.0011805555555555554
338.5 0.0009652777777777779
339.5 0.0008819444444444451
340.5 0.0006759259259259261
341.5 0.000650462962962963
342.5 0.0005462962962962962
343.5 0.0005
344.5 0.00043981481481481486
345.5 0.00034953703703703714
346.5 0.00029166666666666675
347.5 0.00024074074074074083
348.5 0.00024074074074074083
349.5 0.00021064814814814817
350.5 0.00021527777777777786
351.5 0.00023842592592592603
352.5 0.00019444444444444446
353.5 0.00015277777777777777
354.5 0.0001875000000000001
355.5 0.0001666666666666667
356.5 0.00012037037037037036
357.5 0.0001597222222222223
358.5 0.00011342592592592589
359.5 0.00014351851851851857
