0.5 2.3148148148148148e-06
1.5 0.0
2.5 6.944444444444445e-06
3.5 4.6296296296296296e-06
4.5 0.0
5.5 4.6296296296296296e-06
6.5 6.944444444444445e-06
7.5 6.944444444444445e-06
8.5 0.0
9.5 0.0
10.5 0.0
11.5 2.3148148148148148e-06
12.5 4.6296296296296296e-06
13.5 2.3148148148148148e-06
14.5 2.3148148148148148e-06
15.5 0.0
16.5 4.6296296296296296e-06
17.5 4.6296296296296296e-06
18.5 6.944444444444445e-06
19.5 1.1574074074074073e-05
20.5 2.3148148148148148e-06
21.5 6.944444444444445e-06
22.5 4.6296296296296296e-06
23.5 4.6296296296296296e-06
24.5 6.944444444444445e-06
25.5 4.6296296296296296e-06
26.5 9.259259259259259e-06
27.5 1.851851851851852e-05
28.5 9.259259259259259e-06
29.5 2.5462962962962968e-05
30.5 2.7777777777777786e-05
31.5 2.0833333333333336e-05
32.5 1.6203703703703704e-05
33.5 4.6296296296296294e-05
34.5 5.555555555555556e-05
35.5 5.3240740740740724e-05
36.5 6.018518518518517e-05
37.5 9.027777777777773e-05
38.5 7.638888888888886e-05
39.5 8.796296296296292e-05
40.5 0.0001273148148148148
41.5 0.00013888888888888894
42.5 0.00016435185185185191
43.5 0.0001736111111111112
44.5 0.0001990740740740742
45.5 0.00022916666666666688
46.5 0.00025231481481481497
47.5 0.0003287037037037037
48.5 0.0003333333333333333
49.5 0.00042361111111111126
50.5 0.0004282407407407407
51.5 0.0005393518518518521
52.5 0.0005625000000000003
53.5 0.0006944444444444449
54.5 0.0006736111111111114
55.5 0.0008541666666666671
56.5 0.0008240740740740746
57.5 0.0008912037037037043
58.5 0.0009074074074074077
59.5 0.0009907407407407415
60.5 0.0009398148148148152
61.5 0.0010949074074074077
62.5 0.0011435185185185192
63.5 0.0011875000000000013
64.5 0.0012222222222222224
65.5 0.001106481481481482
66.5 0.0012337962962962966
67.5 0.0012777777777777785
68.5 0.0013541666666666676
69.5 0.0012847222222222223
70.5 0.0012106481481481484
71.5 0.0012175925925925928
72.5 0.0012430555555555556
73.5 0.0012430555555555563
74.5 0.0012314814814814816
75.5 0.0013055555555555563
76.5 0.0010902777777777783
77.5 0.0010439814814814817
78.5 0.0010902777777777777
79.5 0.0010879629629629635
80.5 0.000921296296296297
81.5 0.0008981481481481485
82.5 0.0008634259259259268
83.5 0.0008680555555555565
84.5 0.0007662037037037044
85.5 0.0007361111111111116
86.5 0.0005995370370370374
87.5 0.0005462962962962961
88.5 0.0005185185185185185
89.5 0.0005324074074074077
90.5 0.0004421296296296297
91.5 0.0004745370370370374
92.5 0.0004004629629629629
93.5 0.00027546296296296314
94.5 0.000340277777777778
95.5 0.00033333333333333327
96.5 0.00025
97.5 0.00029398148148148165
98.5 0.0002129629629629631
99.5 0.00016203703703703711
100.5 0.00017361111111111123
101.5 0.0001365740740740741
102.5 0.00013194444444444449
103.5 8.796296296296296e-05
104.5 0.00010879629629629623
105.5 0.00011574074074074069
106.5 7.870370370370367e-05
107.5 9.027777777777773e-05
108.5 7.638888888888887e-05
109.5 8.333333333333332e-05
110.5 6.712962962962962e-05
111.5 7.870370370370366e-05
112.5 6.48148148148148e-05
113.5 6.018518518518517e-05
114.5 6.944444444444442e-05
115.5 5.787037037037036e-05
116.5 3.240740740740741e-05
117.5 3.935185185185186e-05
118.5 6.249999999999999e-05
119.5 3.935185185185186e-05
120.5 2.7777777777777786e-05
121.5 3.4722222222222215e-05
122.5 3.935185185185185e-05
123.5 4.166666666666666e-05
124.5 7.407407407407403e-05
125.5 5.5555555555555545e-05
126.5 7.870370370370367e-05
127.5 8.33333333333333e-05
128.5 5.5555555555555545e-05
129.5 6.249999999999999e-05
130.5 9.027777777777775e-05
131.5 9.490740740740736e-05
132.5 0.00011805555555555555
133.5 0.00014583333333333343
134.5 0.00013888888888888894
135.5 0.00018287037037037046
136.5 0.00021759259259259277
137.5 0.00019212962962962971
138.5 0.00023379629629629632
139.5 0.0002314814814814817
140.5 0.00031481481481481497
141.5 0.00034027777777777767
142.5 0.0003981481481481482
143.5 0.00042824074074074075
144.5 0.0005972222222222225
145.5 0.0007152777777777782
146.5 0.000706018518518519
147.5 0.0008611111111111121
148.5 0.001141203703703704
149.5 0.001229166666666667
150.5 0.0014120370370370372
151.5 0.0014606481481481495
152.5 0.0018680555555555564
153.5 0.0020972222222222234
154.5 0.0026319444444444463
155.5 0.0027129629629629656
156.5 0.0033981481481481497
157.5 0.0038379629629629636
158.5 0.004129629629629632
159.5 0.0048101851851851864
160.5 0.0052777777777777805
161.5 0.006231481481481482
162.5 0.0068009259259259325
163.5 0.0077337962962962985
164.5 0.008375000000000002
165.5 0.009261574074074071
166.5 0.010148148148148151
167.5 0.01096296296296296
168.5 0.011946759259259258
169.5 0.012833333333333325
170.5 0.013879629629629627
171.5 0.014993055555555555
172.5 0.01577314814814814
173.5 0.016449074074074074
174.5 0.01718518518518518
175.5 0.018111111111111106
176.5 0.018446759259259256
177.5 0.019222222222222217
178.5 0.019888888888888887
179.5 0.020298611111111118
180.5 0.020254629629629636
181.5 0.01972453703703703
182.5 0.02003935185185185
183.5 0.01987037037037037
184.5 0.01952314814814815
185.5 0.01910185185185184
186.5 0.018229166666666664
187.5 0.017685185185185186
188.5 0.01692129629629629
189.5 0.016120370370370375
190.5 0.015458333333333333
191.5 0.014344907407407412
192.5 0.013398148148148147
193.5 0.012263888888888887
194.5 0.011231481481481485
195.5 0.010777777777777777
196.5 0.009541666666666667
197.5 0.008814814814814815
198.5 0.008027777777777774
199.5 0.007062500000000001
200.5 0.0062824074074074076
201.5 0.005506944444444448
202.5 0.0051388888888888925
203.5 0.0044791666666666695
204.5 0.003988425925925927
205.5 0.003444444444444447
206.5 0.003270833333333337
207.5 0.0027824074074074097
208.5 0.002451388888888891
209.5 0.002067129629629631
210.5 0.0017731481481481496
211.5 0.0015208333333333335
212.5 0.0013310185185185191
213.5 0.0011712962962962972
214.5 0.0009652777777777784
215.5 0.0007847222222222227
216.5 0.0007106481481481488
217.5 0.0006712962962962967
218.5 0.0005347222222222225
219.5 0.0004583333333333334
220.5 0.00046527777777777773
221.5 0.0003402777777777777
222.5 0.0002893518518518519
223.5 0.00029629629629629635
224.5 0.0002199074074074075
225.5 0.00022453703703703722
226.5 0.0002106481481481483
227.5 0.00017129629629629637
228.5 0.00018055555555555568
229.5 0.00012499999999999995
230.5 0.00013194444444444443
231.5 0.00013194444444444443
232.5 0.0001412037037037037
233.5 0.0001226851851851852
234.5 0.00012037037037037032
235.5 8.796296296296293e-05
236.5 9.259259259259253e-05
237.5 0.00010416666666666663
238.5 0.00010879629629629626
239.5 0.00011342592592592589
240.5 7.407407407407405e-05
241.5 9.9537037037037e-05
242.5 9.259259259259253e-05
243.5 0.00010416666666666662
244.5 0.00012037037037037035
245.5 0.00011342592592592592
246.5 0.00012037037037037039
247.5 0.00014351851851851854
248.5 0.000125
249.5 0.00011111111111111109
250.5 0.00012037037037037035
251.5 0.0001875000000000001
252.5 0.00018981481481481489
253.5 0.0001689814814814815
254.5 0.00019212962962962974
255.5 0.00022453703703703717
256.5 0.0002685185185185185
257.5 0.00030787037037037046
258.5 0.00033796296296296303
259.5 0.0003495370370370372
260.5 0.00033564814814814823
261.5 0.00047222222222222245
262.5 0.0004976851851851853
263.5 0.000606481481481482
264.5 0.0006643518518518523
265.5 0.0007407407407407412
266.5 0.0007430555555555565
267.5 0.0010370370370370377
268.5 0.001138888888888889
269.5 0.0013148148148148155
270.5 0.0014814814814814816
271.5 0.001613425925925927
272.5 0.0019861111111111104
273.5 0.0021574074074074082
274.5 0.002312500000000001
275.5 0.002722222222222223
276.5 0.002925925925925927
277.5 0.003557870370370371
278.5 0.0039282407407407426
279.5 0.004203703703703705
280.5 0.0046597222222222266
281.5 0.00529166666666667
282.5 0.005881944444444448
283.5 0.006171296296296302
284.5 0.007043981481481488
285.5 0.007509259259259265
286.5 0.008171296296296295
287.5 0.008233796296296295
288.5 0.008953703703703703
289.5 0.009354166666666663
290.5 0.009833333333333333
291.5 0.010178240740740745
292.5 0.010386574074074072
293.5 0.010592592592592591
294.5 0.010370370370370368
295.5 0.010430555555555554
296.5 0.010680555555555556
297.5 0.010229166666666671
298.5 0.009777777777777776
299.5 0.009111111111111117
300.5 0.009064814814814814
301.5 0.008719907407407405
302.5 0.008238425925925929
303.5 0.007722222222222226
304.5 0.006854166666666672
305.5 0.006467592592592593
306.5 0.0057337962962963
307.5 0.005090277777777781
308.5 0.0046782407407407415
309.5 0.004162037037037038
310.5 0.003599537037037038
311.5 0.003062500000000002
312.5 0.0026342592592592607
313.5 0.002233796296296298
314.5 0.0020625000000000005
315.5 0.0017337962962962964
316.5 0.0013819444444444452
317.5 0.0011550925925925938
318.5 0.001016203703703704
319.5 0.0009074074074074076
320.5 0.0007245370370370375
321.5 0.0005763888888888889
322.5 0.00044907407407407407
323.5 0.0003888888888888888
324.5 0.00034259259259259247
325.5 0.0002523148148148148
326.5 0.00023611111111111123
327.5 0.00021064814814814826
328.5 0.00013657407407407412
329.5 0.00012037037037037039
330.5 0.00012037037037037035
331.5 8.56481481481481e-05
332.5 7.638888888888887e-05
333.5 3.935185185185186e-05
334.5 3.472222222222222e-05
335.5 4.398148148148147e-05
336.5 2.7777777777777786e-05
337.5 3.935185185185185e-05
338.5 2.5462962962962965e-05
339.5 2.5462962962962965e-05
340.5 2.0833333333333333e-05
341.5 4.6296296296296296e-06
342.5 1.6203703703703704e-05
343.5 1.1574074074074073e-05
344.5 9.259259259259259e-06
345.5 1.1574074074074073e-05
346.5 9.259259259259259e-06
347.5 6.944444444444445e-06
348.5 6.944444444444445e-06
349.5 6.944444444444445e-06
350.5 9.259259259259259e-06
351.5 0.0
352.5 6.944444444444445e-06
353.5 2.3148148148148148e-06
354.5 0.0
355.5 2.3148148148148148e-06
356.5 0.0
357.5 2.3148148148148148e-06
358.5 0.0
359.5 0.0
