0.5 2.3148148148148148e-06
1.5 2.3148148148148148e-06
2.5 0.0
3.5 2.3148148148148148e-06
4.5 2.3148148148148148e-06
5.5 0.0
6.5 2.3148148148148148e-06
7.5 0.0
8.5 0.0
9.5 0.0
10.5 0.0
11.5 2.3148148148148148e-06
12.5 0.0
13.5 2.3148148148148148e-06
14.5 2.3148148148148148e-06
15.5 2.3148148148148148e-06
16.5 6.944444444444445e-06
17.5 2.3148148148148148e-06
18.5 2.3148148148148148e-06
19.5 4.6296296296296296e-06
20.5 2.3148148148148148e-06
21.5 1.1574074074074073e-05
22.5 4.6296296296296296e-06
23.5 1.1574074074074073e-05
24.5 6.944444444444445e-06
25.5 1.1574074074074073e-05
26.5 1.1574074074074073e-05
27.5 2.3148148148148154e-05
28.5 2.5462962962962968e-05
29.5 4.398148148148148e-05
30.5 6.018518518518517e-05
31.5 5.787037037037036e-05
32.5 8.564814814814812e-05
33.5 9.027777777777773e-05
34.5 9.490740740740736e-05
35.5 0.00012731481481481478
36.5 0.00016203703703703714
37.5 0.0001597222222222223
38.5 0.00022685185185185202
39.5 0.00023379629629629632
40.5 0.0003495370370370371
41.5 0.0003819444444444445
42.5 0.0004027777777777779
43.5 0.0005208333333333337
44.5 0.0005740740740740742
45.5 0.0006689814814814822
46.5 0.000807870370370371
47.5 0.0008981481481481491
48.5 0.0009884259259259258
49.5 0.0012685185185185189
50.5 0.0013587962962962972
51.5 0.0015254629629629644
52.5 0.001715277777777779
53.5 0.001717592592592594
54.5 0.0019097222222222228
55.5 0.0022453703703703715
56.5 0.0025023148148148166
57.5 0.00259027777777778
58.5 0.0026898148148148176
59.5 0.0029050925925925937
60.5 0.003011574074074077
61.5 0.0030486111111111143
62.5 0.0032361111111111136
63.5 0.003319444444444446
64.5 0.0032847222222222245
65.5 0.0033078703703703725
66.5 0.0034120370370370385
67.5 0.0035277777777777807
68.5 0.003613425925925928
69.5 0.0033263888888888904
70.5 0.003550925925925928
71.5 0.003219907407407409
72.5 0.0032314814814814823
73.5 0.003129629629629631
74.5 0.0029606481481481515
75.5 0.0029583333333333354
76.5 0.0027060185185185212
77.5 0.0024398148148148165
78.5 0.002296296296296298
79.5 0.002358796296296298
80.5 0.0021990740740740755
81.5 0.001993055555555556
82.5 0.0018773148148148158
83.5 0.0017430555555555567
84.5 0.0016018518518518528
85.5 0.001472222222222223
86.5 0.0012916666666666673
87.5 0.0011666666666666672
88.5 0.001041666666666667
89.5 0.0008773148148148159
90.5 0.000780092592592593
91.5 0.0008402777777777782
92.5 0.000641203703703704
93.5 0.0005902777777777782
94.5 0.0006365740740740746
95.5 0.0005416666666666669
96.5 0.0004976851851851852
97.5 0.0004907407407407411
98.5 0.00038425925925925927
99.5 0.00035879629629629646
100.5 0.00032175925925925937
101.5 0.0003148148148148148
102.5 0.00028935185185185194
103.5 0.00023379629629629648
104.5 0.00024305555555555568
105.5 0.00023842592592592597
106.5 0.00022222222222222237
107.5 0.00019212962962962977
108.5 0.0002060185185185187
109.5 0.0001620370370370371
110.5 0.0001736111111111112
111.5 0.00017361111111111117
112.5 0.00016898148148148157
113.5 0.00015509259259259263
114.5 0.0001550925925925927
115.5 0.00012731481481481483
116.5 0.00011805555555555555
117.5 0.00012731481481481483
118.5 0.00013888888888888892
119.5 0.00014351851851851857
120.5 0.00012268518518518515
121.5 0.00010648148148148143
122.5 0.00016435185185185194
123.5 9.953703703703699e-05
124.5 0.00014120370370370374
125.5 0.00016203703703703706
126.5 0.00015277777777777788
127.5 0.00018518518518518534
128.5 0.0001527777777777778
129.5 0.00018981481481481494
130.5 0.00020370370370370383
131.5 0.00021990740740740757
132.5 0.0002175925925925927
133.5 0.00025925925925925926
134.5 0.00030324074074074075
135.5 0.00034722222222222207
136.5 0.0003912037037037037
137.5 0.00040277777777777805
138.5 0.0005092592592592593
139.5 0.0005416666666666672
140.5 0.0005555555555555561
141.5 0.0006574074074074074
142.5 0.0008055555555555559
143.5 0.000914351851851852
144.5 0.0010763888888888897
145.5 0.0011527777777777788
146.5 0.0013356481481481492
147.5 0.001652777777777778
148.5 0.001858796296296297
149.5 0.00201851851851852
150.5 0.0022685185185185187
151.5 0.002821759259259262
152.5 0.003002314814814817
153.5 0.0033773148148148182
154.5 0.003891203703703706
155.5 0.004310185185185188
156.5 0.004983796296296302
157.5 0.0053703703703703734
158.5 0.006118055555555561
159.5 0.006817129629629637
160.5 0.007606481481481484
161.5 0.008465277777777776
162.5 0.009479166666666669
163.5 0.01032638888888889
164.5 0.011354166666666663
165.5 0.011833333333333331
166.5 0.013337962962962961
167.5 0.014189814814814818
168.5 0.015393518518518522
169.5 0.016138888888888883
170.5 0.017543981481481483
171.5 0.01812731481481481
172.5 0.01920138888888888
173.5 0.019409722222222217
174.5 0.020796296296296285
175.5 0.02111574074074075
176.5 0.021527777777777774
177.5 0.021703703703703708
178.5 0.021726851851851844
179.5 0.02232638888888889
180.5 0.022048611111111126
181.5 0.022182870370370367
182.5 0.021701388888888885
183.5 0.021650462962962958
184.5 0.02111574074074074
185.5 0.020437499999999994
186.5 0.01971759259259258
187.5 0.018740740740740752
188.5 0.017782407407407406
189.5 0.017108796296296302
190.5 0.015939814814814813
191.5 0.01496527777777777
192.5 0.014138888888888883
193.5 0.012958333333333336
194.5 0.012115740740740745
195.5 0.011203703703703705
196.5 0.01034259259259259
197.5 0.00929861111111111
198.5 0.008192129629629627
199.5 0.007587962962962967
200.5 0.007127314814814821
201.5 0.005967592592592597
202.5 0.005527777777777781
203.5 0.004773148148148148
204.5 0.004310185185185187
205.5 0.0038194444444444448
206.5 0.0033750000000000047
207.5 0.002854166666666667
208.5 0.002717592592592594
209.5 0.002321759259259261
210.5 0.0020092592592592597
211.5 0.0018217592592592602
212.5 0.001557870370370372
213.5 0.00133101851851852
214.5 0.0012754629629629635
215.5 0.0010115740740740753
216.5 0.0009583333333333338
217.5 0.0007847222222222227
218.5 0.0007777777777777784
219.5 0.0005787037037037041
220.5 0.0005949074074074079
221.5 0.0005185185185185185
222.5 0.0004189814814814817
223.5 0.000347222222222222
224.5 0.00036574074074074086
225.5 0.00031481481481481497
226.5 0.00032407407407407406
227.5 0.00023842592592592603
228.5 0.0002708333333333335
229.5 0.00019212962962962985
230.5 0.0002361111111111113
231.5 0.00021064814814814828
232.5 0.00019675925925925937
233.5 0.00014583333333333343
234.5 0.0001851851851851853
235.5 0.0001689814814814816
236.5 0.00014351851851851857
237.5 0.0001226851851851852
238.5 0.00011342592592592589
239.5 0.00015277777777777783
240.5 0.0001226851851851852
241.5 0.0001296296296296296
242.5 0.00013888888888888897
243.5 0.00012268518518518517
244.5 0.00013194444444444446
245.5 0.000125
246.5 0.00018287037037037054
247.5 0.00016666666666666685
248.5 0.00016898148148148162
249.5 0.0001712962962962964
250.5 0.0001921296296296298
251.5 0.00018287037037037054
252.5 0.00022685185185185208
253.5 0.00022453703703703728
254.5 0.00027777777777777794
255.5 0.00025231481481481497
256.5 0.0002662037037037039
257.5 0.0003125
258.5 0.000303240740740741
259.5 0.00041666666666666686
260.5 0.0004699074074074074
261.5 0.0004699074074074076
262.5 0.0004976851851851853
263.5 0.0005949074074074079
264.5 0.0006574074074074079
265.5 0.0006990740740740741
266.5 0.0006736111111111115
267.5 0.0008472222222222227
268.5 0.0008587962962962968
269.5 0.0009606481481481487
270.5 0.0011412037037037037
271.5 0.001185185185185186
272.5 0.0013518518518518528
273.5 0.0013680555555555564
274.5 0.0015833333333333342
275.5 0.0016203703703703712
276.5 0.0017939814814814821
277.5 0.0020138888888888897
278.5 0.0020995370370370378
279.5 0.002284722222222223
280.5 0.0024398148148148157
281.5 0.002599537037037038
282.5 0.0027314814814814823
283.5 0.0028217592592592617
284.5 0.002986111111111112
285.5 0.0031967592592592607
286.5 0.003118055555555557
287.5 0.0033263888888888904
288.5 0.003576388888888893
289.5 0.003562500000000003
290.5 0.003703703703703706
291.5 0.0037337962962962993
292.5 0.0036134259259259296
293.5 0.0036087962962962983
294.5 0.003525462962962964
295.5 0.0034606481481481493
296.5 0.0035879629629629655
297.5 0.0032731481481481513
298.5 0.003194444444444447
299.5 0.0028981481481481493
300.5 0.0030138888888888897
301.5 0.0027407407407407415
302.5 0.0026296296296296306
303.5 0.002530092592592594
304.5 0.002386574074074076
305.5 0.0020648148148148153
306.5 0.0019421296296296309
307.5 0.0016481481481481486
308.5 0.001497685185185186
309.5 0.0013449074074074084
310.5 0.0011388888888888894
311.5 0.0011134259259259263
312.5 0.001016203703703704
313.5 0.0008032407407407411
314.5 0.0007106481481481487
315.5 0.0006620370370370375
316.5 0.0005023148148148152
317.5 0.0004606481481481482
318.5 0.0003472222222222223
319.5 0.000349537037037037
320.5 0.0002592592592592593
321.5 0.00022222222222222242
322.5 0.0002453703703703704
323.5 0.000150462962962963
324.5 0.0001365740740740741
325.5 0.00010648148148148143
326.5 0.00010416666666666662
327.5 6.48148148148148e-05
328.5 6.48148148148148e-05
329.5 6.249999999999999e-05
330.5 5.0925925925925916e-05
331.5 1.851851851851852e-05
332.5 3.240740740740741e-05
333.5 9.259259259259259e-06
334.5 1.388888888888889e-05
335.5 2.5462962962962965e-05
336.5 1.388888888888889e-05
337.5 0.0
338.5 1.1574074074074073e-05
339.5 2.3148148148148148e-06
340.5 2.3148148148148148e-06
341.5 4.6296296296296296e-06
342.5 2.3148148148148148e-06
343.5 2.3148148148148148e-06
344.5 2.3148148148148148e-06
345.5 0.0
346.5 0.0
347.5 4.6296296296296296e-06
348.5 0.0
349.5 0.0
350.5 2.3148148148148148e-06
351.5 0.0
352.5 0.0
353.5 0.0
354.5 0.0
355.5 0.0
356.5 0.0
357.5 0.0
358.5 0.0
359.5 0.0
