gamma -0.0011458311640841906 0.0032806666103126748 0.00974776511282538 0.0009203093415873616 1.0
beta1 -0.005360925436040012 0.025796680148665433 0.45898189461443756 0.0455226968410228 0.359375
beta2 -0.14860131260855333 0.016027646537120743 0.46257631868634247 0.048840423410328494 0.3515625
alpha1 -0.08932915135045233 0.022105340195444814 0.5801032783353149 0.05562690772036883 0.3046875
alpha2 0.10162296542552834 0.021143207500796495 0.569342455346445 0.05282177812112382 0.2578125
g1_1 -0.24361211728885074 0.014123728049284615 0.6990013862836321 0.06460180047888332 0.265625
g1_2 -0.007184901159918138 0.01869656623610046 0.8449901885568176 0.07916192313511788 0.125
g2 -0.2597568360044226 0.013368933540474215 0.7681343342273506 0.07149898278019 0.234375
g3_1 -0.16225364529403496 0.013730641411033981 0.6218864797249379 0.06415550603350524 0.3046875
g3_2 -0.1981873338648534 0.010791563024649954 0.5170343529918913 0.05125716774727094 0.34375
