gamma -0.0011458311640841906 6.518561010771066e-13 5.424571584448495e-13 6.235068462599744e-10
beta1 -0.005360925436040012 -1.0 2.926523089799133e-11 1.5331035461645012e-07
beta2 -0.14860131260855333 -1.0 2.642401451691734e-11 1.3137047847130444e-07
alpha1 -0.08932915135045233 -1.0 3.1802870620254705e-11 1.6562226327431067e-07
alpha2 0.10162296542552834 -1.0 3.1609827688565064e-11 1.580059815781939e-07
g1_1 -0.24361211728885074 -1.0 3.847529322860218e-11 1.8946981762368334e-07
g1_2 -0.007184901159918138 -1.0 4.5543831038244553e-11 2.401020808142806e-07
g2 -0.2597568360044226 -1.0 3.9446972803868576e-11 1.9625892796799564e-07
g3_1 -0.16225364529403496 -1.0 3.1521071782625346e-11 1.5585167956645065e-07
g3_2 -0.1981873338648534 -1.0 2.8366980468565695e-11 1.330103180774845e-07
