0.5 4.6296296296296296e-06
1.5 4.6296296296296296e-06
2.5 0.0
3.5 0.0
4.5 2.3148148148148148e-06
5.5 0.0
6.5 2.3148148148148148e-06
7.5 0.0
8.5 0.0
9.5 2.3148148148148148e-06
10.5 4.6296296296296296e-06
11.5 0.0
12.5 2.3148148148148148e-06
13.5 4.6296296296296296e-06
14.5 0.0
15.5 6.944444444444445e-06
16.5 4.6296296296296296e-06
17.5 4.6296296296296296e-06
18.5 9.259259259259259e-06
19.5 1.6203703703703704e-05
20.5 1.1574074074074073e-05
21.5 9.259259259259259e-06
22.5 9.259259259259259e-06
23.5 2.0833333333333336e-05
24.5 2.0833333333333336e-05
25.5 2.3148148148148154e-05
26.5 3.009259259259259e-05
27.5 2.5462962962962968e-05
28.5 3.7037037037037037e-05
29.5 4.166666666666666e-05
30.5 5.787037037037037e-05
31.5 8.33333333333333e-05
32.5 9.259259259259255e-05
33.5 9.259259259259255e-05
34.5 0.00012731481481481483
35.5 0.0001666666666666668
36.5 0.00020138888888888908
37.5 0.00030324074074074086
38.5 0.0002962962962962963
39.5 0.0002939814814814814
40.5 0.0004513888888888892
41.5 0.00047453703703703747
42.5 0.0006111111111111112
43.5 0.0006736111111111116
44.5 0.0008078703703703711
45.5 0.0009236111111111114
46.5 0.0010370370370370384
47.5 0.0013194444444444456
48.5 0.00145138888888889
49.5 0.001543981481481483
50.5 0.0017569444444444455
51.5 0.001979166666666669
52.5 0.00233101851851852
53.5 0.002356481481481482
54.5 0.002618055555555557
55.5 0.002844907407407411
56.5 0.0031643518518518535
57.5 0.0033796296296296317
58.5 0.0036296296296296333
59.5 0.0038125000000000017
60.5 0.003976851851851856
61.5 0.004238425925925927
62.5 0.004287037037037041
63.5 0.004460648148148153
64.5 0.004518518518518519
65.5 0.00467592592592593
66.5 0.004537037037037039
67.5 0.004699074074074076
68.5 0.004724537037037039
69.5 0.00434027777777778
70.5 0.004650462962962963
71.5 0.0042152777777777805
72.5 0.0043773148148148165
73.5 0.004030092592592596
74.5 0.003923611111111115
75.5 0.003664351851851854
76.5 0.0035509259259259296
77.5 0.0033194444444444473
78.5 0.003136574074074075
79.5 0.002833333333333335
80.5 0.0027407407407407437
81.5 0.0025601851851851875
82.5 0.0023356481481481488
83.5 0.002127314814814814
84.5 0.001828703703703704
85.5 0.0016550925925925939
86.5 0.0016689814814814818
87.5 0.0014675925925925941
88.5 0.0012523148148148153
89.5 0.0011921296296296307
90.5 0.0011759259259259266
91.5 0.001069444444444445
92.5 0.0008703703703703711
93.5 0.0008657407407407409
94.5 0.0007870370370370377
95.5 0.0006597222222222227
96.5 0.0006550925925925929
97.5 0.0005810185185185188
98.5 0.0004907407407407407
99.5 0.0004745370370370374
100.5 0.0004537037037037038
101.5 0.00039814814814814823
102.5 0.00037500000000000017
103.5 0.00028935185185185205
104.5 0.0002662037037037038
105.5 0.00028240740740740727
106.5 0.000252314814814815
107.5 0.0002106481481481484
108.5 0.00017129629629629643
109.5 0.00020370370370370388
110.5 0.00017824074074074094
111.5 0.0001689814814814816
112.5 0.00017361111111111128
113.5 0.0001458333333333334
114.5 0.0001273148148148148
115.5 0.00016203703703703714
116.5 0.0001574074074074075
117.5 0.00011111111111111104
118.5 0.000150462962962963
119.5 0.000125
120.5 0.00013194444444444449
121.5 0.00017824074074074085
122.5 0.00018055555555555566
123.5 0.00015972222222222229
124.5 0.00016203703703703714
125.5 0.00016666666666666677
126.5 0.00018750000000000017
127.5 0.00017824074074074085
128.5 0.00017592592592592603
129.5 0.00018981481481481494
130.5 0.00022916666666666688
131.5 0.00021064814814814828
132.5 0.0003101851851851852
133.5 0.00028935185185185205
134.5 0.00031018518518518515
135.5 0.0003356481481481482
136.5 0.0003379629629629632
137.5 0.000493055555555556
138.5 0.0005393518518518521
139.5 0.0005810185185185188
140.5 0.0006435185185185191
141.5 0.0006828703703703706
142.5 0.000731481481481482
143.5 0.0008842592592592604
144.5 0.0010833333333333344
145.5 0.0012314814814814825
146.5 0.0012962962962962963
147.5 0.0015763888888888898
148.5 0.001777777777777779
149.5 0.0019259259259259273
150.5 0.0023888888888888905
151.5 0.0026273148148148163
152.5 0.0029583333333333354
153.5 0.0033379629629629658
154.5 0.0037106481481481474
155.5 0.0040833333333333355
156.5 0.004659722222222222
157.5 0.005333333333333337
158.5 0.005770833333333336
159.5 0.006495370370370376
160.5 0.007173611111111115
161.5 0.007997685185185188
162.5 0.008581018518518519
163.5 0.009372685185185192
164.5 0.010203703703703708
165.5 0.01114814814814815
166.5 0.012078703703703708
167.5 0.01302314814814815
168.5 0.013891203703703706
169.5 0.014638888888888884
170.5 0.015581018518518524
171.5 0.016324074074074078
172.5 0.01687037037037037
173.5 0.01766666666666668
174.5 0.018020833333333333
175.5 0.019129629629629632
176.5 0.01886342592592593
177.5 0.019210648148148157
178.5 0.019939814814814816
179.5 0.020324074074074064
180.5 0.01951157407407407
181.5 0.020057870370370372
182.5 0.019606481481481475
183.5 0.019152777777777772
184.5 0.01899537037037037
185.5 0.01816898148148148
186.5 0.017560185185185182
187.5 0.016914351851851847
188.5 0.01647453703703704
189.5 0.015652777777777772
190.5 0.014726851851851849
191.5 0.013833333333333335
192.5 0.012777777777777782
193.5 0.012032407407407401
194.5 0.011259259259259262
195.5 0.010520833333333337
196.5 0.009439814814814823
197.5 0.008548611111111106
198.5 0.007726851851851856
199.5 0.007337962962962969
200.5 0.0066157407407407475
201.5 0.005875000000000002
202.5 0.005282407407407412
203.5 0.00468518518518519
204.5 0.004155092592592596
205.5 0.0036828703703703732
206.5 0.0032847222222222236
207.5 0.0028773148148148156
208.5 0.00252777777777778
209.5 0.002256944444444446
210.5 0.001979166666666668
211.5 0.0018194444444444464
212.5 0.0014560185185185188
213.5 0.0013564814814814822
214.5 0.0012245370370370383
215.5 0.0010092592592592597
216.5 0.0008865740740740748
217.5 0.0007453703703703706
218.5 0.000668981481481482
219.5 0.0006944444444444444
220.5 0.0005601851851851857
221.5 0.0005370370370370374
222.5 0.00045370370370370383
223.5 0.0003773148148148148
224.5 0.00034027777777777783
225.5 0.0003495370370370371
226.5 0.0002939814814814816
227.5 0.00025925925925925937
228.5 0.00019675925925925942
229.5 0.00020833333333333346
230.5 0.0002060185185185187
231.5 0.00019444444444444462
232.5 0.00018518518518518526
233.5 0.00020833333333333348
234.5 0.00015972222222222234
235.5 0.00017361111111111117
236.5 0.00014814814814814823
237.5 0.00014814814814814817
238.5 0.0001226851851851852
239.5 0.00014351851851851854
240.5 0.0001342592592592593
241.5 0.0001319444444444444
242.5 0.00014814814814814823
243.5 0.00012962962962962966
244.5 0.0001736111111111112
245.5 0.00016666666666666672
246.5 0.00020370370370370393
247.5 0.00015046296296296306
248.5 0.00018518518518518528
249.5 0.00018750000000000017
250.5 0.000189814814814815
251.5 0.00025462962962962966
252.5 0.00022916666666666672
253.5 0.0002685185185185186
254.5 0.00029398148148148165
255.5 0.0003171296296296297
256.5 0.0002685185185185187
257.5 0.00035185185185185195
258.5 0.00037731481481481486
259.5 0.00035879629629629635
260.5 0.0005023148148148151
261.5 0.0004745370370370371
262.5 0.0005810185185185191
263.5 0.0005902777777777782
264.5 0.0007106481481481483
265.5 0.0006782407407407411
266.5 0.0008495370370370376
267.5 0.0009398148148148157
268.5 0.0009745370370370376
269.5 0.0011782407407407414
270.5 0.001131944444444445
271.5 0.0014953703703703706
272.5 0.0014050925925925936
273.5 0.0016111111111111118
274.5 0.0018194444444444454
275.5 0.0020046296296296305
276.5 0.002039351851851852
277.5 0.00238888888888889
278.5 0.00259490740740741
279.5 0.0027384259259259284
280.5 0.002837962962962964
281.5 0.0031296296296296315
282.5 0.003317129629629632
283.5 0.003557870370370374
284.5 0.0036736111111111136
285.5 0.004078703703703705
286.5 0.004168981481481485
287.5 0.004020833333333338
288.5 0.0041481481481481525
289.5 0.004432870370370373
290.5 0.004456018518518519
291.5 0.004537037037037039
292.5 0.0046898148148148185
293.5 0.004513888888888892
294.5 0.004731481481481482
295.5 0.0043935185185185206
296.5 0.004277777777777783
297.5 0.004157407407407411
298.5 0.004078703703703707
299.5 0.0039259259259259265
300.5 0.0038981481481481497
301.5 0.00347916666666667
302.5 0.003180555555555559
303.5 0.0031250000000000028
304.5 0.00290277777777778
305.5 0.00258564814814815
306.5 0.0025023148148148175
307.5 0.0021342592592592607
308.5 0.001951388888888889
309.5 0.0017384259259259265
310.5 0.0015833333333333346
311.5 0.0014398148148148159
312.5 0.001173611111111112
313.5 0.0010949074074074082
314.5 0.0008888888888888891
315.5 0.0007129629629629633
316.5 0.0006226851851851856
317.5 0.0004884259259259261
318.5 0.0004699074074074076
319.5 0.000439814814814815
320.5 0.0003171296296296299
321.5 0.0002615740740740742
322.5 0.0002013888888888891
323.5 0.00018055555555555576
324.5 0.0001527777777777778
325.5 0.00014351851851851857
326.5 9.490740740740736e-05
327.5 8.796296296296292e-05
328.5 6.249999999999999e-05
329.5 5.5555555555555545e-05
330.5 3.009259259259259e-05
331.5 2.777777777777778e-05
332.5 2.7777777777777786e-05
333.5 3.703703703703704e-05
334.5 2.0833333333333336e-05
335.5 2.0833333333333336e-05
336.5 1.388888888888889e-05
337.5 9.259259259259259e-06
338.5 6.944444444444445e-06
339.5 2.3148148148148148e-06
340.5 9.259259259259259e-06
341.5 0.0
342.5 2.3148148148148148e-06
343.5 0.0
344.5 6.944444444444445e-06
345.5 2.3148148148148148e-06
346.5 2.3148148148148148e-06
347.5 4.6296296296296296e-06
348.5 6.944444444444445e-06
349.5 2.3148148148148148e-06
350.5 0.0
351.5 0.0
352.5 0.0
353.5 0.0
354.5 0.0
355.5 0.0
356.5 2.3148148148148148e-06
357.5 0.0
358.5 2.3148148148148148e-06
359.5 0.0
