0.5 2.3148148148148148e-06
1.5 0.0
2.5 2.3148148148148148e-06
3.5 0.0
4.5 2.3148148148148148e-06
5.5 0.0
6.5 0.0
7.5 0.0
8.5 2.3148148148148148e-06
9.5 2.3148148148148148e-06
10.5 2.3148148148148148e-06
11.5 4.6296296296296296e-06
12.5 0.0
13.5 9.259259259259259e-06
14.5 6.944444444444445e-06
15.5 2.3148148148148148e-06
16.5 4.6296296296296296e-06
17.5 4.6296296296296296e-06
18.5 4.6296296296296296e-06
19.5 1.1574074074074073e-05
20.5 4.6296296296296296e-06
21.5 1.388888888888889e-05
22.5 1.851851851851852e-05
23.5 2.0833333333333336e-05
24.5 3.0092592592592597e-05
25.5 1.1574074074074073e-05
26.5 2.0833333333333336e-05
27.5 3.7037037037037037e-05
28.5 4.86111111111111e-05
29.5 6.48148148148148e-05
30.5 8.101851851851849e-05
31.5 7.638888888888887e-05
32.5 0.0001018518518518518
33.5 0.00014120370370370366
34.5 0.00014120370370370372
35.5 0.00019907407407407417
36.5 0.0002708333333333333
37.5 0.0002731481481481483
38.5 0.0003101851851851853
39.5 0.0003958333333333332
40.5 0.00044444444444444463
41.5 0.0006203703703703708
42.5 0.000615740740740741
43.5 0.0007870370370370378
44.5 0.0008217592592592595
45.5 0.0010046296296296305
46.5 0.00126851851851852
47.5 0.0013726851851851862
48.5 0.0015625000000000003
49.5 0.0017708333333333341
50.5 0.0020208333333333345
51.5 0.0021736111111111123
52.5 0.0025694444444444454
53.5 0.0028009259259259268
54.5 0.0028796296296296296
55.5 0.0031203703703703727
56.5 0.003428240740740744
57.5 0.003638888888888891
58.5 0.004018518518518523
59.5 0.0038842592592592626
60.5 0.0043680555555555564
61.5 0.0043171296296296326
62.5 0.00453240740740741
63.5 0.004578703703703708
64.5 0.0047847222222222275
65.5 0.005011574074074077
66.5 0.004884259259259264
67.5 0.00463888888888889
68.5 0.004921296296296296
69.5 0.0049583333333333346
70.5 0.004569444444444446
71.5 0.004574074074074077
72.5 0.004317129629629632
73.5 0.004361111111111113
74.5 0.004173611111111112
75.5 0.003997685185185188
76.5 0.0037523148148148155
77.5 0.003622685185185187
78.5 0.003444444444444447
79.5 0.0030810185185185194
80.5 0.00288888888888889
81.5 0.00281712962962963
82.5 0.0024652777777777798
83.5 0.0024074074074074085
84.5 0.0022777777777777796
85.5 0.0019421296296296309
86.5 0.0017453703703703713
87.5 0.0015972222222222236
88.5 0.0015300925925925929
89.5 0.0012916666666666675
90.5 0.0013078703703703716
91.5 0.001148148148148149
92.5 0.0009861111111111125
93.5 0.0009074074074074079
94.5 0.0007476851851851854
95.5 0.0007592592592592598
96.5 0.0005879629629629633
97.5 0.0005925925925925929
98.5 0.0005763888888888892
99.5 0.0004930555555555558
100.5 0.0004884259259259264
101.5 0.0004305555555555555
102.5 0.00033333333333333343
103.5 0.00026620370370370383
104.5 0.0002314814814814817
105.5 0.0002708333333333335
106.5 0.00027314814814814834
107.5 0.0002175925925925927
108.5 0.00019675925925925945
109.5 0.00018055555555555574
110.5 0.00014814814814814823
111.5 0.00014120370370370374
112.5 0.00019675925925925934
113.5 0.00012500000000000003
114.5 0.00010648148148148143
115.5 0.00015046296296296306
116.5 0.00014583333333333332
117.5 0.00010416666666666663
118.5 0.00014351851851851857
119.5 0.00011805555555555555
120.5 0.00011342592592592592
121.5 0.00011574074074074075
122.5 0.0001273148148148148
123.5 0.00010879629629629623
124.5 0.0001342592592592593
125.5 0.00011111111111111109
126.5 0.00013425925925925926
127.5 0.00015509259259259263
128.5 0.00012268518518518517
129.5 0.0001273148148148148
130.5 0.00017824074074074094
131.5 0.00019212962962962977
132.5 0.00020601851851851876
133.5 0.00020601851851851868
134.5 0.00021759259259259277
135.5 0.00030092592592592595
136.5 0.00028240740740740743
137.5 0.000289351851851852
138.5 0.00034722222222222245
139.5 0.00040046296296296325
140.5 0.00043981481481481476
141.5 0.00046296296296296287
142.5 0.0005810185185185189
143.5 0.0006041666666666667
144.5 0.0007500000000000003
145.5 0.0008171296296296302
146.5 0.0009375000000000001
147.5 0.0011365740740740737
148.5 0.0012777777777777787
149.5 0.0013750000000000006
150.5 0.0015740740740740745
151.5 0.0018240740740740756
152.5 0.002187500000000001
153.5 0.0026967592592592607
154.5 0.0029004629629629645
155.5 0.0032037037037037056
156.5 0.00382638888888889
157.5 0.004273148148148152
158.5 0.0049444444444444475
159.5 0.005326388888888892
160.5 0.006060185185185188
161.5 0.006972222222222227
162.5 0.007807870370370372
163.5 0.008486111111111107
164.5 0.009557870370370368
165.5 0.01010416666666667
166.5 0.011479166666666662
167.5 0.012516203703703703
168.5 0.013537037037037038
169.5 0.014590277777777784
170.5 0.015659722222222228
171.5 0.016581018518518523
172.5 0.01732870370370371
173.5 0.018270833333333333
174.5 0.018865740740740742
175.5 0.019960648148148144
176.5 0.02058564814814815
177.5 0.020682870370370365
178.5 0.02094444444444445
179.5 0.021412037037037056
180.5 0.021013888888888884
181.5 0.021162037037037038
182.5 0.020907407407407413
183.5 0.020564814814814814
184.5 0.020071759259259248
185.5 0.01907407407407407
186.5 0.01843055555555555
187.5 0.01765972222222222
188.5 0.01679861111111112
189.5 0.015310185185185185
190.5 0.014766203703703708
191.5 0.013548611111111114
192.5 0.01261111111111111
193.5 0.01148842592592592
194.5 0.01037037037037037
195.5 0.009532407407407406
196.5 0.008631944444444449
197.5 0.007567129629629634
198.5 0.006902777777777779
199.5 0.006254629629629632
200.5 0.005509259259259266
201.5 0.004784722222222226
202.5 0.004099537037037042
203.5 0.003847222222222226
204.5 0.0033449074074074093
205.5 0.0029722222222222246
206.5 0.002520833333333335
207.5 0.002141203703703706
208.5 0.0018912037037037055
209.5 0.0015486111111111117
210.5 0.0013726851851851853
211.5 0.0012013888888888896
212.5 0.0011250000000000003
213.5 0.001057870370370371
214.5 0.0008333333333333337
215.5 0.0006875000000000005
216.5 0.0006203703703703706
217.5 0.0005625000000000003
218.5 0.0005254629629629631
219.5 0.000439814814814815
220.5 0.0003611111111111111
221.5 0.0003587962962962963
222.5 0.0003009259259259259
223.5 0.0002708333333333334
224.5 0.00023379629629629637
225.5 0.00021759259259259277
226.5 0.00019675925925925937
227.5 0.00019675925925925942
228.5 0.0001805555555555556
229.5 0.00015509259259259268
230.5 0.00018750000000000009
231.5 0.00015509259259259266
232.5 0.0001018518518518518
233.5 0.00014583333333333335
234.5 0.00014351851851851857
235.5 0.00011342592592592589
236.5 0.0001574074074074075
237.5 0.00013888888888888897
238.5 0.00010648148148148143
239.5 0.00010185185185185179
240.5 0.00011342592592592586
241.5 0.00011111111111111106
242.5 0.00010879629629629623
243.5 0.00012037037037037035
244.5 0.00015277777777777783
245.5 0.00012500000000000003
246.5 0.00013888888888888894
247.5 0.000201388888888889
248.5 0.00015740740740740748
249.5 0.00020601851851851868
250.5 0.00022222222222222237
251.5 0.00021759259259259282
252.5 0.00019675925925925942
253.5 0.00026851851851851863
254.5 0.0002962962962962965
255.5 0.0002546296296296297
256.5 0.0003240740740740741
257.5 0.00037037037037037024
258.5 0.000377314814814815
259.5 0.00042824074074074097
260.5 0.0004953703703703708
261.5 0.0005648148148148153
262.5 0.0005694444444444449
263.5 0.0006273148148148154
264.5 0.0007569444444444445
265.5 0.0008078703703703709
266.5 0.0009027777777777788
267.5 0.001025462962962963
268.5 0.001048611111111112
269.5 0.0012013888888888892
270.5 0.0013634259259259266
271.5 0.001372685185185186
272.5 0.0016273148148148158
273.5 0.0017476851851851863
274.5 0.0018773148148148158
275.5 0.0020208333333333345
276.5 0.0024189814814814833
277.5 0.002428240740740743
278.5 0.002659722222222225
279.5 0.0030231481481481494
280.5 0.0030578703703703723
281.5 0.003194444444444446
282.5 0.0037129629629629674
283.5 0.0037939814814814824
284.5 0.003736111111111112
285.5 0.0040115740740740745
286.5 0.00431481481481482
287.5 0.004537037037037037
288.5 0.004555555555555561
289.5 0.004625000000000004
290.5 0.004877314814814817
291.5 0.004796296296296299
292.5 0.004923611111111115
293.5 0.004981481481481483
294.5 0.004875000000000001
295.5 0.004796296296296298
296.5 0.004608796296296299
297.5 0.0045439814814814865
298.5 0.004393518518518522
299.5 0.0041250000000000045
300.5 0.00401851851851852
301.5 0.003981481481481485
302.5 0.0037685185185185204
303.5 0.003437500000000004
304.5 0.00306712962962963
305.5 0.002932870370370372
306.5 0.0026041666666666687
307.5 0.002530092592592596
308.5 0.0021388888888888894
309.5 0.001881944444444445
310.5 0.001731481481481483
311.5 0.001583333333333334
312.5 0.0013726851851851862
313.5 0.0011574074074074076
314.5 0.0010787037037037041
315.5 0.0009259259259259265
316.5 0.000805555555555556
317.5 0.0007222222222222226
318.5 0.0006388888888888893
319.5 0.0004953703703703706
320.5 0.0003703703703703701
321.5 0.0003680555555555556
322.5 0.0003171296296296298
323.5 0.00029398148148148144
324.5 0.00017129629629629637
325.5 0.00014814814814814823
326.5 0.00014814814814814823
327.5 9.259259259259256e-05
328.5 7.407407407407403e-05
329.5 9.027777777777773e-05
330.5 7.175925925925922e-05
331.5 5.0925925925925916e-05
332.5 3.240740740740741e-05
333.5 4.398148148148147e-05
334.5 2.5462962962962968e-05
335.5 1.388888888888889e-05
336.5 2.314814814814815e-05
337.5 1.6203703703703704e-05
338.5 6.944444444444445e-06
339.5 6.944444444444445e-06
340.5 6.944444444444445e-06
341.5 2.3148148148148148e-06
342.5 6.944444444444445e-06
343.5 0.0
344.5 2.3148148148148148e-06
345.5 2.3148148148148148e-06
346.5 0.0
347.5 4.6296296296296296e-06
348.5 0.0
349.5 0.0
350.5 0.0
351.5 0.0
352.5 0.0
353.5 2.3148148148148148e-06
354.5 0.0
355.5 0.0
356.5 0.0
357.5 0.0
358.5 0.0
359.5 0.0
