0.5 0.0
1.5 0.0
2.5 0.0
3.5 0.0
4.5 0.0
5.5 0.0
6.5 0.0
7.5 0.0
8.5 0.0
9.5 0.0
10.5 0.0
11.5 0.0
12.5 0.0
13.5 0.0
14.5 0.0
15.5 0.0
16.5 0.0
17.5 0.0
18.5 0.0
19.5 0.0
20.5 0.0
21.5 0.0
22.5 0.0
23.5 0.0
24.5 0.0
25.5 0.0
26.5 0.0
27.5 0.0
28.5 0.0
29.5 0.0
30.5 0.0
31.5 0.0
32.5 0.0
33.5 0.0
34.5 0.0
35.5 0.0
36.5 0.0
37.5 0.0
38.5 0.0
39.5 0.0
40.5 0.0
41.5 0.0
42.5 0.0
43.5 0.0
44.5 0.0
45.5 0.0
46.5 0.0
47.5 0.0
48.5 0.0
49.5 0.0
50.5 0.0
51.5 0.0
52.5 0.0
53.5 0.0
54.5 0.0
55.5 0.0
56.5 0.0
57.5 0.0
58.5 0.0
59.5 0.0
60.5 0.0
61.5 0.0
62.5 0.0
63.5 0.0
64.5 0.0
65.5 0.0
66.5 0.0
67.5 0.0
68.5 0.0
69.5 0.0
70.5 0.0
71.5 0.0
72.5 0.0
73.5 0.0
74.5 0.0
75.5 0.0
76.5 0.0
77.5 0.0
78.5 0.0
79.5 0.0
80.5 0.0
81.5 0.0
82.5 0.0
83.5 0.0
84.5 0.0
85.5 0.0
86.5 0.0
87.5 0.0
88.5 0.0
89.5 0.0
90.5 0.0
91.5 0.0
92.5 0.0
93.5 0.0
94.5 0.0
95.5 0.0
96.5 0.0
97.5 0.0
98.5 0.0
99.5 0.0
100.5 0.0
101.5 0.0
102.5 0.0
103.5 0.0
104.5 0.0
105.5 0.0
106.5 0.0
107.5 0.0
108.5 0.0
109.5 0.0
110.5 0.0
111.5 0.0
112.5 0.0
113.5 0.0
114.5 0.0
115.5 0.0
116.5 0.0
117.5 2.3148148148148148e-06
118.5 0.0
119.5 0.0
120.5 0.0
121.5 0.0
122.5 0.0
123.5 0.0
124.5 0.0
125.5 2.3148148148148148e-06
126.5 4.6296296296296296e-06
127.5 1.1574074074074073e-05
128.5 4.6296296296296296e-06
129.5 1.388888888888889e-05
130.5 1.851851851851852e-05
131.5 1.6203703703703704e-05
132.5 2.3148148148148154e-05
133.5 2.5462962962962965e-05
134.5 6.249999999999999e-05
135.5 6.018518518518517e-05
136.5 8.564814814814812e-05
137.5 0.00014814814814814817
138.5 0.0001990740740740742
139.5 0.0002685185185185187
140.5 0.00038194444444444425
141.5 0.0004884259259259258
142.5 0.0007013888888888893
143.5 0.0008750000000000006
144.5 0.001113425925925926
145.5 0.0015347222222222223
146.5 0.0018518518518518526
147.5 0.002432870370370372
148.5 0.0027916666666666693
149.5 0.003534722222222223
150.5 0.0043958333333333375
151.5 0.005266203703703707
152.5 0.006076388888888891
153.5 0.007118055555555554
154.5 0.008287037037037037
155.5 0.00929166666666667
156.5 0.010458333333333332
157.5 0.011937499999999997
158.5 0.013212962962962958
159.5 0.014256944444444447
160.5 0.015064814814814824
161.5 0.016243055555555556
162.5 0.017300925925925928
163.5 0.017719907407407396
164.5 0.018539351851851862
165.5 0.019307870370370364
166.5 0.019388888888888893
167.5 0.019833333333333328
168.5 0.0190625
169.5 0.01942592592592593
170.5 0.019226851851851846
171.5 0.019462962962962956
172.5 0.018886574074074073
173.5 0.018594907407407397
174.5 0.018712962962962962
175.5 0.018747685185185187
176.5 0.01891203703703704
177.5 0.01923611111111111
178.5 0.019849537037037037
179.5 0.02027546296296296
180.5 0.02101388888888889
181.5 0.021671296296296293
182.5 0.022824074074074073
183.5 0.022997685185185197
184.5 0.02418981481481483
185.5 0.024541666666666663
186.5 0.024576388888888898
187.5 0.025129629629629627
188.5 0.025087962962962965
189.5 0.024895833333333325
190.5 0.024879629629629616
191.5 0.024365740740740747
192.5 0.02293287037037039
193.5 0.022291666666666682
194.5 0.021243055555555546
195.5 0.019421296296296298
196.5 0.018877314814814798
197.5 0.016928240740740733
198.5 0.01564583333333333
199.5 0.014335648148148148
200.5 0.012678240740740738
201.5 0.011428240740740739
202.5 0.010115740740740745
203.5 0.008560185185185186
204.5 0.007391203703703702
205.5 0.005993055555555557
206.5 0.005171296296296297
207.5 0.004240740740740745
208.5 0.003208333333333335
209.5 0.0027152777777777787
210.5 0.0022314814814814823
211.5 0.0017175925925925933
212.5 0.00150462962962963
213.5 0.0011643518518518522
214.5 0.0008634259259259266
215.5 0.0006782407407407415
216.5 0.0004583333333333334
217.5 0.0003402777777777777
218.5 0.00024768518518518526
219.5 0.00018518518518518526
220.5 0.00016435185185185194
221.5 0.00010416666666666663
222.5 6.71296296296296e-05
223.5 5.787037037037037e-05
224.5 2.777777777777778e-05
225.5 4.398148148148148e-05
226.5 2.314814814814815e-05
227.5 9.259259259259259e-06
228.5 0.0
229.5 6.944444444444445e-06
230.5 2.3148148148148148e-06
231.5 0.0
232.5 2.3148148148148148e-06
233.5 2.3148148148148148e-06
234.5 0.0
235.5 0.0
236.5 0.0
237.5 0.0
238.5 0.0
239.5 0.0
240.5 0.0
241.5 0.0
242.5 0.0
243.5 0.0
244.5 0.0
245.5 0.0
246.5 0.0
247.5 0.0
248.5 0.0
249.5 0.0
250.5 0.0
251.5 0.0
252.5 0.0
253.5 0.0
254.5 0.0
255.5 0.0
256.5 0.0
257.5 0.0
258.5 0.0
259.5 0.0
260.5 0.0
261.5 0.0
262.5 0.0
263.5 0.0
264.5 0.0
265.5 0.0
266.5 0.0
267.5 0.0
268.5 0.0
269.5 0.0
270.5 0.0
271.5 0.0
272.5 0.0
273.5 0.0
274.5 0.0
275.5 0.0
276.5 0.0
277.5 0.0
278.5 0.0
279.5 0.0
280.5 0.0
281.5 0.0
282.5 0.0
283.5 0.0
284.5 0.0
285.5 0.0
286.5 0.0
287.5 0.0
288.5 0.0
289.5 0.0
290.5 0.0
291.5 0.0
292.5 0.0
293.5 0.0
294.5 0.0
295.5 0.0
296.5 0.0
297.5 0.0
298.5 0.0
299.5 0.0
300.5 0.0
301.5 0.0
302.5 0.0
303.5 0.0
304.5 0.0
305.5 0.0
306.5 0.0
307.5 0.0
308.5 0.0
309.5 0.0
310.5 0.0
311.5 0.0
312.5 0.0
313.5 0.0
314.5 0.0
315.5 0.0
316.5 0.0
317.5 0.0
318.5 0.0
319.5 0.0
320.5 0.0
321.5 0.0
322.5 0.0
323.5 0.0
324.5 0.0
325.5 0.0
326.5 0.0
327.5 0.0
328.5 0.0
329.5 0.0
330.5 0.0
331.5 0.0
332.5 0.0
333.5 0.0
334.5 0.0
335.5 0.0
336.5 0.0
337.5 0.0
338.5 0.0
339.5 0.0
340.5 0.0
341.5 0.0
342.5 0.0
343.5 0.0
344.5 0.0
345.5 0.0
346.5 0.0
347.5 0.0
348.5 0.0
349.5 0.0
350.5 0.0
351.5 0.0
352.5 0.0
353.5 0.0
354.5 0.0
355.5 0.0
356.5 0.0
357.5 0.0
358.5 0.0
359.5 0.0
