0.5 0.0
1.5 0.0
2.5 0.0
3.5 0.0
4.5 0.0
5.5 0.0
6.5 0.0
7.5 0.0
8.5 0.0
9.5 0.0
10.5 0.0
11.5 0.0
12.5 0.0
13.5 0.0
14.5 0.0
15.5 0.0
16.5 0.0
17.5 0.0
18.5 0.0
19.5 0.0
20.5 0.0
21.5 0.0
22.5 0.0
23.5 0.0
24.5 0.0
25.5 0.0
26.5 0.0
27.5 0.0
28.5 0.0
29.5 0.0
30.5 0.0
31.5 0.0
32.5 0.0
33.5 0.0
34.5 0.0
35.5 0.0
36.5 0.0
37.5 0.0
38.5 0.0
39.5 0.0
40.5 0.0
41.5 0.0
42.5 0.0
43.5 0.0
44.5 0.0
45.5 0.0
46.5 0.0
47.5 0.0
48.5 0.0
49.5 0.0
50.5 0.0
51.5 0.0
52.5 0.0
53.5 0.0
54.5 0.0
55.5 0.0
56.5 0.0
57.5 0.0
58.5 0.0
59.5 0.0
60.5 0.0
61.5 0.0
62.5 0.0
63.5 0.0
64.5 0.0
65.5 0.0
66.5 0.0
67.5 0.0
68.5 0.0
69.5 0.0
70.5 0.0
71.5 0.0
72.5 0.0
73.5 0.0
74.5 0.0
75.5 0.0
76.5 0.0
77.5 0.0
78.5 0.0
79.5 0.0
80.5 0.0
81.5 0.0
82.5 0.0
83.5 0.0
84.5 0.0
85.5 0.0
86.5 0.0
87.5 0.0
88.5 0.0
89.5 0.0
90.5 0.0
91.5 0.0
92.5 0.0
93.5 0.0
94.5 0.0
95.5 0.0
96.5 0.0
97.5 0.0
98.5 0.0
99.5 0.0
100.5 0.0
101.5 0.0
102.5 0.0
103.5 0.0
104.5 0.0
105.5 0.0
106.5 0.0
107.5 0.0
108.5 2.3148148148148148e-06
109.5 2.3148148148148148e-06
110.5 4.6296296296296296e-06
111.5 0.0
112.5 2.3148148148148148e-06
113.5 2.3148148148148148e-06
114.5 4.6296296296296296e-06
115.5 1.388888888888889e-05
116.5 2.0833333333333336e-05
117.5 2.083333333333333e-05
118.5 2.777777777777778e-05
119.5 3.24074074074074e-05
120.5 3.240740740740741e-05
121.5 3.9351851851851844e-05
122.5 4.166666666666667e-05
123.5 6.48148148148148e-05
124.5 4.398148148148147e-05
125.5 4.166666666666666e-05
126.5 7.175925925925925e-05
127.5 0.00011805555555555555
128.5 0.0001435185185185186
129.5 0.0001782407407407408
130.5 0.00015277777777777775
131.5 0.00018055555555555566
132.5 0.00029398148148148155
133.5 0.0002800925925925927
134.5 0.0003472222222222223
135.5 0.00043981481481481465
136.5 0.0005625
137.5 0.000793981481481482
138.5 0.0009027777777777782
139.5 0.0012083333333333343
140.5 0.0015416666666666677
141.5 0.001993055555555558
142.5 0.0025254629629629646
143.5 0.003351851851851854
144.5 0.0040509259259259274
145.5 0.00547916666666667
146.5 0.006817129629629636
147.5 0.008273148148148146
148.5 0.010238425925925929
149.5 0.012537037037037034
150.5 0.015342592592592593
151.5 0.017664351851851858
152.5 0.02061805555555556
153.5 0.023011574074074073
154.5 0.02569444444444445
155.5 0.02873611111111111
156.5 0.030587962962962942
157.5 0.033111111111111126
158.5 0.03410879629629629
159.5 0.03532638888888888
160.5 0.03509953703703702
161.5 0.035124999999999997
162.5 0.03405555555555557
163.5 0.03309027777777779
164.5 0.03188425925925927
165.5 0.029449074074074075
166.5 0.02742824074074073
167.5 0.025254629629629634
168.5 0.02265972222222222
169.5 0.02045833333333332
170.5 0.01816666666666666
171.5 0.016011574074074063
172.5 0.014430555555555561
173.5 0.012185185185185184
174.5 0.01080324074074075
175.5 0.009928240740740744
176.5 0.008696759259259257
177.5 0.00785416666666667
178.5 0.0074513888888888945
179.5 0.006981481481481485
180.5 0.006928240740740746
181.5 0.007219907407407409
182.5 0.007766203703703709
183.5 0.007798611111111111
184.5 0.008199074074074074
185.5 0.009023148148148148
186.5 0.009743055555555555
187.5 0.01021296296296296
188.5 0.011018518518518518
189.5 0.011745370370370371
190.5 0.011939814814814813
191.5 0.01278009259259259
192.5 0.012726851851851843
193.5 0.012583333333333327
194.5 0.01283101851851851
195.5 0.012497685185185183
196.5 0.012319444444444449
197.5 0.01146296296296296
198.5 0.010921296296296295
199.5 0.009840277777777774
200.5 0.009078703703703707
201.5 0.00816203703703704
202.5 0.0068263888888888905
203.5 0.006136574074074077
204.5 0.005319444444444448
205.5 0.004317129629629632
206.5 0.0034351851851851857
207.5 0.002782407407407408
208.5 0.0024398148148148165
209.5 0.0018148148148148147
210.5 0.0014467592592592592
211.5 0.0010787037037037032
212.5 0.0008333333333333339
213.5 0.0005486111111111113
214.5 0.0005138888888888888
215.5 0.00031944444444444457
216.5 0.00025694444444444446
217.5 0.00016898148148148152
218.5 0.00010648148148148143
219.5 8.33333333333333e-05
220.5 7.870370370370367e-05
221.5 6.018518518518517e-05
222.5 3.240740740740741e-05
223.5 4.1666666666666665e-05
224.5 3.0092592592592597e-05
225.5 2.0833333333333336e-05
226.5 2.7777777777777786e-05
227.5 3.7037037037037037e-05
228.5 2.7777777777777786e-05
229.5 3.2407407407407415e-05
230.5 3.0092592592592597e-05
231.5 1.6203703703703704e-05
232.5 2.3148148148148154e-05
233.5 2.3148148148148154e-05
234.5 2.0833333333333336e-05
235.5 2.0833333333333336e-05
236.5 1.851851851851852e-05
237.5 1.388888888888889e-05
238.5 3.0092592592592597e-05
239.5 1.388888888888889e-05
240.5 1.1574074074074073e-05
241.5 1.62037037037037e-05
242.5 2.0833333333333336e-05
243.5 4.6296296296296296e-06
244.5 6.944444444444445e-06
245.5 6.944444444444445e-06
246.5 4.6296296296296296e-06
247.5 4.6296296296296296e-06
248.5 0.0
249.5 0.0
250.5 0.0
251.5 2.3148148148148148e-06
252.5 0.0
253.5 0.0
254.5 0.0
255.5 0.0
256.5 0.0
257.5 0.0
258.5 0.0
259.5 0.0
260.5 0.0
261.5 0.0
262.5 0.0
263.5 0.0
264.5 0.0
265.5 0.0
266.5 0.0
267.5 0.0
268.5 0.0
269.5 0.0
270.5 0.0
271.5 0.0
272.5 0.0
273.5 0.0
274.5 0.0
275.5 0.0
276.5 0.0
277.5 0.0
278.5 0.0
279.5 0.0
280.5 0.0
281.5 0.0
282.5 0.0
283.5 0.0
284.5 0.0
285.5 0.0
286.5 0.0
287.5 0.0
288.5 0.0
289.5 0.0
290.5 0.0
291.5 0.0
292.5 0.0
293.5 0.0
294.5 0.0
295.5 0.0
296.5 0.0
297.5 0.0
298.5 0.0
299.5 0.0
300.5 0.0
301.5 0.0
302.5 0.0
303.5 0.0
304.5 0.0
305.5 0.0
306.5 0.0
307.5 0.0
308.5 0.0
309.5 0.0
310.5 0.0
311.5 0.0
312.5 0.0
313.5 0.0
314.5 0.0
315.5 0.0
316.5 0.0
317.5 0.0
318.5 0.0
319.5 0.0
320.5 0.0
321.5 0.0
322.5 0.0
323.5 0.0
324.5 0.0
325.5 0.0
326.5 0.0
327.5 0.0
328.5 0.0
329.5 0.0
330.5 0.0
331.5 0.0
332.5 0.0
333.5 0.0
334.5 0.0
335.5 0.0
336.5 0.0
337.5 0.0
338.5 0.0
339.5 0.0
340.5 0.0
341.5 0.0
342.5 0.0
343.5 0.0
344.5 0.0
345.5 0.0
346.5 0.0
347.5 0.0
348.5 0.0
349.5 0.0
350.5 0.0
351.5 0.0
352.5 0.0
353.5 0.0
354.5 0.0
355.5 0.0
356.5 0.0
357.5 0.0
358.5 0.0
359.5 0.0
