0.5 9.259259259259259e-06
1.5 0.0
2.5 0.0
3.5 4.6296296296296296e-06
4.5 4.6296296296296296e-06
5.5 2.3148148148148148e-06
6.5 0.0
7.5 6.944444444444445e-06
8.5 2.3148148148148148e-06
9.5 2.3148148148148148e-06
10.5 6.944444444444445e-06
11.5 9.259259259259259e-06
12.5 2.3148148148148148e-06
13.5 9.259259259259259e-06
14.5 6.944444444444445e-06
15.5 2.3148148148148148e-06
16.5 9.259259259259259e-06
17.5 2.3148148148148154e-05
18.5 1.1574074074074073e-05
19.5 2.0833333333333336e-05
20.5 1.1574074074074073e-05
21.5 2.3148148148148154e-05
22.5 2.3148148148148154e-05
23.5 3.7037037037037037e-05
24.5 4.3981481481481466e-05
25.5 6.48148148148148e-05
26.5 7.870370370370369e-05
27.5 7.175925925925925e-05
28.5 8.796296296296292e-05
29.5 0.00011111111111111106
30.5 0.00015509259259259263
31.5 0.0001597222222222223
32.5 0.0002199074074074075
33.5 0.00023611111111111128
34.5 0.00028472222222222234
35.5 0.00033101851851851847
36.5 0.00043518518518518505
37.5 0.000488425925925926
38.5 0.0005208333333333338
39.5 0.0006921296296296302
40.5 0.0008055555555555561
41.5 0.0009490740740740744
42.5 0.001011574074074075
43.5 0.0010787037037037041
44.5 0.0012685185185185189
45.5 0.0014930555555555554
46.5 0.0016597222222222228
47.5 0.0017777777777777783
48.5 0.0021782407407407414
49.5 0.0021782407407407414
50.5 0.002284722222222223
51.5 0.002571759259259261
52.5 0.0026481481481481495
53.5 0.0028680555555555573
54.5 0.003141203703703706
55.5 0.0033240740740740748
56.5 0.003296296296296299
57.5 0.003500000000000003
58.5 0.0037083333333333365
59.5 0.003784722222222226
60.5 0.0038750000000000017
61.5 0.003967592592592594
62.5 0.004071759259259261
63.5 0.0042060185185185195
64.5 0.00408101851851852
65.5 0.004046296296296297
66.5 0.0042060185185185195
67.5 0.00402777777777778
68.5 0.004145833333333334
69.5 0.004094907407407412
70.5 0.003962962962962964
71.5 0.0038287037037037044
72.5 0.003891203703703707
73.5 0.0038657407407407408
74.5 0.003675925925925928
75.5 0.0033310185185185196
76.5 0.003236111111111112
77.5 0.0031504629629629647
78.5 0.002918981481481483
79.5 0.002752314814814816
80.5 0.0026782407407407428
81.5 0.002462962962962964
82.5 0.0023611111111111107
83.5 0.002233796296296299
84.5 0.002115740740740742
85.5 0.0019236111111111116
86.5 0.0016944444444444455
87.5 0.0015324074074074081
88.5 0.0016527777777777784
89.5 0.0013981481481481488
90.5 0.0013888888888888885
91.5 0.0011574074074074073
92.5 0.0010902777777777781
93.5 0.000995370370370371
94.5 0.0008680555555555562
95.5 0.0008842592592592594
96.5 0.0007222222222222228
97.5 0.0007361111111111116
98.5 0.0006435185185185192
99.5 0.0006435185185185187
100.5 0.000569444444444445
101.5 0.0005046296296296299
102.5 0.0004097222222222223
103.5 0.00043981481481481476
104.5 0.00041435185185185184
105.5 0.00035879629629629635
106.5 0.00033564814814814823
107.5 0.0002453703703703704
108.5 0.00025231481481481497
109.5 0.00028009259259259274
110.5 0.0002430555555555557
111.5 0.00024074074074074083
112.5 0.0002083333333333335
113.5 0.00018055555555555566
114.5 0.00022685185185185192
115.5 0.00012499999999999998
116.5 0.0001736111111111112
117.5 0.0001851851851851853
118.5 0.0001574074074074075
119.5 0.00015046296296296303
120.5 0.00016435185185185202
121.5 0.00016435185185185194
122.5 0.00016203703703703706
123.5 0.00017592592592592603
124.5 0.00015277777777777783
125.5 0.00014583333333333343
126.5 0.0001851851851851854
127.5 0.00018981481481481502
128.5 0.00015277777777777783
129.5 0.00014583333333333337
130.5 0.00019212962962962971
131.5 0.00023148148148148163
132.5 0.00024305555555555568
133.5 0.000263888888888889
134.5 0.00027777777777777794
135.5 0.0003148148148148149
136.5 0.00033564814814814807
137.5 0.00035879629629629635
138.5 0.00036342592592592595
139.5 0.00046296296296296314
140.5 0.0005300925925925934
141.5 0.000530092592592593
142.5 0.0006134259259259262
143.5 0.00069212962962963
144.5 0.0008449074074074077
145.5 0.000918981481481482
146.5 0.0010949074074074082
147.5 0.0011365740740740746
148.5 0.0013611111111111118
149.5 0.0014583333333333336
150.5 0.0018379629629629644
151.5 0.0020462962962962965
152.5 0.0022870370370370384
153.5 0.002724537037037039
154.5 0.0029259259259259277
155.5 0.003219907407407408
156.5 0.003476851851851853
157.5 0.004298611111111115
158.5 0.00462268518518519
159.5 0.005483796296296298
160.5 0.005879629629629633
161.5 0.006530092592592596
162.5 0.007011574074074077
163.5 0.007958333333333335
164.5 0.009046296296296295
165.5 0.009844907407407412
166.5 0.010578703703703701
167.5 0.01148148148148148
168.5 0.01221296296296296
169.5 0.013275462962962954
170.5 0.013988425925925925
171.5 0.014643518518518521
172.5 0.01578935185185185
173.5 0.016849537037037052
174.5 0.01730787037037037
175.5 0.017921296296296286
176.5 0.018726851851851856
177.5 0.018981481481481478
178.5 0.0195162037037037
179.5 0.019407407407407415
180.5 0.01995370370370371
181.5 0.019662037037037047
182.5 0.019034722222222224
183.5 0.019055555555555555
184.5 0.0185
185.5 0.018120370370370367
186.5 0.01717592592592593
187.5 0.016791666666666663
188.5 0.01593518518518519
189.5 0.015219907407407411
190.5 0.014462962962962964
191.5 0.013078703703703703
192.5 0.012981481481481484
193.5 0.011648148148148156
194.5 0.010800925925925929
195.5 0.009662037037037037
196.5 0.00922453703703704
197.5 0.008300925925925934
198.5 0.007541666666666663
199.5 0.006946759259259262
200.5 0.006168981481481485
201.5 0.005655092592592596
202.5 0.00510416666666667
203.5 0.004652777777777779
204.5 0.003969907407407411
205.5 0.003550925925925928
206.5 0.0029560185185185193
207.5 0.002685185185185187
208.5 0.0025717592592592615
209.5 0.0022060185185185177
210.5 0.0020416666666666673
211.5 0.0018333333333333353
212.5 0.001548611111111112
213.5 0.0014143518518518528
214.5 0.001217592592592593
215.5 0.0010370370370370377
216.5 0.0008726851851851852
217.5 0.0008125000000000002
218.5 0.0007754629629629637
219.5 0.0007569444444444447
220.5 0.0006759259259259263
221.5 0.0005648148148148152
222.5 0.0005509259259259261
223.5 0.000465277777777778
224.5 0.00043981481481481486
225.5 0.00039814814814814823
226.5 0.0003912037037037036
227.5 0.0003587962962962964
228.5 0.00032638888888888903
229.5 0.00030555555555555566
230.5 0.00022453703703703722
231.5 0.00026388888888888897
232.5 0.0002685185185185186
233.5 0.00023611111111111123
234.5 0.00022453703703703717
235.5 0.00024074074074074083
236.5 0.00024305555555555577
237.5 0.0002569444444444445
238.5 0.00026851851851851863
239.5 0.00022453703703703717
240.5 0.0002731481481481483
241.5 0.0002384259259259261
242.5 0.0002384259259259261
243.5 0.00022222222222222237
244.5 0.0002638888888888889
245.5 0.0002453703703703705
246.5 0.00028935185185185184
247.5 0.00032175925925925905
248.5 0.00028935185185185194
249.5 0.0003819444444444444
250.5 0.00036805555555555555
251.5 0.00037037037037037035
252.5 0.00040972222222222213
253.5 0.00042129629629629624
254.5 0.0005115740740740743
255.5 0.0005092592592592593
256.5 0.0006319444444444447
257.5 0.0005740740740740744
258.5 0.0005902777777777782
259.5 0.0006134259259259264
260.5 0.0007337962962962971
261.5 0.0007361111111111116
262.5 0.0008425925925925931
263.5 0.0009629629629629636
264.5 0.0009791666666666675
265.5 0.0010532407407407413
266.5 0.0011087962962962965
267.5 0.0012569444444444446
268.5 0.0012916666666666669
269.5 0.0014074074074074076
270.5 0.0015810185185185198
271.5 0.0017662037037037047
272.5 0.001796296296296297
273.5 0.0020138888888888897
274.5 0.0020902777777777786
275.5 0.0022708333333333343
276.5 0.0024444444444444474
277.5 0.0025717592592592597
278.5 0.0028194444444444456
279.5 0.002854166666666669
280.5 0.003141203703703705
281.5 0.0032245370370370396
282.5 0.0034166666666666694
283.5 0.003601851851851853
284.5 0.0036712962962962992
285.5 0.0039421296296296305
286.5 0.004166666666666669
287.5 0.004261574074074076
288.5 0.004356481481481484
289.5 0.004254629629629633
290.5 0.004476851851851853
291.5 0.004622685185185191
292.5 0.0047638888888888896
293.5 0.004622685185185185
294.5 0.00471527777777778
295.5 0.00455787037037037
296.5 0.004682870370370371
297.5 0.004685185185185187
298.5 0.004534722222222224
299.5 0.004659722222222228
300.5 0.004377314814814819
301.5 0.004275462962962966
302.5 0.004208333333333336
303.5 0.003888888888888891
304.5 0.00378240740740741
305.5 0.0035138888888888906
306.5 0.0032638888888888895
307.5 0.003085648148148149
308.5 0.0029027777777777793
309.5 0.0027777777777777783
310.5 0.002629629629629631
311.5 0.002421296296296297
312.5 0.0020694444444444462
313.5 0.0020300925925925946
314.5 0.0017662037037037047
315.5 0.0015300925925925937
316.5 0.0014814814814814825
317.5 0.0012939814814814825
318.5 0.0010532407407407407
319.5 0.001002314814814815
320.5 0.0008842592592592595
321.5 0.0007129629629629632
322.5 0.000555555555555556
323.5 0.0004837962962962965
324.5 0.0004421296296296299
325.5 0.0003148148148148148
326.5 0.0003611111111111113
327.5 0.0002453703703703705
328.5 0.0002129629629629631
329.5 0.00022222222222222231
330.5 0.00016435185185185197
331.5 0.00011805555555555555
332.5 0.000125
333.5 8.564814814814812e-05
334.5 6.48148148148148e-05
335.5 6.249999999999999e-05
336.5 5.5555555555555545e-05
337.5 3.935185185185185e-05
338.5 4.166666666666666e-05
339.5 2.7777777777777786e-05
340.5 1.6203703703703704e-05
341.5 2.777777777777778e-05
342.5 1.851851851851852e-05
343.5 1.1574074074074073e-05
344.5 6.944444444444445e-06
345.5 1.388888888888889e-05
346.5 4.6296296296296296e-06
347.5 4.6296296296296296e-06
348.5 1.6203703703703704e-05
349.5 9.259259259259259e-06
350.5 1.388888888888889e-05
351.5 1.1574074074074073e-05
352.5 2.3148148148148148e-06
353.5 2.3148148148148148e-06
354.5 0.0
355.5 2.3148148148148148e-06
356.5 0.0
357.5 2.3148148148148148e-06
358.5 2.3148148148148148e-06
359.5 2.3148148148148148e-06
