0.5 2.3148148148148148e-06
1.5 2.3148148148148148e-06
2.5 2.3148148148148148e-06
3.5 0.0
4.5 0.0
5.5 0.0
6.5 2.3148148148148148e-06
7.5 2.3148148148148148e-06
8.5 2.3148148148148148e-06
9.5 4.6296296296296296e-06
10.5 4.6296296296296296e-06
11.5 0.0
12.5 0.0
13.5 0.0
14.5 4.6296296296296296e-06
15.5 0.0
16.5 2.3148148148148148e-06
17.5 2.3148148148148148e-06
18.5 4.6296296296296296e-06
19.5 9.259259259259259e-06
20.5 6.944444444444445e-06
21.5 1.388888888888889e-05
22.5 6.944444444444445e-06
23.5 9.259259259259259e-06
24.5 3.009259259259259e-05
25.5 2.3148148148148154e-05
26.5 2.5462962962962968e-05
27.5 2.5462962962962965e-05
28.5 3.240740740740741e-05
29.5 5.787037037037037e-05
30.5 5.787037037037036e-05
31.5 6.48148148148148e-05
32.5 7.407407407407405e-05
33.5 0.0001342592592592593
34.5 0.00012731481481481483
35.5 0.00014120370370370374
36.5 0.00016435185185185194
37.5 0.0002523148148148149
38.5 0.00022222222222222248
39.5 0.0002916666666666667
40.5 0.00041666666666666686
41.5 0.0004027777777777778
42.5 0.0004976851851851856
43.5 0.0005856481481481484
44.5 0.000745370370370371
45.5 0.0008356481481481485
46.5 0.0009745370370370379
47.5 0.0011064814814814817
48.5 0.0012106481481481486
49.5 0.0014930555555555565
50.5 0.0015231481481481485
51.5 0.0017662037037037043
52.5 0.0019560185185185193
53.5 0.0022314814814814845
54.5 0.002252314814814817
55.5 0.0025162037037037045
56.5 0.0028541666666666706
57.5 0.0030509259259259283
58.5 0.0030856481481481503
59.5 0.003303240740740743
60.5 0.003543981481481483
61.5 0.003622685185185187
62.5 0.0036319444444444468
63.5 0.003870370370370373
64.5 0.0038263888888888913
65.5 0.0041736111111111114
66.5 0.004041666666666667
67.5 0.00421527777777778
68.5 0.004134259259259263
69.5 0.004125000000000003
70.5 0.003944444444444448
71.5 0.004034722222222225
72.5 0.0038356481481481497
73.5 0.0036041666666666683
74.5 0.0035833333333333372
75.5 0.003555555555555557
76.5 0.0032361111111111136
77.5 0.0030439814814814834
78.5 0.002796296296296297
79.5 0.00258564814814815
80.5 0.0025115740740740767
81.5 0.0022986111111111124
82.5 0.0022199074074074087
83.5 0.0019861111111111117
84.5 0.001800925925925926
85.5 0.0016226851851851866
86.5 0.0015046296296296305
87.5 0.0014097222222222224
88.5 0.0012476851851851854
89.5 0.0012199074074074087
90.5 0.0010462962962962973
91.5 0.000921296296296297
92.5 0.0007708333333333337
93.5 0.0006851851851851855
94.5 0.0006574074074074079
95.5 0.0005347222222222225
96.5 0.0005370370370370371
97.5 0.00043750000000000017
98.5 0.00044444444444444436
99.5 0.0003981481481481483
100.5 0.0003796296296296299
101.5 0.0003217592592592593
102.5 0.0003356481481481483
103.5 0.0002986111111111111
104.5 0.0002546296296296296
105.5 0.00025925925925925915
106.5 0.00020601851851851874
107.5 0.00020138888888888908
108.5 0.00018518518518518534
109.5 0.0002083333333333336
110.5 0.00014583333333333337
111.5 0.00014814814814814823
112.5 0.00015740740740740743
113.5 0.00015046296296296306
114.5 0.00017592592592592603
115.5 0.00017824074074074085
116.5 0.000175925925925926
117.5 0.00012500000000000003
118.5 0.00011111111111111109
119.5 0.000125
120.5 0.00013657407407407414
121.5 0.000125
122.5 0.0001273148148148148
123.5 0.00016898148148148165
124.5 0.00012962962962962966
125.5 0.00018287037037037046
126.5 0.0001666666666666668
127.5 0.00018981481481481494
128.5 0.000189814814814815
129.5 0.00020138888888888908
130.5 0.0002268518518518521
131.5 0.00026851851851851874
132.5 0.00022453703703703711
133.5 0.0002662037037037039
134.5 0.0003032407407407407
135.5 0.0003495370370370372
136.5 0.00036805555555555566
137.5 0.00040277777777777783
138.5 0.000493055555555556
139.5 0.0005625000000000002
140.5 0.0006921296296296299
141.5 0.0007523148148148154
142.5 0.0008402777777777779
143.5 0.0009189814814814824
144.5 0.0010949074074074086
145.5 0.0012361111111111123
146.5 0.0014467592592592596
147.5 0.0015092592592592603
148.5 0.001729166666666668
149.5 0.0021087962962962974
150.5 0.002303240740740742
151.5 0.002615740740740743
152.5 0.0029629629629629646
153.5 0.0034884259259259304
154.5 0.0037800925925925957
155.5 0.004395833333333335
156.5 0.004768518518518523
157.5 0.005504629629629635
158.5 0.005803240740740746
159.5 0.006585648148148151
160.5 0.0073379629629629645
161.5 0.008131944444444449
162.5 0.008907407407407409
163.5 0.00974999999999999
164.5 0.010377314814814818
165.5 0.01130324074074074
166.5 0.01243055555555556
167.5 0.013562499999999996
168.5 0.014368055555555556
169.5 0.015365740740740739
170.5 0.016231481481481472
171.5 0.016988425925925935
172.5 0.017585648148148156
173.5 0.018358796296296293
174.5 0.01940972222222221
175.5 0.019798611111111104
176.5 0.01984027777777778
177.5 0.02056481481481481
178.5 0.020493055555555542
179.5 0.02074768518518519
180.5 0.021055555555555563
181.5 0.021187500000000012
182.5 0.020421296296296302
183.5 0.020372685185185188
184.5 0.01987500000000002
185.5 0.019331018518518508
186.5 0.017997685185185172
187.5 0.017703703703703694
188.5 0.017090277777777788
189.5 0.016238425925925924
190.5 0.014946759259259266
191.5 0.014113425925925923
192.5 0.013851851851851857
193.5 0.012629629629629628
194.5 0.011879629629629634
195.5 0.010784722222222222
196.5 0.009604166666666664
197.5 0.009115740740740745
198.5 0.00821296296296296
199.5 0.007543981481481485
200.5 0.00684722222222223
201.5 0.006041666666666669
202.5 0.005592592592592594
203.5 0.004905092592592594
204.5 0.004398148148148152
205.5 0.0038379629629629645
206.5 0.0034467592592592623
207.5 0.002835648148148152
208.5 0.002613425925925927
209.5 0.002335648148148151
210.5 0.0021041666666666682
211.5 0.0018148148148148151
212.5 0.0015393518518518527
213.5 0.0013472222222222227
214.5 0.0012500000000000011
215.5 0.0011412037037037042
216.5 0.0008657407407407417
217.5 0.0008194444444444449
218.5 0.0007847222222222224
219.5 0.0006458333333333337
220.5 0.0006087962962962967
221.5 0.00047222222222222256
222.5 0.0004421296296296299
223.5 0.0003796296296296297
224.5 0.00037268518518518526
225.5 0.00029166666666666653
226.5 0.00029398148148148165
227.5 0.0002430555555555557
228.5 0.00019444444444444468
229.5 0.00024305555555555558
230.5 0.0002268518518518521
231.5 0.0002199074074074075
232.5 0.00017592592592592605
233.5 0.00016898148148148152
234.5 0.00015046296296296303
235.5 0.0001365740740740741
236.5 0.0001388888888888889
237.5 0.00011342592592592589
238.5 0.00015972222222222234
239.5 9.490740740740736e-05
240.5 0.00011805555555555555
241.5 0.00013194444444444443
242.5 0.00011805555555555555
243.5 0.00016435185185185194
244.5 0.00014583333333333343
245.5 0.00012962962962962966
246.5 0.00015046296296296308
247.5 0.00018518518518518534
248.5 0.00015972222222222223
249.5 0.00014583333333333337
250.5 0.0001851851851851853
251.5 0.00015046296296296303
252.5 0.00018287037037037048
253.5 0.00021296296296296314
254.5 0.00020370370370370388
255.5 0.0002800925925925927
256.5 0.00028935185185185194
257.5 0.00032407407407407406
258.5 0.00035879629629629646
259.5 0.0003796296296296296
260.5 0.00038888888888888914
261.5 0.0004305555555555556
262.5 0.0004884259259259264
263.5 0.0005763888888888894
264.5 0.0006643518518518524
265.5 0.0006851851851851858
266.5 0.000768518518518519
267.5 0.0008125000000000005
268.5 0.0009236111111111114
269.5 0.0010763888888888897
270.5 0.0011273148148148156
271.5 0.0013587962962962967
272.5 0.0014768518518518533
273.5 0.001604166666666668
274.5 0.0017731481481481487
275.5 0.0019328703703703706
276.5 0.002053240740740742
277.5 0.0022199074074074083
278.5 0.002291666666666668
279.5 0.0026041666666666683
280.5 0.0027199074074074096
281.5 0.0029907407407407413
282.5 0.00308564814814815
283.5 0.0033263888888888904
284.5 0.00351851851851852
285.5 0.003601851851851855
286.5 0.0036875000000000002
287.5 0.003868055555555559
288.5 0.004064814814814816
289.5 0.0038356481481481505
290.5 0.0041087962962963
291.5 0.00409490740740741
292.5 0.004180555555555557
293.5 0.004194444444444447
294.5 0.003997685185185187
295.5 0.003916666666666668
296.5 0.004009259259259262
297.5 0.003782407407407407
298.5 0.0036296296296296324
299.5 0.003476851851851852
300.5 0.0035000000000000022
301.5 0.003120370370370372
302.5 0.003092592592592596
303.5 0.0027685185185185204
304.5 0.0026203703703703714
305.5 0.00238888888888889
306.5 0.0021828703703703715
307.5 0.0020254629629629637
308.5 0.0017407407407407426
309.5 0.0015578703703703705
310.5 0.0014120370370370378
311.5 0.0012060185185185192
312.5 0.0010092592592592597
313.5 0.0009560185185185188
314.5 0.000844907407407408
315.5 0.0007152777777777779
316.5 0.0005949074074074075
317.5 0.0005231481481481482
318.5 0.0004189814814814816
319.5 0.00034259259259259247
320.5 0.00031481481481481486
321.5 0.0002731481481481483
322.5 0.00022222222222222237
323.5 0.00018287037037037048
324.5 0.00011342592592592589
325.5 0.00014351851851851857
326.5 0.00011342592592592589
327.5 5.0925925925925916e-05
328.5 5.5555555555555545e-05
329.5 4.6296296296296294e-05
330.5 4.3981481481481466e-05
331.5 3.472222222222222e-05
332.5 4.3981481481481466e-05
333.5 1.6203703703703704e-05
334.5 2.0833333333333336e-05
335.5 1.388888888888889e-05
336.5 4.6296296296296296e-06
337.5 9.259259259259259e-06
338.5 4.6296296296296296e-06
339.5 9.259259259259259e-06
340.5 4.6296296296296296e-06
341.5 2.3148148148148148e-06
342.5 6.944444444444445e-06
343.5 6.944444444444445e-06
344.5 4.6296296296296296e-06
345.5 0.0
346.5 2.3148148148148148e-06
347.5 9.259259259259259e-06
348.5 2.3148148148148148e-06
349.5 2.3148148148148148e-06
350.5 6.944444444444445e-06
351.5 0.0
352.5 2.3148148148148148e-06
353.5 4.6296296296296296e-06
354.5 0.0
355.5 0.0
356.5 0.0
357.5 0.0
358.5 0.0
359.5 0.0
