0.5 0.0
1.5 0.0
2.5 0.0
3.5 0.0
4.5 0.0
5.5 0.0
6.5 0.0
7.5 0.0
8.5 0.0
9.5 0.0
10.5 0.0
11.5 0.0
12.5 0.0
13.5 0.0
14.5 0.0
15.5 0.0
16.5 0.0
17.5 0.0
18.5 0.0
19.5 0.0
20.5 0.0
21.5 0.0
22.5 0.0
23.5 0.0
24.5 0.0
25.5 0.0
26.5 0.0
27.5 0.0
28.5 0.0
29.5 0.0
30.5 0.0
31.5 0.0
32.5 0.0
33.5 0.0
34.5 0.0
35.5 0.0
36.5 0.0
37.5 0.0
38.5 0.0
39.5 0.0
40.5 0.0
41.5 0.0
42.5 0.0
43.5 0.0
44.5 0.0
45.5 0.0
46.5 0.0
47.5 0.0
48.5 0.0
49.5 0.0
50.5 0.0
51.5 0.0
52.5 0.0
53.5 0.0
54.5 0.0
55.5 0.0
56.5 0.0
57.5 0.0
58.5 0.0
59.5 0.0
60.5 0.0
61.5 0.0
62.5 0.0
63.5 0.0
64.5 0.0
65.5 0.0
66.5 0.0
67.5 0.0
68.5 0.0
69.5 0.0
70.5 0.0
71.5 0.0
72.5 0.0
73.5 0.0
74.5 0.0
75.5 2.3148148148148148e-06
76.5 0.0
77.5 1.1574074074074073e-05
78.5 1.1574074074074073e-05
79.5 1.1574074074074073e-05
80.5 3.703703703703703e-05
81.5 6.944444444444443e-05
82.5 0.00011342592592592592
83.5 0.00023379629629629643
84.5 0.0003634259259259261
85.5 0.000766203703703704
86.5 0.0013055555555555557
87.5 0.002462962962962964
88.5 0.003946759259259263
89.5 0.006180555555555561
90.5 0.009752314814814814
91.5 0.014120370370370366
92.5 0.02005324074074074
93.5 0.026071759259259267
94.5 0.03290046296296297
95.5 0.03867361111111112
96.5 0.04317129629629629
97.5 0.04610185185185184
98.5 0.04492592592592593
99.5 0.04206712962962963
100.5 0.03644675925925926
101.5 0.03095833333333335
102.5 0.024844907407407406
103.5 0.018659722222222223
104.5 0.013636574074074074
105.5 0.009229166666666669
106.5 0.005877314814814816
107.5 0.0037939814814814832
108.5 0.0023379629629629636
109.5 0.0015023148148148153
110.5 0.0008796296296296297
111.5 0.0005115740740740741
112.5 0.0002708333333333335
113.5 0.00015972222222222223
114.5 6.48148148148148e-05
115.5 5.3240740740740724e-05
116.5 1.388888888888889e-05
117.5 1.6203703703703704e-05
118.5 6.944444444444445e-06
119.5 6.944444444444445e-06
120.5 4.6296296296296296e-06
121.5 2.3148148148148148e-06
122.5 0.0
123.5 0.0
124.5 0.0
125.5 0.0
126.5 0.0
127.5 0.0
128.5 0.0
129.5 0.0
130.5 2.3148148148148148e-06
131.5 0.0
132.5 0.0
133.5 2.3148148148148148e-06
134.5 0.0
135.5 0.0
136.5 0.0
137.5 0.0
138.5 0.0
139.5 0.0
140.5 0.0
141.5 0.0
142.5 0.0
143.5 0.0
144.5 0.0
145.5 0.0
146.5 0.0
147.5 0.0
148.5 0.0
149.5 0.0
150.5 0.0
151.5 0.0
152.5 0.0
153.5 0.0
154.5 0.0
155.5 0.0
156.5 0.0
157.5 0.0
158.5 0.0
159.5 0.0
160.5 0.0
161.5 2.3148148148148148e-06
162.5 0.0
163.5 2.3148148148148148e-06
164.5 0.0
165.5 0.0
166.5 0.0
167.5 0.0
168.5 0.0
169.5 0.0
170.5 0.0
171.5 0.0
172.5 0.0
173.5 0.0
174.5 0.0
175.5 0.0
176.5 0.0
177.5 0.0
178.5 0.0
179.5 0.0
180.5 0.0
181.5 0.0
182.5 0.0
183.5 0.0
184.5 0.0
185.5 0.0
186.5 0.0
187.5 0.0
188.5 0.0
189.5 0.0
190.5 0.0
191.5 0.0
192.5 0.0
193.5 0.0
194.5 2.3148148148148148e-06
195.5 0.0
196.5 0.0
197.5 0.0
198.5 0.0
199.5 0.0
200.5 0.0
201.5 0.0
202.5 0.0
203.5 0.0
204.5 0.0
205.5 0.0
206.5 0.0
207.5 2.3148148148148148e-06
208.5 0.0
209.5 0.0
210.5 0.0
211.5 0.0
212.5 0.0
213.5 0.0
214.5 0.0
215.5 0.0
216.5 0.0
217.5 0.0
218.5 0.0
219.5 0.0
220.5 0.0
221.5 0.0
222.5 0.0
223.5 0.0
224.5 0.0
225.5 0.0
226.5 0.0
227.5 2.3148148148148148e-06
228.5 0.0
229.5 0.0
230.5 0.0
231.5 0.0
232.5 0.0
233.5 0.0
234.5 0.0
235.5 0.0
236.5 0.0
237.5 2.3148148148148148e-06
238.5 0.0
239.5 2.3148148148148148e-06
240.5 6.944444444444445e-06
241.5 4.6296296296296296e-06
242.5 1.6203703703703704e-05
243.5 2.5462962962962965e-05
244.5 4.166666666666666e-05
245.5 9.259259259259256e-05
246.5 0.00015277777777777783
247.5 0.00032175925925925937
248.5 0.00041898148148148144
249.5 0.0008194444444444447
250.5 0.0014328703703703712
251.5 0.0024375000000000017
252.5 0.0038958333333333353
253.5 0.006185185185185188
254.5 0.00913888888888889
255.5 0.013564814814814816
256.5 0.01893055555555556
257.5 0.02567361111111111
258.5 0.0322986111111111
259.5 0.03850925925925925
260.5 0.04449074074074075
261.5 0.047402777777777766
262.5 0.048134259259259266
263.5 0.04627777777777778
264.5 0.042025462962962945
265.5 0.03618055555555556
266.5 0.029108796296296296
267.5 0.022708333333333323
268.5 0.01644675925925925
269.5 0.011087962962962961
270.5 0.007506944444444445
271.5 0.004791666666666668
272.5 0.003083333333333335
273.5 0.0018240740740740747
274.5 0.0010046296296296303
275.5 0.0005763888888888892
276.5 0.00033333333333333327
277.5 0.0001805555555555556
278.5 9.953703703703702e-05
279.5 4.398148148148147e-05
280.5 2.5462962962962968e-05
281.5 2.0833333333333336e-05
282.5 9.259259259259259e-06
283.5 4.6296296296296296e-06
284.5 4.6296296296296296e-06
285.5 4.6296296296296296e-06
286.5 0.0
287.5 2.3148148148148148e-06
288.5 0.0
289.5 0.0
290.5 0.0
291.5 0.0
292.5 0.0
293.5 0.0
294.5 0.0
295.5 0.0
296.5 0.0
297.5 0.0
298.5 0.0
299.5 0.0
300.5 0.0
301.5 0.0
302.5 0.0
303.5 0.0
304.5 0.0
305.5 0.0
306.5 0.0
307.5 0.0
308.5 0.0
309.5 0.0
310.5 0.0
311.5 0.0
312.5 0.0
313.5 0.0
314.5 0.0
315.5 0.0
316.5 0.0
317.5 0.0
318.5 0.0
319.5 0.0
320.5 0.0
321.5 0.0
322.5 0.0
323.5 0.0
324.5 0.0
325.5 0.0
326.5 0.0
327.5 0.0
328.5 0.0
329.5 0.0
330.5 0.0
331.5 0.0
332.5 0.0
333.5 0.0
334.5 0.0
335.5 0.0
336.5 0.0
337.5 0.0
338.5 0.0
339.5 0.0
340.5 0.0
341.5 0.0
342.5 0.0
343.5 0.0
344.5 0.0
345.5 0.0
346.5 0.0
347.5 0.0
348.5 0.0
349.5 0.0
350.5 0.0
351.5 0.0
352.5 0.0
353.5 0.0
354.5 0.0
355.5 0.0
356.5 0.0
357.5 0.0
358.5 0.0
359.5 0.0
