0.5 2.5462962962962965e-05
1.5 4.398148148148147e-05
2.5 2.5462962962962965e-05
3.5 3.9351851851851844e-05
4.5 2.314814814814815e-05
5.5 3.009259259259259e-05
6.5 2.5462962962962968e-05
7.5 2.0833333333333336e-05
8.5 9.259259259259259e-06
9.5 2.3148148148148154e-05
10.5 2.5462962962962965e-05
11.5 3.472222222222222e-05
12.5 2.0833333333333336e-05
13.5 2.314814814814815e-05
14.5 3.703703703703703e-05
15.5 6.018518518518518e-05
16.5 6.944444444444442e-05
17.5 5.787037037037037e-05
18.5 3.240740740740741e-05
19.5 6.944444444444442e-05
20.5 6.944444444444442e-05
21.5 0.00010879629629629626
22.5 0.00012268518518518517
23.5 9.722222222222219e-05
24.5 0.00013425925925925926
25.5 0.00016898148148148152
26.5 0.00021296296296296308
27.5 0.0002175925925925927
28.5 0.00023842592592592603
29.5 0.0002939814814814815
30.5 0.0003101851851851852
31.5 0.0003541666666666666
32.5 0.00037037037037037046
33.5 0.0003449074074074073
34.5 0.0004050925925925925
35.5 0.0004189814814814814
36.5 0.0004745370370370371
37.5 0.0004606481481481481
38.5 0.00048611111111111126
39.5 0.0005578703703703705
40.5 0.000604166666666667
41.5 0.0006134259259259259
42.5 0.0005416666666666666
43.5 0.0006550925925925931
44.5 0.0006574074074074075
45.5 0.0006620370370370372
46.5 0.0006481481481481483
47.5 0.0006064814814814818
48.5 0.0007824074074074076
49.5 0.0007106481481481485
50.5 0.0006481481481481482
51.5 0.0006458333333333335
52.5 0.0005995370370370373
53.5 0.0005763888888888889
54.5 0.0006180555555555559
55.5 0.00048148148148148155
56.5 0.0005486111111111115
57.5 0.000502314814814815
58.5 0.0005069444444444444
59.5 0.0005185185185185184
60.5 0.00042361111111111115
61.5 0.0003819444444444443
62.5 0.0003865740740740741
63.5 0.0003425925925925926
64.5 0.00035648148148148144
65.5 0.0003472222222222222
66.5 0.00029861111111111104
67.5 0.000340277777777778
68.5 0.00034953703703703704
69.5 0.00036111111111111104
70.5 0.000363425925925926
71.5 0.0004004629629629629
72.5 0.00041203703703703693
73.5 0.00039583333333333305
74.5 0.0004421296296296296
75.5 0.00043518518518518505
76.5 0.0004930555555555558
77.5 0.0004837962962962964
78.5 0.0005439814814814817
79.5 0.0005208333333333334
80.5 0.0005509259259259258
81.5 0.0005717592592592596
82.5 0.0006064814814814817
83.5 0.0005416666666666669
84.5 0.0005856481481481484
85.5 0.0006273148148148148
86.5 0.0006273148148148152
87.5 0.0006296296296296298
88.5 0.0006111111111111118
89.5 0.0006319444444444446
90.5 0.000655092592592593
91.5 0.0005810185185185187
92.5 0.0006319444444444444
93.5 0.0006458333333333338
94.5 0.0005925925925925929
95.5 0.0005856481481481482
96.5 0.0005902777777777779
97.5 0.0006296296296296299
98.5 0.0005694444444444445
99.5 0.0005509259259259261
100.5 0.0005300925925925929
101.5 0.0005231481481481482
102.5 0.0004953703703703702
103.5 0.0005069444444444445
104.5 0.0005162037037037038
105.5 0.0005023148148148149
106.5 0.0004837962962962964
107.5 0.000412037037037037
108.5 0.0004143518518518519
109.5 0.0004791666666666667
110.5 0.0004606481481481482
111.5 0.0003750000000000001
112.5 0.000388888888888889
113.5 0.00037499999999999985
114.5 0.0003749999999999998
115.5 0.0004189814814814814
116.5 0.0004374999999999999
117.5 0.0004560185185185186
118.5 0.000518518518518519
119.5 0.0004930555555555556
120.5 0.0005370370370370374
121.5 0.0006435185185185187
122.5 0.0007222222222222226
123.5 0.0007314814814814823
124.5 0.000782407407407408
125.5 0.0009722222222222227
126.5 0.0010648148148148144
127.5 0.0011273148148148151
128.5 0.001236111111111112
129.5 0.0015162037037037047
130.5 0.001590277777777778
131.5 0.001840277777777778
132.5 0.002087962962962963
133.5 0.0022523148148148155
134.5 0.002583333333333335
135.5 0.0029236111111111134
136.5 0.003171296296296299
137.5 0.0034097222222222237
138.5 0.0038101851851851864
139.5 0.0038263888888888883
140.5 0.004347222222222221
141.5 0.004599537037037036
142.5 0.0049837962962962995
143.5 0.0052152777777777805
144.5 0.005226851851851854
145.5 0.005983796296296296
146.5 0.006071759259259259
147.5 0.006490740740740744
148.5 0.006479166666666664
149.5 0.006692129629629633
150.5 0.00679166666666667
151.5 0.0070023148148148145
152.5 0.00706712962962963
153.5 0.007037037037037042
154.5 0.007041666666666668
155.5 0.0069120370370370394
156.5 0.006981481481481482
157.5 0.006805555555555557
158.5 0.00646990740740741
159.5 0.006203703703703708
160.5 0.006006944444444446
161.5 0.00560416666666667
162.5 0.005641203703703706
163.5 0.005104166666666668
164.5 0.004946759259259261
165.5 0.0046388888888888894
166.5 0.004456018518518521
167.5 0.004173611111111114
168.5 0.0037685185185185204
169.5 0.003474537037037039
170.5 0.0032407407407407415
171.5 0.0031597222222222235
172.5 0.002891203703703705
173.5 0.002641203703703706
174.5 0.0026504629629629643
175.5 0.0025625000000000023
176.5 0.002298611111111111
177.5 0.0024768518518518533
178.5 0.002594907407407409
179.5 0.002534722222222223
180.5 0.00282638888888889
181.5 0.002928240740740743
182.5 0.0031435185185185207
183.5 0.0034444444444444483
184.5 0.003680555555555559
185.5 0.004240740740740741
186.5 0.004509259259259262
187.5 0.005041666666666671
188.5 0.005543981481481485
189.5 0.006064814814814818
190.5 0.006745370370370377
191.5 0.007481481481481486
192.5 0.008108796296296296
193.5 0.008562499999999995
194.5 0.00881944444444445
195.5 0.010071759259259265
196.5 0.010305555555555554
197.5 0.011245370370370369
198.5 0.011418981481481492
199.5 0.011928240740740743
200.5 0.012180555555555559
201.5 0.01271990740740741
202.5 0.0133287037037037
203.5 0.013064814814814809
204.5 0.013370370370370373
205.5 0.01333796296296296
206.5 0.013081018518518521
207.5 0.012879629629629631
208.5 0.012569444444444437
209.5 0.012136574074074076
210.5 0.012206018518518514
211.5 0.0115162037037037
212.5 0.010770833333333339
213.5 0.010592592592592596
214.5 0.009553240740740739
215.5 0.00927314814814815
216.5 0.008527777777777787
217.5 0.007946759259259263
218.5 0.007240740740740742
219.5 0.006467592592592598
220.5 0.006185185185185186
221.5 0.005458333333333339
222.5 0.005053240740740742
223.5 0.004543981481481484
224.5 0.004127314814814817
225.5 0.0036111111111111144
226.5 0.003291666666666667
227.5 0.0030949074074074073
228.5 0.002567129629629631
229.5 0.002296296296296298
230.5 0.00194212962962963
231.5 0.0016759259259259264
232.5 0.001534722222222223
233.5 0.0013634259259259268
234.5 0.001231481481481482
235.5 0.0010509259259259263
236.5 0.0008518518518518523
237.5 0.0008333333333333341
238.5 0.0006574074074074082
239.5 0.0006111111111111115
240.5 0.0004652777777777778
241.5 0.00050462962962963
242.5 0.00036342592592592606
243.5 0.0003587962962962964
244.5 0.0003287037037037038
245.5 0.0002777777777777778
246.5 0.00024305555555555563
247.5 0.00022453703703703711
248.5 0.0002314814814814817
249.5 0.0002546296296296296
250.5 0.0001921296296296298
251.5 0.00021527777777777794
252.5 0.00015277777777777786
253.5 0.00015509259259259266
254.5 0.00016666666666666674
255.5 0.00012962962962962963
256.5 0.00018287037037037043
257.5 0.00019212962962962971
258.5 0.00013425925925925931
259.5 0.00013657407407407412
260.5 0.00012962962962962969
261.5 0.00010416666666666662
262.5 0.00012962962962962966
263.5 0.00015972222222222226
264.5 0.00014583333333333337
265.5 0.0001273148148148148
266.5 9.027777777777773e-05
267.5 0.0001851851851851853
268.5 0.00013657407407407412
269.5 0.00018055555555555566
270.5 0.00018981481481481497
271.5 0.0001828703703703705
272.5 0.00017361111111111117
273.5 0.0001597222222222223
274.5 0.00021296296296296306
275.5 0.00019675925925925942
276.5 0.0002523148148148149
277.5 0.00023379629629629637
278.5 0.0002962962962962964
279.5 0.00031481481481481486
280.5 0.00036805555555555577
281.5 0.00036574074074074086
282.5 0.0005138888888888892
283.5 0.0005000000000000003
284.5 0.0005509259259259261
285.5 0.0006041666666666668
286.5 0.0006597222222222225
287.5 0.0008148148148148154
288.5 0.0008865740740740741
289.5 0.001000000000000001
290.5 0.001236111111111111
291.5 0.0014074074074074082
292.5 0.0015856481481481494
293.5 0.0018148148148148168
294.5 0.001965277777777779
295.5 0.0024236111111111125
296.5 0.0025300925925925938
297.5 0.002986111111111112
298.5 0.003375000000000001
299.5 0.003842592592592594
300.5 0.004287037037037041
301.5 0.004643518518518521
302.5 0.005312500000000001
303.5 0.005863425925925932
304.5 0.006173611111111112
305.5 0.006888888888888894
306.5 0.007613425925925926
307.5 0.007939814814814816
308.5 0.00857638888888889
309.5 0.009043981481481477
310.5 0.009319444444444448
311.5 0.009814814814814821
312.5 0.010041666666666666
313.5 0.010125
314.5 0.01019444444444444
315.5 0.010344907407407405
316.5 0.010368055555555556
317.5 0.01004861111111111
318.5 0.010055555555555557
319.5 0.009449074074074075
320.5 0.009062499999999992
321.5 0.00887037037037037
322.5 0.008497685185185185
323.5 0.007798611111111113
324.5 0.007465277777777781
325.5 0.006888888888888894
326.5 0.0062407407407407385
327.5 0.005675925925925929
328.5 0.005372685185185189
329.5 0.004583333333333337
330.5 0.00416203703703704
331.5 0.0035300925925925947
332.5 0.0030231481481481502
333.5 0.0026898148148148155
334.5 0.0025347222222222234
335.5 0.002212962962962964
336.5 0.001849537037037038
337.5 0.0015370370370370381
338.5 0.0014189814814814818
339.5 0.0011666666666666672
340.5 0.0010347222222222225
341.5 0.0009166666666666675
342.5 0.0007847222222222225
343.5 0.0006342592592592598
344.5 0.0004560185185185188
345.5 0.0004606481481481484
346.5 0.00040046296296296314
347.5 0.0002916666666666668
348.5 0.00029861111111111126
349.5 0.00023148148148148152
350.5 0.00021759259259259277
351.5 0.00016666666666666672
352.5 0.00013425925925925926
353.5 7.638888888888886e-05
354.5 9.027777777777776e-05
355.5 8.33333333333333e-05
356.5 6.25e-05
357.5 5.324074074074073e-05
358.5 6.71296296296296e-05
359.5 3.009259259259259e-05
