0.5 0.0
1.5 0.0
2.5 0.0
3.5 0.0
4.5 0.0
5.5 0.0
6.5 0.0
7.5 0.0
8.5 0.0
9.5 0.0
10.5 0.0
11.5 0.0
12.5 0.0
13.5 0.0
14.5 0.0
15.5 0.0
16.5 0.0
17.5 0.0
18.5 2.3148148148148148e-06
19.5 2.3148148148148148e-06
20.5 0.0
21.5 2.3148148148148148e-06
22.5 1.1574074074074073e-05
23.5 2.3148148148148148e-06
24.5 6.944444444444445e-06
25.5 9.259259259259259e-06
26.5 4.6296296296296296e-06
27.5 1.1574074074074073e-05
28.5 1.6203703703703704e-05
29.5 2.0833333333333336e-05
30.5 2.7777777777777786e-05
31.5 2.3148148148148154e-05
32.5 2.3148148148148154e-05
33.5 8.101851851851849e-05
34.5 0.00011111111111111106
35.5 0.00011342592592592592
36.5 0.00013888888888888894
37.5 0.00012962962962962969
38.5 0.00017361111111111117
39.5 0.00029861111111111126
40.5 0.00037268518518518515
41.5 0.00043981481481481514
42.5 0.0005254629629629633
43.5 0.000680555555555556
44.5 0.0008148148148148151
45.5 0.0011087962962962967
46.5 0.0011990740740740738
47.5 0.0015995370370370376
48.5 0.0017060185185185193
49.5 0.0021041666666666674
50.5 0.002500000000000001
51.5 0.0030625000000000045
52.5 0.003516203703703706
53.5 0.00408101851851852
54.5 0.004631944444444447
55.5 0.00557638888888889
56.5 0.006009259259259262
57.5 0.006729166666666667
58.5 0.007361111111111114
59.5 0.0077222222222222215
60.5 0.008407407407407409
61.5 0.009138888888888889
62.5 0.009643518518518517
63.5 0.010050925925925925
64.5 0.010405092592592596
65.5 0.010349537037037039
66.5 0.01038657407407407
67.5 0.01020833333333334
68.5 0.010282407407407407
69.5 0.009675925925925921
70.5 0.009638888888888884
71.5 0.00920833333333334
72.5 0.008828703703703703
73.5 0.008379629629629631
74.5 0.007939814814814818
75.5 0.007261574074074079
76.5 0.006921296296296304
77.5 0.006057870370370373
78.5 0.005497685185185191
79.5 0.004979166666666667
80.5 0.004250000000000001
81.5 0.0038773148148148135
82.5 0.003351851851851853
83.5 0.003023148148148151
84.5 0.002606481481481484
85.5 0.0021458333333333342
86.5 0.0019745370370370385
87.5 0.001685185185185186
88.5 0.0013981481481481488
89.5 0.00120601851851852
90.5 0.0011435185185185185
91.5 0.0008425925925925928
92.5 0.0007893518518518521
93.5 0.0006898148148148149
94.5 0.0005717592592592597
95.5 0.0004606481481481484
96.5 0.0003472222222222222
97.5 0.000363425925925926
98.5 0.0002731481481481482
99.5 0.0002569444444444447
100.5 0.00022453703703703717
101.5 0.00017361111111111128
102.5 0.00016666666666666677
103.5 0.00014814814814814817
104.5 0.00010648148148148143
105.5 8.564814814814812e-05
106.5 9.259259259259257e-05
107.5 8.796296296296292e-05
108.5 7.870370370370366e-05
109.5 4.861111111111111e-05
110.5 6.48148148148148e-05
111.5 3.7037037037037037e-05
112.5 4.398148148148147e-05
113.5 6.48148148148148e-05
114.5 4.861111111111111e-05
115.5 3.7037037037037037e-05
116.5 4.3981481481481486e-05
117.5 5.5555555555555545e-05
118.5 4.398148148148148e-05
119.5 4.166666666666666e-05
120.5 3.240740740740741e-05
121.5 2.5462962962962968e-05
122.5 1.6203703703703704e-05
123.5 3.9351851851851844e-05
124.5 3.240740740740741e-05
125.5 5.0925925925925916e-05
126.5 3.935185185185186e-05
127.5 3.7037037037037037e-05
128.5 3.935185185185185e-05
129.5 6.018518518518518e-05
130.5 3.472222222222222e-05
131.5 7.638888888888886e-05
132.5 8.564814814814812e-05
133.5 5.3240740740740724e-05
134.5 0.00010879629629629623
135.5 0.0001018518518518518
136.5 9.953703703703699e-05
137.5 0.0001273148148148148
138.5 0.00018055555555555563
139.5 0.0001944444444444446
140.5 0.00017361111111111123
141.5 0.00025000000000000017
142.5 0.0002962962962962964
143.5 0.00031018518518518526
144.5 0.00040277777777777783
145.5 0.0004305555555555555
146.5 0.000518518518518519
147.5 0.0006898148148148152
148.5 0.0007662037037037043
149.5 0.0008750000000000008
150.5 0.00112037037037037
151.5 0.0012222222222222235
152.5 0.001553240740740742
153.5 0.001527777777777778
154.5 0.0018032407407407418
155.5 0.0021689814814814835
156.5 0.0025162037037037037
157.5 0.0028055555555555577
158.5 0.0033703703703703717
159.5 0.0036689814814814836
160.5 0.0043148148148148165
161.5 0.004895833333333337
162.5 0.00551851851851852
163.5 0.00611805555555556
164.5 0.006699074074074078
165.5 0.007388888888888891
166.5 0.008032407407407412
167.5 0.008682870370370376
168.5 0.00941203703703704
169.5 0.010293981481481482
170.5 0.01072916666666667
171.5 0.011754629629629624
172.5 0.01228009259259259
173.5 0.01324074074074074
174.5 0.01351388888888889
175.5 0.013888888888888881
176.5 0.014356481481481482
177.5 0.014865740740740744
178.5 0.014935185185185178
179.5 0.015365740740740739
180.5 0.015247685185185184
181.5 0.015261574074074072
182.5 0.014490740740740736
183.5 0.014312499999999994
184.5 0.014074074074074076
185.5 0.013773148148148147
186.5 0.013108796296296295
187.5 0.012324074074074083
188.5 0.01179861111111111
189.5 0.010884259259259258
190.5 0.010215277777777775
191.5 0.009451388888888884
192.5 0.008715277777777777
193.5 0.008189814814814816
194.5 0.0072615740740740765
195.5 0.006696759259259264
196.5 0.005939814814814821
197.5 0.0053171296296296335
198.5 0.004631944444444447
199.5 0.004206018518518521
200.5 0.0037199074074074096
201.5 0.003291666666666668
202.5 0.0026597222222222243
203.5 0.0025416666666666673
204.5 0.002233796296296298
205.5 0.0018449074074074088
206.5 0.001712962962962964
207.5 0.0014120370370370378
208.5 0.0013148148148148153
209.5 0.0010138888888888897
210.5 0.000872685185185186
211.5 0.0007013888888888889
212.5 0.000719907407407408
213.5 0.0005277777777777784
214.5 0.0004097222222222223
215.5 0.0003773148148148146
216.5 0.00030787037037037046
217.5 0.00030092592592592606
218.5 0.0002199074074074075
219.5 0.00019675925925925942
220.5 0.00015277777777777786
221.5 0.00013194444444444446
222.5 0.00011574074074074072
223.5 0.00011805555555555552
224.5 9.027777777777775e-05
225.5 8.101851851851849e-05
226.5 8.796296296296295e-05
227.5 6.944444444444443e-05
228.5 7.175925925925923e-05
229.5 6.249999999999999e-05
230.5 4.629629629629628e-05
231.5 5.787037037037036e-05
232.5 5.787037037037036e-05
233.5 1.6203703703703704e-05
234.5 3.7037037037037037e-05
235.5 3.0092592592592597e-05
236.5 3.4722222222222215e-05
237.5 3.7037037037037037e-05
238.5 5.787037037037036e-05
239.5 3.472222222222222e-05
240.5 5.3240740740740724e-05
241.5 5.0925925925925916e-05
242.5 4.629629629629629e-05
243.5 3.935185185185186e-05
244.5 4.6296296296296294e-05
245.5 6.944444444444442e-05
246.5 3.935185185185185e-05
247.5 5.5555555555555545e-05
248.5 6.25e-05
249.5 6.018518518518518e-05
250.5 7.870370370370367e-05
251.5 8.10185185185185e-05
252.5 9.490740740740736e-05
253.5 8.101851851851849e-05
254.5 9.490740740740736e-05
255.5 0.00013888888888888894
256.5 0.00010879629629629623
257.5 0.00011805555555555549
258.5 0.00017592592592592605
259.5 0.00017824074074074085
260.5 0.00025925925925925926
261.5 0.00028703703703703714
262.5 0.0003356481481481484
263.5 0.0004050925925925927
264.5 0.0004189814814814815
265.5 0.0005000000000000003
266.5 0.0006180555555555562
267.5 0.0006990740740740742
268.5 0.0007986111111111115
269.5 0.0010462962962962967
270.5 0.00112962962962963
271.5 0.001296296296296297
272.5 0.001618055555555556
273.5 0.0018078703703703714
274.5 0.002194444444444446
275.5 0.0024976851851851866
276.5 0.002976851851851854
277.5 0.0032662037037037048
278.5 0.0037986111111111137
279.5 0.004291666666666669
280.5 0.004793981481481485
281.5 0.0054259259259259295
282.5 0.0059930555555555605
283.5 0.00637731481481482
284.5 0.00698842592592593
285.5 0.007652777777777784
286.5 0.008199074074074074
287.5 0.008703703703703707
288.5 0.009127314814814817
289.5 0.009504629629629628
290.5 0.010039351851851846
291.5 0.010168981481481484
292.5 0.010057870370370375
293.5 0.009745370370370368
294.5 0.010134259259259253
295.5 0.00969212962962963
296.5 0.009784722222222228
297.5 0.009280092592592592
298.5 0.008844907407407407
299.5 0.008530092592592596
300.5 0.00784490740740741
301.5 0.007120370370370374
302.5 0.006506944444444452
303.5 0.005958333333333337
304.5 0.005016203703703707
305.5 0.004740740740740742
306.5 0.0039675925925925955
307.5 0.0034722222222222255
308.5 0.0030092592592592606
309.5 0.002497685185185186
310.5 0.0021134259259259266
311.5 0.0017893518518518536
312.5 0.0015208333333333339
313.5 0.0012476851851851857
314.5 0.0011041666666666678
315.5 0.0008657407407407412
316.5 0.0007361111111111119
317.5 0.0005555555555555558
318.5 0.0003773148148148148
319.5 0.0003495370370370371
320.5 0.0002523148148148149
321.5 0.00021759259259259282
322.5 0.00016203703703703703
323.5 0.00013425925925925931
324.5 0.00011342592592592589
325.5 6.481481481481479e-05
326.5 5.787037037037036e-05
327.5 4.398148148148147e-05
328.5 3.0092592592592597e-05
329.5 3.240740740740741e-05
330.5 1.1574074074074073e-05
331.5 2.777777777777778e-05
332.5 6.944444444444445e-06
333.5 6.944444444444445e-06
334.5 1.1574074074074073e-05
335.5 9.259259259259259e-06
336.5 4.6296296296296296e-06
337.5 4.6296296296296296e-06
338.5 2.3148148148148148e-06
339.5 2.3148148148148148e-06
340.5 0.0
341.5 6.944444444444445e-06
342.5 2.3148148148148148e-06
343.5 2.3148148148148148e-06
344.5 0.0
345.5 0.0
346.5 0.0
347.5 2.3148148148148148e-06
348.5 4.6296296296296296e-06
349.5 0.0
350.5 0.0
351.5 0.0
352.5 0.0
353.5 0.0
354.5 0.0
355.5 0.0
356.5 0.0
357.5 0.0
358.5 0.0
359.5 0.0
