0.5 0.0
1.5 0.0
2.5 0.0
3.5 2.3148148148148148e-06
4.5 0.0
5.5 0.0
6.5 0.0
7.5 0.0
8.5 0.0
9.5 0.0
10.5 0.0
11.5 0.0
12.5 0.0
13.5 0.0
14.5 0.0
15.5 0.0
16.5 0.0
17.5 2.3148148148148148e-06
18.5 0.0
19.5 2.3148148148148148e-06
20.5 0.0
21.5 2.3148148148148148e-06
22.5 2.3148148148148148e-06
23.5 0.0
24.5 4.6296296296296296e-06
25.5 0.0
26.5 9.259259259259259e-06
27.5 1.1574074074074073e-05
28.5 1.388888888888889e-05
29.5 2.7777777777777786e-05
30.5 3.0092592592592597e-05
31.5 3.7037037037037037e-05
32.5 3.703703703703703e-05
33.5 3.0092592592592597e-05
34.5 7.407407407407405e-05
35.5 0.0001018518518518518
36.5 0.00011805555555555555
37.5 0.000164351851851852
38.5 0.00018981481481481494
39.5 0.00028703703703703725
40.5 0.00027777777777777794
41.5 0.0003773148148148148
42.5 0.0005069444444444444
43.5 0.0006458333333333338
44.5 0.0007754629629629636
45.5 0.0010648148148148149
46.5 0.0012337962962962964
47.5 0.0014606481481481497
48.5 0.0018240740740740747
49.5 0.0019699074074074076
50.5 0.0024236111111111108
51.5 0.0030509259259259287
52.5 0.0033541666666666694
53.5 0.003888888888888891
54.5 0.004606481481481487
55.5 0.0052847222222222245
56.5 0.005800925925925932
57.5 0.0063217592592592605
58.5 0.0068217592592592635
59.5 0.007645833333333338
60.5 0.00831481481481482
61.5 0.008506944444444449
62.5 0.009099537037037038
63.5 0.009312499999999996
64.5 0.009615740740740739
65.5 0.00977314814814815
66.5 0.009773148148148156
67.5 0.009652777777777784
68.5 0.009708333333333334
69.5 0.00959259259259259
70.5 0.009263888888888894
71.5 0.008891203703703705
72.5 0.008458333333333339
73.5 0.007893518518518517
74.5 0.007504629629629637
75.5 0.0068472222222222285
76.5 0.0064722222222222256
77.5 0.00568518518518519
78.5 0.005196759259259259
79.5 0.004747685185185189
80.5 0.004303240740740743
81.5 0.0037754629629629666
82.5 0.0034212962962962986
83.5 0.002812500000000003
84.5 0.002664351851851853
85.5 0.002083333333333334
86.5 0.0019236111111111125
87.5 0.0016597222222222224
88.5 0.001340277777777778
89.5 0.0011666666666666672
90.5 0.0009166666666666671
91.5 0.0008634259259259264
92.5 0.000701388888888889
93.5 0.0005717592592592595
94.5 0.0005810185185185188
95.5 0.0004837962962962965
96.5 0.0003796296296296296
97.5 0.0003263888888888889
98.5 0.00030324074074074097
99.5 0.0002754629629629631
100.5 0.00022685185185185197
101.5 0.00014814814814814823
102.5 0.00014351851851851857
103.5 0.00013657407407407412
104.5 0.00013657407407407406
105.5 0.00012962962962962963
106.5 0.00010648148148148142
107.5 9.490740740740736e-05
108.5 6.71296296296296e-05
109.5 8.56481481481481e-05
110.5 7.407407407407405e-05
111.5 5.324074074074073e-05
112.5 4.166666666666666e-05
113.5 5.3240740740740724e-05
114.5 4.166666666666666e-05
115.5 5.0925925925925916e-05
116.5 3.935185185185185e-05
117.5 4.398148148148147e-05
118.5 4.166666666666666e-05
119.5 2.5462962962962968e-05
120.5 4.3981481481481486e-05
121.5 3.935185185185185e-05
122.5 3.0092592592592597e-05
123.5 3.935185185185185e-05
124.5 5.324074074074072e-05
125.5 3.935185185185185e-05
126.5 3.935185185185185e-05
127.5 4.629629629629629e-05
128.5 6.71296296296296e-05
129.5 6.249999999999999e-05
130.5 5.3240740740740724e-05
131.5 5.555555555555553e-05
132.5 6.018518518518517e-05
133.5 8.796296296296292e-05
134.5 8.101851851851849e-05
135.5 0.0001018518518518518
136.5 0.00010648148148148143
137.5 0.00012500000000000003
138.5 0.00011805555555555555
139.5 0.00017361111111111125
140.5 0.00021064814814814828
141.5 0.0002384259259259261
142.5 0.0003125
143.5 0.0003379629629629631
144.5 0.000400462962962963
145.5 0.0004259259259259259
146.5 0.0004976851851851855
147.5 0.0007152777777777778
148.5 0.0008101851851851857
149.5 0.0008888888888888891
150.5 0.0010902777777777781
151.5 0.0012754629629629635
152.5 0.0015023148148148148
153.5 0.0017245370370370379
154.5 0.0019814814814814825
155.5 0.0024212962962962973
156.5 0.0026458333333333347
157.5 0.002928240740740743
158.5 0.003479166666666669
159.5 0.003847222222222225
160.5 0.004416666666666668
161.5 0.005127314814814821
162.5 0.005342592592592597
163.5 0.0061226851851851885
164.5 0.006886574074074078
165.5 0.007775462962962966
166.5 0.008444444444444445
167.5 0.009043981481481486
168.5 0.009759259259259266
169.5 0.010594907407407405
170.5 0.01140509259259259
171.5 0.012023148148148146
172.5 0.012666666666666668
173.5 0.013706018518518513
174.5 0.013881944444444443
175.5 0.01432638888888889
176.5 0.015000000000000005
177.5 0.015192129629629621
178.5 0.01565277777777778
179.5 0.015942129629629626
180.5 0.01617361111111111
181.5 0.015585648148148133
182.5 0.015405092592592588
183.5 0.015071759259259255
184.5 0.014625000000000008
185.5 0.014256944444444438
186.5 0.01347685185185185
187.5 0.012692129629629621
188.5 0.012155092592592594
189.5 0.011155092592592593
190.5 0.01069444444444444
191.5 0.00967824074074074
192.5 0.009266203703703704
193.5 0.008421296296296297
194.5 0.007641203703703707
195.5 0.006805555555555559
196.5 0.006490740740740748
197.5 0.005597222222222227
198.5 0.005011574074074075
199.5 0.004414351851851853
200.5 0.003847222222222225
201.5 0.003495370370370374
202.5 0.0030439814814814843
203.5 0.0025902777777777795
204.5 0.0021759259259259266
205.5 0.0019189814814814829
206.5 0.0017453703703703709
207.5 0.001500000000000001
208.5 0.0012361111111111119
209.5 0.001090277777777778
210.5 0.0009027777777777786
211.5 0.0007893518518518527
212.5 0.0007199074074074074
213.5 0.0005370370370370371
214.5 0.0005000000000000003
215.5 0.00036805555555555566
216.5 0.0003287037037037038
217.5 0.00031944444444444473
218.5 0.00023611111111111112
219.5 0.00017824074074074085
220.5 0.00015509259259259263
221.5 0.00013425925925925926
222.5 0.00013194444444444446
223.5 0.00011805555555555556
224.5 9.490740740740738e-05
225.5 8.33333333333333e-05
226.5 8.564814814814812e-05
227.5 8.564814814814812e-05
228.5 9.722222222222218e-05
229.5 7.407407407407406e-05
230.5 5.324074074074072e-05
231.5 5.0925925925925916e-05
232.5 4.166666666666666e-05
233.5 3.240740740740741e-05
234.5 2.5462962962962968e-05
235.5 4.629629629629629e-05
236.5 3.935185185185185e-05
237.5 2.5462962962962965e-05
238.5 3.4722222222222215e-05
239.5 3.4722222222222215e-05
240.5 5.0925925925925916e-05
241.5 2.0833333333333336e-05
242.5 5.3240740740740724e-05
243.5 3.935185185185185e-05
244.5 4.166666666666666e-05
245.5 3.009259259259259e-05
246.5 4.86111111111111e-05
247.5 5.7870370370370345e-05
248.5 4.398148148148147e-05
249.5 4.398148148148147e-05
250.5 7.638888888888885e-05
251.5 7.638888888888886e-05
252.5 9.259259259259255e-05
253.5 9.027777777777775e-05
254.5 0.00013425925925925926
255.5 0.0001273148148148148
256.5 0.00015046296296296303
257.5 0.00015509259259259263
258.5 0.00019444444444444468
259.5 0.00020601851851851868
260.5 0.00022685185185185202
261.5 0.0002708333333333336
262.5 0.0003078703703703705
263.5 0.00043981481481481486
264.5 0.00043518518518518526
265.5 0.0005416666666666666
266.5 0.0006319444444444448
267.5 0.0006574074074074079
268.5 0.0008495370370370379
269.5 0.0010555555555555559
270.5 0.0012199074074074072
271.5 0.0013912037037037044
272.5 0.0016944444444444455
273.5 0.001902777777777778
274.5 0.002187500000000002
275.5 0.0025185185185185198
276.5 0.0029583333333333354
277.5 0.003155092592592594
278.5 0.003847222222222224
279.5 0.004182870370370374
280.5 0.00480787037037037
281.5 0.005543981481481487
282.5 0.005981481481481484
283.5 0.006476851851851856
284.5 0.0070462962962963005
285.5 0.007622685185185187
286.5 0.00818055555555556
287.5 0.008395833333333333
288.5 0.008754629629629633
289.5 0.009215277777777779
290.5 0.009421296296296296
291.5 0.009604166666666664
292.5 0.009895833333333335
293.5 0.009893518518518522
294.5 0.009520833333333333
295.5 0.009895833333333333
296.5 0.009296296296296297
297.5 0.009145833333333336
298.5 0.008523148148148153
299.5 0.008018518518518526
300.5 0.007604166666666668
301.5 0.006856481481481491
302.5 0.0063935185185185215
303.5 0.005587962962962968
304.5 0.005018518518518521
305.5 0.004481481481481484
306.5 0.0037893518518518545
307.5 0.0035578703703703727
308.5 0.002687500000000001
309.5 0.0024837962962962964
310.5 0.001972222222222223
311.5 0.0017337962962962975
312.5 0.0014259259259259266
313.5 0.0012731481481481491
314.5 0.0008819444444444451
315.5 0.0007546296296296298
316.5 0.0005972222222222228
317.5 0.0004652777777777776
318.5 0.00040740740740740754
319.5 0.0002777777777777778
320.5 0.00023611111111111117
321.5 0.00020601851851851868
322.5 0.00015972222222222234
323.5 0.00013888888888888892
324.5 0.00010879629629629626
325.5 7.407407407407405e-05
326.5 4.86111111111111e-05
327.5 5.7870370370370345e-05
328.5 3.24074074074074e-05
329.5 3.0092592592592597e-05
330.5 1.1574074074074073e-05
331.5 1.851851851851852e-05
332.5 1.1574074074074073e-05
333.5 4.6296296296296296e-06
334.5 6.944444444444445e-06
335.5 2.3148148148148148e-06
336.5 0.0
337.5 0.0
338.5 4.6296296296296296e-06
339.5 2.3148148148148148e-06
340.5 0.0
341.5 2.3148148148148148e-06
342.5 0.0
343.5 0.0
344.5 0.0
345.5 0.0
346.5 0.0
347.5 0.0
348.5 0.0
349.5 0.0
350.5 0.0
351.5 0.0
352.5 2.3148148148148148e-06
353.5 0.0
354.5 0.0
355.5 0.0
356.5 0.0
357.5 0.0
358.5 0.0
359.5 0.0
