0.5 6.249999999999999e-05
1.5 4.86111111111111e-05
2.5 7.175925925925925e-05
3.5 3.0092592592592597e-05
4.5 5.787037037037036e-05
5.5 4.861111111111111e-05
6.5 7.407407407407405e-05
7.5 5.787037037037036e-05
8.5 8.33333333333333e-05
9.5 9.722222222222218e-05
10.5 8.101851851851849e-05
11.5 8.564814814814812e-05
12.5 9.490740740740736e-05
13.5 0.00014583333333333332
14.5 0.00015046296296296297
15.5 0.0001574074074074075
16.5 0.00023379629629629643
17.5 0.0002453703703703704
18.5 0.00025231481481481486
19.5 0.00031944444444444446
20.5 0.0003449074074074074
21.5 0.0004189814814814814
22.5 0.0004953703703703705
23.5 0.0005601851851851857
24.5 0.0006666666666666671
25.5 0.0007476851851851856
26.5 0.001046296296296296
27.5 0.001224537037037037
28.5 0.0014097222222222228
29.5 0.0015879629629629633
30.5 0.001849537037037038
31.5 0.00212962962962963
32.5 0.0026620370370370374
33.5 0.003076388888888891
34.5 0.003511574074074076
35.5 0.004048611111111112
36.5 0.00476388888888889
37.5 0.005261574074074076
38.5 0.006328703703703708
39.5 0.007356481481481481
40.5 0.008053240740740741
41.5 0.00894675925925926
42.5 0.010256944444444437
43.5 0.010761574074074068
44.5 0.012414351851851852
45.5 0.013101851851851858
46.5 0.014062499999999999
47.5 0.015252314814814812
48.5 0.01618287037037037
49.5 0.017004629629629626
50.5 0.017569444444444443
51.5 0.01858564814814815
52.5 0.01932175925925926
53.5 0.019833333333333328
54.5 0.020215277777777776
55.5 0.019930555555555556
56.5 0.019993055555555563
57.5 0.019537037037037033
58.5 0.01955092592592591
59.5 0.018395833333333333
60.5 0.01786111111111111
61.5 0.01716203703703704
62.5 0.016118055555555556
63.5 0.015557870370370368
64.5 0.014212962962962958
65.5 0.013268518518518511
66.5 0.011884259259259256
67.5 0.010458333333333328
68.5 0.009516203703703704
69.5 0.008560185185185185
70.5 0.007562499999999998
71.5 0.006574074074074075
72.5 0.0058564814814814825
73.5 0.005050925925925929
74.5 0.004101851851851854
75.5 0.0034444444444444457
76.5 0.0030648148148148154
77.5 0.002527777777777778
78.5 0.002201388888888889
79.5 0.0018402777777777784
80.5 0.0015092592592592597
81.5 0.0012175925925925924
82.5 0.0009861111111111114
83.5 0.0007800925925925929
84.5 0.0006550925925925925
85.5 0.0005393518518518521
86.5 0.00044907407407407407
87.5 0.00031944444444444446
88.5 0.0002708333333333333
89.5 0.00020370370370370375
90.5 0.0001689814814814816
91.5 0.00014814814814814815
92.5 0.00012037037037037035
93.5 7.870370370370369e-05
94.5 6.018518518518518e-05
95.5 5.324074074074073e-05
96.5 4.398148148148148e-05
97.5 2.7777777777777786e-05
98.5 2.5462962962962965e-05
99.5 2.0833333333333333e-05
100.5 1.6203703703703704e-05
101.5 1.6203703703703704e-05
102.5 9.259259259259259e-06
103.5 1.8518518518518518e-05
104.5 1.6203703703703704e-05
105.5 1.1574074074074073e-05
106.5 0.0
107.5 0.0
108.5 4.6296296296296296e-06
109.5 4.6296296296296296e-06
110.5 2.3148148148148148e-06
111.5 4.6296296296296296e-06
112.5 2.3148148148148148e-06
113.5 0.0
114.5 0.0
115.5 0.0
116.5 0.0
117.5 0.0
118.5 2.3148148148148148e-06
119.5 0.0
120.5 0.0
121.5 0.0
122.5 2.3148148148148148e-06
123.5 0.0
124.5 0.0
125.5 0.0
126.5 0.0
127.5 4.6296296296296296e-06
128.5 2.3148148148148148e-06
129.5 0.0
130.5 0.0
131.5 0.0
132.5 0.0
133.5 0.0
134.5 0.0
135.5 0.0
136.5 0.0
137.5 2.3148148148148148e-06
138.5 0.0
139.5 0.0
140.5 0.0
141.5 0.0
142.5 2.3148148148148148e-06
143.5 4.6296296296296296e-06
144.5 2.3148148148148148e-06
145.5 0.0
146.5 2.3148148148148148e-06
147.5 4.6296296296296296e-06
148.5 6.944444444444445e-06
149.5 2.3148148148148148e-06
150.5 2.3148148148148148e-06
151.5 2.3148148148148148e-06
152.5 2.3148148148148148e-06
153.5 9.259259259259259e-06
154.5 2.3148148148148148e-06
155.5 2.3148148148148148e-06
156.5 9.259259259259259e-06
157.5 4.6296296296296296e-06
158.5 4.6296296296296296e-06
159.5 1.1574074074074073e-05
160.5 6.944444444444445e-06
161.5 1.1574074074074073e-05
162.5 2.0833333333333333e-05
163.5 2.0833333333333333e-05
164.5 1.1574074074074073e-05
165.5 2.5462962962962965e-05
166.5 2.5462962962962965e-05
167.5 1.388888888888889e-05
168.5 2.546296296296296e-05
169.5 1.388888888888889e-05
170.5 2.0833333333333333e-05
171.5 2.5462962962962965e-05
172.5 1.8518518518518518e-05
173.5 3.935185185185186e-05
174.5 3.472222222222222e-05
175.5 1.388888888888889e-05
176.5 2.777777777777778e-05
177.5 2.3148148148148147e-05
178.5 6.944444444444445e-06
179.5 2.5462962962962965e-05
180.5 2.5462962962962965e-05
181.5 1.62037037037037e-05
182.5 1.8518518518518518e-05
183.5 1.388888888888889e-05
184.5 1.388888888888889e-05
185.5 9.259259259259259e-06
186.5 2.0833333333333333e-05
187.5 1.388888888888889e-05
188.5 1.1574074074074073e-05
189.5 1.1574074074074073e-05
190.5 1.62037037037037e-05
191.5 1.1574074074074073e-05
192.5 0.0
193.5 1.62037037037037e-05
194.5 6.944444444444445e-06
195.5 4.6296296296296296e-06
196.5 6.944444444444445e-06
197.5 2.3148148148148148e-06
198.5 6.944444444444445e-06
199.5 6.944444444444445e-06
200.5 2.3148148148148148e-06
201.5 4.6296296296296296e-06
202.5 0.0
203.5 4.6296296296296296e-06
204.5 4.6296296296296296e-06
205.5 0.0
206.5 0.0
207.5 0.0
208.5 0.0
209.5 0.0
210.5 0.0
211.5 0.0
212.5 0.0
213.5 0.0
214.5 0.0
215.5 0.0
216.5 2.3148148148148148e-06
217.5 0.0
218.5 2.3148148148148148e-06
219.5 0.0
220.5 0.0
221.5 0.0
222.5 0.0
223.5 0.0
224.5 0.0
225.5 0.0
226.5 0.0
227.5 0.0
228.5 0.0
229.5 0.0
230.5 0.0
231.5 0.0
232.5 0.0
233.5 0.0
234.5 0.0
235.5 0.0
236.5 0.0
237.5 0.0
238.5 0.0
239.5 0.0
240.5 0.0
241.5 0.0
242.5 0.0
243.5 0.0
244.5 0.0
245.5 0.0
246.5 0.0
247.5 0.0
248.5 0.0
249.5 0.0
250.5 0.0
251.5 0.0
252.5 0.0
253.5 0.0
254.5 0.0
255.5 0.0
256.5 0.0
257.5 0.0
258.5 0.0
259.5 0.0
260.5 2.3148148148148148e-06
261.5 2.3148148148148148e-06
262.5 4.6296296296296296e-06
263.5 2.3148148148148148e-06
264.5 4.6296296296296296e-06
265.5 4.6296296296296296e-06
266.5 6.944444444444445e-06
267.5 9.259259259259259e-06
268.5 1.62037037037037e-05
269.5 1.851851851851852e-05
270.5 3.472222222222222e-05
271.5 4.398148148148148e-05
272.5 4.861111111111111e-05
273.5 8.333333333333332e-05
274.5 7.638888888888889e-05
275.5 0.00015277777777777783
276.5 0.00013888888888888892
277.5 0.00022453703703703703
278.5 0.00032638888888888887
279.5 0.0004050925925925925
280.5 0.0005162037037037038
281.5 0.000666666666666667
282.5 0.0008657407407407408
283.5 0.0011388888888888896
284.5 0.0011805555555555562
285.5 0.0017708333333333341
286.5 0.001923611111111111
287.5 0.0025370370370370373
288.5 0.0029976851851851866
289.5 0.0036898148148148155
290.5 0.004291666666666669
291.5 0.005069444444444447
292.5 0.005798611111111113
293.5 0.0066087962962962975
294.5 0.007680555555555556
295.5 0.008879629629629626
296.5 0.009789351851851855
297.5 0.010738425925925927
298.5 0.011759259259259254
299.5 0.01266435185185185
300.5 0.013430555555555551
301.5 0.014351851851851853
302.5 0.015145833333333338
303.5 0.015939814814814813
304.5 0.01616666666666666
305.5 0.016296296296296288
306.5 0.016726851851851847
307.5 0.016576388888888894
308.5 0.016497685185185174
309.5 0.016340277777777773
310.5 0.015724537037037037
311.5 0.01471990740740741
312.5 0.014256944444444435
313.5 0.013803240740740744
314.5 0.012944444444444442
315.5 0.012120370370370368
316.5 0.010905092592592588
317.5 0.01024537037037037
318.5 0.009284722222222225
319.5 0.008532407407407407
320.5 0.007759259259259261
321.5 0.006870370370370372
322.5 0.0061759259259259285
323.5 0.005423611111111112
324.5 0.004831018518518525
325.5 0.004171296296296298
326.5 0.0036967592592592616
327.5 0.0032708333333333344
328.5 0.002777777777777779
329.5 0.00237962962962963
330.5 0.00208101851851852
331.5 0.0017662037037037043
332.5 0.0015231481481481485
333.5 0.0012939814814814817
334.5 0.001180555555555556
335.5 0.0009976851851851854
336.5 0.0008541666666666668
337.5 0.0006736111111111118
338.5 0.0005601851851851856
339.5 0.00043750000000000017
340.5 0.00035648148148148144
341.5 0.00038194444444444446
342.5 0.00026851851851851836
343.5 0.0002685185185185184
344.5 0.0002199074074074075
345.5 0.00015972222222222223
346.5 0.00016435185185185191
347.5 0.00015740740740740743
348.5 0.00010879629629629626
349.5 9.027777777777776e-05
350.5 0.00010648148148148143
351.5 0.00010648148148148146
352.5 5.092592592592591e-05
353.5 6.71296296296296e-05
354.5 8.333333333333332e-05
355.5 6.481481481481479e-05
356.5 6.481481481481479e-05
357.5 3.935185185185185e-05
358.5 6.48148148148148e-05
359.5 4.398148148148148e-05
