0.5 0.0003541666666666668
1.5 0.0003333333333333334
2.5 0.0003402777777777778
3.5 0.0002986111111111112
4.5 0.00037500000000000006
5.5 0.0004236111111111108
6.5 0.0004513888888888888
7.5 0.0005486111111111115
8.5 0.0005648148148148152
9.5 0.0006527777777777785
10.5 0.0006342592592592596
11.5 0.000872685185185186
12.5 0.0008009259259259261
13.5 0.0010902777777777786
14.5 0.0011111111111111111
15.5 0.0014050925925925932
16.5 0.0015694444444444456
17.5 0.0017546296296296307
18.5 0.0021597222222222235
19.5 0.0024421296296296305
20.5 0.0029374999999999987
21.5 0.0033541666666666702
22.5 0.0036597222222222257
23.5 0.004395833333333332
24.5 0.005106481481481486
25.5 0.0057708333333333335
26.5 0.006712962962962966
27.5 0.007314814814814819
28.5 0.008523148148148148
29.5 0.008960648148148145
30.5 0.010456018518518512
31.5 0.011312499999999998
32.5 0.012039351851851848
33.5 0.012881944444444435
34.5 0.013708333333333333
35.5 0.013643518518518515
36.5 0.014064814814814815
37.5 0.013946759259259256
38.5 0.013641203703703699
39.5 0.012807870370370372
40.5 0.011754629629629622
41.5 0.011037037037037036
42.5 0.009930555555555548
43.5 0.00864351851851852
44.5 0.007564814814814812
45.5 0.006143518518518519
46.5 0.004872685185185187
47.5 0.004011574074074076
48.5 0.0030787037037037055
49.5 0.0022361111111111115
50.5 0.0016018518518518521
51.5 0.0012222222222222224
52.5 0.000844907407407408
53.5 0.0005949074074074077
54.5 0.0003402777777777778
55.5 0.00021527777777777775
56.5 0.00014814814814814817
57.5 9.953703703703702e-05
58.5 6.944444444444442e-05
59.5 4.398148148148148e-05
60.5 3.0092592592592597e-05
61.5 9.259259259259259e-06
62.5 1.388888888888889e-05
63.5 0.0
64.5 2.3148148148148148e-06
65.5 2.3148148148148148e-06
66.5 0.0
67.5 0.0
68.5 0.0
69.5 0.0
70.5 0.0
71.5 0.0
72.5 0.0
73.5 0.0
74.5 0.0
75.5 0.0
76.5 0.0
77.5 0.0
78.5 0.0
79.5 0.0
80.5 0.0
81.5 0.0
82.5 0.0
83.5 0.0
84.5 0.0
85.5 0.0
86.5 0.0
87.5 0.0
88.5 0.0
89.5 0.0
90.5 0.0
91.5 0.0
92.5 0.0
93.5 0.0
94.5 0.0
95.5 0.0
96.5 0.0
97.5 0.0
98.5 0.0
99.5 0.0
100.5 0.0
101.5 0.0
102.5 0.0
103.5 0.0
104.5 0.0
105.5 0.0
106.5 0.0
107.5 0.0
108.5 0.0
109.5 0.0
110.5 0.0
111.5 0.0
112.5 0.0
113.5 0.0
114.5 0.0
115.5 0.0
116.5 0.0
117.5 0.0
118.5 0.0
119.5 0.0
120.5 0.0
121.5 0.0
122.5 0.0
123.5 0.0
124.5 0.0
125.5 0.0
126.5 0.0
127.5 0.0
128.5 0.0
129.5 0.0
130.5 0.0
131.5 0.0
132.5 0.0
133.5 0.0
134.5 0.0
135.5 0.0
136.5 0.0
137.5 0.0
138.5 0.0
139.5 0.0
140.5 0.0
141.5 0.0
142.5 0.0
143.5 0.0
144.5 0.0
145.5 0.0
146.5 0.0
147.5 0.0
148.5 0.0
149.5 0.0
150.5 0.0
151.5 0.0
152.5 0.0
153.5 0.0
154.5 0.0
155.5 0.0
156.5 0.0
157.5 0.0
158.5 0.0
159.5 0.0
160.5 0.0
161.5 0.0
162.5 0.0
163.5 0.0
164.5 0.0
165.5 0.0
166.5 0.0
167.5 0.0
168.5 0.0
169.5 0.0
170.5 0.0
171.5 0.0
172.5 0.0
173.5 0.0
174.5 0.0
175.5 0.0
176.5 0.0
177.5 0.0
178.5 0.0
179.5 0.0
180.5 0.0
181.5 0.0
182.5 0.0
183.5 0.0
184.5 0.0
185.5 0.0
186.5 0.0
187.5 0.0
188.5 0.0
189.5 0.0
190.5 0.0
191.5 0.0
192.5 0.0
193.5 0.0
194.5 0.0
195.5 0.0
196.5 0.0
197.5 0.0
198.5 0.0
199.5 0.0
200.5 0.0
201.5 0.0
202.5 0.0
203.5 0.0
204.5 0.0
205.5 0.0
206.5 0.0
207.5 0.0
208.5 0.0
209.5 0.0
210.5 0.0
211.5 0.0
212.5 0.0
213.5 0.0
214.5 0.0
215.5 0.0
216.5 0.0
217.5 0.0
218.5 0.0
219.5 0.0
220.5 0.0
221.5 0.0
222.5 0.0
223.5 0.0
224.5 0.0
225.5 0.0
226.5 0.0
227.5 0.0
228.5 0.0
229.5 0.0
230.5 0.0
231.5 0.0
232.5 0.0
233.5 0.0
234.5 0.0
235.5 0.0
236.5 0.0
237.5 0.0
238.5 0.0
239.5 0.0
240.5 0.0
241.5 0.0
242.5 0.0
243.5 0.0
244.5 0.0
245.5 0.0
246.5 0.0
247.5 0.0
248.5 0.0
249.5 0.0
250.5 0.0
251.5 0.0
252.5 0.0
253.5 0.0
254.5 0.0
255.5 0.0
256.5 0.0
257.5 0.0
258.5 0.0
259.5 0.0
260.5 0.0
261.5 0.0
262.5 0.0
263.5 0.0
264.5 0.0
265.5 0.0
266.5 0.0
267.5 0.0
268.5 0.0
269.5 0.0
270.5 0.0
271.5 0.0
272.5 0.0
273.5 0.0
274.5 0.0
275.5 0.0
276.5 0.0
277.5 0.0
278.5 0.0
279.5 0.0
280.5 0.0
281.5 0.0
282.5 0.0
283.5 0.0
284.5 2.3148148148148148e-06
285.5 0.0
286.5 0.0
287.5 0.0
288.5 9.259259259259259e-06
289.5 4.6296296296296296e-06
290.5 9.259259259259259e-06
291.5 9.259259259259259e-06
292.5 2.0833333333333336e-05
293.5 3.935185185185185e-05
294.5 6.48148148148148e-05
295.5 8.101851851851848e-05
296.5 0.00014814814814814812
297.5 0.0002106481481481483
298.5 0.0003472222222222221
299.5 0.000541666666666667
300.5 0.00082175925925926
301.5 0.0012314814814814827
302.5 0.0017083333333333338
303.5 0.0024490740740740757
304.5 0.003516203703703704
305.5 0.004997685185185188
306.5 0.006326388888888892
307.5 0.00871064814814815
308.5 0.011370370370370374
309.5 0.014289351851851848
310.5 0.01699074074074074
311.5 0.021046296296296296
312.5 0.024967592592592583
313.5 0.02833564814814816
314.5 0.03153472222222223
315.5 0.03459953703703704
316.5 0.03739814814814813
317.5 0.038807870370370354
318.5 0.03946296296296296
319.5 0.039787037037037024
320.5 0.03852083333333331
321.5 0.037113425925925904
322.5 0.03476851851851853
323.5 0.03207407407407406
324.5 0.029189814814814807
325.5 0.02640740740740741
326.5 0.023560185185185187
327.5 0.020335648148148134
328.5 0.01768055555555555
329.5 0.015134259259259245
330.5 0.012780092592592595
331.5 0.011004629629629628
332.5 0.008847222222222223
333.5 0.00753472222222222
334.5 0.006192129629629634
335.5 0.0049212962962962995
336.5 0.004150462962962964
337.5 0.003312500000000001
338.5 0.002826388888888891
339.5 0.0024027777777777797
340.5 0.0019120370370370376
341.5 0.0015879629629629635
342.5 0.0013356481481481487
343.5 0.0011111111111111115
344.5 0.0009444444444444449
345.5 0.0007546296296296299
346.5 0.000738425925925926
347.5 0.0005856481481481486
348.5 0.0005740740740740745
349.5 0.0004606481481481481
350.5 0.0004097222222222223
351.5 0.00040740740740740744
352.5 0.00036574074074074086
353.5 0.00032175925925925916
354.5 0.0003449074074074074
355.5 0.0003449074074074076
356.5 0.00032407407407407406
357.5 0.000337962962962963
358.5 0.0002986111111111112
359.5 0.00031018518518518526
