0.5 2.3148148148148148e-06
1.5 9.259259259259259e-06
2.5 4.6296296296296296e-06
3.5 1.1574074074074075e-05
4.5 1.6203703703703704e-05
5.5 2.0833333333333333e-05
6.5 9.259259259259259e-06
7.5 2.314814814814815e-05
8.5 9.259259259259259e-06
9.5 2.0833333333333333e-05
10.5 6.944444444444445e-06
11.5 6.944444444444445e-06
12.5 1.1574074074074075e-05
13.5 2.0833333333333333e-05
14.5 1.1574074074074075e-05
15.5 9.259259259259259e-06
16.5 6.944444444444445e-06
17.5 1.6203703703703704e-05
18.5 1.1574074074074073e-05
19.5 9.259259259259259e-06
20.5 9.259259259259259e-06
21.5 9.259259259259259e-06
22.5 1.6203703703703704e-05
23.5 9.259259259259259e-06
24.5 4.6296296296296296e-06
25.5 4.6296296296296296e-06
26.5 1.1574074074074075e-05
27.5 2.3148148148148148e-06
28.5 2.3148148148148148e-06
29.5 2.3148148148148148e-06
30.5 1.851851851851852e-05
31.5 0.0
32.5 4.6296296296296296e-06
33.5 0.0
34.5 4.6296296296296296e-06
35.5 4.6296296296296296e-06
36.5 2.3148148148148148e-06
37.5 4.6296296296296296e-06
38.5 2.3148148148148148e-06
39.5 6.944444444444445e-06
40.5 1.1574074074074073e-05
41.5 4.6296296296296296e-06
42.5 9.259259259259259e-06
43.5 4.6296296296296296e-06
44.5 6.944444444444445e-06
45.5 2.3148148148148148e-06
46.5 1.1574074074074073e-05
47.5 6.944444444444445e-06
48.5 6.944444444444445e-06
49.5 9.259259259259259e-06
50.5 1.6203703703703704e-05
51.5 3.24074074074074e-05
52.5 2.314814814814815e-05
53.5 2.5462962962962968e-05
54.5 1.388888888888889e-05
55.5 4.398148148148147e-05
56.5 4.398148148148148e-05
57.5 4.398148148148148e-05
58.5 3.472222222222222e-05
59.5 3.703703703703704e-05
60.5 5.7870370370370345e-05
61.5 9.490740740740736e-05
62.5 9.027777777777772e-05
63.5 0.00012037037037037036
64.5 0.00015509259259259268
65.5 0.00016666666666666674
66.5 0.00021064814814814828
67.5 0.00022916666666666683
68.5 0.00033564814814814807
69.5 0.0003240740740740743
70.5 0.0003773148148148149
71.5 0.00044907407407407423
72.5 0.0005277777777777778
73.5 0.0006666666666666668
74.5 0.0007824074074074078
75.5 0.0008680555555555559
76.5 0.0010092592592592594
77.5 0.001131944444444445
78.5 0.0012268518518518522
79.5 0.0014467592592592598
80.5 0.0014722222222222233
81.5 0.0017569444444444455
82.5 0.0017546296296296307
83.5 0.002062500000000001
84.5 0.002349537037037039
85.5 0.002567129629629631
86.5 0.00270138888888889
87.5 0.002856481481481486
88.5 0.0031689814814814827
89.5 0.0033263888888888917
90.5 0.0036550925925925956
91.5 0.0040671296296296315
92.5 0.004141203703703707
93.5 0.0045416666666666695
94.5 0.004673611111111115
95.5 0.005092592592592595
96.5 0.005300925925925929
97.5 0.005462962962962968
98.5 0.005731481481481486
99.5 0.006000000000000004
100.5 0.006162037037037039
101.5 0.006493055555555561
102.5 0.006807870370370373
103.5 0.006891203703703708
104.5 0.0074305555555555635
105.5 0.007606481481481486
106.5 0.007956018518518524
107.5 0.007995370370370368
108.5 0.007967592592592596
109.5 0.007854166666666672
110.5 0.008388888888888897
111.5 0.00824537037037037
112.5 0.008243055555555562
113.5 0.008372685185185186
114.5 0.008581018518518523
115.5 0.008185185185185182
116.5 0.008337962962962964
117.5 0.008284722222222225
118.5 0.008418981481481484
119.5 0.00846527777777778
120.5 0.008298611111111116
121.5 0.008125
122.5 0.008203703703703706
123.5 0.008118055555555554
124.5 0.008002314814814818
125.5 0.007814814814814814
126.5 0.007921296296296303
127.5 0.007884259259259264
128.5 0.007775462962962967
129.5 0.007821759259259263
130.5 0.007717592592592597
131.5 0.007629629629629633
132.5 0.007675925925925927
133.5 0.007435185185185193
134.5 0.007789351851851856
135.5 0.0073402777777777884
136.5 0.0072407407407407455
137.5 0.0068773148148148205
138.5 0.006789351851851856
139.5 0.0065625000000000015
140.5 0.0061203703703703715
141.5 0.006106481481481485
142.5 0.00556481481481482
143.5 0.005537037037037039
144.5 0.005245370370370374
145.5 0.005141203703703707
146.5 0.0048912037037037075
147.5 0.004405092592592593
148.5 0.0042708333333333365
149.5 0.0038935185185185214
150.5 0.0037037037037037073
151.5 0.0036250000000000015
152.5 0.0033842592592592587
153.5 0.0033009259259259276
154.5 0.0027175925925925935
155.5 0.002715277777777779
156.5 0.002629629629629631
157.5 0.002395833333333335
158.5 0.0022939814814814823
159.5 0.0021111111111111118
160.5 0.0021458333333333347
161.5 0.0019212962962962968
162.5 0.0018240740740740752
163.5 0.0017430555555555567
164.5 0.0016550925925925936
165.5 0.0015717592592592597
166.5 0.0014259259259259273
167.5 0.001486111111111112
168.5 0.0013819444444444452
169.5 0.0013425925925925934
170.5 0.0013171296296296306
171.5 0.001300925925925926
172.5 0.0011041666666666674
173.5 0.0012314814814814823
174.5 0.0012569444444444446
175.5 0.001196759259259259
176.5 0.0011458333333333338
177.5 0.0011782407407407403
178.5 0.0011435185185185183
179.5 0.001131944444444445
180.5 0.0011250000000000001
181.5 0.0010972222222222225
182.5 0.0012083333333333343
183.5 0.0011087962962962972
184.5 0.0011273148148148158
185.5 0.0011527777777777786
186.5 0.00126388888888889
187.5 0.0012546296296296298
188.5 0.0012384259259259267
189.5 0.0013611111111111124
190.5 0.0013611111111111118
191.5 0.0014143518518518518
192.5 0.0014375000000000017
193.5 0.0014976851851851865
194.5 0.0015810185185185196
195.5 0.0015324074074074085
196.5 0.0017430555555555559
197.5 0.0019027777777777784
198.5 0.0018703703703703714
199.5 0.002104166666666669
200.5 0.0019652777777777793
201.5 0.0022685185185185204
202.5 0.0025254629629629624
203.5 0.0024861111111111125
204.5 0.002835648148148149
205.5 0.002800925925925928
206.5 0.0031203703703703714
207.5 0.0031597222222222235
208.5 0.0036087962962962974
209.5 0.0036134259259259266
210.5 0.004011574074074075
211.5 0.0042777777777777805
212.5 0.004469907407407412
213.5 0.004907407407407411
214.5 0.0050601851851851875
215.5 0.005231481481481485
216.5 0.00566666666666667
217.5 0.0058055555555555595
218.5 0.005990740740740744
219.5 0.00635416666666667
220.5 0.006395833333333335
221.5 0.006701388888888892
222.5 0.006685185185185195
223.5 0.006835648148148155
224.5 0.007275462962962964
225.5 0.007509259259259261
226.5 0.007442129629629634
227.5 0.007710648148148151
228.5 0.00765277777777778
229.5 0.008039351851851853
230.5 0.007773148148148152
231.5 0.007840277777777783
232.5 0.007835648148148154
233.5 0.007962962962962967
234.5 0.007821759259259263
235.5 0.007870370370370378
236.5 0.00824074074074074
237.5 0.00819907407407408
238.5 0.008256944444444447
239.5 0.007983796296296298
240.5 0.008247685185185188
241.5 0.008141203703703703
242.5 0.008578703703703703
243.5 0.008180555555555559
244.5 0.008384259259259258
245.5 0.008296296296296296
246.5 0.008150462962962964
247.5 0.008467592592592594
248.5 0.00826388888888889
249.5 0.007928240740740743
250.5 0.008307870370370368
251.5 0.007956018518518522
252.5 0.007967592592592597
253.5 0.007770833333333336
254.5 0.007662037037037043
255.5 0.00702314814814815
256.5 0.0071412037037037095
257.5 0.006875000000000005
258.5 0.006446759259259266
259.5 0.0061365740740740755
260.5 0.006002314814814819
261.5 0.005743055555555557
262.5 0.005402777777777781
263.5 0.005300925925925928
264.5 0.00491666666666667
265.5 0.0046203703703703745
266.5 0.004199074074074076
267.5 0.004078703703703707
268.5 0.0038310185185185205
269.5 0.003462962962962965
270.5 0.003442129629629632
271.5 0.003199074074074076
272.5 0.002699074074074076
273.5 0.0025787037037037046
274.5 0.0025185185185185198
275.5 0.0023263888888888904
276.5 0.0020462962962962982
277.5 0.001831018518518519
278.5 0.001645833333333335
279.5 0.0015046296296296305
280.5 0.001379629629629631
281.5 0.0012314814814814825
282.5 0.001018518518518519
283.5 0.0008819444444444446
284.5 0.0008009259259259267
285.5 0.0006597222222222226
286.5 0.0005787037037037039
287.5 0.0005115740740740741
288.5 0.0003958333333333334
289.5 0.000386574074074074
290.5 0.0002731481481481481
291.5 0.00026851851851851863
292.5 0.00023379629629629632
293.5 0.0001689814814814816
294.5 0.00016203703703703717
295.5 0.00015277777777777786
296.5 0.00010648148148148143
297.5 8.564814814814812e-05
298.5 9.027777777777775e-05
299.5 7.407407407407405e-05
300.5 6.018518518518518e-05
301.5 5.324074074074073e-05
302.5 3.703703703703703e-05
303.5 3.703703703703704e-05
304.5 1.6203703703703704e-05
305.5 2.3148148148148154e-05
306.5 2.0833333333333333e-05
307.5 3.240740740740741e-05
308.5 1.6203703703703704e-05
309.5 2.3148148148148154e-05
310.5 1.388888888888889e-05
311.5 1.388888888888889e-05
312.5 9.259259259259259e-06
313.5 4.6296296296296296e-06
314.5 9.259259259259259e-06
315.5 4.6296296296296296e-06
316.5 9.259259259259259e-06
317.5 4.6296296296296296e-06
318.5 6.944444444444445e-06
319.5 0.0
320.5 2.3148148148148148e-06
321.5 0.0
322.5 6.944444444444445e-06
323.5 6.944444444444445e-06
324.5 2.3148148148148148e-06
325.5 4.6296296296296296e-06
326.5 6.944444444444445e-06
327.5 4.6296296296296296e-06
328.5 2.3148148148148148e-06
329.5 6.944444444444445e-06
330.5 0.0
331.5 6.944444444444445e-06
332.5 9.259259259259259e-06
333.5 6.944444444444445e-06
334.5 4.6296296296296296e-06
335.5 2.3148148148148148e-06
336.5 1.6203703703703704e-05
337.5 1.388888888888889e-05
338.5 6.944444444444445e-06
339.5 2.3148148148148148e-06
340.5 4.6296296296296296e-06
341.5 9.259259259259259e-06
342.5 9.259259259259259e-06
343.5 1.1574074074074075e-05
344.5 2.0833333333333333e-05
345.5 2.3148148148148148e-06
346.5 4.6296296296296296e-06
347.5 6.944444444444445e-06
348.5 1.1574074074074075e-05
349.5 2.5462962962962965e-05
350.5 6.944444444444445e-06
351.5 1.6203703703703704e-05
352.5 1.388888888888889e-05
353.5 1.1574074074074075e-05
354.5 4.6296296296296296e-06
355.5 1.1574074074074075e-05
356.5 1.388888888888889e-05
357.5 9.259259259259259e-06
358.5 1.1574074074074075e-05
359.5 4.6296296296296296e-06
